157
123.243805 371.622803 
96.652412 383.230560 
304.263702 263.302277 
304.237335 262.755341 
95.641899 382.778015 
95.313553 381.435974 
118.686272 384.009949 
95.718956 379.520264 
377.082367 178.929794 
134.592407 363.530518 
120.051071 384.164795 
142.785995 367.151825 
287.829865 240.669159 
95.442787 380.218506 
336.358582 268.107086 
131.164139 364.648346 
275.646027 329.777527 
275.646027 329.777527 
275.915955 329.727020 
124.056198 369.094452 
408.437225 196.504272 
259.691772 335.490540 
370.987885 178.941360 
452.139801 161.557648 
451.756165 161.729233 
115.322128 383.562775 
336.115570 268.758362 
257.806519 335.217682 
276.524323 327.857208 
114.472855 384.166687 
113.919998 384.215149 
88.997200 381.750671 
106.797226 375.290741 
135.390076 363.274750 
301.363251 341.428192 
305.026031 327.205566 
452.510040 316.974884 
459.279236 317.224213 
378.145538 330.695557 
327.843933 330.692749 
298.575104 268.759949 
282.573853 240.518906 
461.005493 317.452087 
370.704895 177.305603 
108.149429 374.218781 
126.078491 382.037231 
321.296936 337.450195 
288.866638 339.091370 
382.427826 329.751526 
229.570328 336.357605 
127.210655 381.537415 
166.646057 360.944763 
281.013794 327.863525 
164.482010 358.793945 
208.533981 265.105682 
125.156128 382.854340 
303.884857 268.993256 
454.189056 318.146454 
380.448425 319.195557 
308.155090 315.062531 
465.342987 203.700012 
115.409737 370.757385 
380.646545 170.614487 
379.216248 181.560257 
282.150482 274.380585 
382.451721 318.320465 
29.425236 334.324127 
278.427155 299.979889 
221.250427 347.756989 
225.504135 337.652527 
285.990875 247.903442 
285.720825 248.363922 
205.999054 275.106964 
466.072601 198.998810 
325.851440 337.171936 
382.966644 318.442261 
308.518311 264.224945 
127.550728 368.700958 
298.481720 256.174866 
297.793732 256.408447 
206.454224 273.612152 
144.344360 342.556396 
380.484406 301.918579 
217.994385 246.327850 
237.004822 272.357208 
29.727777 333.552490 
363.147003 204.627945 
362.877594 204.503494 
371.513672 174.662369 
277.244415 334.937561 
144.869385 367.536346 
204.290955 281.955841 
330.626526 331.452667 
329.171356 334.505341 
271.785767 112.214485 
236.017822 322.810303 
306.666077 315.383484 
307.061310 314.762024 
464.527283 205.679871 
110.139389 392.595306 
334.027252 263.314178 
220.919174 247.176666 
156.165695 354.168518 
56.017956 373.813293 
384.195770 169.852158 
222.366074 279.219055 
456.814636 307.470856 
440.924072 309.288239 
111.769539 256.841614 
280.575470 318.211182 
206.090378 287.807373 
112.431374 364.799713 
284.822784 276.596008 
373.768494 265.263763 
384.764374 317.547455 
455.001282 176.915787 
84.661789 379.663544 
475.562195 262.141510 
320.933685 334.075043 
439.547150 167.656189 
284.642120 248.930679 
281.966766 300.672089 
269.257538 303.688629 
266.254028 321.547699 
459.149139 327.889893 
275.036469 330.508972 
314.777313 334.055176 
107.521973 372.790070 
143.779816 359.697418 
294.373627 334.107971 
302.950287 287.546326 
282.854279 341.775208 
379.236359 190.865387 
329.927521 334.283691 
332.619751 268.218842 
89.143410 237.177795 
440.187988 167.454605 
310.659424 328.880280 
143.109314 338.041290 
458.493805 328.749725 
373.021881 188.492798 
114.214554 318.399994 
128.404984 358.121582 
372.973694 189.011215 
151.450272 324.185760 
327.053741 330.995422 
296.599243 248.928223 
123.121086 364.997070 
212.530121 343.050873 
376.389801 171.707474 
275.590576 242.040665 
89.193993 374.493195 
375.369232 182.806091 
102.987007 373.642395 
408.324341 192.880661 
210.515305 246.652573 
232.093399 224.035126 
