2299
26.217438 293.231293
28.169683 304.468445
28.573114 288.878021
28.620758 291.828094
28.322840 296.727386
35.241516 264.727051
35.061920 281.410583
35.428482 278.238495
36.262802 302.175964
36.963173 298.772003
37.685902 295.138458
38.599228 166.253036
38.450043 305.160004
40.100529 163.250793
40.561031 307.912872
41.057606 168.207413
41.383408 131.185501
41.447639 174.044296
42.866684 162.373367
43.385914 121.875313
43.643673 139.086960
43.416325 234.157257
43.803799 152.276123
44.120110 174.990051
44.674713 126.260307
45.171227 148.788330
44.901707 213.033340
45.485962 218.970551
45.389492 225.670364
47.268402 210.275604
47.241474 116.198029
47.674507 214.955566
47.370483 309.707092
48.219723 160.893311
49.131363 202.294601
48.841755 265.705841
48.888348 270.652313
50.229305 238.939987
50.735294 234.929108
50.635262 293.822601
50.977516 123.363075
50.863075 229.001266
50.948196 309.750702
51.366661 156.533997
51.247929 244.583298
51.479908 257.222382
51.764256 185.038925
52.662502 147.631210
52.637806 151.098465
52.386860 304.713806
53.071922 241.901566
53.817623 307.029816
54.754539 261.677399
54.831554 246.793304
55.254646 148.617081
55.385864 238.762375
55.499622 296.080872
56.251675 234.644958
57.054977 143.653580
57.330166 131.255936
57.633625 158.995102
58.149109 308.916138
58.278728 258.834869
58.796539 199.464218
59.076019 316.836884
59.896591 159.685608
60.510456 146.539612
60.480015 310.680756
61.146580 140.154922
61.494881 137.101593
62.096359 178.411194
61.976852 304.639771
62.526897 209.669861
62.955864 156.344971
64.496208 172.588806
64.823380 165.214005
65.497231 222.243988
65.396027 306.228668
66.158768 139.922211
66.561699 193.703278
66.430405 214.090515
66.903664 154.920334
67.129768 178.064392
66.971336 180.228241
66.813904 267.353485
67.508476 261.310974
68.002419 210.480194
67.833092 254.669662
68.556854 163.243530
68.560730 257.483185
68.644859 306.263947
69.007866 249.993958
69.525734 308.611511
69.992767 155.578384
70.634827 273.025604
70.602577 153.269638
71.040596 178.803650
70.958008 209.543701
70.923378 217.599487
70.941559 247.340881
72.636513 283.771545
73.225006 145.083954
73.256828 308.562744
73.954170 316.522858
74.537804 168.516434
74.454750 306.133148
75.332939 136.046844
75.349350 198.632492
76.680305 224.008209
76.521690 252.972076
77.051559 144.133606
76.910065 176.924942
77.041061 218.440765
77.526741 195.622116
77.716805 259.703278
78.009888 160.461792
77.871498 164.096512
77.932983 213.063232
78.529579 174.633942
78.711166 202.878250
79.159470 129.546326
78.795631 244.008606
79.117798 297.727844
79.595291 190.975037
79.662117 223.955063
79.538132 302.614716
79.841492 116.206970
81.033600 170.392014
81.323662 134.568192
81.555557 212.525208
81.555122 255.198608
82.209946 308.310852
82.719269 150.162674
82.706535 226.971207
82.399170 253.130844
84.669273 154.139343
84.885094 305.975403
86.630333 259.843140
86.694046 295.644135
87.191765 195.761597
86.998489 255.472809
87.156311 311.216156
88.047691 202.891525
89.150238 158.144699
89.076202 251.700241
89.927605 129.811768
90.104843 144.546768
90.523697 229.211197
90.253090 264.111694
90.604195 309.035614
91.091827 154.577957
91.211174 286.532227
92.151443 244.057281
92.658661 266.930847
92.450729 306.607513
92.887115 167.348007
92.924629 170.320068
93.053833 206.475906
93.026718 213.588348
93.446587 293.982666
94.087067 165.241501
94.029839 202.557266
94.237755 155.922333
95.174416 297.302338
95.476181 159.351562
95.388885 289.104645
95.835526 277.787415
96.728859 162.856384
96.364998 171.351807
96.490265 179.685623
96.500046 270.977417
96.423012 313.903198
96.738960 194.478485
97.601662 341.964417
97.749657 167.703293
98.566223 277.575348
99.260979 317.851776
99.381691 192.442734
99.860626 298.245270
100.625885 203.262985
101.054893 208.137665
101.972809 205.759323
101.971909 211.325607
102.119484 305.955872
102.289719 232.132034
102.378578 303.942200
103.475525 214.716919
103.271309 219.931778
103.268562 225.616898
103.987434 242.208572
105.625404 217.357361
105.780128 228.401794
107.469009 245.485992
107.667137 316.901398
109.188576 253.899216
109.151260 346.980133
110.082443 248.303101
110.680710 312.352142
111.222023 277.547485
112.165878 307.167725
112.380348 247.612625
112.806374 266.578705
112.773003 290.603729
114.294662 276.229584
113.756760 316.671448
114.443016 195.191422
115.231590 260.754608
114.835052 285.589478
115.226654 306.105438
115.461983 252.098373
116.013138 296.042175
117.029869 184.157928
117.301109 225.884979
117.797890 188.969101
118.573921 291.255188
119.720879 306.699585
120.008858 238.664398
121.145958 393.213440
120.970253 448.572357
121.756355 315.484894
122.855560 272.791779
124.197052 286.008636
124.202301 390.186401
126.540321 292.549316
126.302429 302.991638
127.394203 306.011047
127.225151 317.263184
128.584381 274.551056
128.453415 314.204956
129.049744 376.590942
129.444122 283.966217
129.419601 311.333282
130.661163 194.459274
130.995102 307.575104
131.492065 315.641083
132.314804 313.560425
132.432159 321.369537
133.378357 210.761154
134.178299 284.744751
134.626236 294.287506
134.612671 306.338928
135.021637 192.670120
135.491196 313.414001
135.792969 202.880600
136.326523 190.083984
137.234512 283.250183
137.303726 206.810013
138.471954 311.411987
140.484711 187.203537
140.755707 207.707031
141.073074 320.993134
144.504868 447.499725
145.017975 226.202499
145.725128 220.656662
145.553436 293.991425
145.860611 229.063431
146.092484 309.621368
146.022156 317.275787
146.959732 284.883698
147.258987 289.234253
146.821243 319.493866
147.531784 321.708496
148.347153 184.267578
150.032211 313.262634
151.668365 205.187515
151.690918 293.615082
151.470917 320.246765
152.022293 220.515793
152.432800 184.419571
152.741745 287.636810
152.642548 305.708374
153.785400 235.047012
154.371368 185.957703
154.602890 285.485077
154.530777 303.055756
154.306946 321.226715
155.440430 309.181488
155.987122 204.122192
156.649078 232.743042
156.797424 225.657486
157.055984 294.101715
157.248215 305.973724
157.361755 316.970032
157.914734 218.020386
158.204880 188.319763
158.507706 230.084061
158.908508 221.040405
159.289658 225.923538
159.472733 304.221466
159.610825 447.593872
160.719711 319.595276
162.060623 204.720413
162.654083 209.819504
162.836304 315.346558
164.734695 305.371735
165.561584 347.179718
165.768967 191.325333
166.677200 188.131607
166.633499 303.356720
167.047867 194.629333
168.313126 278.437805
168.704086 464.232208
169.690613 202.173355
169.510406 292.529175
169.995071 196.178024
169.937943 305.397034
169.824188 319.526306
170.409042 310.825897
171.996536 208.554535
172.656403 204.947021
172.451981 321.554199
172.765335 286.950775
174.420486 303.725220
174.402832 307.579468
174.548096 463.164276
174.733658 310.716736
175.436218 293.672485
177.010544 278.752594
178.962402 287.402039
181.178787 318.986725
181.042252 324.076324
182.175110 292.706451
182.141953 316.197632
182.553757 334.460968
183.534546 282.429901
183.447998 289.407410
183.841095 307.779144
184.753387 296.452454
185.683502 276.042664
185.619934 312.151398
185.725983 313.152313
185.868301 324.099762
188.990616 280.303986
189.265503 313.087067
189.392181 294.275940
190.087082 274.476593
190.321213 198.992126
191.617661 315.307739
192.238388 196.787781
192.398788 280.433136
193.200180 199.714890
193.169815 294.473480
194.228394 301.173523
193.929337 313.597717
195.756989 281.266418
196.243515 196.961182
195.900406 268.149506
195.937790 293.480438
196.499710 312.475525
197.664246 289.579559
198.152542 376.968628
198.362335 310.087341
199.166397 197.409103
198.787231 317.795258
198.918793 350.198456
199.300323 379.632355
200.161362 305.243469
200.422180 278.763885
200.973495 287.798950
200.743561 376.146667
201.453979 307.427856
201.976837 263.686798
203.718430 267.346039
204.865921 280.414703
207.478119 258.082855
207.995743 308.785492
208.900177 265.819336
210.669464 204.179016
212.083618 194.244324
212.216812 284.119446
213.239563 254.211731
214.451080 198.457718
214.631592 203.213547
214.974258 266.538849
215.525345 216.938370
216.384155 132.355133
216.584076 366.867218
217.017487 251.489777
217.366562 249.820602
217.627258 347.172882
218.018005 235.898163
218.889267 213.211807
218.892609 228.629898
219.162109 467.279175
219.719070 239.933807
220.003845 379.366486
220.611954 226.426315
220.765137 245.259720
220.992737 386.937225
221.984604 229.096252
222.952484 210.828674
223.134308 214.804382
223.217621 223.051651
223.828934 171.840469
224.137680 198.333771
224.088989 378.504181
225.058090 137.644623
225.430542 160.553909
225.386765 195.120544
225.593445 233.570328
225.885040 201.921417
225.866379 210.501022
225.791168 236.000900
226.260468 397.134796
226.431381 186.894623
226.384033 230.954819
226.499756 253.039001
226.806717 158.574600
227.125137 238.056747
226.835022 454.437653
227.877716 208.495300
228.683746 140.390594
228.676407 234.161896
228.551208 458.651428
228.984589 161.186890
229.115356 194.722275
229.075775 204.401886
229.162308 228.430237
230.125504 398.507538
231.485580 247.030121
232.083588 225.125122
233.393723 186.130417
233.811295 413.432281
234.743927 157.837738
234.437820 177.305435
234.928574 241.447647
234.786041 283.488922
235.592697 211.867950
235.549820 279.132904
235.460403 300.983337
236.732910 117.063614
236.743546 193.611481
236.251266 230.443390
237.183517 148.779648
236.833115 277.233643
238.165695 185.281036
238.169556 213.016037
238.133377 226.089615
238.278381 207.759201
238.503052 247.550354
239.526672 200.529465
239.431656 381.337952
240.060516 177.848892
240.224411 466.477386
240.398346 224.420105
240.446182 243.995148
241.093185 166.690262
241.012375 306.445862
241.308380 303.438904
241.529480 460.580750
242.028397 154.955170
242.103912 184.629395
242.236588 203.907593
241.933960 448.368774
242.678986 259.576569
243.070953 186.438110
243.364548 176.186523
243.362778 208.353714
244.044540 165.553345
244.206619 205.640823
244.548233 169.335403
244.424118 258.800079
244.465240 273.678833
245.049622 220.377167
245.202271 231.511459
244.982422 414.409912
245.528046 190.764984
245.514801 227.018921
245.680054 239.048447
245.925919 448.349884
246.593079 178.358688
246.448090 253.089340
247.093292 135.998276
247.499054 170.190994
247.631744 258.674988
247.357468 261.917908
248.655777 163.278656
248.464386 180.847809
248.581360 220.816544
248.793686 224.407196
249.080811 233.304489
249.404556 184.819016
249.549225 206.428894
249.509781 272.310028
249.527374 381.565826
249.588898 413.580353
250.048370 153.035324
250.056107 157.609421
250.558685 188.112869
250.839417 181.744995
250.797180 241.415512
250.856995 378.401398
251.459061 145.975327
252.569962 151.288956
252.485748 248.490433
252.976471 304.379395
253.207275 448.225372
253.864182 167.017563
253.914474 263.339233
254.465897 149.539520
254.501450 260.128387
254.937729 158.591019
254.819916 381.562958
255.506668 148.494415
255.676315 163.036880
255.375717 221.071198
255.739578 271.786469
256.096436 130.907547
256.023254 202.002258
256.528076 216.364136
257.186768 133.971954
257.013214 141.742126
257.102203 165.092728
256.760742 176.616501
257.600555 254.642960
257.389740 274.185089
257.494873 379.105652
258.088898 172.177017
258.198151 186.732300
257.798248 191.089417
259.760162 140.290604
259.917816 198.288818
259.935577 272.291077
260.620209 183.444763
260.935577 144.188492
261.714386 188.790802
262.253204 150.271957
261.905975 246.161301
262.369171 241.920731
262.461029 258.561401
262.818481 194.550858
262.872467 206.428558
263.129211 306.632233
263.864990 147.299469
263.851135 160.168549
264.057953 188.738144
264.586334 198.856262
264.586121 213.375717
264.533752 254.900543
265.064636 261.512817
265.772736 448.280365
265.560394 467.490936
266.082733 94.601524
266.244598 192.380981
265.807831 271.942383
266.300934 119.966583
266.444733 142.065720
266.777374 185.745758
267.628052 162.004929
267.483215 175.306442
268.242432 178.015411
268.122803 274.094269
268.697144 166.639557
269.014709 194.895798
268.788208 207.624344
268.861755 347.667633
269.689545 152.380356
270.193207 140.788788
269.981781 175.058319
270.024475 189.165070
269.788940 470.681885
270.564117 263.199585
270.667358 271.988159
270.952148 205.331940
271.158691 215.960480
271.505219 159.039978
271.383209 163.081818
271.515778 172.151367
272.295410 208.850327
271.973541 462.792053
272.438446 136.323868
272.429504 212.627380
272.510254 350.218201
272.921692 132.680649
273.160065 188.352829
273.230347 231.708481
272.942749 247.946198
272.985535 258.548737
273.553009 185.780777
274.104523 122.682167
274.180695 215.240662
274.522980 196.525421
274.999268 139.322144
274.859344 449.304047
275.608276 171.040619
276.007507 149.254395
275.858673 208.470596
276.235870 222.928360
276.332458 254.622940
276.361786 264.481689
276.528015 274.720276
276.588684 347.606384
276.374634 463.042877
277.151093 182.226227
277.037476 190.283966
277.387390 181.661530
277.383392 233.462128
277.842957 449.272766
278.278229 261.997040
279.300018 139.959091
279.996094 161.096146
279.889221 176.418030
280.183563 190.919159
280.099457 258.954651
280.794037 232.793137
281.098969 244.828934
281.597443 155.265213
281.264038 162.501511
282.166779 184.433594
281.689423 461.800293
282.721344 187.958542
283.042847 204.564819
283.312103 131.164032
283.359009 230.709183
283.573761 272.539490
284.055786 168.604492
284.209900 264.641785
284.554169 148.323196
285.355621 127.103035
285.677307 145.603806
285.621429 468.475189
286.764801 182.300049
286.312134 194.717148
286.698486 236.254028
286.608795 242.612030
287.228088 123.070702
287.076996 148.156204
287.179871 202.324234
287.106079 225.189240
287.629639 141.139420
287.781403 164.560684
288.022705 205.078247
288.645233 347.548401
288.904114 169.209549
288.909973 227.960983
288.805298 273.814575
289.668488 195.131744
290.188965 136.394745
290.085388 192.159241
290.166626 224.521103
289.761627 265.374176
290.018005 300.988525
291.652435 163.094467
292.042053 448.870636
292.269897 184.458694
292.661072 196.253754
292.546783 249.590622
292.635895 253.808105
292.972015 190.058472
293.075806 272.808685
294.130035 260.884552
294.779755 110.248749
294.417786 227.009705
294.311401 469.101715
294.884735 174.885223
295.063263 180.620239
295.080566 195.472733
294.712585 305.083099
295.468750 129.599533
295.591766 256.272522
296.118591 192.235199
295.907043 253.175934
296.642242 307.724487
297.405548 200.556915
297.802246 155.687332
297.894623 462.560944
298.458893 194.601593
299.195679 122.014351
299.073090 305.530518
299.329590 156.648834
299.263275 187.000198
299.822327 204.904984
300.701263 269.234100
300.295105 281.511536
300.508240 287.791809
301.512848 201.175751
301.766541 153.915955
302.035461 183.902328
301.815582 206.647354
302.823639 114.595444
303.025543 179.011032
304.225525 154.534363
305.445618 175.227188
309.699799 176.103271
309.358582 276.395477
310.108337 101.793755
310.227905 216.182785
311.527985 98.516930
311.403992 212.610687
312.637543 189.284866
313.284698 184.298996
313.330597 175.237839
313.452820 186.717163
313.289429 276.157288
313.893677 94.098549
314.054016 217.387787
314.587677 223.962112
316.518555 88.911514
317.872864 174.667404
321.797607 184.307541
326.458710 380.361694
326.466156 387.033600
327.120880 394.170135
327.265594 307.883545
329.229401 388.847656
329.624207 184.679977
331.322388 295.160919
331.852966 309.049683
333.469971 306.916229
335.636780 309.285217
337.397339 379.221222
338.437744 308.098572
353.199158 275.972473
354.778229 270.565186
358.430847 290.309845
358.555298 297.428070
358.505676 305.192444
359.153412 276.473694
360.585693 280.325378
360.719574 301.779083
360.500793 312.428345
361.506073 350.531281
364.122314 312.932343
365.229095 255.056458
364.926331 292.475739
365.239441 347.973663
366.868591 258.179260
367.681305 251.733841
367.730682 273.361603
367.918915 267.864990
368.707672 368.727814
370.390869 278.418945
373.256775 286.181152
373.962341 288.774017
375.044403 276.480957
375.374786 249.427689
376.606110 269.177185
376.332642 281.301666
377.504578 313.554810
378.493042 252.031754
378.684814 256.722534
378.501526 466.390472
379.695587 347.964172
380.799072 276.108612
383.514679 378.934998
384.155426 267.389893
385.079712 286.740875
384.916534 307.287842
385.418335 297.317169
385.667480 456.357422
385.368225 460.664520
386.974670 279.336700
389.657684 252.505920
389.795776 306.972137
390.323883 287.794647
390.376678 315.358337
390.858582 280.892487
390.858551 462.066986
391.300751 250.218536
392.124420 449.449463
393.187958 291.971405
393.267365 252.429810
396.793823 450.575226
397.879822 277.847443
398.541260 289.899994
398.400574 458.438019
398.882660 252.583328
400.632874 318.412140
400.431213 450.720306
401.449493 273.668976
402.209351 251.290802
402.664368 303.472443
403.909332 258.468201
404.934906 317.709656
405.007629 475.877197
405.622345 252.609100
406.718079 468.402740
407.398010 470.132629
408.974121 477.436707
409.351868 472.175201
411.320648 451.588013
412.141144 474.657501
412.637451 261.813568
413.696991 251.443237
413.847168 299.686401
414.924561 449.513336
417.435944 259.890137
418.557098 253.499268
418.649078 273.020416
418.980469 379.067139
421.519073 475.677704
423.142334 258.576416
423.402008 377.922211
425.250336 299.268005
425.458588 273.205566
426.493286 320.644348
426.695953 475.447998
426.792084 250.386826
427.509399 312.535797
428.329834 305.863892
428.227966 396.254547
428.733032 398.755066
430.197327 273.908691
430.329956 316.382690
430.516937 454.038910
431.564972 299.113312
432.322723 252.198181
433.077850 451.155334
434.441406 474.303528
435.158997 250.296829
435.423431 265.188690
436.380249 453.647125
436.937347 262.078339
436.867065 304.244202
436.865112 449.618164
437.495667 298.401886
437.550018 348.578308
438.295258 278.895142
439.957581 240.104858
439.890045 294.928131
439.884521 452.594116
440.641052 256.409729
440.563660 263.160217
441.181458 475.171844
441.767059 268.748138
443.519714 238.929352
444.138428 252.839371
444.390930 456.521393
445.601166 462.883667
446.017090 288.752686
446.842072 292.520691
447.482819 250.700516
448.180359 239.945862
448.125122 284.811035
449.642273 266.475067
449.866608 253.105927
451.421875 288.862946
452.005798 468.656219
452.784241 292.620239
453.932739 467.603058
454.236847 472.160706
454.604584 251.146408
455.558105 289.205292
455.854614 277.579498
456.779205 282.576233
456.836029 456.030487
457.451172 253.102371
458.202942 453.093353
460.141296 294.150116
460.915131 284.309845
461.834564 290.039764
464.707916 254.318008
465.766113 258.299805
465.942719 269.456482
465.924377 453.414703
467.103790 266.134216
468.251495 450.560608
470.078735 463.752258
474.174530 465.392670
477.450348 458.510895
480.938843 462.037720
483.914246 465.208771
484.405975 304.052155
484.465851 307.756500
486.300262 299.700104
486.373749 310.398132
489.111389 461.903442
490.678986 272.374481
492.587463 278.376190
492.759827 158.693985
493.487976 450.889404
493.710663 459.164612
494.660614 292.864685
495.720367 461.818970
496.488647 129.153824
496.620270 279.176910
496.802185 148.133606
497.935059 293.240570
500.288391 462.882599
501.177368 454.329773
502.115845 155.473450
504.560516 142.690567
504.365448 296.951965
505.812592 136.537384
507.291656 299.162079
508.152679 274.445618
508.450684 317.946075
509.138611 137.737823
509.552460 146.699692
510.030731 154.636795
510.502167 309.750427
511.285858 163.823029
511.766785 318.289001
512.726074 132.703217
512.395386 257.467651
513.322449 158.188812
514.744995 302.454376
516.985474 319.508514
518.181519 305.156128
518.636475 256.131927
519.165710 151.074631
521.653076 159.966522
522.452942 153.494705
522.916321 252.286819
525.580139 170.538971
525.267090 287.520477
526.027954 261.490753
526.354980 290.942444
526.943115 159.797531
526.760498 190.269821
527.282471 280.318054
529.445129 307.469604
529.882446 153.893585
530.079224 270.609192
530.260376 310.018127
530.886902 194.431091
532.557861 149.528107
532.403198 170.060196
532.403076 182.327789
532.533997 259.731140
532.234924 281.802734
533.856140 267.679535
533.995056 284.140747
534.746094 321.737823
536.023865 167.650162
536.083374 256.790466
535.823730 262.553650
536.013123 281.812439
536.682434 154.680145
537.417542 149.881302
537.878235 293.901672
538.471802 125.348534
539.238098 262.500031
539.087524 306.068268
539.692261 271.872162
539.607971 280.819550
540.216064 150.721451
541.945984 268.531036
541.957336 292.692596
542.631958 267.273651
543.593933 289.242950
544.800354 282.686310
546.669128 128.694138
546.446167 268.534332
548.208862 160.705429
550.871826 263.016052
555.035156 165.549927
557.677551 150.498566
557.854126 262.080719
558.868835 287.620056
559.386780 252.111465
560.473816 258.859650
560.476624 305.360626
563.255066 166.436737
563.437134 288.962158
565.581421 323.397430
565.890259 291.692322
566.769470 149.043655
567.414856 301.952606
567.769592 156.249237
568.314270 214.093506
570.159851 306.441803
572.978149 167.827194
572.810791 214.961823
573.832031 151.894318
573.924988 292.759735
574.093201 313.640289
574.863342 323.537537
576.630920 153.502090
576.299683 297.198883
577.155334 321.837982
577.660156 159.927780
577.920471 128.627625
578.298889 298.306396
579.254028 320.519226
579.708862 150.908752
580.075195 147.506104
581.931396 320.430786
582.479919 162.601242
583.360168 182.505569
583.589905 313.351624
584.739502 317.182251
593.553650 221.929947
596.982178 312.061157
600.708618 217.765884
603.384827 155.599396
603.755676 178.369919
605.548767 348.384369
608.698792 348.273224
611.521790 160.553879
614.415222 160.411987
619.153320 325.516266
623.401794 163.666580
630.755981 171.224777
630.960754 332.596924
631.366699 450.526611
634.543823 450.211975
635.695068 403.158020
635.578918 470.871368
636.676575 396.194122
636.304443 413.361389
636.464783 444.760925
636.894714 406.990387
7.347608 312.911102
28.058668 288.139862
28.595474 292.488373
28.897923 300.803101
33.183895 269.118500
33.460449 275.653351
34.618095 285.208832
35.131664 264.208832
35.905350 271.273651
36.284519 277.942993
36.728497 297.757263
36.864761 294.368561
39.162022 171.120255
39.513939 161.953445
40.237911 304.772644
40.229595 260.559723
40.911568 167.353302
41.272823 131.720901
41.478355 174.658096
42.339825 146.669037
42.803585 163.114777
43.194809 179.315796
42.894943 290.483398
44.668839 186.892151
44.524982 272.117065
45.008938 175.093063
45.463074 219.517517
46.191338 126.404823
46.041786 149.034485
45.894741 262.666901
46.662395 153.174774
46.643394 295.530151
47.650494 190.777222
48.574566 215.307373
49.096951 227.479477
48.989159 269.913635
50.197647 188.812439
50.295094 239.542953
51.246284 234.917984
50.804302 277.722961
50.813442 294.536224
52.137150 119.983711
51.883141 180.318787
51.753918 229.295807
52.669228 286.568146
53.220573 198.506042
54.126678 123.949570
54.836403 168.929245
54.967846 185.606400
54.819496 295.826843
55.578865 212.769669
55.392960 306.685394
55.542400 341.861481
57.676090 253.898590
57.783707 241.692139
58.269360 208.484451
58.417263 233.462662
58.744057 296.888306
59.516582 267.447998
59.927677 158.965408
60.695087 245.577164
61.202415 163.598206
61.165859 238.438416
62.428669 156.528687
62.656380 216.814148
63.510540 291.062378
63.862659 173.244263
65.626808 164.684921
65.847404 212.786316
67.044716 204.704300
67.242241 243.124908
67.167877 293.536133
67.261841 167.524536
67.816574 237.097855
68.604538 288.584167
68.887253 171.268265
69.738617 192.394135
70.253738 265.406219
70.878639 308.236389
71.741478 178.830170
72.323067 311.605499
72.976768 155.169769
73.930817 139.605408
73.735947 179.453979
74.723663 214.842880
75.838287 143.034637
77.493561 159.588776
77.346107 210.080856
78.184860 195.489532
77.875626 240.379684
77.913979 255.561142
77.755341 310.521729
78.846291 302.660828
79.800064 200.341522
82.387177 184.195618
83.044579 258.807556
83.585747 167.018402
85.011566 266.325714
85.711548 214.023239
86.304756 209.438934
87.200005 254.776489
88.202583 168.159485
89.279144 213.396530
89.933670 193.150925
91.110107 150.170624
91.362289 270.159058
91.839630 139.067886
92.167114 170.255463
91.821823 190.388763
91.885368 244.795181
91.817413 308.657318
92.643082 279.952942
93.843872 209.959503
94.678589 198.980301
94.859375 233.429550
95.916931 185.459412
95.793953 278.474426
96.793739 224.050217
97.317032 242.924286
97.483711 257.574158
97.762436 262.945496
98.106186 287.581787
99.812256 208.231461
101.156639 249.684265
101.586075 232.388870
101.817307 215.672256
102.542366 219.553833
102.330414 225.845703
103.841156 209.547226
104.194580 264.598022
104.779076 212.603943
105.618950 238.181107
105.769386 223.062805
106.386162 313.564026
106.987007 327.721863
107.466690 317.827332
108.490921 297.311890
108.756126 323.883698
110.212723 259.817230
110.224037 313.258942
111.385323 247.729736
112.117264 306.556732
112.226372 277.731873
112.861473 293.305115
115.194237 260.067780
115.026993 304.763306
117.268753 184.751999
117.256386 226.597015
117.690811 347.002441
118.966858 245.911102
118.883194 293.161987
120.522461 238.738510
120.513451 306.868286
120.343513 454.658905
121.074898 315.625153
121.095589 392.219177
121.390388 460.557007
121.563683 472.684357
122.660011 396.876526
123.426392 377.649628
124.509407 468.002289
124.928505 389.796692
125.774330 294.038086
129.705399 309.357147
132.518234 320.744629
133.164566 303.475037
133.869049 294.942169
134.718384 313.752350
136.557114 384.994354
137.123901 283.912720
139.228455 320.165527
143.107224 208.392334
143.270599 307.508820
144.804672 295.966461
146.160110 319.368805
147.700623 286.084503
147.998642 289.659515
148.049500 307.151917
148.444016 316.628510
150.661255 233.409927
151.011185 213.802094
151.688202 184.325119
151.953674 292.994507
153.349457 306.204437
156.033752 225.451828
156.145126 308.697083
156.323715 203.595490
157.992783 296.663391
158.714996 223.703430
158.832642 229.312668
159.061508 447.565796
161.737854 223.796021
162.436203 296.831757
163.912476 304.819336
165.310440 209.362061
167.298203 287.607605
172.045334 322.222687
173.539169 306.169586
175.105637 319.514526
175.848633 326.675385
177.760849 287.445343
177.791428 299.684662
181.705734 318.788727
182.001511 324.567688
182.200882 301.694580
182.791245 289.560669
183.523865 306.980560
185.158356 276.224060
187.870941 295.897797
192.439590 269.421631
194.021973 314.253998
198.143982 285.672272
198.833252 308.758209
199.582932 268.210419
200.729279 466.877655
202.463638 286.925720
203.139374 267.378357
203.684830 303.229614
206.432388 259.130280
206.856552 195.539413
207.399460 309.758759
209.186569 255.870209
209.322067 306.533447
210.929520 308.807770
211.693024 283.904419
212.558731 254.515671
212.887939 379.578979
214.187256 256.612793
213.818787 314.317108
214.394287 467.354462
215.347839 203.874756
215.499496 266.231659
218.305740 234.849854
218.199844 384.590729
218.341446 212.800674
219.849960 239.287689
221.785522 210.210083
222.662598 222.867493
222.295929 379.845642
223.955032 467.240509
224.461288 194.346024
224.323761 236.936356
224.717957 377.653320
227.548691 166.404205
227.989807 449.562347
229.654572 193.620865
229.857880 180.707596
231.100677 398.792877
231.367645 381.447601
231.816727 268.136780
233.475327 176.220764
234.224899 467.436554
234.528351 459.915924
234.788925 284.217560
235.499146 300.359589
235.887787 244.057419
236.078705 276.921539
236.859146 157.347839
237.000534 212.958267
237.780930 266.691132
237.230118 305.148407
237.966888 448.360748
238.529831 178.225372
238.556992 248.299179
239.149643 274.481110
239.392563 256.378082
240.569748 260.990631
242.105255 163.822525
242.636551 306.698029
242.836777 208.007111
244.485321 260.138397
246.638428 217.195389
248.917099 241.904663
249.503967 157.218338
249.235687 414.714233
251.534348 466.411346
252.324905 303.901550
253.644684 166.335205
255.491074 201.825272
256.900543 274.883179
257.497803 187.151489
257.798981 306.662018
258.954773 138.279434
259.321533 272.131348
260.310272 192.925690
261.818665 306.366394
263.340393 226.832870
264.032196 144.978271
264.726227 202.065155
264.707703 260.719635
265.223541 179.352722
264.884827 464.721558
266.219269 141.472260
266.218567 148.808655
267.212097 265.226868
267.917786 233.310455
268.536987 160.986938
268.819336 470.365753
269.894653 154.148972
269.800201 175.857468
270.043304 187.332855
272.158783 243.147049
272.279236 208.276703
273.064331 169.435516
272.868988 187.818756
272.877289 220.369949
273.880310 190.956787
273.791931 470.632904
275.681976 171.573746
276.423035 275.353333
278.422180 181.867508
280.755859 233.333984
282.176880 204.966415
282.123596 272.527557
283.120056 243.921448
283.384705 168.479828
283.939392 448.702026
285.356537 381.916718
286.702881 462.161499
287.779419 169.843658
288.334656 303.483124
290.495148 191.620285
290.314880 269.128052
291.727448 240.261627
291.868805 231.529938
292.925140 184.728134
293.375244 248.248749
295.949402 307.789459
297.391571 177.628189
298.471283 197.433136
299.311646 182.177460
301.355988 207.204178
302.628204 273.649780
303.422974 183.852554
304.270508 174.788925
308.710663 176.281464
310.008728 215.339020
310.570190 373.092896
312.268585 189.907944
312.771240 94.663940
313.107666 276.722504
318.968781 399.147003
324.755676 398.067322
326.251129 307.758423
327.458801 379.677979
329.175659 390.216614
329.375275 384.841187
329.852051 450.362396
332.892151 300.737457
332.844177 311.181824
333.934418 273.760681
335.364258 310.148407
335.630035 383.164612
338.130219 307.481079
338.071442 369.738861
338.037750 379.570374
339.630676 275.299408
340.914398 280.837128
352.249573 347.810883
356.316467 270.837067
357.578552 344.131073
359.030609 275.829315
359.460663 311.053955
362.706421 273.765533
363.685394 266.094360
364.255127 255.054474
368.107422 272.826019
368.456085 312.635864
369.020142 268.185059
369.683136 368.883423
373.411407 286.840332
375.318542 248.728897
376.840271 280.991058
377.670654 268.481140
378.128723 463.648804
378.506653 256.197449
378.293304 451.017303
379.081543 347.976044
378.738617 455.575104
382.529297 457.281036
383.853363 283.225861
385.176086 314.492462
385.462402 267.169586
386.808350 451.291870
391.251709 249.102173
391.502655 287.967194
391.596649 449.281647
392.963654 277.319946
395.352539 461.934540
398.125244 275.139465
401.880096 388.230499
402.391266 250.763367
403.289551 465.444550
406.767303 450.795502
407.313080 301.982147
409.284027 258.030396
411.587646 452.122284
412.296814 475.214935
415.631470 449.528015
415.821014 240.271637
416.578705 245.876038
420.230133 476.473816
420.389801 348.505981
424.649536 253.523361
424.593109 272.988129
425.952393 397.574005
426.854218 379.098328
427.248169 320.181458
429.111359 257.783661
430.152222 301.082642
430.653931 315.810150
433.922333 272.510040
435.717865 262.077942
436.170288 455.619843
436.391998 246.966034
437.031250 297.572205
437.147736 302.073242
440.595001 264.007507
440.787170 244.801636
444.122284 471.767212
446.374237 280.320251
448.595947 469.616699
452.670776 245.128967
452.914795 284.886139
453.770325 471.092438
455.640137 451.314178
456.471588 277.407593
456.476776 282.002136
456.528595 466.662079
458.354431 252.785309
459.050873 453.846466
460.182892 462.686523
460.492523 303.627258
462.832916 297.574738
464.859558 453.538025
465.428314 172.944748
466.086212 258.928101
466.549805 262.325195
469.246063 454.374115
475.470673 465.298828
478.337830 230.776443
479.700745 455.856384
486.514954 300.504395
486.628937 309.482544
489.209503 312.753082
492.206970 450.769989
494.724152 306.312561
498.126068 270.971588
500.977570 453.594330
502.389404 154.865677
503.499573 296.520233
507.318176 130.535187
507.402130 299.777283
511.338348 162.950043
512.025391 132.271530
514.093384 152.018738
518.944153 255.381241
520.067566 151.070236
525.476685 261.451691
525.884338 321.351929
526.754028 280.219421
528.546143 283.865723
529.883606 270.067657
532.540222 259.147888
532.456909 275.605988
534.926880 262.389130
535.066467 345.597656
535.942444 293.964722
539.128174 275.881958
541.915100 279.187592
541.883667 302.001160
542.881226 261.120270
543.119324 324.278534
543.923706 288.322937
545.406128 283.455109
546.133240 267.939545
546.966370 262.804047
551.707581 168.361816
551.605896 263.283478
552.923706 260.178192
552.781982 285.512024
557.317383 262.547638
565.150940 151.859177
566.861450 323.407959
570.336731 173.038803
571.752930 150.384109
572.548950 159.340164
573.886047 295.989899
573.907471 300.908966
576.053772 322.461700
579.223999 151.452286
579.037964 298.061554
580.833374 301.698151
580.883850 147.279022
582.663025 150.566940
582.268799 321.715515
582.929321 313.644226
585.451599 317.698181
604.727966 240.170120
605.901733 317.565186
611.548462 161.656418
613.949768 230.213226
626.590149 330.042236
632.472534 450.290070
635.401855 428.209686
635.883301 444.607147
636.690125 336.040161
6.696058 313.335602
29.247375 292.821075
32.997421 277.567505
33.814533 285.084473
37.599350 158.882431
39.557762 292.226044
41.228996 165.586456
41.393093 174.508881
42.287025 124.829369
42.592232 150.061707
44.121674 187.854645
43.738586 273.083801
44.976269 262.960236
47.261776 117.343185
48.126629 152.307526
49.730186 308.738312
52.910179 195.321579
53.092587 198.841309
54.188725 123.769585
56.188522 304.801758
56.698524 241.397293
60.178001 199.385376
59.994545 266.962524
61.577732 148.021759
61.969215 163.001221
61.719048 238.772949
63.014839 303.333649
64.103958 173.637451
64.089310 214.325836
64.485985 208.544846
65.479538 197.492310
65.634911 261.898926
66.033531 294.736298
67.154259 251.780014
70.654282 209.571075
72.642395 155.663269
73.161522 310.783386
73.762299 180.260880
74.678299 125.965759
77.060112 210.112000
76.971786 231.699417
77.749657 254.794937
79.779030 117.100822
80.327911 156.152145
80.140327 297.797577
81.072342 184.316742
86.839211 123.352089
87.318153 263.113098
88.222153 168.801758
91.286133 209.832367
90.907341 248.291870
91.584320 149.647339
92.064484 281.074615
96.009048 179.652527
96.365906 203.305939
96.744019 162.053116
97.823120 287.297668
99.955376 192.597351
104.064003 210.929031
105.782791 225.483902
105.601608 238.665710
106.436432 313.418030
107.688118 252.536667
109.187279 284.240082
112.519516 265.740387
115.633263 286.334778
116.535378 208.936752
117.653549 228.342606
118.969711 248.322922
120.914032 388.657623
120.975395 458.429016
122.506584 238.893463
124.254745 272.375092
126.135323 298.923065
129.851349 284.880951
130.531815 447.386688
131.610794 201.192383
133.032333 195.530975
135.813400 189.526764
137.434982 207.070541
143.747299 225.838608
144.715271 293.750427
146.310257 229.672485
147.074890 220.619522
148.126556 285.430511
150.147293 184.534836
157.370483 309.102356
157.885620 189.758850
158.316788 225.799850
161.821335 319.490662
162.958740 224.834244
166.207306 190.268311
169.353729 197.002243
169.740662 310.725403
171.318130 208.256302
171.139679 299.827301
174.080444 319.422852
177.939255 279.204041
182.266357 290.188202
181.920456 302.577209
184.396561 313.726959
184.325958 329.305420
188.188492 295.077179
189.591629 275.007782
193.101196 269.853271
195.360016 292.278961
194.766769 311.387695
194.593872 318.333313
198.409454 307.380005
207.885437 195.884995
211.425186 307.618530
211.705139 199.589691
212.389572 314.443848
214.211990 240.544434
218.200928 230.423874
220.832703 193.983902
221.220932 215.327682
223.668930 262.819946
224.192032 137.107788
225.496567 171.889008
225.648468 205.609131
225.623505 396.522949
227.837585 251.238342
227.516968 268.242218
229.369293 179.806168
229.251587 456.942413
234.722870 193.198288
235.301590 297.462372
235.659332 246.463989
237.513702 229.694336
238.128983 177.596069
238.151184 304.640106
237.928131 460.178864
239.784134 150.443756
241.923676 206.401840
242.830887 166.125656
243.169617 260.803253
245.237289 174.558472
245.868225 216.621475
246.307220 230.935364
245.766785 275.078217
246.391983 306.967682
247.083374 136.793381
247.160660 155.253555
248.233444 242.680161
251.135071 187.597427
251.476334 302.463501
251.890274 149.755844
252.040878 201.469742
253.367676 260.592529
256.376923 271.269745
259.811005 191.834213
261.227478 142.506363
261.306946 275.769287
263.819336 226.000504
265.080841 150.022842
265.422211 204.119034
265.009003 232.975159
265.777039 118.749702
265.662628 177.081787
266.243011 470.536346
266.873444 275.080475
270.495636 261.927429
272.047974 244.243179
272.859802 157.597488
273.400818 219.876923
273.512360 230.295685
273.174622 469.907440
274.055786 167.490616
273.753937 190.180984
275.678375 135.613434
276.205994 257.685760
277.922424 179.543472
279.068054 270.386200
279.864990 186.256973
280.958832 171.555695
281.379852 221.893951
282.693787 230.081421
285.016724 130.062866
284.520081 209.237823
286.045410 203.628281
287.350189 158.675461
286.630432 182.987457
286.876831 194.184265
287.093842 275.326080
287.619843 222.011734
287.731934 462.273590
289.037872 301.920746
289.739685 166.882217
290.774628 270.494598
292.364868 162.504623
291.573944 172.067215
292.732269 227.309967
292.533783 306.950073
293.807434 260.394348
296.605438 253.975830
298.140656 304.084137
298.914825 123.107513
299.465942 174.348511
299.576172 198.051895
300.550018 282.323975
303.010223 273.467743
305.429413 180.537735
306.855103 206.326065
311.161194 374.365082
312.615601 186.707153
313.885895 221.863937
317.907532 175.410049
324.196198 397.536865
330.194397 273.773926
330.202179 296.443298
329.795135 451.493866
331.510651 463.673981
336.857361 306.300140
338.809784 276.142914
339.912079 296.457458
345.164917 267.774689
350.614807 347.661987
356.895844 271.234558
358.087280 301.321381
360.384247 309.327881
361.203491 278.851074
367.497742 252.504913
375.742035 283.018951
376.567017 253.270599
377.437866 451.528687
377.731995 461.278748
383.623016 276.761841
384.097809 283.172943
389.569458 252.827576
391.866791 287.437988
399.187164 290.319489
398.903259 473.007812
400.604675 253.480438
403.129852 453.174011
405.216980 249.783203
405.593231 316.408417
406.989532 472.830292
414.389374 251.253967
416.114746 256.365295
417.885590 449.445221
422.320923 272.781342
424.911591 257.051819
426.012512 250.199371
427.285736 263.254364
427.839508 318.831055
429.020386 388.566132
429.141479 475.757416
431.411652 273.052673
431.441895 451.851990
431.948303 313.181854
436.955017 301.783325
437.890717 295.189087
439.593353 264.822418
442.911652 297.218842
443.949402 242.957947
444.343079 471.822540
446.096832 454.442963
447.615234 449.197815
450.722717 468.150177
451.690125 242.982300
452.070831 270.309052
453.880005 249.188095
454.141968 280.314514
456.677765 467.065094
458.037170 252.473282
460.448273 284.553162
460.084656 461.927521
463.389496 291.266266
464.316223 254.972382
467.164124 261.711731
468.704102 268.350861
469.442871 452.383820
482.057098 465.471039
490.986145 274.024872
491.110931 314.273621
494.723907 293.562927
496.182800 307.377350
498.903961 270.418915
500.259430 453.174866
503.162354 295.799194
506.657654 134.588562
507.385742 274.388977
511.955627 156.594208
518.685425 269.114868
520.673340 151.433411
524.103455 261.203705
525.445129 169.805878
526.018555 278.942383
527.310364 309.700928
528.052551 285.912567
529.948853 150.455139
531.811096 265.983124
533.131104 304.153717
536.070923 343.609283
538.535767 151.352844
540.055359 275.154327
541.580322 289.661560
543.240173 261.658936
542.715088 280.613068
546.964294 262.710022
554.912109 264.280853
557.109680 166.256668
565.830261 301.836853
569.732361 171.951553
572.386841 158.836044
573.273071 169.003143
573.819031 302.188477
574.438232 322.647858
577.981201 158.150452
582.815002 151.633179
600.167603 216.364014
603.048767 155.226059
614.121277 229.283905
632.871582 450.113983
635.486877 444.180450
635.943298 398.541870
31.052441 276.168793
31.432310 293.099060
33.433712 302.469330
37.574997 273.492401
39.560608 338.078278
41.601143 126.811981
41.853771 148.581360
42.144817 260.191833
42.946712 306.003662
46.385303 136.426804
50.083813 269.396515
51.426281 198.031876
51.456913 216.187973
50.785080 309.197998
52.867153 180.029480
52.742794 231.961716
54.048691 340.802887
55.232449 125.462112
54.913998 241.731110
58.023296 156.299820
58.910591 296.514069
58.722595 315.633087
62.799500 245.248901
63.977970 262.375854
64.971748 316.204132
66.009827 293.570282
70.121941 138.048599
71.118706 265.667755
70.788490 311.441956
71.889717 157.073578
71.884293 172.489990
72.271255 248.947388
72.814110 325.579803
74.042992 127.264771
74.378952 192.310623
78.324333 305.061462
78.612488 165.525314
79.480980 177.727219
79.644760 184.751877
80.305008 239.054169
80.244347 248.592392
82.864746 258.480133
87.843292 124.682274
88.929291 209.705078
93.607735 339.971100
95.274643 177.647903
97.994125 241.569977
100.551933 194.667221
102.631203 292.933716
105.879807 227.165314
111.697227 214.867401
120.019020 291.528687
120.638634 459.867554
121.855545 314.981323
123.382919 276.896362
122.941200 450.391571
124.008560 238.815689
124.422798 379.824524
124.254097 396.076477
127.166344 467.989258
132.828979 447.221985
135.001862 194.727585
135.527832 400.157928
142.675079 185.917984
144.581848 211.806168
146.378845 305.145508
145.836792 313.643890
154.078384 232.359268
155.617279 292.580353
157.469528 185.822357
158.033981 223.025482
163.753311 226.190857
171.325424 286.559082
175.082672 298.716400
177.248871 280.411743
180.913681 452.576599
182.814606 460.545929
182.941345 313.962372
189.516510 295.034241
191.185638 276.314331
193.497681 320.665375
196.164719 341.099396
197.248001 284.829407
201.977463 265.791626
203.743881 306.629059
209.338120 266.617523
210.670898 323.945740
217.604935 385.122711
219.457031 194.748749
221.155930 398.612793
223.889908 396.662231
224.565689 205.100540
225.187317 262.082336
225.498123 268.538635
229.309982 451.857941
230.657867 191.768005
234.427856 158.217178
234.862640 248.948700
235.073074 294.518951
237.864517 465.925293
238.698517 148.150330
239.509232 200.221634
239.127350 276.576813
240.200943 460.341614
243.998337 173.985901
245.967041 137.218292
246.933075 154.130234
247.479996 276.157349
248.436996 307.267029
250.681839 270.469025
251.274277 259.687347
252.016815 461.345520
253.562363 188.976196
262.628845 140.409195
263.045502 275.189484
264.727783 471.168579
273.298126 305.497894
275.148285 154.909134
275.528748 251.591171
275.908539 181.413620
276.449951 258.699005
278.058716 268.707825
279.806305 172.216217
280.299164 188.295837
284.417694 179.973724
284.378693 282.391174
289.310699 463.021088
290.838409 227.599075
291.102203 306.967926
293.210968 171.821335
295.185730 242.165909
294.780579 264.812408
296.485901 200.631577
298.862701 124.835625
304.062347 273.191589
305.317688 178.921051
310.960419 186.084656
313.468506 220.637314
316.741699 280.024170
319.218231 306.935791
326.142090 399.666656
327.059204 273.832550
330.070465 385.742218
340.347198 293.607605
344.705292 266.082397
357.596741 341.536438
361.246277 308.243011
387.946014 307.955261
396.379791 275.771881
396.761871 284.330200
397.594147 473.037811
400.259918 254.795212
403.788300 454.886963
414.928436 246.405762
414.853333 256.749268
417.950958 251.667908
419.288391 449.373901
425.205750 396.552551
425.811249 381.211121
434.803741 471.468628
437.465088 251.621689
444.570404 285.311646
446.398132 448.220459
451.100464 465.779633
451.635376 280.073669
453.903320 270.295654
455.838440 253.539093
455.656067 452.776855
458.620941 302.494965
463.862885 293.625641
466.188507 169.959869
468.182343 261.762054
470.205322 267.708923
482.037811 450.297607
487.149048 305.406464
492.657562 315.433624
507.301086 133.338867
511.826416 155.482803
520.427917 341.420563
522.836853 260.987213
527.966492 287.125519
536.391907 342.275757
538.971436 248.847656
542.393494 288.338287
548.781738 261.490662
559.042664 287.591064
567.681580 152.447144
568.260010 170.583496
568.967529 315.522644
579.404541 298.912537
581.721375 314.532074
586.437927 304.689209
598.167664 312.792847
33.351471 302.201477
39.860134 138.742630
39.813358 178.988266
41.879833 191.787674
42.263363 166.487839
43.361626 238.750534
47.616348 120.505547
50.805637 176.234161
50.325649 267.340607
50.407227 338.304993
52.130539 199.270035
57.810589 127.482201
71.264107 197.482758
72.131081 249.791336
75.090897 304.509094
79.983780 120.247437
79.667511 185.252869
83.201546 256.368042
87.589813 208.498550
92.516785 138.138229
92.138977 171.858002
97.191437 158.205902
102.695793 197.585251
103.279243 290.286591
105.987267 208.603348
106.878914 250.338486
107.486481 270.953522
108.080772 313.035095
118.923965 288.793549
123.980263 315.206818
124.760910 451.736786
127.326782 299.303558
126.555984 384.912018
125.945694 393.918030
141.022171 447.149139
143.200989 313.067566
144.432693 212.760193
150.626160 188.337936
152.884552 230.215698
168.896561 206.513367
174.420959 296.767090
182.037964 312.582611
183.727875 459.008606
191.878159 261.174164
195.186996 286.641357
200.919174 338.948151
205.270050 308.986450
208.160202 467.496460
210.736816 196.210434
217.785843 388.968567
227.487198 189.968643
230.620911 452.962372
233.274094 291.829224
235.406403 179.097519
240.628738 196.462250
242.994278 215.139099
252.651901 366.916840
256.717346 305.927338
259.959839 236.575668
260.776245 275.709564
268.235291 145.673859
271.936523 468.801208
273.101776 304.667633
279.231720 173.902847
282.162903 294.493652
286.191986 228.522919
290.104919 253.794495
290.597412 268.126190
295.820770 201.207474
295.293488 241.970306
297.726318 299.929657
313.555389 306.552551
319.617218 281.015503
329.736267 389.388275
328.843536 396.306274
336.609314 303.223511
344.238220 290.838379
353.568939 273.106537
357.347870 337.759705
368.102783 253.440094
375.736938 454.148193
384.736053 275.954285
388.362885 308.898376
398.126648 275.243896
400.494415 248.702240
403.069366 265.125519
403.530792 469.713959
413.939728 246.065552
416.660919 256.346313
419.430908 271.152191
421.173218 448.927032
423.894653 384.986115
423.362335 393.830688
426.584778 313.532867
430.754364 247.546585
437.262115 267.744965
436.319733 297.090088
437.434540 447.737183
445.785858 286.485229
446.697815 248.014496
458.384064 285.432709
463.100769 257.302399
466.647858 168.773148
466.574707 297.995270
470.162109 453.409790
483.765778 448.304932
487.833862 306.060547
491.482788 275.826050
497.228058 319.474274
497.582581 453.495941
498.232849 268.352417
507.337830 275.717285
511.751740 257.255646
513.172241 151.280228
518.162231 337.825287
535.695496 280.171295
539.779480 245.947754
542.986755 317.118713
552.401917 255.915115
559.605042 263.600342
562.959839 317.846466
565.254578 289.661224
569.686157 152.966400
581.471924 314.910400
604.748718 317.025330
620.863647 197.155609
46.804508 336.238922
49.905193 170.979126
54.731037 220.157288
59.055782 291.207672
67.586868 136.262970
75.887756 167.170639
76.989258 186.112000
93.529152 140.837646
93.711723 209.640167
96.439140 153.934158
96.137344 255.641891
104.006981 334.696808
109.844925 208.955475
109.373299 250.530502
126.067848 315.518860
127.267380 389.783844
131.566589 298.887573
139.288681 194.195328
140.397293 314.150574
145.872620 447.386414
194.038193 289.925171
204.028870 337.295868
205.161438 467.880402
219.820969 393.289856
224.039429 347.419922
228.634201 292.209229
240.877777 280.052460
242.180130 300.915497
243.110428 382.445923
246.153244 229.260895
278.727509 216.644699
281.488953 282.646210
280.991058 291.128967
293.922882 184.147873
305.578552 307.292725
328.233856 393.481354
336.138245 300.993439
343.126312 347.701050
347.535370 275.170746
357.405884 335.114838
367.659058 302.958771
393.762939 285.064575
395.660675 246.872894
402.094757 466.194366
404.699646 459.898010
416.167847 275.388824
422.430756 389.840668
423.683624 448.251709
426.146179 310.316803
430.194763 463.898834
441.678772 260.688660
456.322998 285.670807
464.791473 333.306824
483.959534 443.563812
483.141541 469.267822
496.652924 260.792023
501.360077 321.600525
502.779755 239.434036
507.811493 153.203094
514.015930 335.975159
544.498047 272.894562
552.016479 253.436844
569.679016 291.365387
582.680359 299.027222
607.292175 218.456848
609.334656 319.311615
31.514299 157.081985
41.071617 247.329147
57.843517 145.120270
58.495178 167.470383
77.043877 298.934326
81.456146 163.772049
95.126060 216.287048
102.586273 148.337967
109.639938 287.543976
114.133827 246.782410
130.417023 389.222076
143.504181 302.247467
150.446243 193.163254
176.684235 303.843292
196.369461 404.240021
211.012222 331.740479
220.891006 459.111542
243.629929 293.168152
250.526398 228.672424
274.020447 305.728973
282.929413 214.625534
334.699463 296.300018
348.841827 279.724121
351.551086 405.077454
373.037079 460.032776
393.384705 312.894165
397.794586 459.499207
418.689941 390.436127
425.744080 304.392090
427.789337 443.855560
463.497192 172.123062
477.973846 351.084198
482.881134 265.484344
489.230591 153.811996
493.687805 261.454163
491.416656 305.687622
492.954498 455.063293
549.449402 274.253754
577.214478 255.462891
585.044373 297.945496
53.237041 280.959930
63.345982 217.893127
77.751305 151.625153
112.451782 147.729919
115.624367 286.838593
143.878387 308.615814
207.702255 301.777405
221.793533 209.994934
225.774490 444.999603
248.236588 179.487000
286.294098 189.588242
283.352661 256.367615
437.248383 319.451874
449.553833 261.796326
489.018341 159.222717
491.731293 327.950500
553.390198 209.417984
556.075256 275.936829
585.376953 252.001984
588.179077 328.627533
591.988342 301.545837
599.367615 223.080002
70.639084 143.630524
71.378281 229.965439
143.683273 390.595001
208.576462 299.255280
214.613892 408.113434
290.781891 339.913177
322.443390 411.515350
405.740143 390.478088
470.266907 250.824936
493.089539 358.273285
554.850464 182.138626
573.285156 279.634430
133.432281 282.323547
198.325424 289.636536
230.522186 409.716309
261.242798 178.950806
301.364777 336.271545
305.654907 414.611633
420.709778 374.719666
583.730530 288.967133
417.356537 304.668213
455.521729 396.111755
216.420380 338.253143
333.619324 257.194305
524.812683 285.462952
