500
493.707550 182.000778 
494.584747 183.104095 
473.226471 191.528610 
287.064056 90.533890 
287.086761 90.585007 
484.797760 193.085327 
488.975403 194.954147 
488.659576 197.813354 
485.265594 194.785385 
392.253265 390.279602 
234.488846 103.716522 
455.625458 219.855743 
447.103516 193.067688 
462.495209 187.076187 
476.886200 185.914627 
459.326447 192.087021 
286.648590 109.533501 
475.469971 194.861237 
452.510681 184.218277 
272.845428 240.291275 
273.473755 245.118408 
476.079529 184.352997 
424.241974 192.043777 
278.191437 204.248642 
480.698212 198.632751 
433.092773 216.191467 
324.450684 176.054520 
476.095398 181.783798 
472.969604 189.549072 
423.488770 190.728790 
311.194824 213.866119 
258.718750 195.151413 
469.046783 193.166885 
334.189667 207.894043 
444.152191 217.529251 
413.988464 190.716995 
311.098297 278.970520 
440.915924 189.734283 
441.131744 198.994675 
482.839203 191.689438 
440.862640 201.382996 
454.966095 201.647659 
299.278595 110.299019 
496.137543 184.266739 
287.881500 161.794983 
418.688660 232.780334 
453.614594 285.089844 
437.614716 186.050339 
258.415588 138.795425 
340.748169 206.664093 
469.155701 214.632385 
455.405304 200.519882 
422.377289 195.807526 
415.893463 206.184464 
476.164917 183.115250 
324.199127 177.871887 
450.317719 186.563080 
415.594452 209.087570 
256.686829 195.607056 
487.801453 307.548828 
456.580750 212.277695 
251.949646 196.152786 
498.182983 310.788849 
437.175903 191.928864 
438.998138 200.919327 
479.391998 207.700485 
492.143829 193.491501 
236.434601 178.818359 
478.496979 207.500641 
444.737213 196.528961 
360.613831 215.802948 
310.490570 269.410095 
315.344543 216.925217 
439.715118 206.709900 
487.472534 199.996902 
374.269623 252.218948 
442.756683 209.873672 
477.616577 200.449936 
475.378906 211.698151 
476.443207 210.209229 
461.142151 288.183105 
247.564331 178.685577 
457.462158 212.850571 
415.159454 199.998611 
505.231506 298.982269 
482.200562 208.129578 
310.561890 342.239441 
416.836914 261.113037 
416.237305 261.594849 
436.197662 185.156250 
349.419922 337.304108 
451.627289 182.800873 
429.767059 202.466522 
466.145966 207.142761 
309.483643 345.343719 
454.004517 197.295837 
287.646698 109.720177 
452.859650 178.872452 
472.496033 238.946793 
270.722290 238.181274 
447.424133 196.111877 
535.774902 263.669952 
530.106506 135.762344 
268.208344 107.741394 
322.834015 336.758362 
440.333740 200.796509 
506.526459 299.599945 
469.019379 211.364059 
342.628479 214.159790 
460.693756 221.403214 
460.952057 221.133881 
511.643127 241.435455 
459.509827 220.808990 
448.063782 223.600327 
507.211823 297.588684 
452.242096 180.824448 
443.335907 220.590134 
467.175232 239.234482 
448.348572 216.112732 
237.476105 189.229248 
237.628998 189.552307 
460.489410 206.868530 
483.046143 210.592773 
471.862610 210.279297 
499.224030 213.309479 
269.056030 149.507660 
428.048187 186.232880 
472.971191 192.587036 
445.156433 195.985825 
436.631714 234.182556 
419.756073 298.180908 
197.745178 99.763084 
197.236649 99.932396 
506.246124 213.313507 
491.947266 231.499207 
342.228333 213.336273 
291.383606 162.534088 
435.014587 183.570938 
485.081207 308.809601 
460.109894 223.441711 
262.757385 348.520966 
422.419647 213.563156 
290.416107 188.581863 
227.082504 189.261261 
463.117126 220.887161 
263.407043 351.104950 
484.442871 312.539062 
283.830902 336.298309 
269.576904 237.892120 
416.611938 192.561844 
438.820221 223.463730 
466.228546 274.259338 
448.416779 310.961243 
248.618805 179.863693 
444.037384 192.521576 
293.835876 265.149780 
293.072998 265.480408 
292.807129 200.391083 
417.569427 195.231064 
273.146515 244.093445 
478.835693 334.513428 
512.616333 268.227478 
512.920471 268.299927 
486.379242 306.525238 
294.897858 201.270309 
538.750854 244.507172 
416.611420 212.894913 
230.992279 228.521759 
499.006378 212.602310 
527.138489 233.871750 
280.849182 331.136444 
416.711823 193.745270 
444.916168 284.736786 
521.098816 436.673004 
511.889191 239.668869 
433.529907 183.404251 
248.890060 105.679253 
428.378082 302.627380 
428.527954 302.306549 
483.461273 190.355270 
409.789520 256.887695 
294.632996 205.969742 
452.379303 210.324860 
321.234406 336.869720 
509.031677 208.939148 
472.706482 219.916321 
265.331665 230.575470 
487.964142 233.269318 
460.400543 224.241867 
447.259308 224.446945 
246.188156 181.979462 
256.873901 197.485184 
454.216064 202.652359 
438.124786 218.982147 
432.838196 223.042953 
311.756226 322.241821 
445.319153 214.910843 
491.950867 268.080566 
409.823242 257.302277 
267.437561 155.548752 
247.075500 177.787308 
405.927979 207.468094 
415.355957 212.548492 
443.766174 179.342789 
244.809769 266.665924 
514.719055 217.582260 
265.369873 211.902954 
289.654449 165.507187 
446.061829 239.059998 
471.837097 238.041641 
192.466125 224.998123 
260.980621 154.895264 
486.680603 261.664093 
359.670715 218.735321 
265.508423 352.481445 
402.699066 208.518265 
411.226440 298.855438 
534.733276 260.395813 
439.229095 312.864929 
525.083252 236.773621 
472.051117 269.949310 
314.019531 217.237885 
462.832916 174.176483 
401.723145 209.547394 
85.591255 314.312164 
504.181641 296.532776 
486.983704 253.691315 
244.765274 226.597412 
498.542267 299.490753 
511.662964 242.092026 
495.669281 216.525818 
453.532776 219.568619 
502.442902 276.652527 
238.560867 182.934814 
522.760193 233.210480 
523.171631 279.425781 
427.357513 267.696564 
163.096436 95.963226 
238.754730 183.500412 
499.867218 298.485077 
410.081940 198.691895 
460.244781 269.729584 
460.160126 269.354584 
483.727081 309.583801 
388.035309 260.475006 
440.574432 311.511627 
475.441101 245.267715 
406.017578 226.780914 
455.690308 243.086426 
326.548431 341.158569 
436.563263 178.632843 
428.612762 300.985748 
480.066711 231.884491 
436.332794 226.580765 
288.636597 165.905716 
228.370865 181.848770 
471.390228 217.741226 
363.554626 219.903809 
253.023422 140.774429 
426.050293 298.880707 
256.950317 148.536880 
335.565430 203.847122 
66.301460 330.230743 
424.011810 269.842285 
402.649292 259.199219 
580.952148 268.621552 
483.028961 177.141296 
309.960236 270.835297 
216.487518 101.692818 
43.104763 347.265991 
35.489822 353.293671 
426.187927 267.344818 
222.885727 206.522629 
502.595276 214.078186 
473.853546 176.087723 
412.498444 297.045227 
464.767517 224.417969 
149.909515 241.834595 
319.754364 95.937675 
319.661346 95.796295 
217.597763 201.334381 
422.429169 188.994843 
356.598206 219.583649 
536.146851 257.160156 
420.224854 228.400513 
416.721466 199.691833 
238.871078 327.525055 
394.972443 222.497009 
266.319733 143.737717 
433.909882 243.415894 
514.521362 215.660385 
243.324478 268.911346 
282.265472 334.434967 
484.597961 314.025482 
275.502258 337.885132 
288.355774 194.537415 
408.675995 257.622620 
243.310181 174.943420 
395.746338 217.423294 
424.399963 298.752716 
400.301025 236.820160 
322.303009 341.533569 
322.777039 177.062225 
205.011581 181.080399 
266.322754 229.384552 
407.924438 201.230774 
426.391754 218.945129 
237.224060 182.103546 
418.791931 303.623016 
309.479492 341.615753 
465.853638 271.246643 
388.617706 242.273865 
400.218170 237.097610 
265.538574 236.212158 
419.486359 305.191406 
477.390442 227.550339 
412.948944 222.443085 
394.284607 229.703232 
402.499420 291.485138 
402.332275 291.567352 
226.979614 225.443069 
315.625214 276.738953 
403.544800 229.720947 
418.860779 304.812012 
307.286835 341.231964 
332.347473 206.930939 
499.885529 184.956970 
438.222473 312.612915 
430.991577 222.423874 
405.923157 214.109802 
278.889557 208.209000 
212.306519 197.018814 
469.757233 260.276428 
385.376678 251.718582 
453.839996 277.710266 
313.609283 181.475815 
478.555328 176.818970 
483.702820 229.438843 
144.550644 240.222076 
429.029053 222.890533 
280.938660 202.224579 
496.405548 234.997147 
487.734802 230.163132 
408.516357 227.614761 
402.895203 236.330093 
495.019745 238.501221 
409.130341 226.773300 
487.824249 229.451370 
396.727997 246.010208 
454.447449 243.365128 
400.891785 205.119644 
471.290375 273.976135 
257.983459 224.956467 
444.661041 176.707947 
498.888885 270.644104 
405.495544 200.001221 
203.508667 191.379761 
347.521667 214.713257 
491.574768 247.817764 
487.452209 253.028503 
505.428192 239.228439 
419.711548 201.916061 
291.116333 186.837341 
419.101959 300.872528 
208.493225 190.537430 
238.150620 326.893646 
438.664948 254.334351 
204.949081 192.177109 
53.364643 318.776611 
455.071899 242.241531 
473.180206 233.610489 
403.990906 201.044083 
50.703453 340.091034 
405.744080 231.668915 
429.653961 221.737976 
336.078064 263.015656 
191.149261 316.523529 
156.859680 235.825073 
202.568741 183.517029 
477.733826 228.211914 
221.067032 207.892120 
401.303070 220.344070 
449.728516 207.182205 
248.242371 331.843353 
315.020966 176.432098 
261.754883 137.618652 
224.234619 228.316132 
224.722977 228.605118 
187.347031 318.746155 
402.172668 214.032516 
424.107605 388.581940 
183.070358 329.747833 
298.079773 265.267181 
482.965668 204.144958 
433.457458 240.750488 
422.766235 270.293579 
438.886658 253.850357 
514.523560 245.769791 
505.023224 240.162720 
485.245789 248.577927 
471.397339 316.405701 
436.342041 250.411713 
258.733765 155.791290 
407.555786 229.525131 
469.780518 233.442810 
205.847992 344.573761 
436.453400 252.579132 
313.881561 174.472549 
150.424469 245.650299 
260.292511 137.771927 
281.928375 223.974426 
246.308411 239.274460 
480.371521 260.497803 
298.077087 336.358917 
342.974915 248.351608 
480.591888 244.550018 
250.281219 175.976105 
450.497864 227.566467 
218.060318 203.691299 
232.588531 349.782196 
521.948303 289.023529 
465.665558 270.771729 
509.712402 256.410950 
415.834503 280.617767 
324.719757 225.973038 
508.143158 300.768555 
232.870010 213.045731 
512.354248 245.743256 
469.286804 270.763550 
413.144165 285.468048 
290.602478 264.308136 
421.939453 258.685944 
283.500732 126.528732 
255.727020 155.115356 
359.360962 207.432922 
391.873352 273.743988 
443.379181 221.279144 
424.614136 234.329758 
336.647644 210.054214 
252.947998 148.655426 
385.506989 388.852295 
277.118378 319.964813 
412.924469 229.103012 
309.284515 185.201736 
428.754822 181.767380 
473.690613 348.636841 
473.615479 348.122345 
146.605087 251.137436 
494.158020 238.724655 
59.545513 333.088562 
241.950378 190.879517 
225.126419 225.204132 
339.992523 238.847870 
212.991806 206.734222 
477.420166 250.447815 
244.346237 339.794830 
158.360550 227.694397 
450.449097 228.160751 
249.909653 173.271591 
257.836914 149.130630 
464.033386 339.470825 
65.506805 330.715607 
492.860779 313.468048 
304.278687 172.631882 
475.633148 254.822800 
465.590759 224.269592 
93.125542 312.620483 
213.125015 189.625305 
207.356964 193.788300 
441.384216 247.557892 
511.354248 245.172775 
253.056992 329.753937 
534.367126 272.734222 
274.147919 267.414581 
469.825623 224.688889 
193.616302 200.926468 
459.515350 255.202072 
340.156311 279.749146 
304.012665 110.733940 
365.034271 221.492889 
500.560760 309.590607 
253.284683 144.549728 
472.622803 248.342728 
288.943878 151.986130 
264.771454 210.830200 
313.052399 175.205338 
137.202728 216.591888 
282.158936 164.509048 
62.515888 302.346313 
501.057495 237.635727 
434.975006 260.079742 
388.214417 248.434021 
304.736542 322.001526 
210.673325 196.873795 
507.156189 241.176178 
287.366882 198.124771 
484.324890 255.572250 
468.920044 233.207108 
468.996887 233.351181 
387.227631 248.498947 
