500
485.473602 252.426941 
332.971954 89.994797 
354.933807 82.116341 
344.400421 113.743332 
371.720825 85.316010 
493.606018 235.981186 
347.646790 96.911026 
194.523590 168.136948 
344.400421 113.743332 
357.672791 73.304199 
303.791077 208.642975 
237.170044 227.777618 
357.573883 74.125702 
337.948517 96.241180 
347.646790 96.911026 
194.523590 168.136948 
420.653320 262.861450 
368.815552 86.015472 
434.952057 320.449188 
350.046356 115.238129 
229.436981 272.870270 
347.646790 96.911026 
343.919128 110.723015 
356.206024 80.781288 
355.528137 80.245949 
357.573883 74.125702 
372.824860 73.893791 
314.750854 202.275894 
249.416046 271.601654 
368.815552 86.015472 
355.104706 76.586311 
350.954102 77.151291 
350.954102 77.151291 
259.910065 215.546890 
406.516785 109.721024 
405.240723 301.217499 
434.952057 320.449188 
356.206024 80.781288 
404.988098 285.630554 
292.625610 234.629318 
295.715698 234.230194 
475.792145 297.886047 
308.249878 207.922012 
345.017639 146.722351 
349.194214 268.650482 
357.573883 74.125702 
344.060455 115.460938 
469.207886 117.795395 
426.901337 146.595322 
556.007507 203.490829 
347.646790 96.911026 
350.954102 77.151291 
469.207886 117.795395 
224.090103 281.607361 
337.948517 96.241180 
350.954102 77.151291 
404.988098 285.630554 
444.288147 64.223724 
447.742798 155.317291 
324.461060 111.430038 
357.573883 74.125702 
434.952057 320.449188 
357.573883 74.125702 
342.817169 89.596840 
308.249878 207.922012 
370.496246 107.803566 
386.144897 476.543945 
386.144897 476.543945 
337.948517 96.241180 
327.791534 99.873947 
285.563660 283.918793 
342.817169 89.596840 
338.463837 101.057266 
354.400299 69.190292 
344.700958 142.255539 
390.287689 338.723297 
329.099274 402.961487 
323.690399 111.262688 
354.933807 82.116341 
368.815552 86.015472 
338.192444 139.894730 
588.997803 164.437912 
229.436981 272.870270 
272.438782 260.978973 
460.112885 115.242096 
247.472794 277.181030 
354.933807 82.116341 
460.626190 108.827019 
337.948517 96.241180 
461.418884 133.143768 
295.715698 234.230194 
357.958588 82.413467 
324.461060 111.430038 
350.046356 115.238129 
344.400421 113.743332 
426.901337 146.595322 
403.095459 299.004242 
347.646790 96.911026 
375.028473 105.752808 
388.005341 68.973122 
247.472794 277.181030 
347.646790 96.911026 
229.436981 272.870270 
344.060455 115.460938 
360.434418 84.556282 
350.954102 77.151291 
351.767548 104.464096 
356.376770 367.392456 
347.646790 96.911026 
372.006958 110.649200 
356.548401 62.085915 
329.099274 402.961487 
326.498962 120.656853 
395.856018 468.726929 
439.708649 87.665665 
329.678101 106.975449 
273.150574 242.737747 
375.028473 105.752808 
375.028473 105.752808 
272.013031 258.348846 
275.234314 285.922150 
329.678101 106.975449 
309.711304 201.645096 
368.815552 86.015472 
340.290619 263.047363 
329.678101 106.975449 
263.849701 244.828079 
183.559158 446.517731 
363.876984 240.332260 
359.332703 110.918846 
344.700958 142.255539 
354.933807 82.116341 
464.375427 110.355446 
259.801331 238.304016 
356.548401 62.085915 
401.066406 301.944824 
383.425262 319.428833 
469.207886 117.795395 
402.986328 90.205238 
359.332703 110.918846 
271.557190 243.859375 
475.792145 297.886047 
354.400299 69.190292 
401.066406 301.944824 
406.516785 109.721024 
372.767731 84.201416 
460.112885 115.242096 
285.227539 284.534332 
372.767731 84.201416 
349.194214 268.650482 
390.287689 338.723297 
439.708649 87.665665 
439.708649 87.665665 
402.986328 90.205238 
406.516785 109.721024 
340.290619 263.047363 
272.438782 260.978973 
427.596466 177.797958 
427.596466 177.797958 
439.708649 87.665665 
345.205933 108.248787 
360.233063 361.931763 
460.112885 115.242096 
230.904160 293.877594 
355.752136 154.308426 
419.475830 153.600235 
335.432953 110.540466 
344.400421 113.743332 
442.009338 61.383785 
359.407318 147.445694 
300.575928 209.166443 
372.400421 74.796730 
370.496246 107.803566 
372.006958 110.649200 
347.646790 96.911026 
363.820465 96.653870 
210.024445 247.922684 
285.227539 284.534332 
368.815552 86.015472 
338.463837 101.057266 
365.108032 64.582611 
400.970764 180.186035 
441.067566 171.924728 
395.926086 463.179779 
385.582306 167.476059 
377.327393 177.368835 
360.710938 101.439240 
363.820465 96.653870 
378.042908 319.913574 
229.568527 285.537201 
229.568527 285.537201 
344.700958 142.255539 
469.070892 111.449944 
372.767731 84.201416 
326.624878 133.031830 
316.102509 247.468796 
394.630310 55.719765 
215.933472 248.599228 
253.073837 219.967133 
423.439789 307.852844 
223.064926 289.958954 
423.912994 242.806870 
352.946838 103.647820 
460.626190 108.827019 
556.055664 195.179169 
347.646790 96.911026 
354.627594 129.817993 
360.688660 185.595337 
352.946838 103.647820 
210.468124 238.862305 
350.954102 77.151291 
315.918610 194.547134 
350.954102 77.151291 
285.227539 284.534332 
431.321899 142.315002 
414.523468 133.489914 
414.523468 133.489914 
351.767548 104.464096 
285.227539 284.534332 
439.708649 87.665665 
461.981506 127.602188 
439.708649 87.665665 
389.366180 128.739685 
434.632538 174.607590 
354.400299 69.190292 
359.332703 110.918846 
469.565979 119.284462 
239.941498 229.641663 
351.623474 152.391006 
350.954102 77.151291 
469.565979 119.284462 
443.641785 65.181038 
434.952057 320.449188 
434.952057 320.449188 
326.498962 120.656853 
350.954102 77.151291 
190.920212 420.194397 
353.434143 67.501884 
259.700500 212.416794 
415.168091 190.917862 
392.250671 97.680893 
395.755127 161.023666 
364.147034 83.969521 
264.351807 275.283356 
262.220825 224.134003 
262.220825 224.134003 
347.638885 75.897835 
344.400421 113.743332 
327.791534 99.873947 
372.767731 84.201416 
344.400421 113.743332 
210.024445 247.922684 
363.820465 96.653870 
297.343933 212.408203 
229.568527 285.537201 
265.903778 215.796310 
370.496246 107.803566 
420.870819 123.353630 
399.847931 99.275124 
357.573883 74.125702 
232.499924 279.458008 
420.870819 123.353630 
460.294525 121.626511 
327.551453 112.073128 
239.790344 224.146790 
447.742798 155.317291 
441.067566 171.924728 
389.743256 342.883698 
355.328156 62.130043 
327.035858 275.015869 
398.255493 130.376389 
264.351807 275.283356 
384.778168 434.677582 
344.400421 113.743332 
395.015106 465.268738 
411.026154 276.357574 
385.582306 167.476059 
348.906738 262.585327 
357.573883 74.125702 
363.820465 96.653870 
344.400421 113.743332 
442.009338 61.383785 
398.255493 130.376389 
356.658813 168.170227 
374.023529 434.913269 
363.820465 96.653870 
239.941498 229.641663 
285.227539 284.534332 
338.463837 101.057266 
347.646790 96.911026 
459.368469 129.556351 
249.416046 271.601654 
238.161453 310.227783 
390.485870 121.690140 
410.473358 119.933098 
229.436981 272.870270 
368.602722 356.019806 
363.820465 96.653870 
241.607025 307.307373 
356.548401 62.085915 
363.820465 96.653870 
285.563660 283.918793 
420.870819 123.353630 
408.731079 112.199104 
354.400299 69.190292 
345.205933 108.248787 
356.658813 168.170227 
362.098969 60.150421 
363.820465 96.653870 
357.958588 82.413467 
363.544006 345.344116 
395.015106 465.268738 
220.154999 316.116577 
418.921692 128.233215 
232.601913 276.759186 
345.205933 108.248787 
223.525757 313.991150 
359.701416 126.744530 
418.921692 128.233215 
363.820465 96.653870 
363.820465 96.653870 
232.499924 279.458008 
464.128235 109.274719 
464.128235 109.274719 
543.324036 265.270966 
375.496002 82.379898 
364.147034 83.969521 
325.538177 125.529732 
399.847931 99.275124 
182.005615 441.100372 
347.646790 96.911026 
235.091202 387.548401 
220.154999 316.116577 
363.820465 96.653870 
392.250671 97.680893 
363.820465 96.653870 
298.797516 211.552139 
202.013687 251.783859 
459.368469 129.556351 
327.035858 275.015869 
375.846252 84.993111 
439.708649 87.665665 
439.708649 87.665665 
419.475830 153.600235 
402.986328 90.205238 
211.236191 387.341614 
266.566559 205.527435 
233.230270 379.117126 
388.005341 68.973122 
355.104706 76.586311 
399.847931 99.275124 
370.496246 107.803566 
233.230270 379.117126 
398.255493 130.376389 
190.920212 420.194397 
259.801331 238.304016 
340.829163 156.875946 
378.728851 170.304459 
329.164093 94.019310 
340.109619 158.290176 
356.548401 62.085915 
305.679535 201.876755 
340.829163 156.875946 
351.767548 104.464096 
344.400421 113.743332 
222.594055 238.039429 
516.682495 303.801910 
215.933472 248.599228 
360.688660 185.595337 
355.104706 76.586311 
360.183746 186.303284 
327.551453 112.073128 
241.607025 307.307373 
363.820465 96.653870 
414.426971 106.144821 
364.147034 83.969521 
364.147034 83.969521 
375.219238 128.413040 
335.630951 145.121948 
415.168091 190.917862 
374.374481 121.500893 
327.067078 276.795074 
363.820465 96.653870 
399.847931 99.275124 
229.436981 272.870270 
356.829346 353.217651 
386.163574 141.269043 
340.829163 156.875946 
449.174469 50.551628 
403.410461 103.696571 
431.321899 142.315002 
259.910065 215.546890 
413.939636 263.942108 
351.623474 152.391006 
359.332703 110.918846 
560.277405 187.913040 
399.847931 99.275124 
238.161453 310.227783 
238.161453 310.227783 
223.123627 308.929138 
303.791077 208.642975 
348.891144 266.446136 
345.205933 108.248787 
235.965469 298.501129 
360.688660 185.595337 
211.675049 313.268066 
259.910065 215.546890 
385.582306 167.476059 
380.046631 103.350494 
332.334839 125.150940 
328.792542 96.060371 
328.792542 96.060371 
328.792542 96.060371 
398.255493 130.376389 
224.151123 275.561493 
389.743256 342.883698 
356.376770 367.392456 
374.374481 121.500893 
394.164948 307.778778 
237.314194 309.234497 
466.003632 108.347694 
353.500916 103.067604 
363.820465 96.653870 
456.123779 180.386795 
426.901337 146.595322 
406.489319 120.063774 
448.490173 268.382324 
353.062927 395.315430 
417.965424 251.733246 
278.141174 246.617630 
372.656891 124.330414 
447.787872 64.977959 
410.473358 119.933098 
285.563660 283.918793 
414.426971 106.144821 
351.934479 148.691025 
211.675049 313.268066 
398.255493 130.376389 
360.688660 185.595337 
361.358093 134.171967 
362.092621 345.234406 
398.255493 130.376389 
234.968521 234.879288 
409.397369 109.716408 
229.436981 272.870270 
301.745026 216.663605 
173.723495 193.418350 
325.065216 107.711113 
220.550446 294.693787 
363.876984 240.332260 
469.207886 117.795395 
327.551453 112.073128 
383.831879 318.597687 
257.159485 322.360809 
359.060638 383.616608 
385.582306 167.476059 
460.579956 33.052811 
460.579956 33.052811 
327.633118 81.645775 
231.223953 273.725891 
410.473358 119.933098 
385.827911 294.753418 
341.574036 220.952225 
323.656097 133.362122 
327.551453 112.073128 
397.892426 87.818954 
211.236191 387.341614 
253.073837 219.967133 
372.824860 73.893791 
355.468414 129.816010 
417.965424 251.733246 
302.652161 321.963959 
231.705170 317.420044 
460.579956 33.052811 
362.992889 142.740463 
266.566559 205.527435 
375.846252 84.993111 
324.970245 228.348099 
262.185028 212.744019 
259.910065 215.546890 
398.255493 130.376389 
463.808685 43.932293 
218.540695 317.436493 
230.250824 310.593384 
356.829346 353.217651 
341.318176 243.305954 
386.163574 141.269043 
398.255493 130.376389 
374.374481 121.500893 
375.846252 84.993111 
235.381836 286.107361 
235.381836 286.107361 
452.378204 260.595215 
264.351807 275.283356 
372.824860 73.893791 
327.791534 99.873947 
462.661865 123.962753 
409.397369 109.716408 
359.332703 110.918846 
285.563660 283.918793 
