500
347.612701 111.188560 
355.280487 98.958900 
480.722534 281.035126 
297.073730 229.945007 
326.234558 395.532013 
370.767395 123.085968 
381.704437 91.381241 
392.488556 79.631401 
463.400116 324.186462 
240.820801 213.463028 
387.512329 89.803131 
292.712891 278.840576 
349.065002 106.919769 
463.400116 324.186462 
377.001221 85.711006 
362.165680 114.719109 
397.873718 97.224083 
377.001221 85.711006 
384.732941 91.525848 
382.665649 89.121712 
265.588104 248.416000 
463.400116 324.186462 
398.500702 302.873291 
501.042877 63.869232 
362.220856 101.039307 
378.456451 84.896698 
387.512329 89.803131 
473.162598 88.713104 
378.599121 85.441559 
384.732941 91.525848 
393.311584 315.372314 
137.553101 431.345459 
384.732941 91.525848 
383.590637 81.573624 
377.001221 85.711006 
394.017548 309.551422 
349.349823 115.407784 
482.182617 160.563934 
137.553101 431.345459 
441.264587 166.700104 
383.280945 89.764435 
322.421631 202.670258 
292.712891 278.840576 
362.165680 114.719109 
365.485779 121.305664 
218.497360 263.969940 
349.349823 115.407784 
418.975128 339.335358 
383.590637 81.573624 
371.133514 102.823212 
382.665649 89.121712 
371.133514 102.823212 
293.242310 230.073380 
350.213196 139.862244 
354.054199 105.449791 
392.941345 118.039787 
371.133514 102.823212 
261.353241 228.123016 
377.001221 85.711006 
360.854126 131.975723 
351.823792 103.632477 
384.732941 91.525848 
407.116852 123.908356 
479.708374 139.148270 
361.240875 104.169685 
243.617767 261.394897 
378.456451 84.896698 
422.442657 208.208328 
297.073730 229.945007 
480.982605 135.307083 
377.001221 85.711006 
394.784058 75.068108 
479.786255 142.697189 
354.054199 105.449791 
371.133514 102.823212 
441.264587 166.700104 
223.627869 260.489624 
415.044830 279.859619 
371.133514 102.823212 
352.397278 111.344833 
312.776550 206.138321 
401.111053 88.170952 
354.054199 105.449791 
365.485779 121.305664 
365.485779 121.305664 
475.872375 88.262703 
460.267273 178.902740 
375.065338 111.900246 
371.133514 102.823212 
394.971588 121.183685 
384.732941 91.525848 
356.189148 473.277313 
356.189148 473.277313 
352.397278 111.344833 
243.617767 261.394897 
273.286102 234.535751 
354.054199 105.449791 
370.767395 123.085968 
369.296600 114.152794 
300.644714 402.157623 
349.065002 106.919769 
362.994965 249.639450 
394.971588 121.183685 
301.866821 401.357391 
274.701630 196.660706 
401.111053 88.170952 
394.017548 309.551422 
381.554596 119.793068 
274.701630 196.660706 
365.895233 84.539879 
365.895233 84.539879 
223.627869 260.489624 
132.929733 436.471710 
312.776550 206.138321 
347.612701 111.188560 
269.594696 249.945511 
407.116852 123.908356 
390.409210 181.141556 
375.065338 111.900246 
376.244080 84.365311 
278.072144 277.867950 
242.280853 263.699310 
384.732941 91.525848 
375.065338 111.900246 
479.759003 152.879654 
371.133514 102.823212 
436.705414 197.109711 
436.705414 197.109711 
394.971588 121.183685 
394.971588 121.183685 
370.052582 161.792877 
368.587494 329.740967 
381.554596 119.793068 
397.873718 97.224083 
387.708496 107.057091 
355.276062 474.604706 
352.397278 111.344833 
378.456451 84.896698 
369.601013 353.007446 
433.350403 173.729050 
278.072144 277.867950 
370.052582 161.792877 
397.873718 97.224083 
263.762604 235.116989 
392.488556 79.631401 
410.040009 324.859100 
348.601654 476.144501 
292.712891 278.840576 
394.017548 309.551422 
400.591858 86.466316 
378.456451 84.896698 
357.605042 115.433212 
392.941345 118.039787 
278.072144 277.867950 
214.728256 231.842499 
271.928070 234.910965 
367.075928 351.036499 
390.409210 181.141556 
390.409210 181.141556 
395.254578 95.529640 
429.482819 106.191864 
421.834869 260.860779 
370.920929 350.184448 
210.225098 228.607819 
479.786255 142.697189 
378.456451 84.896698 
339.849365 381.707947 
363.213470 328.695923 
395.254578 95.529640 
394.784058 75.068108 
394.971588 121.183685 
354.054199 105.449791 
418.975128 339.335358 
418.975128 339.335358 
478.011566 159.193787 
349.349823 115.407784 
354.054199 105.449791 
384.732941 91.525848 
388.003052 92.550896 
395.752533 98.226486 
395.405823 84.026268 
387.168488 188.029373 
378.456451 84.896698 
375.065338 111.900246 
334.139587 371.388428 
375.065338 111.900246 
372.627014 137.903412 
401.302673 152.605667 
369.830200 193.652756 
214.728256 231.842499 
425.684113 71.325310 
245.022995 259.121796 
259.581390 265.012970 
383.590637 81.573624 
480.982605 135.307083 
210.225098 228.607819 
439.361542 150.507782 
223.627869 260.489624 
375.065338 111.900246 
431.375916 151.214401 
431.375916 151.214401 
357.949341 153.362030 
436.901398 146.915222 
482.182617 160.563934 
429.482819 106.191864 
309.304138 206.063644 
261.353241 228.123016 
348.623840 148.310379 
392.941345 118.039787 
211.968948 277.931519 
211.968948 277.931519 
265.434540 202.427750 
366.254944 159.184692 
320.130402 276.478607 
351.534393 150.007660 
370.624268 102.401573 
560.156250 237.047913 
258.556274 292.418457 
596.746704 226.327072 
385.993195 94.494377 
439.361542 150.507782 
231.002472 293.224701 
407.866425 175.814148 
412.504028 138.611313 
349.349823 115.407784 
339.849365 381.707947 
375.065338 111.900246 
278.072144 277.867950 
476.442230 155.373901 
384.732941 91.525848 
436.705414 197.109711 
400.349609 65.355164 
480.268463 159.472916 
392.941345 118.039787 
460.267273 178.902740 
427.911438 126.663887 
441.264587 166.700104 
401.239746 118.912598 
270.971802 206.749069 
334.139587 371.388428 
491.889099 265.744629 
480.729828 280.987305 
480.729828 280.987305 
258.556274 292.418457 
257.523773 323.506897 
386.292053 117.947701 
376.903442 111.591919 
377.001221 85.711006 
375.065338 111.900246 
259.581390 265.012970 
365.485779 121.305664 
436.901398 146.915222 
370.624268 102.401573 
395.254578 95.529640 
336.318481 266.234314 
471.037537 85.296585 
224.293808 271.084747 
224.293808 271.084747 
302.501312 209.143356 
378.878906 135.502380 
464.830017 110.821846 
394.784058 75.068108 
392.615265 67.413574 
395.254578 95.529640 
370.762787 328.611816 
231.126984 292.646759 
464.830017 110.821846 
412.504028 138.611313 
366.254944 159.184692 
347.651611 362.675079 
223.231842 269.394714 
248.084152 306.910736 
387.512329 89.803131 
265.759399 214.764420 
476.442230 155.373901 
323.711029 194.580582 
304.328552 208.086945 
220.697281 226.503281 
226.120865 284.242889 
355.144470 338.614594 
343.698273 270.867737 
429.482819 106.191864 
488.588104 145.312225 
488.588104 145.312225 
216.683228 271.805298 
428.921875 140.271652 
212.995529 220.133789 
407.116852 123.908356 
439.361542 150.507782 
347.235474 121.830917 
390.022430 93.840103 
268.314056 251.232498 
227.442413 260.937958 
491.889099 265.744629 
351.534393 150.007660 
396.050018 86.951233 
212.995529 220.133789 
383.280945 89.764435 
392.941345 118.039787 
200.458160 293.334442 
359.759369 95.290642 
389.167603 152.370239 
334.139587 371.388428 
480.388214 156.665131 
378.878906 135.502380 
480.388214 156.665131 
479.708374 139.148270 
371.133514 102.823212 
401.816223 96.946182 
389.167603 152.370239 
237.587708 220.464996 
202.623550 230.196259 
388.126617 70.652092 
354.069214 98.374802 
350.213196 139.862244 
422.385529 104.652405 
223.231842 269.394714 
411.145782 177.375748 
387.512329 89.803131 
392.941345 118.039787 
373.414520 138.046371 
389.804169 130.191345 
423.636200 115.936325 
434.012238 161.590652 
384.078735 111.062691 
392.941345 118.039787 
446.697876 163.033340 
617.179565 223.534409 
401.816223 96.946182 
464.830017 110.821846 
464.830017 110.821846 
436.901398 146.915222 
381.948151 155.881546 
464.830017 110.821846 
387.168488 188.029373 
476.442230 155.373901 
345.054718 128.684280 
369.830200 193.652756 
187.367233 366.385406 
210.534973 362.243958 
480.982605 135.307083 
290.508789 405.626923 
265.588104 248.416000 
210.534973 362.243958 
392.941345 118.039787 
320.717041 201.174942 
464.830017 110.821846 
354.783875 161.826065 
320.579468 277.495331 
354.054199 105.449791 
153.092484 349.425171 
387.640015 82.463188 
392.941345 118.039787 
231.126984 292.646759 
263.762604 235.116989 
224.380630 221.150131 
370.624268 102.401573 
435.974426 125.163513 
384.732941 91.525848 
370.052582 161.792877 
200.458160 293.334442 
436.901398 146.915222 
400.404663 180.071869 
311.311829 199.086899 
328.172241 196.043045 
343.698273 270.867737 
203.849579 363.443970 
369.174988 194.291397 
336.318481 266.234314 
423.636200 115.936325 
213.718323 292.874054 
320.130402 276.478607 
436.901398 146.915222 
351.823792 103.632477 
351.823792 103.632477 
351.823792 103.632477 
328.172241 196.043045 
366.254944 159.184692 
312.444000 200.030090 
354.783875 161.826065 
383.280945 89.764435 
224.746506 256.726257 
422.385529 104.652405 
370.624268 102.401573 
348.558868 115.898544 
369.830200 193.652756 
480.386139 74.694206 
351.534393 150.007660 
124.541664 430.929688 
436.901398 146.915222 
381.554596 119.793068 
423.636200 115.936325 
372.366913 110.187378 
208.954437 293.419312 
375.065338 111.900246 
502.298096 336.679779 
425.756500 136.758881 
365.485779 121.305664 
378.200928 298.581665 
248.064316 217.462448 
441.264587 166.700104 
428.921875 140.271652 
224.151764 265.896820 
408.067719 137.947113 
350.213196 139.862244 
350.213196 139.862244 
428.921875 140.271652 
429.482819 106.191864 
238.340454 214.017883 
349.349823 115.407784 
344.017029 154.781006 
206.222733 298.691589 
416.094543 145.285904 
437.113220 161.039536 
375.759552 83.187592 
515.025085 52.127834 
350.213196 139.862244 
376.903442 111.591919 
344.652771 352.785706 
273.657593 198.981918 
212.570145 295.941071 
412.731049 118.895622 
218.156586 259.832367 
436.873322 120.248955 
464.830017 110.821846 
381.144958 319.695068 
392.941345 118.039787 
488.588104 145.312225 
225.197876 294.520844 
410.473175 195.802917 
423.636200 115.936325 
402.093079 156.053009 
277.893341 239.180725 
383.590637 81.573624 
383.280945 89.764435 
183.971725 169.086563 
209.812531 297.009979 
400.591858 86.466316 
436.901398 146.915222 
349.065002 106.919769 
223.627869 260.489624 
435.059174 114.212608 
348.092468 155.775635 
378.456451 84.896698 
336.434265 358.177307 
303.278412 203.852066 
403.497833 291.453674 
369.830200 193.652756 
422.800873 140.462662 
216.710114 232.056000 
355.276062 474.604706 
359.759369 95.290642 
259.581390 265.012970 
265.434540 202.427750 
415.035919 317.220490 
392.822815 145.093063 
351.744781 155.078552 
370.624268 102.401573 
226.806824 257.907562 
249.343719 315.496490 
400.404663 180.071869 
306.899780 203.183029 
187.367233 366.385406 
463.400116 324.186462 
401.239746 118.912598 
366.206818 383.072174 
398.996002 156.495560 
226.146042 294.087006 
203.647324 229.629333 
228.780121 270.812714 
479.669037 76.030945 
203.849579 363.443970 
268.119934 277.366974 
321.292755 400.056732 
203.849579 363.443970 
410.473175 195.802917 
277.399292 200.920746 
328.172241 196.043045 
218.597458 384.513672 
412.504028 138.611313 
402.093079 156.053009 
257.531189 208.665894 
355.095795 85.443779 
401.816223 96.946182 
439.010101 196.339966 
328.172241 196.043045 
342.301910 130.659042 
406.157318 157.977585 
408.067719 137.947113 
430.218536 130.379822 
400.349609 65.355164 
402.093079 156.053009 
228.780121 270.812714 
228.780121 270.812714 
245.829453 287.312653 
216.322586 220.766769 
501.042877 63.869232 
212.338287 212.726944 
428.921875 140.271652 
428.921875 140.271652 
