500
287.064056 90.533890 
287.086761 90.585007 
473.853546 176.087723 
436.563263 178.632843 
484.797760 193.085327 
485.265594 194.785385 
328.449921 168.414185 
392.253265 390.279602 
469.046783 193.166885 
488.975403 194.954147 
437.175903 191.928864 
488.659576 197.813354 
472.971191 192.587036 
447.103516 193.067688 
483.461273 190.355270 
483.046143 210.592773 
452.510681 184.218277 
462.495209 187.076187 
476.886200 185.914627 
487.472534 199.996902 
422.377289 195.807526 
476.079529 184.352997 
286.648590 109.533501 
438.998138 200.919327 
262.176422 209.362427 
475.469971 194.861237 
440.915924 189.734283 
424.241974 192.043777 
473.226471 191.528610 
492.143829 193.491501 
480.698212 198.632751 
311.098297 278.970520 
349.419922 337.304108 
499.885529 184.956970 
258.718750 195.151413 
287.646698 109.720177 
256.686829 195.607056 
247.075500 177.787308 
197.745178 99.763084 
197.236649 99.932396 
441.131744 198.994675 
472.969604 189.549072 
311.194824 213.866119 
496.137543 184.266739 
247.564331 178.685577 
454.966095 201.647659 
413.988464 190.716995 
415.893463 206.184464 
445.156433 195.985825 
423.488770 190.728790 
456.580750 212.277695 
476.164917 183.115250 
234.488846 103.716522 
487.801453 307.548828 
444.152191 217.529251 
437.614716 186.050339 
499.867218 298.485077 
440.862640 201.382996 
450.317719 186.563080 
447.424133 196.111877 
415.159454 199.998611 
444.037384 192.521576 
451.627289 182.800873 
479.391998 207.700485 
340.748169 206.664093 
455.405304 200.519882 
459.326447 192.087021 
478.496979 207.500641 
374.269623 252.218948 
439.715118 206.709900 
482.839203 191.689438 
360.613831 215.802948 
444.737213 196.528961 
476.443207 210.209229 
251.949646 196.152786 
462.832916 174.176483 
506.246124 213.313507 
477.616577 200.449936 
452.242096 180.824448 
442.756683 209.873672 
237.476105 189.229248 
237.628998 189.552307 
482.200562 208.129578 
429.767059 202.466522 
263.407043 351.104950 
440.333740 200.796509 
454.004517 197.295837 
457.462158 212.850571 
163.096436 95.963226 
436.197662 185.156250 
248.890060 105.679253 
416.836914 261.113037 
416.237305 261.594849 
452.859650 178.872452 
440.574432 311.511627 
505.231506 298.982269 
433.092773 216.191467 
443.379181 221.279144 
264.771454 210.830200 
322.834015 336.758362 
475.378906 211.698151 
315.344543 216.925217 
347.521667 214.713257 
507.211823 297.588684 
506.526459 299.599945 
469.019379 211.364059 
257.983459 224.956467 
498.182983 310.788849 
499.224030 213.309479 
469.155701 214.632385 
428.048187 186.232880 
248.618805 179.863693 
415.594452 209.087570 
476.095398 181.783798 
314.019531 217.237885 
299.278595 110.299019 
291.383606 162.534088 
435.014587 183.570938 
294.897858 201.270309 
443.335907 220.590134 
412.948944 222.443085 
419.756073 298.180908 
309.479492 341.615753 
530.106506 135.762344 
287.881500 161.794983 
205.847992 344.573761 
445.319153 214.910843 
417.569427 195.231064 
491.947266 231.499207 
321.234406 336.869720 
310.490570 269.410095 
460.489410 206.868530 
466.228546 274.259338 
328.258392 165.703430 
422.419647 213.563156 
416.611938 192.561844 
504.181641 296.532776 
446.061829 239.059998 
527.138489 233.871750 
448.063782 223.600327 
482.965668 204.144958 
416.711823 193.745270 
448.416779 310.961243 
498.542267 299.490753 
444.916168 284.736786 
484.442871 312.539062 
487.964142 233.269318 
428.378082 302.627380 
428.527954 302.306549 
265.508423 352.481445 
85.591255 314.312164 
483.727081 309.583801 
416.611420 212.894913 
238.560867 182.934814 
409.823242 257.302277 
478.835693 334.513428 
466.145966 207.142761 
499.006378 212.602310 
309.483643 345.343719 
250.281219 175.976105 
509.031677 208.939148 
448.348572 216.112732 
495.669281 216.525818 
415.355957 212.548492 
472.706482 219.916321 
265.331665 230.575470 
460.693756 221.403214 
460.952057 221.133881 
409.789520 256.887695 
307.286835 341.231964 
294.632996 205.969742 
246.188156 181.979462 
514.719055 217.582260 
426.187927 267.344818 
471.390228 217.741226 
311.756226 322.241821 
256.873901 197.485184 
459.509827 220.808990 
229.387512 340.233215 
452.379303 210.324860 
432.838196 223.042953 
405.927979 207.468094 
438.222473 312.612915 
244.809769 266.665924 
455.625458 219.855743 
438.124786 218.982147 
268.208344 107.741394 
244.444305 224.728958 
412.924469 229.103012 
469.757233 260.276428 
411.226440 298.855438 
408.675995 257.622620 
439.229095 312.864929 
267.910004 144.536240 
427.357513 267.696564 
401.723145 209.547394 
405.923157 214.109802 
292.807129 200.391083 
342.228333 213.336273 
438.820221 223.463730 
326.548431 341.158569 
444.661041 176.707947 
525.083252 236.773621 
410.081940 198.691895 
469.286804 270.763550 
523.171631 279.425781 
162.009460 359.982849 
480.371521 260.497803 
422.766235 270.293579 
514.521362 215.660385 
244.346237 339.794830 
388.035309 260.475006 
460.109894 223.441711 
395.746338 217.423294 
422.429169 188.994843 
255.229416 208.354950 
310.561890 342.239441 
460.244781 269.729584 
460.160126 269.354584 
534.733276 260.395813 
406.017578 226.780914 
480.066711 231.884491 
342.628479 214.159790 
428.612762 300.985748 
402.699066 208.518265 
467.175232 239.234482 
279.952209 208.148148 
464.767517 224.417969 
487.452209 253.028503 
253.056992 329.753937 
238.871078 327.525055 
319.754364 95.937675 
319.661346 95.796295 
486.983704 253.691315 
407.924438 201.230774 
275.502258 337.885132 
419.711548 201.916061 
394.972443 222.497009 
433.529907 183.404251 
234.962738 186.864227 
234.052368 186.844788 
426.391754 218.945129 
453.532776 219.568619 
424.399963 298.752716 
216.487518 101.692818 
416.721466 199.691833 
245.896713 231.918381 
497.127869 183.458618 
497.624939 183.065628 
497.624939 183.065628 
433.909882 243.415894 
424.011810 269.842285 
521.098816 436.673004 
472.051117 269.949310 
254.908752 176.865677 
215.882553 188.698410 
420.224854 228.400513 
149.909515 241.834595 
426.050293 298.880707 
407.555786 229.525131 
424.614136 234.329758 
322.303009 341.533569 
266.319733 143.737717 
471.862610 210.279297 
248.764053 236.464432 
245.524445 227.177521 
248.242371 331.843353 
256.950317 148.536880 
402.649292 259.199219 
288.355774 194.537415 
477.390442 227.550339 
222.885727 206.522629 
400.218170 237.097610 
419.486359 305.191406 
471.837097 238.041641 
266.322754 229.384552 
309.960236 270.835297 
304.012665 110.733940 
436.631714 234.182556 
447.259308 224.446945 
486.379242 306.525238 
247.427948 235.573318 
223.787094 229.705475 
505.023224 240.162720 
262.757385 348.520966 
241.950378 190.879517 
217.597763 201.334381 
475.863342 253.342041 
522.760193 233.210480 
53.364643 318.776611 
243.324478 268.911346 
454.216064 202.652359 
228.370865 181.848770 
402.499420 291.485138 
402.332275 291.567352 
418.791931 303.623016 
224.616959 346.472870 
278.889557 208.209000 
205.011581 181.080399 
360.331085 204.406891 
449.728516 207.182205 
315.625214 276.738953 
401.303070 220.344070 
400.891785 205.119644 
145.664688 241.999344 
484.597961 314.025482 
400.301025 236.820160 
491.950867 268.080566 
340.156311 279.749146 
394.284607 229.703232 
265.538574 236.212158 
388.617706 242.273865 
340.176147 280.404053 
433.457458 240.750488 
237.224060 182.103546 
486.680603 261.664093 
455.690308 243.086426 
463.117126 220.887161 
403.544800 229.720947 
443.766174 179.342789 
460.400543 224.241867 
453.839996 277.710266 
418.860779 304.812012 
502.595276 214.078186 
472.496033 238.946793 
471.397339 316.405701 
360.434418 201.950577 
267.652130 136.707382 
327.712433 262.063629 
43.104763 347.265991 
336.078064 263.015656 
65.506805 330.715607 
396.727997 246.010208 
512.354248 245.743256 
203.508667 191.379761 
412.498444 297.045227 
477.420166 250.447815 
511.643127 241.435455 
315.020966 176.432098 
478.555328 176.818970 
418.688660 232.780334 
485.245789 248.577927 
419.101959 300.872528 
359.480835 213.171799 
273.790741 155.310440 
236.434601 178.818359 
244.765274 226.597412 
144.550644 240.222076 
408.516357 227.614761 
145.217224 246.788361 
475.441101 245.267715 
485.081207 308.809601 
450.497864 227.566467 
487.824249 229.451370 
409.130341 226.773300 
238.150620 326.893646 
339.481628 217.398972 
487.734802 230.163132 
496.405548 234.997147 
215.607285 191.404312 
252.255768 144.357269 
405.495544 200.001221 
202.568741 183.517029 
501.057495 237.635727 
405.744080 231.668915 
505.428192 239.228439 
402.172668 214.032516 
298.077087 336.358917 
402.895203 236.330093 
254.694489 207.872330 
473.180206 233.610489 
465.665558 270.771729 
453.614594 285.089844 
500.560760 309.590607 
491.574768 247.817764 
580.952148 268.621552 
213.125015 189.625305 
465.853638 271.246643 
495.019745 238.501221 
429.653961 221.737976 
438.664948 254.334351 
346.210571 209.843353 
332.347473 206.930939 
512.616333 268.227478 
512.920471 268.299927 
455.071899 242.241531 
436.332794 226.580765 
385.376678 251.718582 
192.466125 224.998123 
274.147919 267.414581 
183.070358 329.747833 
508.143158 300.768555 
483.702820 229.438843 
349.027679 250.185608 
502.442902 276.652527 
511.889191 239.668869 
498.888885 270.644104 
232.588531 349.782196 
215.821045 208.454163 
434.975006 260.079742 
146.209671 242.334015 
249.909653 173.271591 
461.142151 288.183105 
418.733673 228.432098 
293.835876 265.149780 
293.072998 265.480408 
176.211807 224.552322 
218.060318 203.691299 
450.449097 228.160751 
221.067032 207.892120 
203.799118 346.088409 
403.990906 201.044083 
143.783813 93.795677 
124.314796 151.877319 
204.949081 192.177109 
484.324890 255.572250 
511.354248 245.172775 
210.673325 196.873795 
90.325943 309.339233 
150.424469 245.650299 
471.290375 273.976135 
229.880875 334.217041 
253.284683 144.549728 
509.712402 256.410950 
506.726135 189.606094 
337.346588 264.702881 
475.633148 254.822800 
430.991577 222.423874 
507.156189 241.176178 
459.515350 255.202072 
258.415588 138.795425 
413.144165 285.468048 
222.881027 182.005325 
207.356964 193.788300 
438.886658 253.850357 
514.523560 245.769791 
511.662964 242.092026 
465.590759 224.269592 
469.780518 233.442810 
391.873352 273.743988 
261.754883 137.618652 
249.066437 184.639572 
227.082504 189.261261 
436.342041 250.411713 
175.773163 331.512665 
289.654449 165.507187 
521.948303 289.023529 
428.754822 181.767380 
440.381012 334.603577 
282.158936 164.509048 
477.733826 228.211914 
340.402924 278.328735 
304.278687 172.631882 
472.622803 248.342728 
415.834503 280.617767 
119.344109 367.901917 
440.225250 235.719254 
417.463348 229.224258 
454.447449 243.365128 
260.980621 154.895264 
282.265472 334.434967 
322.777039 177.062225 
359.360962 207.432922 
192.113556 231.016312 
174.709518 325.050964 
421.994202 232.669220 
469.825623 224.688889 
494.158020 238.724655 
254.931595 151.082367 
288.943878 151.986130 
441.384216 247.557892 
480.591888 244.550018 
541.445129 255.873413 
385.506989 388.852295 
253.690491 342.409698 
276.389801 329.970612 
429.029053 222.890533 
390.149139 267.183411 
107.054947 218.905670 
287.366882 198.124771 
258.733765 155.791290 
257.836914 149.130630 
243.837662 262.257141 
146.051941 256.534210 
436.453400 252.579132 
281.928375 223.974426 
535.774902 263.669952 
146.427399 253.477539 
419.208984 232.677444 
388.214417 248.434021 
374.126892 331.895782 
339.992523 238.847870 
336.647644 210.054214 
269.776886 153.949295 
479.827209 253.257080 
387.227631 248.498947 
320.210510 336.834473 
248.387451 184.722076 
256.683990 263.601013 
139.104294 239.659805 
