500
326.771271 393.461578 
326.771271 393.461578 
131.192337 260.634064 
196.997253 28.352509 
165.323380 243.413010 
159.250885 262.257050 
159.250885 262.257050 
192.670059 248.972672 
561.287537 191.530151 
159.250885 262.257050 
145.470840 247.406403 
159.250885 262.257050 
295.167419 382.710510 
165.323380 243.413010 
160.121613 261.633881 
61.769806 165.619736 
183.920120 276.976410 
196.997253 28.352509 
159.314423 258.702301 
156.714508 243.738968 
156.699417 266.460419 
367.580841 244.348984 
156.699417 266.460419 
159.314423 258.702301 
159.250885 262.257050 
71.850098 168.497025 
181.355286 259.621185 
159.250885 262.257050 
186.169022 280.509186 
156.699417 266.460419 
355.576782 105.284660 
159.314423 258.702301 
160.121613 261.633881 
168.120728 137.280029 
568.492371 299.562164 
181.355286 259.621185 
181.355286 259.621185 
194.047867 258.516846 
295.167419 382.710510 
160.121613 261.633881 
170.463242 141.716370 
157.500320 267.847778 
156.699417 266.460419 
183.920120 276.976410 
181.355286 259.621185 
181.355286 259.621185 
180.959061 280.080902 
379.645508 295.538727 
333.721710 144.614410 
220.807724 230.483246 
179.249924 277.488678 
181.355286 259.621185 
181.355286 259.621185 
369.892975 279.377380 
373.879364 295.661926 
176.597290 249.274963 
170.857361 269.929962 
170.857361 269.929962 
156.699417 266.460419 
557.739075 207.408768 
398.190430 280.747955 
295.868103 269.427460 
156.699417 266.460419 
181.355286 259.621185 
333.721710 144.614410 
351.553467 331.843445 
190.756256 266.100494 
211.979462 257.328827 
156.699417 266.460419 
181.355286 259.621185 
391.233521 315.534058 
326.941162 267.065338 
151.199371 264.852173 
557.739075 207.408768 
295.167419 382.710510 
197.191071 252.561127 
394.998199 307.231659 
394.998199 307.231659 
152.963181 241.486069 
346.639709 140.392059 
156.714508 243.738968 
110.032539 182.581802 
183.920120 276.976410 
321.292236 264.289001 
193.806412 274.279602 
157.709076 149.778122 
159.314423 258.702301 
171.186417 143.669495 
183.920120 276.976410 
197.167603 149.099503 
161.925629 264.078400 
194.047867 258.516846 
562.482544 297.998779 
306.413940 198.333252 
135.424286 178.994186 
218.697861 263.575043 
176.597290 249.274963 
348.331543 138.873383 
386.064301 313.275635 
193.806412 274.279602 
156.699417 266.460419 
176.597290 249.274963 
176.597290 249.274963 
183.920120 276.976410 
158.254669 252.692566 
146.169342 147.073792 
135.424286 178.994186 
135.424286 178.994186 
158.254669 252.692566 
146.169342 147.073792 
195.872772 220.080215 
398.190430 280.747955 
158.254669 252.692566 
179.249924 277.488678 
307.087677 197.843826 
176.597290 249.274963 
183.920120 276.976410 
187.852753 261.613678 
391.980774 139.841003 
136.899658 262.069885 
343.227600 289.976959 
339.160278 296.990143 
138.554504 236.388596 
596.858704 218.646164 
213.672760 246.275177 
178.338470 272.698029 
224.500397 159.975906 
224.500397 159.975906 
330.242096 320.638306 
268.116760 21.150095 
176.597290 249.274963 
148.311920 250.615860 
196.014862 274.877045 
379.645508 295.538727 
157.500320 267.847778 
176.597290 249.274963 
176.597290 249.274963 
181.355286 259.621185 
147.692108 149.281418 
192.887039 260.428833 
394.711365 268.350342 
80.617065 179.818741 
135.424286 178.994186 
196.202454 226.334824 
378.729950 266.340424 
63.904510 175.357910 
278.666718 256.223053 
227.127151 260.605438 
398.704254 311.934540 
190.666031 279.588165 
157.709076 149.778122 
170.463242 141.716370 
204.029846 174.605438 
364.937714 340.618469 
151.199371 264.852173 
171.131165 248.386749 
141.464813 212.097977 
399.964203 305.230133 
151.199371 264.852173 
336.631683 203.213852 
147.692108 149.281418 
338.661591 283.069031 
393.591431 140.490341 
181.355286 259.621185 
223.929733 192.657288 
180.475693 255.079239 
341.588348 160.091766 
374.911133 156.073502 
275.197937 80.062706 
275.197937 80.062706 
386.064301 313.275635 
356.745392 342.625916 
149.434708 247.104675 
180.475693 255.079239 
373.879364 295.661926 
583.863037 196.606049 
121.283203 232.865784 
209.428314 272.492920 
381.761688 309.945190 
176.597290 249.274963 
170.867081 138.871765 
158.254669 252.692566 
170.867081 138.871765 
168.120728 137.280029 
168.120728 137.280029 
151.199371 264.852173 
176.597290 249.274963 
391.980774 139.841003 
176.597290 249.274963 
178.602020 181.976151 
367.580841 244.348984 
176.597290 249.274963 
204.513199 244.576843 
160.121613 261.633881 
176.597290 249.274963 
345.741211 230.782516 
179.063736 232.289536 
373.655640 257.028595 
278.666718 256.223053 
414.360107 167.323700 
209.180176 271.455017 
176.597290 249.274963 
176.597290 249.274963 
412.387451 154.516830 
607.703186 310.310852 
195.436508 171.765793 
190.357056 211.011978 
168.120728 137.280029 
223.929733 192.657288 
227.127151 260.605438 
159.314423 258.702301 
157.849274 254.437668 
176.597290 249.274963 
187.988144 187.473618 
187.988144 187.473618 
197.191071 252.561127 
158.203339 276.370819 
369.892975 279.377380 
135.424286 178.994186 
186.169022 280.509186 
135.424286 178.994186 
193.333176 270.016724 
178.338470 272.698029 
218.697861 263.575043 
190.326797 169.042114 
157.500320 267.847778 
170.463242 141.716370 
197.191071 252.561127 
160.121613 261.633881 
223.929733 192.657288 
183.920120 276.976410 
152.849930 269.789551 
254.295731 220.134216 
195.143753 181.083099 
386.064301 313.275635 
190.326797 169.042114 
150.320786 218.812729 
147.692108 149.281418 
180.227219 242.668411 
224.500397 159.975906 
175.726318 263.303741 
168.013748 142.596664 
401.132324 163.527542 
180.475693 255.079239 
176.597290 249.274963 
139.709091 257.819794 
334.899170 211.796646 
406.933746 314.966064 
315.882965 298.650909 
394.711365 268.350342 
156.699417 266.460419 
219.169205 194.357254 
175.700668 186.191895 
235.282440 183.519516 
367.580841 244.348984 
307.029877 213.497360 
200.012878 240.037857 
209.180176 271.455017 
490.387695 268.128387 
168.013748 142.596664 
533.524170 299.632294 
192.157501 230.211655 
425.916107 307.978302 
135.424286 178.994186 
240.600372 229.860397 
150.169769 219.838409 
417.107300 300.631683 
181.593842 185.223267 
46.577744 170.701019 
178.602020 181.976151 
152.412216 205.822540 
346.639709 140.392059 
178.602020 181.976151 
169.631210 199.593155 
392.646027 254.075516 
256.970215 78.287392 
179.063736 232.289536 
295.072510 232.125656 
187.852753 261.613678 
418.002197 292.958618 
369.892975 279.377380 
520.070862 96.891754 
393.888092 309.147308 
175.312378 215.529755 
208.807709 223.926849 
394.711365 268.350342 
389.825928 309.672577 
425.926788 156.589813 
392.646027 254.075516 
159.250885 262.257050 
156.708557 201.577271 
156.708557 201.577271 
345.479492 287.604614 
298.859314 268.167633 
144.461105 267.519257 
153.915359 207.761841 
111.843163 179.472092 
300.249237 269.824158 
422.817657 304.456818 
596.858704 218.646164 
101.744301 176.043457 
225.337250 153.278946 
225.337250 153.278946 
208.807709 223.926849 
197.167999 33.274796 
171.131165 248.386749 
240.600372 229.860397 
314.968872 306.028229 
193.828537 183.790756 
373.655640 257.028595 
354.061188 278.764099 
346.639709 140.392059 
176.597290 249.274963 
114.956314 238.071274 
331.712799 205.368088 
367.580841 244.348984 
198.904404 212.957977 
181.355286 259.621185 
200.012878 240.037857 
406.933746 314.966064 
255.290878 220.184982 
149.562958 259.085602 
181.355286 259.621185 
183.920120 276.976410 
487.386414 123.524223 
307.548431 300.661255 
418.780121 306.700897 
171.131165 248.386749 
181.355286 259.621185 
555.825195 296.400269 
330.242096 320.638306 
209.428314 272.492920 
567.083740 188.697693 
254.295731 220.134216 
418.780121 306.700897 
135.424286 178.994186 
490.387695 268.128387 
192.157501 230.211655 
49.630627 171.387955 
326.941162 267.065338 
175.726318 263.303741 
418.422089 157.018677 
533.524170 299.632294 
367.357849 340.585266 
332.074890 140.898804 
230.368866 250.753311 
425.916107 307.978302 
135.424286 178.994186 
418.002197 292.958618 
410.135254 290.332947 
367.580841 244.348984 
171.131165 248.386749 
381.774231 314.788544 
339.160278 296.990143 
278.666718 256.223053 
145.470840 247.406403 
132.354095 206.032120 
176.597290 249.274963 
320.861725 73.592613 
403.345581 228.438171 
175.700668 186.191895 
189.281784 228.563309 
150.477020 214.061127 
181.593842 185.223267 
164.527191 217.839355 
334.899170 211.796646 
150.320786 218.812729 
141.464813 212.097977 
424.474152 162.515579 
197.439819 276.750244 
213.417160 233.424210 
293.353882 225.556549 
314.968872 306.028229 
622.062378 176.951797 
350.312164 142.493118 
184.424805 214.984253 
75.579376 169.363480 
75.579376 169.363480 
369.301971 345.815125 
183.920120 276.976410 
156.708557 201.577271 
396.003784 266.683563 
351.829956 222.374802 
351.829956 222.374802 
232.946823 257.877014 
190.409622 204.151398 
200.584641 28.940863 
468.526917 174.965317 
392.888580 138.679657 
176.597290 249.274963 
163.377548 260.915253 
158.203339 276.370819 
217.931641 251.690094 
190.326797 169.042114 
190.409622 204.151398 
369.301971 345.815125 
140.322250 270.818115 
181.355286 259.621185 
197.439819 276.750244 
189.281784 228.563309 
223.929733 192.657288 
223.929733 192.657288 
402.717957 150.177704 
76.852303 171.112579 
123.323112 251.571899 
604.100647 309.593414 
181.436523 272.691681 
326.771271 393.461578 
152.849930 269.789551 
165.323380 243.413010 
423.384705 296.751892 
192.887039 260.428833 
373.655640 257.028595 
200.584641 28.940863 
157.849274 254.437668 
403.602905 299.273193 
422.903442 294.658813 
181.593842 185.223267 
187.852753 261.613678 
179.249924 277.488678 
161.806488 256.074799 
198.904404 212.957977 
344.527924 321.490021 
367.580841 244.348984 
298.859314 268.167633 
171.131165 248.386749 
320.861725 73.592613 
235.282440 183.519516 
152.617569 204.192307 
384.474487 309.537048 
419.456421 316.183868 
195.143753 181.083099 
443.696991 148.673965 
175.700668 186.191895 
414.098938 308.887970 
297.240326 272.734497 
364.681183 332.536774 
197.439819 276.750244 
216.408768 228.151764 
336.702179 307.622528 
415.134857 168.535492 
175.820007 195.047165 
150.320786 218.812729 
190.409622 204.151398 
405.095062 162.575836 
386.064301 313.275635 
338.661591 283.069031 
324.485046 299.628571 
324.485046 299.628571 
542.460388 149.907364 
418.002197 292.958618 
265.863190 228.289124 
212.487930 243.079254 
462.950409 173.945999 
176.597290 249.274963 
381.654419 310.451447 
377.689453 327.356232 
356.745392 342.625916 
198.904404 212.957977 
422.252716 305.213623 
150.320786 218.812729 
223.929733 192.657288 
55.943371 164.096344 
183.920120 276.976410 
71.850098 168.497025 
262.326508 129.969330 
337.650391 131.292755 
364.681183 332.536774 
197.511139 179.192841 
495.993164 254.771255 
235.282440 183.519516 
197.439819 276.750244 
495.401520 291.631042 
483.621216 327.030579 
93.710304 177.954987 
197.511139 179.192841 
178.602020 181.976151 
567.004150 227.898758 
195.557480 37.809170 
306.835846 212.753586 
418.002197 292.958618 
204.635422 30.392374 
550.488220 304.517181 
403.345581 228.438171 
176.597290 249.274963 
161.665024 197.123459 
509.946564 96.569069 
305.761169 302.299255 
205.864807 205.950043 
254.295731 220.134216 
349.008270 159.064972 
176.597290 249.274963 
197.439819 276.750244 
381.957520 311.792175 
304.226074 241.263489 
418.422089 157.018677 
186.169022 280.509186 
579.241333 231.123459 
397.620209 280.421967 
508.741547 203.704010 
