977
186.277405 336.137421 
206.084442 326.524750 
206.084442 326.524750 
188.501846 339.092621 
203.651382 292.649689 
195.302277 342.218933 
207.133209 339.621582 
351.392792 328.373138 
202.595062 328.476013 
548.539490 251.091370 
206.091553 327.035492 
203.697906 293.909088 
203.828873 328.811066 
205.924057 339.004852 
202.595062 328.476013 
200.329758 327.416138 
199.785736 290.997925 
202.847229 344.534515 
192.642700 343.330811 
197.403183 322.370667 
200.329758 327.416138 
196.290253 328.852539 
195.302277 342.218933 
189.390320 339.046082 
268.247681 115.411674 
207.133209 339.621582 
195.302277 342.218933 
202.595062 328.476013 
197.403183 322.370667 
201.913025 345.102051 
197.403183 322.370667 
350.105988 309.471375 
184.827560 349.414795 
218.176987 373.885834 
184.827560 349.414795 
394.082031 281.682678 
196.290253 328.852539 
189.390320 339.046082 
184.827560 349.414795 
200.329758 327.416138 
207.133209 339.621582 
226.359238 245.587708 
206.091553 327.035492 
199.163330 321.577454 
192.272888 277.350159 
201.913025 345.102051 
192.642700 343.330811 
618.975281 283.712891 
411.970703 307.706055 
182.750351 345.751038 
191.705383 349.101776 
184.827560 349.414795 
385.858978 305.226715 
246.840057 331.821564 
206.091553 327.035492 
295.180817 242.203873 
268.247681 115.411674 
268.247681 115.411674 
206.091553 327.035492 
268.247681 115.411674 
247.911789 378.067291 
206.012375 296.350922 
242.696960 298.550720 
199.163330 321.577454 
396.564545 306.948181 
206.084442 326.524750 
197.403183 322.370667 
196.290253 328.852539 
190.821808 351.664185 
194.639893 346.821930 
191.705383 349.101776 
184.827560 349.414795 
268.247681 115.411674 
196.290253 328.852539 
197.403183 322.370667 
205.924057 339.004852 
137.322723 374.220154 
613.619812 94.153465 
401.802826 313.893433 
247.911789 378.067291 
352.242767 311.416687 
192.642700 343.330811 
411.970703 307.706055 
387.217712 305.575378 
396.698456 313.949890 
206.084442 326.524750 
294.443817 246.762985 
184.660126 341.725159 
161.775131 372.839355 
196.290253 328.852539 
196.290253 328.852539 
199.785736 290.997925 
206.084442 326.524750 
196.290253 328.852539 
206.012375 296.350922 
387.217712 305.575378 
297.643036 241.544205 
247.911789 378.067291 
246.840057 331.821564 
363.336334 298.536041 
196.290253 328.852539 
200.329758 327.416138 
242.696960 298.550720 
617.358521 103.756393 
199.163330 321.577454 
277.630615 363.720337 
242.696960 298.550720 
351.392792 328.373138 
258.779388 355.618866 
199.163330 321.577454 
409.711853 342.299744 
387.217712 305.575378 
352.242767 311.416687 
352.242767 311.416687 
351.392792 328.373138 
398.632172 323.504669 
372.537628 301.945892 
186.277405 336.137421 
242.696960 298.550720 
196.290253 328.852539 
402.731781 350.903992 
192.642700 343.330811 
525.155151 382.471619 
409.711853 342.299744 
192.642700 343.330811 
401.859070 351.328278 
398.632172 323.504669 
320.535187 325.951294 
208.763428 341.837494 
208.763428 341.837494 
196.290253 328.852539 
297.547150 249.498001 
199.657257 340.491455 
398.632172 323.504669 
268.247681 115.411674 
409.711853 342.299744 
415.794373 308.099884 
268.448395 354.694366 
398.869537 353.100342 
247.911789 378.067291 
294.443817 246.762985 
202.847229 344.534515 
118.482719 374.591522 
411.970703 307.706055 
199.163330 321.577454 
376.423462 284.488953 
268.247681 115.411674 
29.874912 356.463287 
368.687836 318.322052 
184.827560 349.414795 
294.443817 246.762985 
375.157318 325.999695 
202.083618 353.133881 
320.310883 337.310272 
260.165649 353.111420 
258.233154 310.449341 
529.762695 270.180450 
376.423462 284.488953 
206.012375 296.350922 
296.350311 27.011227 
200.905182 305.868958 
352.242767 311.416687 
554.655334 385.937012 
554.655334 385.937012 
197.305466 352.805756 
202.847229 344.534515 
390.052002 345.347198 
613.619812 94.153465 
196.290253 328.852539 
398.632172 323.504669 
203.651382 292.649689 
279.714935 241.230072 
279.714935 241.230072 
396.698456 313.949890 
205.291107 337.228271 
362.355682 314.250214 
362.856323 356.311188 
297.643036 241.544205 
202.083618 353.133881 
384.358459 306.283173 
279.491058 361.808136 
279.491058 361.808136 
396.567322 307.556061 
375.157318 325.999695 
401.859070 351.328278 
358.873749 348.859406 
279.491058 361.808136 
197.172974 318.521881 
182.045547 300.576019 
248.111221 350.905182 
351.392792 328.373138 
365.098633 289.477570 
365.098633 289.477570 
365.098633 289.477570 
277.630615 363.720337 
388.447754 278.183136 
156.356094 374.987732 
182.750351 345.751038 
368.687836 318.322052 
397.566315 287.034363 
368.687836 318.322052 
387.217712 305.575378 
295.180817 242.203873 
258.233154 310.449341 
354.611694 347.954285 
262.896667 358.950806 
381.772217 314.288055 
50.350525 358.088989 
385.858978 305.226715 
404.655060 311.970184 
260.655090 306.186127 
203.554367 306.140717 
398.632172 323.504669 
268.247681 115.411674 
396.567322 307.556061 
376.423462 284.488953 
375.157318 325.999695 
199.575821 315.990417 
343.630859 287.089417 
393.056183 307.405914 
199.575821 315.990417 
279.491058 361.808136 
356.656952 347.772369 
197.172974 318.521881 
207.133209 339.621582 
249.953751 352.263977 
358.670593 308.821899 
402.731781 350.903992 
243.990570 294.845856 
202.083618 353.133881 
268.247681 115.411674 
391.072510 343.281525 
193.883911 324.203430 
201.538376 326.879089 
197.172974 318.521881 
202.460022 278.218079 
382.572449 311.243408 
198.127960 322.343811 
343.766235 344.539886 
206.012375 296.350922 
320.743805 332.226959 
197.305466 352.805756 
203.651382 292.649689 
382.572449 311.243408 
396.611298 325.039154 
258.233154 310.449341 
411.970703 307.706055 
203.554367 306.140717 
203.554367 306.140717 
267.843140 302.466370 
357.896027 314.191071 
206.084442 326.524750 
184.827560 349.414795 
242.696960 298.550720 
358.670593 308.821899 
248.111221 350.905182 
381.772217 314.288055 
137.322723 374.220154 
376.423462 284.488953 
369.727203 319.577301 
352.242767 311.416687 
358.873749 348.859406 
268.247681 115.411674 
398.632172 323.504669 
358.670593 308.821899 
396.698456 313.949890 
211.142227 286.942535 
211.142227 286.942535 
397.566315 287.034363 
260.655090 306.186127 
208.806946 365.578918 
191.705383 349.101776 
346.517731 348.654388 
381.772217 314.288055 
203.554367 306.140717 
244.338928 373.147339 
409.711853 342.299744 
398.632172 323.504669 
363.336334 298.536041 
369.727203 319.577301 
239.134430 313.464661 
402.731781 350.903992 
188.501846 339.092621 
258.779388 355.618866 
351.392792 328.373138 
239.134430 313.464661 
396.564545 306.948181 
197.305466 352.805756 
268.247681 115.411674 
398.045044 311.437439 
382.572449 311.243408 
365.098633 289.477570 
370.508423 300.102631 
268.247681 115.411674 
396.698456 313.949890 
316.373474 330.589203 
398.632172 323.504669 
462.351410 22.374331 
393.056183 307.405914 
398.045044 311.437439 
268.247681 115.411674 
396.894592 287.587799 
402.731781 350.903992 
376.423462 284.488953 
387.217712 305.575378 
373.367798 324.953888 
211.093460 365.669708 
365.098633 289.477570 
200.230164 340.138916 
299.428528 289.392944 
263.094757 264.064453 
226.359238 245.587708 
378.868286 318.810730 
365.098633 289.477570 
243.293808 372.827820 
387.217712 305.575378 
226.359238 245.587708 
202.083618 353.133881 
203.038239 312.138306 
365.098633 289.477570 
320.743805 332.226959 
372.537628 301.945892 
398.632172 323.504669 
271.991333 370.883026 
372.537628 301.945892 
401.802826 313.893433 
397.566315 287.034363 
240.571609 310.872772 
397.566315 287.034363 
258.233154 310.449341 
193.883911 324.203430 
362.448517 318.067413 
362.448517 318.067413 
391.072510 343.281525 
548.539490 251.091370 
220.569260 285.315948 
168.170959 371.634216 
206.012375 296.350922 
202.083618 353.133881 
462.351410 22.374331 
208.763428 341.837494 
302.642792 293.969543 
294.443817 246.762985 
208.806946 365.578918 
396.698456 313.949890 
390.052002 345.347198 
390.052002 345.347198 
376.423462 284.488953 
381.772217 314.288055 
239.134430 313.464661 
206.012375 296.350922 
390.052002 345.347198 
401.802826 313.893433 
258.233154 310.449341 
202.083618 353.133881 
240.571609 310.872772 
240.571609 310.872772 
201.913025 345.102051 
192.272888 277.350159 
192.272888 277.350159 
362.856323 356.311188 
191.705383 349.101776 
258.779388 355.618866 
226.359238 245.587708 
380.872284 316.115173 
390.052002 345.347198 
417.335358 328.726349 
398.632172 323.504669 
243.293808 372.827820 
370.508423 300.102631 
373.367798 324.953888 
373.367798 324.953888 
203.327209 354.045715 
397.566315 287.034363 
193.676697 356.057709 
182.045547 300.576019 
354.611694 347.954285 
268.247681 115.411674 
358.873749 348.859406 
226.359238 245.587708 
246.636749 354.570557 
191.705383 349.101776 
277.630615 363.720337 
373.367798 324.953888 
206.012375 296.350922 
385.858978 305.226715 
191.198517 286.921844 
193.883911 324.203430 
256.561371 264.332520 
415.794373 308.099884 
191.705383 349.101776 
258.233154 310.449341 
401.802826 313.893433 
254.002487 348.329773 
351.392792 328.373138 
203.642929 311.293060 
246.636749 354.570557 
206.091553 327.035492 
388.447754 278.183136 
242.696960 298.550720 
242.696960 298.550720 
398.045044 311.437439 
375.157318 325.999695 
375.157318 325.999695 
409.711853 342.299744 
358.873749 348.859406 
401.802826 313.893433 
397.566315 287.034363 
202.083618 353.133881 
203.327209 354.045715 
254.002487 348.329773 
196.290253 328.852539 
376.423462 284.488953 
211.142227 286.942535 
271.555054 281.479248 
268.862335 243.056564 
237.754990 317.434387 
404.655060 311.970184 
358.670593 308.821899 
398.045044 311.437439 
203.642929 311.293060 
260.165649 353.111420 
336.339600 308.407928 
372.537628 301.945892 
240.571609 310.872772 
206.012375 296.350922 
363.336334 298.536041 
387.217712 305.575378 
375.157318 325.999695 
390.052002 345.347198 
197.235077 307.307983 
384.358459 306.283173 
260.737488 341.752960 
391.072510 343.281525 
411.481201 339.113770 
202.083618 353.133881 
203.651382 292.649689 
382.572449 311.243408 
194.384735 357.244843 
357.896027 314.191071 
202.535858 299.067078 
202.535858 299.067078 
368.687836 318.322052 
616.337036 63.601181 
369.727203 319.577301 
393.532715 343.959778 
284.125671 250.877930 
398.632172 323.504669 
397.566315 287.034363 
393.056183 307.405914 
385.858978 305.226715 
240.571609 310.872772 
353.822601 300.685242 
240.571609 310.872772 
257.960541 247.390808 
209.741760 305.684113 
203.190659 277.542877 
211.093460 365.669708 
387.217712 305.575378 
200.645660 354.340271 
373.367798 324.953888 
411.970703 307.706055 
202.535858 299.067078 
372.537628 301.945892 
554.655334 385.937012 
364.534882 288.670746 
396.611298 325.039154 
346.517731 348.654388 
346.517731 348.654388 
260.793732 351.982880 
226.359238 245.587708 
370.508423 300.102631 
365.098633 289.477570 
381.772217 314.288055 
191.705383 349.101776 
193.676697 356.057709 
272.394531 379.565216 
290.104034 258.720367 
302.642792 293.969543 
397.566315 287.034363 
356.656952 347.772369 
212.739212 368.790161 
273.088226 379.135162 
247.146301 284.970398 
357.896027 314.191071 
279.028168 366.870697 
191.198517 286.921844 
267.843140 302.466370 
208.763428 341.837494 
271.555054 281.479248 
384.358459 306.283173 
396.894592 287.587799 
417.335358 328.726349 
393.532715 343.959778 
414.742889 330.750122 
411.970703 307.706055 
300.855255 289.131561 
409.711853 342.299744 
186.575607 309.873596 
279.491058 361.808136 
368.687836 318.322052 
250.227997 364.000336 
192.272888 277.350159 
192.272888 277.350159 
296.093719 238.952698 
357.896027 314.191071 
295.180817 242.203873 
362.448517 318.067413 
258.233154 310.449341 
261.712769 359.637665 
357.896027 314.191071 
396.894592 287.587799 
396.611298 325.039154 
396.611298 325.039154 
381.772217 314.288055 
191.198517 286.921844 
191.198517 286.921844 
352.242767 311.416687 
208.763428 341.837494 
397.566315 287.034363 
246.636749 354.570557 
364.534882 288.670746 
365.098633 289.477570 
198.752350 358.396027 
314.156097 326.989929 
254.002487 348.329773 
333.713531 330.131531 
206.012375 296.350922 
356.544617 316.232239 
298.238159 245.297470 
212.739212 368.790161 
203.038239 312.138306 
384.358459 306.283173 
197.305466 352.805756 
357.896027 314.191071 
202.535858 299.067078 
417.335358 328.726349 
203.651382 292.649689 
338.502869 313.202789 
385.858978 305.226715 
363.336334 298.536041 
363.336334 298.536041 
243.990570 294.845856 
346.559479 376.932983 
260.058502 362.705078 
396.611298 325.039154 
372.537628 301.945892 
260.165649 353.111420 
268.862335 243.056564 
47.431519 357.921387 
356.656952 347.772369 
462.351410 22.374331 
364.534882 288.670746 
356.656952 347.772369 
249.953751 352.263977 
393.056183 307.405914 
279.714935 241.230072 
279.714935 241.230072 
394.082031 281.682678 
376.423462 284.488953 
358.670593 308.821899 
294.443817 246.762985 
218.176987 373.885834 
208.806946 365.578918 
417.335358 328.726349 
352.242767 311.416687 
402.731781 350.903992 
358.670593 308.821899 
401.802826 313.893433 
365.098633 289.477570 
343.630859 287.089417 
191.705383 349.101776 
369.727203 319.577301 
260.737488 341.752960 
362.448517 318.067413 
191.198517 286.921844 
203.642929 311.293060 
375.157318 325.999695 
297.547150 249.498001 
354.611694 347.954285 
411.481201 339.113770 
375.734558 318.476501 
299.428528 289.392944 
192.272888 277.350159 
234.146378 318.471497 
413.659729 340.895142 
273.680389 247.581345 
362.856323 356.311188 
182.045547 300.576019 
237.754990 317.434387 
396.613678 354.891083 
249.414764 375.610840 
226.359238 245.587708 
305.560669 332.038910 
239.134430 313.464661 
414.917633 337.478668 
267.400146 344.946930 
200.645660 354.340271 
370.508423 300.102631 
391.072510 343.281525 
206.012375 296.350922 
376.423462 284.488953 
398.632172 323.504669 
186.701553 319.068359 
356.656952 347.772369 
364.534882 288.670746 
226.359238 245.587708 
402.731781 350.903992 
360.416718 351.762482 
272.714417 246.860931 
260.058502 362.705078 
265.778320 372.750122 
362.856323 356.311188 
174.094879 363.065369 
365.098633 289.477570 
190.821808 351.664185 
398.632172 323.504669 
311.201477 338.966034 
200.154312 306.752869 
267.400146 344.946930 
266.895966 378.289459 
266.895966 378.289459 
352.242767 311.416687 
376.423462 284.488953 
279.491058 361.808136 
271.555054 281.479248 
271.555054 281.479248 
414.742889 330.750122 
237.766022 290.085022 
303.121002 27.294985 
203.651382 292.649689 
362.856323 356.311188 
362.856323 356.311188 
356.656952 347.772369 
208.806946 365.578918 
39.323666 351.580017 
294.443817 246.762985 
549.059570 353.872375 
361.604065 360.336975 
270.111511 314.967133 
203.327209 354.045715 
588.874268 100.623711 
396.564545 306.948181 
313.527802 295.485596 
213.117279 367.826660 
267.597717 301.925842 
385.858978 305.226715 
618.901489 67.403183 
213.117279 367.826660 
263.094757 264.064453 
417.335358 328.726349 
396.894592 287.587799 
211.142227 286.942535 
170.133301 367.225098 
529.762695 270.180450 
302.642792 293.969543 
396.894592 287.587799 
260.737488 341.752960 
314.156097 326.989929 
346.517731 348.654388 
346.517731 348.654388 
294.443817 246.762985 
270.111511 314.967133 
354.611694 347.954285 
54.690838 366.047852 
313.527802 295.485596 
397.846680 341.486053 
267.843140 302.466370 
310.809479 295.121124 
267.400146 344.946930 
237.754990 317.434387 
311.201477 338.966034 
29.874912 356.463287 
358.873749 348.859406 
202.083618 353.133881 
203.554367 306.140717 
203.554367 306.140717 
258.233154 310.449341 
185.375732 349.534088 
240.571609 310.872772 
274.510681 310.779388 
274.510681 310.779388 
200.645660 354.340271 
200.433594 295.366302 
200.433594 295.366302 
401.802826 313.893433 
618.975281 283.712891 
257.838989 378.075867 
413.659729 340.895142 
226.359238 245.587708 
262.896667 358.950806 
213.117279 367.826660 
271.555054 281.479248 
271.555054 281.479248 
187.782700 292.768982 
606.749390 399.576324 
370.508423 300.102631 
200.230164 340.138916 
182.045547 300.576019 
268.448395 354.694366 
289.838440 251.132919 
246.636749 354.570557 
226.359238 245.587708 
303.121002 27.294985 
196.837891 356.683624 
196.837891 356.683624 
322.092316 292.206024 
462.351410 22.374331 
376.423462 284.488953 
273.088226 379.135162 
273.088226 379.135162 
356.656952 347.772369 
284.125671 250.877930 
145.974426 382.377808 
372.537628 301.945892 
203.828873 328.811066 
372.527222 358.285614 
375.157318 325.999695 
411.481201 339.113770 
174.094879 363.065369 
295.532623 300.871552 
254.002487 348.329773 
191.198517 286.921844 
358.670593 308.821899 
193.676697 356.057709 
186.963181 296.209534 
174.094879 363.065369 
244.338928 373.147339 
186.701553 319.068359 
260.737488 341.752960 
277.630615 363.720337 
289.838440 251.132919 
414.917633 337.478668 
344.367798 322.625122 
356.656952 347.772369 
266.895966 378.289459 
253.089813 367.562347 
247.911789 378.067291 
255.186630 305.088409 
337.690155 340.793915 
272.394531 379.565216 
272.394531 379.565216 
35.963161 347.424988 
279.714935 241.230072 
211.142227 286.942535 
385.858978 305.226715 
352.242767 311.416687 
298.581970 244.478989 
377.831787 362.257080 
275.812988 276.722076 
273.088226 379.135162 
279.714935 241.230072 
360.691528 279.322693 
394.082031 281.682678 
361.604065 360.336975 
186.701553 319.068359 
240.571609 310.872772 
211.093460 365.669708 
272.394531 379.565216 
376.423462 284.488953 
262.436829 300.630768 
280.397186 302.495270 
294.443817 246.762985 
417.335358 328.726349 
549.059570 353.872375 
315.828125 328.805206 
237.766022 290.085022 
248.111221 350.905182 
233.868301 319.724213 
203.327209 354.045715 
267.843140 302.466370 
244.338928 373.147339 
226.359238 245.587708 
258.779388 355.618866 
414.742889 330.750122 
397.566315 287.034363 
185.375732 349.534088 
145.974426 382.377808 
237.766022 290.085022 
200.645660 354.340271 
171.064468 361.458038 
186.963181 296.209534 
273.680389 247.581345 
237.766022 290.085022 
203.554367 306.140717 
294.443817 246.762985 
396.611298 325.039154 
361.604065 360.336975 
362.355682 314.250214 
241.336151 299.792633 
197.305466 352.805756 
187.951660 304.948547 
186.575607 309.873596 
171.064468 361.458038 
197.235077 307.307983 
203.190659 277.542877 
196.837891 356.683624 
397.846680 341.486053 
414.742889 330.750122 
211.142227 286.942535 
365.098633 289.477570 
211.142227 286.942535 
401.802826 313.893433 
316.373474 330.589203 
273.680389 247.581345 
182.045547 300.576019 
381.772217 314.288055 
220.569260 285.315948 
240.571609 310.872772 
203.642929 311.293060 
256.481201 366.987122 
294.443817 246.762985 
211.142227 286.942535 
260.737488 341.752960 
294.443817 246.762985 
299.428528 289.392944 
191.198517 286.921844 
187.736130 309.966522 
383.837067 343.569031 
388.428558 359.483246 
226.359238 245.587708 
295.180817 242.203873 
259.307953 374.323730 
295.723145 303.814331 
259.453552 344.911072 
240.571609 310.872772 
250.102615 292.945648 
350.105988 309.471375 
343.630859 287.089417 
307.520172 293.396332 
249.414764 375.610840 
250.410278 313.486908 
266.580048 299.733215 
296.093719 238.952698 
240.571609 310.872772 
249.414764 375.610840 
209.291840 360.359833 
277.630615 363.720337 
222.928787 281.987213 
396.611298 325.039154 
241.336151 299.792633 
184.827560 349.414795 
211.548340 323.747711 
368.327057 300.272095 
350.105988 309.471375 
200.230164 340.138916 
184.827560 349.414795 
352.242767 311.416687 
202.847229 344.534515 
391.072510 343.281525 
244.976120 362.067352 
189.928879 288.404449 
255.186630 305.088409 
411.970703 307.706055 
354.611694 347.954285 
353.822601 300.685242 
353.822601 300.685242 
296.093719 238.952698 
186.963181 296.209534 
354.611694 347.954285 
200.584442 311.585083 
258.633759 271.683899 
186.575607 309.873596 
354.611694 347.954285 
617.979736 174.762253 
199.657257 340.491455 
262.436829 300.630768 
273.088226 379.135162 
393.489075 357.188690 
411.481201 339.113770 
337.690155 340.793915 
350.105988 309.471375 
267.597717 301.925842 
258.633759 271.683899 
196.837891 356.683624 
249.414764 375.610840 
356.656952 347.772369 
262.967743 299.026917 
377.831787 362.257080 
237.766022 290.085022 
233.868301 319.724213 
206.084442 326.524750 
268.247681 115.411674 
237.754990 317.434387 
296.093719 238.952698 
297.643036 241.544205 
200.645660 354.340271 
618.975281 283.712891 
170.133301 367.225098 
241.336151 299.792633 
35.963161 347.424988 
385.858978 305.226715 
354.611694 347.954285 
227.408737 283.961273 
240.571609 310.872772 
365.098633 289.477570 
260.737488 341.752960 
211.142227 286.942535 
260.737488 341.752960 
262.070221 330.626892 
205.924057 339.004852 
266.895966 378.289459 
139.313644 326.433380 
289.838440 251.132919 
260.567902 374.819763 
267.597717 301.925842 
385.858978 305.226715 
385.858978 305.226715 
237.766022 290.085022 
260.737488 341.752960 
182.045547 300.576019 
271.991333 370.883026 
258.233154 310.449341 
289.406372 301.839417 
262.070221 330.626892 
435.202240 334.200592 
191.198517 286.921844 
614.262634 337.941803 
275.812988 276.722076 
227.408737 283.961273 
227.408737 283.961273 
255.186630 305.088409 
240.571609 310.872772 
277.630615 363.720337 
414.917633 337.478668 
199.657257 340.491455 
202.460022 278.218079 
261.712769 359.637665 
241.105774 297.612915 
280.397186 302.495270 
300.855255 289.131561 
268.347443 246.858276 
184.827560 349.414795 
294.443817 246.762985 
294.443817 246.762985 
243.990570 294.845856 
333.713531 330.131531 
267.597717 301.925842 
372.527222 358.285614 
268.820587 346.351105 
268.820587 346.351105 
250.410278 313.486908 
191.095993 301.586639 
191.235397 309.950958 
185.553238 291.915436 
305.770233 286.558594 
249.414764 375.610840 
211.142227 286.942535 
617.520996 447.790405 
261.851349 375.240784 
199.657257 340.491455 
616.337036 63.601181 
260.700256 325.559937 
244.976120 362.067352 
260.737488 341.752960 
237.766022 290.085022 
200.645660 354.340271 
393.489075 357.188690 
337.690155 340.793915 
345.827942 347.921844 
345.827942 347.921844 
297.547150 249.498001 
203.554367 306.140717 
416.350769 333.854248 
411.481201 339.113770 
271.991333 370.883026 
260.737488 341.752960 
271.555054 281.479248 
209.741760 305.684113 
267.597717 301.925842 
237.766022 290.085022 
618.904358 65.119164 
385.858978 305.226715 
255.241226 332.759491 
185.553238 291.915436 
254.002487 348.329773 
260.203918 295.215942 
