500
170.604370 160.519302 
535.627563 357.900665 
520.287170 367.816833 
523.040527 367.916016 
375.381592 74.936447 
187.246979 162.345810 
199.112305 143.861877 
305.557007 259.882446 
183.285339 156.512711 
192.704956 137.988190 
183.285339 156.512711 
216.404785 164.893097 
183.285339 156.512711 
182.507736 153.570831 
209.085266 333.639343 
182.507736 153.570831 
196.494003 188.691193 
184.925507 150.747833 
199.112305 143.861877 
353.903564 273.460358 
177.954086 155.465118 
183.285339 156.512711 
177.954086 155.465118 
191.205200 185.040482 
473.073822 259.502380 
243.508896 59.923012 
283.165833 231.665237 
184.925507 150.747833 
203.285385 181.024475 
277.231049 287.797607 
177.954086 155.465118 
333.400024 302.133453 
183.285339 156.512711 
258.634033 58.438614 
277.861298 309.994995 
184.925507 150.747833 
285.681122 249.814026 
196.494003 188.691193 
203.285385 181.024475 
177.182526 31.962685 
211.935089 173.416672 
191.051163 174.677551 
209.085266 333.639343 
182.507736 153.570831 
353.903564 273.460358 
268.649475 68.504662 
191.051163 174.677551 
177.954086 155.465118 
203.687073 164.726715 
205.031647 171.345505 
284.851288 330.998779 
200.569443 192.127548 
329.946960 320.140808 
436.303223 205.802444 
330.701569 280.249908 
353.639008 321.195068 
188.046539 145.263092 
220.680023 181.087357 
203.285385 181.024475 
175.732407 146.866058 
327.155212 318.352203 
197.340775 62.929909 
205.031647 171.345505 
203.687073 164.726715 
203.687073 164.726715 
203.687073 164.726715 
203.687073 164.726715 
284.256470 91.375946 
204.401642 154.640381 
306.432983 133.463058 
392.084167 176.041000 
581.267822 383.770020 
191.051163 174.677551 
177.954086 155.465118 
187.246979 162.345810 
333.850342 339.857574 
333.850342 339.857574 
299.739197 296.393799 
203.687073 164.726715 
213.029663 143.786606 
203.687073 164.726715 
323.635101 338.373535 
258.634033 58.438614 
234.188675 150.172348 
305.557007 259.882446 
392.084167 176.041000 
267.853058 70.453667 
204.401642 154.640381 
325.664032 317.153473 
184.925507 150.747833 
213.029663 143.786606 
213.029663 143.786606 
285.195557 241.096085 
226.998825 192.784927 
183.773666 120.555466 
356.749268 222.547562 
179.623917 168.547058 
187.340424 148.573944 
285.195557 241.096085 
216.102081 145.831329 
336.014526 199.886032 
204.401642 154.640381 
200.269211 149.253754 
258.634033 58.438614 
436.303223 205.802444 
184.925507 150.747833 
406.807281 180.741150 
198.583954 185.414169 
172.800186 147.335815 
174.598129 167.815125 
174.598129 167.815125 
357.365234 336.789215 
193.033173 182.818481 
188.191132 182.938812 
274.281372 117.283852 
187.246979 162.345810 
185.101852 38.071388 
193.900970 63.944431 
193.033173 182.818481 
245.963913 57.827114 
404.933472 183.440460 
280.097412 236.277023 
333.400024 302.133453 
545.531189 401.527161 
212.878159 147.256973 
388.420593 88.935654 
353.639008 321.195068 
203.687073 164.726715 
203.687073 164.726715 
245.963913 57.827114 
217.679962 75.406288 
561.709717 250.108902 
208.120178 334.107910 
323.635101 338.373535 
337.756287 199.180634 
184.925507 150.747833 
349.232971 227.980896 
467.046326 438.436768 
353.903564 273.460358 
294.014587 342.729797 
168.868195 147.765915 
298.425964 118.314491 
298.425964 118.314491 
284.804810 248.733368 
561.709717 250.108902 
419.984985 38.979912 
353.903564 273.460358 
282.388153 250.428467 
265.995941 67.784187 
306.627289 285.001007 
449.002106 244.535416 
449.002106 244.535416 
204.401642 154.640381 
188.046539 145.263092 
204.401642 154.640381 
200.269211 149.253754 
268.649475 68.504662 
193.033173 182.818481 
216.102081 145.831329 
183.285339 156.512711 
187.246979 162.345810 
207.114197 108.779724 
188.000198 129.297394 
549.990967 376.017242 
172.349167 106.373962 
217.679962 75.406288 
217.679962 75.406288 
463.416168 433.372040 
212.878159 147.256973 
203.687073 164.726715 
324.467926 334.812775 
186.075699 146.472672 
404.933472 183.440460 
234.932587 195.970154 
200.269211 149.253754 
290.250854 347.565735 
217.679962 75.406288 
194.707047 165.615784 
203.687073 164.726715 
204.401642 154.640381 
248.376221 164.624664 
297.771576 102.616539 
177.954086 155.465118 
226.998825 192.784927 
404.344879 180.771561 
282.429779 311.571747 
188.000198 129.297394 
273.888885 139.256607 
353.903564 273.460358 
207.114197 108.779724 
268.996094 107.632042 
286.579102 335.152924 
266.234039 101.662376 
184.925507 150.747833 
323.635101 338.373535 
218.087952 170.807861 
349.232971 227.980896 
203.687073 164.726715 
258.634033 58.438614 
333.689758 347.078888 
230.551422 77.618523 
184.925507 150.747833 
357.365234 336.789215 
191.205200 185.040482 
374.183807 158.714279 
177.954086 155.465118 
281.892395 341.810913 
186.075699 146.472672 
259.597076 66.583992 
357.154205 358.992828 
292.134552 142.887741 
439.918488 211.114822 
183.285339 156.512711 
251.815247 114.772797 
251.815247 114.772797 
243.193588 197.746353 
203.285385 181.024475 
445.234894 422.903992 
230.551422 77.618523 
172.800186 147.335815 
271.498596 141.806274 
358.231445 143.374542 
213.819046 193.763321 
391.321259 284.402374 
182.507736 153.570831 
286.504913 251.851410 
184.925507 150.747833 
193.900970 63.944431 
211.288849 131.229813 
275.943542 228.734055 
351.266022 221.087540 
387.757202 192.844269 
234.932587 195.970154 
241.101395 133.098495 
445.652954 234.246719 
213.819046 193.763321 
218.087952 170.807861 
268.649475 68.504662 
305.557007 259.882446 
204.401642 154.640381 
253.642273 66.561401 
216.131638 122.587578 
329.422272 208.668228 
182.507736 153.570831 
234.932587 195.970154 
237.231018 172.746323 
184.925507 150.747833 
240.598953 184.061371 
250.998917 144.210999 
217.679962 75.406288 
228.230087 150.710648 
245.550613 105.119705 
266.234039 101.662376 
230.551422 77.618523 
282.429779 311.571747 
294.014587 342.729797 
224.041183 156.726395 
231.130051 112.341805 
177.062775 147.743439 
590.602600 385.546417 
230.551422 77.618523 
361.275665 308.928802 
273.888885 139.256607 
273.888885 139.256607 
177.062775 147.743439 
213.485199 106.440834 
200.269211 149.253754 
361.275665 308.928802 
438.968384 244.600098 
298.425964 118.314491 
216.131638 122.587578 
243.476486 128.510742 
193.033173 182.818481 
357.154205 358.992828 
204.401642 154.640381 
245.550613 105.119705 
243.476486 128.510742 
220.232773 115.002678 
277.528625 306.005981 
200.269211 149.253754 
194.707047 165.615784 
177.954086 155.465118 
200.269211 149.253754 
204.401642 154.640381 
391.280273 315.467957 
326.628601 345.268158 
276.978424 142.262405 
357.154205 358.992828 
549.646301 245.947021 
230.266647 112.970207 
200.269211 149.253754 
251.911957 56.315056 
251.911957 56.315056 
245.550613 105.119705 
248.233109 108.559952 
285.307983 288.652008 
541.290894 358.869263 
328.703308 338.860321 
182.011002 137.486633 
273.888885 139.256607 
417.216858 207.788513 
385.122589 166.837143 
222.782715 119.477051 
347.960083 352.883453 
370.358734 316.652771 
299.739197 296.393799 
187.246979 162.345810 
212.878159 147.256973 
179.623917 168.547058 
277.231049 287.797607 
182.011002 137.486633 
200.269211 149.253754 
240.586197 115.747360 
276.978424 142.262405 
217.679962 75.406288 
204.697372 161.923157 
250.123520 193.215729 
267.678589 233.570572 
259.897949 115.766876 
545.531189 401.527161 
194.707047 165.615784 
175.546021 158.219788 
415.974609 210.237656 
347.874023 297.508301 
267.853058 70.453667 
250.123520 193.215729 
250.123520 193.215729 
213.029663 143.786606 
272.906128 287.218933 
356.767609 342.214966 
175.732407 146.866058 
187.080582 180.769302 
319.218384 340.674957 
248.233109 108.559952 
265.637238 62.016094 
200.269211 149.253754 
267.853058 70.453667 
313.024475 282.375366 
197.340775 62.929909 
188.046539 145.263092 
198.351440 137.209930 
415.273376 207.753571 
282.729126 183.199295 
226.874878 148.230331 
204.254578 118.207787 
398.940582 421.683258 
445.234894 422.903992 
243.476486 128.510742 
430.769226 369.850159 
350.907654 354.107483 
428.386139 174.705612 
194.707047 165.615784 
323.635101 338.373535 
217.679962 75.406288 
203.406738 162.970154 
205.289688 161.770432 
222.782715 119.477051 
476.628479 287.726593 
362.530212 349.784241 
274.656036 160.587555 
203.687073 164.726715 
247.480759 59.977100 
276.978424 142.262405 
230.551422 77.618523 
243.193588 197.746353 
573.881531 394.016052 
225.080750 158.603439 
449.002106 244.535416 
329.422272 208.668228 
259.597076 66.583992 
204.759033 138.034851 
282.791840 338.307892 
289.697693 352.661987 
267.853058 70.453667 
332.580383 340.909119 
230.551422 77.618523 
200.269211 149.253754 
290.250854 347.565735 
578.639038 383.207947 
196.494003 188.691193 
183.285339 156.512711 
204.697372 161.923157 
182.507736 153.570831 
205.031647 171.345505 
200.269211 149.253754 
250.998917 144.210999 
421.087708 375.673828 
327.155212 318.352203 
184.426773 154.014191 
251.911957 56.315056 
285.749298 247.874023 
227.360474 114.674973 
185.999847 155.260101 
250.998917 144.210999 
203.133331 190.755890 
409.261505 193.097336 
308.567932 211.847900 
177.182526 31.962685 
177.182526 31.962685 
185.101852 38.071388 
204.401642 154.640381 
203.672516 114.790367 
435.388428 235.187897 
229.740799 99.660469 
203.133331 190.755890 
174.911972 141.288300 
248.514557 144.172699 
240.586197 115.747360 
253.758408 132.678925 
320.980347 291.581024 
356.736450 336.738190 
272.906128 287.218933 
241.456467 197.534958 
226.751785 105.805954 
241.456467 197.534958 
407.209381 171.911545 
277.231049 287.797607 
228.399933 120.170357 
241.681183 130.405609 
248.233109 108.559952 
304.851532 293.843140 
200.269211 149.253754 
289.697693 352.661987 
320.083008 336.526611 
199.112305 143.861877 
527.150574 392.941345 
358.203278 362.052063 
253.758408 132.678925 
228.399933 120.170357 
228.399933 120.170357 
288.909485 302.767365 
234.695999 187.342438 
346.208252 338.684418 
292.134552 142.887741 
250.123520 193.215729 
546.784851 307.766479 
356.174438 245.808334 
306.687347 286.329651 
192.817551 49.769672 
436.303223 205.802444 
226.376602 361.325958 
200.269211 149.253754 
421.752014 379.102997 
215.907196 105.054329 
391.453247 219.583023 
241.681183 130.405609 
186.276443 54.189644 
372.856934 173.732101 
357.457214 360.248291 
323.635101 338.373535 
269.391449 278.567841 
192.945389 134.880768 
205.031647 171.345505 
157.476959 14.423565 
337.565826 351.840851 
340.158875 342.145203 
177.954086 155.465118 
327.196960 332.128174 
243.476486 128.510742 
351.266022 221.087540 
229.648819 142.513382 
580.077209 332.834534 
610.052490 390.169189 
610.052490 390.169189 
212.188385 168.726608 
349.234955 287.578705 
393.574219 197.458099 
244.751587 141.373413 
447.275055 77.067085 
247.480759 59.977100 
477.714844 454.009766 
192.945389 134.880768 
226.751785 105.805954 
243.011871 166.363571 
436.303223 205.802444 
200.569443 192.127548 
200.569443 192.127548 
200.569443 192.127548 
393.499908 132.257690 
393.499908 132.257690 
282.388153 250.428467 
277.278687 310.056366 
237.231018 172.746323 
306.687347 286.329651 
297.520050 110.187241 
421.087708 375.673828 
177.182526 31.962685 
421.087708 375.673828 
203.672516 114.790367 
187.136673 56.428402 
346.014343 62.902813 
250.998917 144.210999 
277.980499 226.285095 
203.133331 190.755890 
414.273254 371.713531 
356.634674 247.616104 
334.388702 303.778656 
276.978424 142.262405 
243.476486 128.510742 
421.221100 392.732239 
