500
360.776581 366.627747 
358.525421 385.275818 
473.461578 233.228729 
473.461578 233.228729 
339.804993 366.062378 
339.804993 366.062378 
462.710541 264.832581 
341.633881 399.878387 
342.257050 400.749115 
341.633881 399.878387 
346.100494 369.243744 
332.692566 401.745331 
341.633881 399.878387 
349.929962 389.142639 
346.460419 403.300598 
324.348999 192.419159 
342.326843 405.279846 
346.100494 369.243744 
346.460419 403.300598 
342.257050 400.749115 
342.326843 405.279846 
347.955536 351.925659 
341.633881 399.878387 
338.702301 400.685577 
324.348999 192.419159 
381.825378 254.911331 
340.634064 428.807648 
346.460419 403.300598 
283.919861 225.184982 
160.062714 284.802063 
400.724915 226.789871 
222.464691 408.600372 
349.789551 407.150055 
375.538727 180.354477 
360.509186 373.830963 
340.428833 367.112976 
291.796661 225.100830 
323.413025 394.676636 
344.852173 408.800629 
203.328537 72.956360 
346.416565 234.421204 
343.487091 204.995667 
336.383057 340.177979 
343.303741 384.273682 
336.004303 398.370850 
338.601837 409.864502 
412.536774 195.318832 
223.669495 388.813599 
350.460846 342.609131 
230.930557 406.498413 
332.692566 401.745331 
349.929962 389.142639 
332.692566 401.745331 
347.955536 351.925659 
332.692566 401.745331 
320.037842 359.987122 
263.247620 447.695190 
261.976135 381.397980 
323.413025 394.676636 
347.955536 351.925659 
339.804993 366.062378 
343.303741 384.273682 
251.765793 364.563507 
350.487396 377.060242 
323.738953 403.285492 
191.541550 73.026688 
359.943085 360.724182 
343.303741 384.273682 
381.825378 254.911331 
343.303741 384.273682 
339.621185 378.644714 
375.538727 180.354477 
329.274963 383.402710 
339.621185 378.644714 
218.679657 167.111420 
113.274796 362.832001 
323.738953 403.285492 
395.895935 167.825302 
346.460419 403.300598 
155.232422 63.992821 
323.413025 394.676636 
343.303741 384.273682 
339.621185 378.644714 
334.795349 368.898346 
332.692566 401.745331 
346.460419 403.300598 
357.488678 380.750092 
344.625244 237.482758 
338.501709 353.886261 
341.613678 372.147247 
324.348999 192.419159 
332.692566 401.745331 
251.765793 364.563507 
272.657288 336.070251 
272.657288 336.070251 
229.419846 401.648804 
285.368103 228.287186 
228.823608 411.346222 
349.929962 389.142639 
326.652222 375.273682 
219.444427 400.597961 
327.406403 414.529175 
360.776581 366.627747 
293.445160 409.806671 
315.731781 420.768463 
342.913666 266.244995 
228.823608 411.346222 
224.614410 226.278305 
239.975906 335.499603 
239.975906 335.499603 
323.413025 394.676636 
323.738953 403.285492 
229.778122 402.290955 
113.335274 247.479660 
218.873383 211.668457 
222.464691 408.600372 
222.464691 408.600372 
227.073792 413.830658 
314.913818 380.702087 
314.913818 380.702087 
412.536774 195.318832 
399.124573 222.142075 
335.079254 379.524323 
191.541550 73.026688 
308.817993 434.875336 
229.099518 362.832397 
358.689697 395.655029 
217.280029 391.879272 
340.605438 332.872833 
226.849136 397.816010 
342.913666 266.244995 
341.613678 372.147247 
293.445160 409.806671 
324.348999 192.419159 
375.381714 182.126877 
344.852173 408.800629 
261.976135 381.397980 
326.652222 375.273682 
383.649017 167.504654 
383.649017 167.504654 
327.406403 414.529175 
347.955536 351.925659 
357.488678 380.750092 
324.576843 355.486816 
219.841003 168.019226 
308.151764 343.591217 
354.877045 363.985138 
261.976135 381.397980 
314.913818 380.702087 
350.460846 342.609131 
323.738953 403.285492 
221.716370 389.536774 
357.788788 364.464050 
324.397247 403.078247 
249.042114 369.673218 
350.460846 342.609131 
308.718201 375.764832 
324.348999 192.419159 
229.419846 401.648804 
254.605438 355.970154 
391.792145 178.042480 
328.386749 388.868835 
339.804993 366.062378 
312.289520 380.936279 
376.228119 218.904297 
331.378906 425.930145 
336.004303 398.370850 
363.069031 221.338409 
336.004303 398.370850 
337.028595 186.344376 
323.413025 394.676636 
294.061127 409.522980 
155.232422 63.992821 
155.232422 63.992821 
172.452972 48.183598 
423.955353 202.307449 
359.377380 190.107025 
275.714233 340.140259 
326.652222 375.273682 
308.151764 343.591217 
267.473633 372.011871 
267.473633 372.011871 
288.500244 325.058502 
216.178848 261.275543 
332.692566 401.745331 
389.537048 175.525513 
326.652222 375.273682 
320.037842 359.987122 
305.294159 373.307129 
224.353745 227.157639 
329.274963 383.402710 
357.488678 380.750092 
326.652222 375.273682 
265.223267 378.406158 
310.482849 213.800522 
258.994202 424.575714 
307.496521 449.066315 
300.134216 305.704285 
219.444427 400.597961 
357.488678 380.750092 
240.091766 218.411667 
384.201202 241.648834 
344.852173 408.800629 
308.438171 156.654419 
326.652222 375.273682 
230.373077 403.998047 
229.419846 401.648804 
218.871765 389.132935 
258.994202 424.575714 
336.223053 281.333313 
389.147308 166.111908 
336.632050 325.489899 
227.073792 413.830658 
352.492920 350.571686 
220.490341 166.408569 
326.791504 437.337494 
336.632050 325.489899 
329.274963 383.402710 
312.289520 380.936279 
341.633881 399.878387 
218.871765 389.132935 
346.416565 234.421204 
341.633881 399.878387 
346.683533 163.996231 
219.444427 400.597961 
234.516800 147.612534 
329.274963 383.402710 
248.535492 144.865158 
391.792145 178.042480 
97.904114 373.121399 
339.804993 366.062378 
291.796661 225.100830 
385.553986 244.482025 
323.738953 403.285492 
391.410858 163.264908 
108.352509 363.002747 
232.265564 410.914703 
296.957977 389.468384 
221.035004 404.545135 
221.035004 404.545135 
340.605438 332.872833 
352.691681 378.563477 
101.150093 291.883240 
391.792145 178.042480 
159.644653 284.438629 
159.644653 284.438629 
287.450439 318.321350 
326.275177 346.327240 
312.865784 438.716797 
261.976135 381.397980 
258.994202 424.575714 
128.573395 334.196747 
300.134216 305.704285 
326.884033 330.475159 
341.613678 372.147247 
236.589813 134.073181 
412.533264 201.791885 
346.460419 403.300598 
362.503845 204.907486 
303.926849 351.192291 
128.573395 334.196747 
329.274963 383.402710 
348.723572 68.175873 
329.274963 383.402710 
339.804993 366.062378 
218.873383 211.668457 
117.809174 364.442505 
231.373749 178.653549 
329.274963 383.402710 
297.750244 351.492554 
329.274963 383.402710 
421.580322 193.655594 
288.500244 325.058502 
375.661926 186.120621 
323.413025 394.676636 
363.069031 221.338409 
332.692566 401.745331 
438.764679 223.358856 
388.887970 145.901062 
291.741425 355.037933 
308.151764 343.591217 
391.410858 163.264908 
315.914154 398.837524 
367.604614 214.520508 
337.028595 186.344376 
223.669495 388.813599 
288.500244 325.058502 
277.236908 327.438538 
340.346222 66.999550 
217.280029 391.879272 
339.804993 366.062378 
370.332947 149.864761 
328.955719 321.365265 
357.155273 204.095947 
380.661255 252.451569 
220.898804 227.925110 
258.994202 424.575714 
285.950043 354.135193 
319.217987 332.042694 
328.955719 321.365265 
342.326843 405.279846 
249.042114 369.673218 
258.994202 424.575714 
258.994202 424.575714 
339.085632 410.437042 
265.223267 378.406158 
265.223267 378.406158 
337.028595 186.344376 
290.480774 428.143860 
315.914154 398.837524 
294.516541 370.251953 
205.607742 224.551956 
297.839355 395.472809 
308.438171 156.654419 
255.539597 354.170776 
281.027527 349.195679 
394.788544 178.225769 
341.613678 372.147247 
277.236908 327.438538 
328.955719 321.365265 
340.428833 367.112976 
302.374786 208.170044 
302.374786 208.170044 
317.633606 353.728546 
380.631683 142.892715 
103.956802 283.647858 
336.632050 325.489899 
236.589813 134.073181 
277.843811 252.912323 
281.784027 403.076599 
349.824158 259.750763 
340.346222 66.999550 
387.978302 134.083878 
319.217987 332.042694 
362.503845 204.907486 
293.445160 409.806671 
341.613678 372.147247 
323.413025 394.676636 
330.615875 411.688080 
323.413025 394.676636 
248.535492 144.865158 
352.492920 350.571686 
242.575836 154.904968 
346.340424 181.270050 
348.723572 68.175873 
352.691681 378.563477 
281.784027 403.076599 
328.386749 388.868835 
266.191895 384.299316 
335.079254 379.524323 
388.887970 145.901062 
159.644653 284.438629 
348.167633 261.140686 
297.839355 395.472809 
374.849030 145.381104 
358.876740 74.963310 
329.274963 383.402710 
347.925934 266.977386 
359.588165 369.333984 
108.352509 363.002747 
277.236908 327.438538 
323.413025 394.676636 
285.368103 228.287186 
281.027527 349.195679 
310.483246 339.192291 
311.127625 366.958282 
338.601837 409.864502 
345.349182 269.827850 
420.585266 192.642151 
254.965332 91.473068 
340.346222 66.999550 
284.151398 369.590393 
308.151764 343.591217 
292.753601 253.164139 
473.461578 233.228729 
374.849030 145.381104 
297.839355 395.472809 
385.478485 140.894424 
321.472778 365.399353 
322.316681 442.684540 
376.751892 136.615265 
281.027527 349.195679 
344.852173 408.800629 
214.031372 208.060593 
321.486084 407.036835 
234.252487 143.407211 
265.223267 378.406158 
222.493103 209.687820 
288.908600 428.255768 
354.016602 343.611023 
266.191895 384.299316 
345.368988 423.357971 
345.368988 423.357971 
214.031372 208.060593 
239.975906 335.499603 
300.184967 304.709137 
358.764099 205.938797 
261.976135 381.397980 
473.461578 233.228729 
385.521454 157.580627 
329.274963 383.402710 
300.134216 305.704285 
255.139481 355.225739 
327.341858 317.025024 
387.978302 134.083878 
266.191895 384.299316 
299.867737 390.761932 
328.955719 321.365265 
279.473114 382.076477 
370.332947 149.864761 
354.566406 354.453613 
378.650909 244.117050 
379.273193 156.397095 
221.035004 404.545135 
277.236908 327.438538 
266.191895 384.299316 
340.915253 396.622467 
384.456818 137.182343 
315.430481 255.468933 
334.511841 378.614319 
265.223267 378.406158 
401.135529 227.469833 
393.275787 173.879089 
345.031830 65.759926 
401.490021 215.472076 
374.658813 137.096573 
323.413025 394.676636 
312.289520 380.936279 
220.490341 166.408569 
383.649017 167.504654 
395.858124 222.020050 
359.377380 190.107025 
281.027527 349.195679 
105.324394 281.106598 
248.026321 183.155838 
327.406403 414.529175 
300.849396 207.746811 
310.590179 388.495422 
262.581787 449.967468 
376.228119 218.904297 
426.806610 188.177032 
335.079254 379.524323 
284.151398 369.590393 
320.363403 404.502045 
323.413025 394.676636 
281.027527 349.195679 
243.527527 158.867722 
323.413025 394.676636 
320.363403 404.502045 
425.815125 190.698013 
357.333740 399.374054 
345.368988 423.357971 
266.191895 384.299316 
266.191895 384.299316 
348.350342 165.288620 
358.876740 74.963310 
215.444092 354.324463 
364.242859 219.568237 
285.368103 228.287186 
358.876740 74.963310 
348.167633 261.140686 
284.707520 389.245026 
326.275177 346.327240 
308.438171 156.654419 
382.299255 254.238831 
372.958618 141.997803 
304.410858 303.933716 
359.943085 360.724182 
359.943085 360.724182 
359.943085 360.724182 
324.423950 441.588898 
411.843445 208.446518 
384.456818 137.182343 
157.799164 36.727821 
281.027527 349.195679 
340.346222 66.999550 
266.191895 384.299316 
342.913666 266.244995 
230.008316 111.189171 
340.634064 428.807648 
339.339172 281.191254 
389.277100 235.879868 
385.553986 244.482025 
236.589813 134.073181 
219.841003 168.019226 
334.511841 378.614319 
355.562500 64.555511 
281.027527 349.195679 
323.413025 394.676636 
360.509186 373.830963 
391.792145 178.042480 
292.753601 253.164139 
230.739578 154.229294 
303.889862 284.929535 
211.292755 222.349579 
358.876740 74.963310 
160.062714 284.802063 
233.278946 334.662750 
360.747955 161.809555 
199.429184 211.917770 
