500
90.779564 329.365723 
93.125542 312.620483 
286.648590 109.533501 
234.488846 103.716522 
349.419922 337.304108 
469.019379 211.364059 
469.046783 193.166885 
447.424133 196.111877 
473.226471 191.528610 
315.344543 216.925217 
92.511772 313.093292 
441.131744 198.994675 
66.301460 330.230743 
392.465729 217.222748 
442.756683 209.873672 
248.890060 105.679253 
480.698212 198.632751 
338.360077 211.904373 
476.886200 185.914627 
476.079529 184.352997 
445.156433 195.985825 
469.155701 214.632385 
350.660736 218.050522 
273.473755 245.118408 
459.326447 192.087021 
462.495209 187.076187 
440.915924 189.734283 
485.265594 194.785385 
472.971191 192.587036 
475.469971 194.861237 
436.631714 234.182556 
272.845428 240.291275 
447.103516 193.067688 
444.737213 196.528961 
461.142151 288.183105 
483.046143 210.592773 
437.175903 191.928864 
413.988464 190.716995 
580.952148 268.621552 
476.164917 183.115250 
163.096436 95.963226 
487.472534 199.996902 
452.510681 184.218277 
453.614594 285.089844 
299.278595 110.299019 
311.098297 278.970520 
437.614716 186.050339 
262.176422 209.362427 
424.241974 192.043777 
321.234406 336.869720 
287.881500 161.794983 
484.797760 193.085327 
415.893463 206.184464 
440.862640 201.382996 
422.377289 195.807526 
429.767059 202.466522 
488.975403 194.954147 
462.832916 174.176483 
488.659576 197.813354 
251.949646 196.152786 
340.748169 206.664093 
237.705139 214.002701 
433.092773 216.191467 
492.143829 193.491501 
443.335907 220.590134 
438.998138 200.919327 
454.004517 197.295837 
271.679596 154.417725 
310.561890 342.239441 
457.462158 212.850571 
496.137543 184.266739 
444.152191 217.529251 
476.095398 181.783798 
455.405304 200.519882 
482.839203 191.689438 
416.721466 199.691833 
411.226440 298.855438 
530.106506 135.762344 
486.379242 306.525238 
454.966095 201.647659 
436.197662 185.156250 
314.019531 217.237885 
263.407043 351.104950 
452.859650 178.872452 
476.443207 210.209229 
322.834015 336.758362 
448.416779 310.961243 
439.715118 206.709900 
423.488770 190.728790 
452.242096 180.824448 
444.661041 176.707947 
460.489410 206.868530 
247.564331 178.685577 
416.611938 192.561844 
236.434601 178.818359 
416.711823 193.745270 
451.627289 182.800873 
450.317719 186.563080 
342.628479 214.159790 
506.246124 213.313507 
415.159454 199.998611 
452.379303 210.324860 
309.483643 345.343719 
475.378906 211.698151 
428.378082 302.627380 
428.527954 302.306549 
222.885727 206.522629 
342.228333 213.336273 
340.178741 277.021362 
392.253265 390.279602 
256.686829 195.607056 
440.333740 200.796509 
270.722290 238.181274 
428.048187 186.232880 
264.771454 210.830200 
466.145966 207.142761 
477.616577 200.449936 
290.416107 188.581863 
506.526459 299.599945 
374.269623 252.218948 
509.031677 208.939148 
309.479492 341.615753 
435.014587 183.570938 
505.231506 298.982269 
511.643127 241.435455 
460.693756 221.403214 
460.952057 221.133881 
478.496979 207.500641 
483.461273 190.355270 
514.719055 217.582260 
283.830902 336.298309 
236.753830 213.997253 
472.969604 189.549072 
385.506989 388.852295 
479.391998 207.700485 
499.224030 213.309479 
424.399963 298.752716 
287.646698 109.720177 
51.317047 311.106567 
237.476105 189.229248 
237.628998 189.552307 
269.776886 153.949295 
484.442871 312.539062 
482.965668 204.144958 
417.463348 229.224258 
311.549316 177.664429 
446.061829 239.059998 
535.774902 263.669952 
499.006378 212.602310 
444.916168 284.736786 
248.618805 179.863693 
265.508423 352.481445 
268.208344 107.741394 
459.509827 220.808990 
456.580750 212.277695 
438.222473 312.612915 
450.497864 227.566467 
426.391754 218.945129 
471.290375 273.976135 
359.480835 213.171799 
273.146515 244.093445 
418.733673 228.432098 
417.569427 195.231064 
495.669281 216.525818 
269.576904 237.892120 
438.124786 218.982147 
507.211823 297.588684 
448.063782 223.600327 
418.688660 232.780334 
440.574432 311.511627 
487.964142 233.269318 
498.182983 310.788849 
512.616333 268.227478 
512.920471 268.299927 
511.889191 239.668869 
315.625214 276.738953 
527.138489 233.871750 
416.611420 212.894913 
445.319153 214.910843 
463.117126 220.887161 
525.083252 236.773621 
438.820221 223.463730 
514.521362 215.660385 
307.286835 341.231964 
484.597961 314.025482 
444.037384 192.521576 
471.390228 217.741226 
422.419647 213.563156 
448.348572 216.112732 
289.654449 165.507187 
523.171631 279.425781 
419.756073 298.180908 
482.200562 208.129578 
439.229095 312.864929 
204.949081 192.177109 
360.613831 215.802948 
260.980621 154.895264 
410.081940 198.691895 
221.067032 207.892120 
85.591255 314.312164 
443.766174 179.342789 
455.625458 219.855743 
466.228546 274.259338 
262.757385 348.520966 
412.948944 222.443085 
453.532776 219.568619 
415.355957 212.548492 
246.188156 181.979462 
292.807129 200.391083 
256.950317 148.536880 
247.075500 177.787308 
454.216064 202.652359 
402.649292 259.199219 
304.012665 110.733940 
406.017578 226.780914 
405.923157 214.109802 
258.718750 195.151413 
244.346237 339.794830 
485.523224 177.531418 
422.429169 188.994843 
426.187927 267.344818 
311.756226 322.241821 
402.699066 208.518265 
432.838196 223.042953 
415.594452 209.087570 
203.508667 191.379761 
267.910004 144.536240 
502.442902 276.652527 
471.862610 210.279297 
412.498444 297.045227 
304.817841 182.851562 
502.595276 214.078186 
311.194824 213.866119 
522.760193 233.210480 
511.662964 242.092026 
426.050293 298.880707 
205.847992 344.573761 
498.542267 299.490753 
400.301025 236.820160 
287.366882 198.124771 
407.924438 201.230774 
487.734802 230.163132 
288.636597 165.905716 
465.665558 270.771729 
409.823242 257.302277 
107.054947 218.905670 
433.529907 183.404251 
460.244781 269.729584 
460.160126 269.354584 
472.706482 219.916321 
459.515350 255.202072 
405.927979 207.468094 
455.071899 242.241531 
143.783813 93.795677 
374.126892 331.895782 
477.390442 227.550339 
428.612762 300.985748 
197.745178 99.763084 
197.236649 99.932396 
460.109894 223.441711 
536.146851 257.160156 
207.356964 193.788300 
326.548431 341.158569 
469.757233 260.276428 
472.051117 269.949310 
309.510864 180.676666 
538.750854 244.507172 
403.544800 229.720947 
230.992279 228.521759 
238.754730 183.500412 
238.871078 327.525055 
455.690308 243.086426 
400.218170 237.097610 
145.664688 241.999344 
504.181641 296.532776 
419.486359 305.191406 
486.680603 261.664093 
475.441101 245.267715 
418.791931 303.623016 
449.728516 207.182205 
405.495544 200.001221 
471.837097 238.041641 
53.364643 318.776611 
408.818359 173.546967 
395.746338 217.423294 
447.259308 224.446945 
475.863342 253.342041 
471.397339 316.405701 
430.991577 222.423874 
257.983459 224.956467 
495.019745 238.501221 
401.303070 220.344070 
436.332794 226.580765 
409.130341 226.773300 
418.860779 304.812012 
454.447449 243.365128 
224.616959 346.472870 
401.723145 209.547394 
453.839996 277.710266 
408.675995 257.622620 
216.487518 101.692818 
252.255768 144.357269 
315.020966 176.432098 
394.284607 229.703232 
322.777039 177.062225 
429.029053 222.890533 
505.023224 240.162720 
478.835693 334.513428 
322.303009 341.533569 
282.158936 164.509048 
427.357513 267.696564 
385.376678 251.718582 
145.217224 246.788361 
258.733765 155.791290 
257.836914 149.130630 
400.891785 205.119644 
424.011810 269.842285 
313.609283 181.475815 
487.801453 307.548828 
534.733276 260.395813 
229.880875 334.217041 
483.727081 309.583801 
334.189667 207.894043 
483.702820 229.438843 
509.712402 256.410950 
460.045197 256.502319 
24.693386 360.296051 
282.265472 334.434967 
496.405548 234.997147 
408.516357 227.614761 
213.125015 189.625305 
402.499420 291.485138 
402.332275 291.567352 
486.983704 253.691315 
480.066711 231.884491 
498.888885 270.644104 
505.428192 239.228439 
394.972443 222.497009 
234.962738 186.864227 
234.052368 186.844788 
407.555786 229.525131 
485.081207 308.809601 
491.947266 231.499207 
467.175232 239.234482 
183.070358 329.747833 
402.895203 236.330093 
499.867218 298.485077 
293.725952 207.161118 
460.400543 224.241867 
233.482452 335.916534 
243.310181 174.943420 
469.825623 224.688889 
131.110336 184.489380 
465.853638 271.246643 
514.523560 245.769791 
487.452209 253.028503 
336.647644 210.054214 
403.990906 201.044083 
202.489990 197.819092 
269.056030 149.507660 
237.224060 182.103546 
291.116333 186.837341 
501.057495 237.635727 
390.149139 267.183411 
405.744080 231.668915 
208.481903 201.934921 
267.652130 136.707382 
244.765274 226.597412 
485.245789 248.577927 
491.950867 268.080566 
494.158020 238.724655 
146.209671 242.334015 
507.156189 241.176178 
402.172668 214.032516 
500.560760 309.590607 
487.824249 229.451370 
340.156311 279.749146 
472.622803 248.342728 
424.107605 388.581940 
472.496033 238.946793 
279.952209 208.148148 
396.727997 246.010208 
469.780518 233.442810 
314.637177 277.512238 
238.560867 182.934814 
420.224854 228.400513 
491.574768 247.817764 
255.727020 155.115356 
193.616302 200.926468 
232.588531 349.782196 
433.457458 240.750488 
438.664948 254.334351 
484.324890 255.572250 
419.711548 201.916061 
436.453400 252.579132 
419.101959 300.872528 
436.342041 250.411713 
433.909882 243.415894 
248.242371 331.843353 
298.077087 336.358917 
210.208527 182.888443 
508.143158 300.768555 
521.098816 436.673004 
512.354248 245.743256 
472.887054 175.807159 
511.354248 245.172775 
62.515888 302.346313 
336.958557 320.503540 
43.104763 347.265991 
477.733826 228.211914 
124.314796 151.877319 
473.180206 233.610489 
469.286804 270.763550 
227.957962 197.168549 
480.371521 260.497803 
436.563263 178.632843 
468.920044 233.207108 
468.996887 233.351181 
441.384216 247.557892 
416.836914 261.113037 
416.237305 261.594849 
218.060318 203.691299 
65.506805 330.715607 
119.344109 367.901917 
540.201721 255.724106 
266.322754 229.384552 
475.633148 254.822800 
464.767517 224.417969 
438.886658 253.850357 
450.449097 228.160751 
250.281219 175.976105 
436.167358 251.901321 
248.387451 184.722076 
391.873352 273.743988 
434.975006 260.079742 
409.789520 256.887695 
255.144089 177.760757 
422.766235 270.293579 
35.489822 353.293671 
256.873901 197.485184 
321.196320 175.709213 
413.144165 285.468048 
310.100525 280.176117 
418.532318 299.344330 
424.614136 234.329758 
479.827209 253.257080 
465.590759 224.269592 
321.559296 179.136185 
429.653961 221.737976 
228.370865 181.848770 
317.758575 130.700211 
419.731842 299.375549 
419.169769 299.256226 
50.703453 340.091034 
331.441345 231.310364 
215.882553 188.698410 
229.387512 340.233215 
349.027679 250.185608 
521.948303 289.023529 
477.420166 250.447815 
294.897858 201.270309 
253.284683 144.549728 
443.860321 250.403015 
319.754364 95.937675 
319.661346 95.796295 
203.799118 346.088409 
323.109680 239.536102 
313.334686 180.378937 
337.942261 204.963791 
256.416321 155.375732 
294.632996 205.969742 
232.246918 190.523453 
146.051941 256.534210 
330.808289 213.296997 
304.278687 172.631882 
480.591888 244.550018 
288.943878 151.986130 
433.728546 179.700241 
289.978851 308.051697 
256.683990 263.601013 
268.198914 146.101501 
241.950378 190.879517 
219.839111 206.212524 
310.490570 269.410095 
137.202728 216.591888 
335.565430 203.847122 
146.427399 253.477539 
457.034637 252.933212 
226.979614 225.443069 
304.736542 322.001526 
90.325943 309.339233 
443.379181 221.279144 
148.199783 300.612213 
389.558838 263.833923 
267.826630 240.537384 
346.210571 209.843353 
497.513397 311.306702 
347.521667 214.713257 
259.798096 230.915665 
139.388260 278.842712 
