500
151.380341 245.981964 
299.862793 392.394958 
299.862793 392.394958 
158.591156 232.987991 
167.242096 216.665039 
271.214233 376.169891 
161.256805 228.248032 
157.838989 234.360199 
157.305679 232.113327 
157.838989 234.360199 
157.838989 234.360199 
557.299683 343.483643 
186.551712 214.701431 
271.214233 376.169891 
157.838989 234.360199 
167.242096 216.665039 
183.387131 256.122864 
366.080872 252.271896 
154.622543 237.684204 
154.622543 237.684204 
157.305679 232.113327 
157.838989 234.360199 
157.676727 244.551285 
351.231598 143.264160 
188.300003 238.712341 
181.093384 256.790283 
318.340179 264.948181 
157.838989 234.360199 
271.214233 376.169891 
175.452957 247.549026 
158.122360 229.917908 
204.275055 147.179733 
154.622543 237.684204 
340.942352 207.022507 
125.394890 144.226196 
509.055542 143.920685 
509.055542 143.920685 
175.452957 247.549026 
505.469238 154.520447 
175.452957 247.549026 
142.019012 243.547638 
378.846191 113.095200 
157.486343 215.693405 
154.622543 237.684204 
157.838989 234.360199 
189.710815 117.364616 
181.472458 232.755325 
389.770691 293.468689 
167.904953 243.903488 
559.882629 249.145782 
175.452957 247.549026 
217.983780 237.682556 
204.275055 147.179733 
505.469238 154.520447 
349.545074 269.378845 
365.414276 304.345306 
181.472458 232.755325 
167.904953 243.903488 
181.472458 232.755325 
362.782745 287.265778 
181.472458 232.755325 
191.575165 237.364243 
333.458038 156.027435 
181.472458 232.755325 
181.472458 232.755325 
154.622543 237.684204 
182.420959 218.941437 
217.284912 229.625763 
204.634445 248.453644 
363.182373 303.960724 
318.340179 264.948181 
303.930115 74.988594 
363.436279 146.535599 
290.497498 258.746094 
157.486343 215.693405 
181.472458 232.755325 
179.405014 209.249527 
157.486343 215.693405 
381.578339 319.273743 
381.578339 319.273743 
177.752350 256.479065 
190.037491 119.413445 
182.387787 219.512421 
273.316559 210.452484 
158.591156 232.987991 
158.591156 232.987991 
167.137451 115.652924 
559.882629 249.145782 
372.353149 323.687103 
179.405014 209.249527 
179.405014 209.249527 
290.497498 258.746094 
291.221741 264.176514 
157.791672 249.874619 
157.791672 249.874619 
387.957886 326.622711 
142.953781 204.385895 
215.372864 245.718842 
125.306076 148.139252 
284.489624 255.634445 
562.721802 251.778534 
154.622543 237.684204 
148.535187 230.762024 
314.231750 196.186996 
146.060806 233.509293 
349.457489 148.090866 
400.868530 304.998230 
183.387131 256.122864 
181.472458 232.755325 
562.721802 251.778534 
388.369720 318.293701 
377.705719 327.254852 
180.038910 231.323959 
389.770691 293.468689 
191.860550 252.661438 
157.486343 215.693405 
405.369110 153.731415 
122.672897 150.393219 
347.431458 340.183716 
314.665985 19.416861 
129.796143 195.707794 
355.321106 165.337112 
157.486343 215.693405 
339.395538 214.983566 
214.912888 129.178040 
216.976959 246.861221 
181.472458 232.755325 
185.705109 238.265259 
158.591156 232.987991 
149.606125 220.675461 
365.309509 145.299225 
388.256622 167.157257 
180.817581 120.607147 
362.009674 147.132065 
191.860550 252.661438 
175.269897 123.033478 
170.620544 220.230972 
191.860550 252.661438 
325.443970 136.562256 
372.605469 276.299255 
186.771698 117.692039 
381.557709 316.172211 
381.557709 316.172211 
596.098511 267.059052 
200.845932 205.394318 
339.395538 214.983566 
522.593933 134.211960 
372.353149 323.687103 
216.976959 246.861221 
330.815735 286.269623 
217.984726 155.638321 
239.078415 144.096741 
239.078415 144.096741 
125.394890 144.226196 
550.528076 350.784668 
158.687607 223.613525 
157.754425 226.180756 
292.794495 267.708435 
347.431458 340.183716 
233.931702 176.978195 
229.323135 219.733429 
285.255035 69.502541 
181.472458 232.755325 
330.998230 299.106476 
217.852951 213.192825 
181.472458 232.755325 
181.472458 232.755325 
181.472458 232.755325 
182.238235 209.957932 
349.457489 148.090866 
139.672394 225.844269 
189.710815 117.364616 
205.423950 224.220657 
180.038910 231.323959 
161.256805 228.248032 
126.403053 148.579132 
154.622543 237.684204 
154.622543 237.684204 
181.472458 232.755325 
125.708130 198.945435 
173.860947 238.222351 
385.011292 325.740875 
181.472458 232.755325 
405.369110 153.731415 
362.782745 287.265778 
216.976959 246.861221 
180.038910 231.323959 
409.769562 155.074005 
233.931702 176.978195 
323.237976 320.779205 
377.053619 321.350922 
218.446487 239.252975 
229.650864 175.642609 
157.486343 215.693405 
369.901367 266.419189 
377.053619 321.350922 
425.741180 172.198914 
157.486343 215.693405 
205.423950 224.220657 
306.953644 303.219818 
247.381012 170.295776 
157.486343 215.693405 
292.617188 260.887604 
189.710815 117.364616 
215.372864 245.718842 
162.301254 174.843140 
400.868530 304.998230 
362.009674 147.132065 
275.845123 248.278168 
366.080872 252.271896 
146.060806 233.509293 
166.364365 120.850357 
236.185333 185.070847 
171.423538 199.645996 
198.925064 165.502365 
198.925064 165.502365 
372.353149 323.687103 
388.818909 161.883209 
157.486343 215.693405 
233.931702 176.978195 
175.461731 113.883987 
167.904953 243.903488 
404.450317 242.366333 
154.622543 237.684204 
163.840271 122.161217 
173.861404 114.161377 
173.861404 114.161377 
216.976959 246.861221 
175.461731 113.883987 
170.620544 220.230972 
191.860550 252.661438 
336.720398 290.580780 
186.304306 170.383972 
173.860947 238.222351 
171.061707 181.422409 
122.672897 150.393219 
185.705109 238.265259 
188.218857 160.417221 
157.305679 232.113327 
346.604675 347.006958 
318.340179 264.948181 
197.275894 184.630066 
188.218857 160.417221 
323.237976 320.779205 
163.099976 194.673859 
402.402649 281.287415 
425.059814 184.015808 
171.061707 181.422409 
154.622543 237.684204 
166.509506 124.323730 
230.654587 188.157288 
224.002686 244.787354 
182.387787 219.512421 
519.698914 335.665710 
316.159271 318.388092 
166.364365 120.850357 
175.269897 123.033478 
180.134491 230.381241 
188.218857 160.417221 
148.535187 230.762024 
337.861115 347.564606 
614.226562 236.770096 
217.852951 213.192825 
177.084503 111.600517 
157.838989 234.360199 
229.323135 219.733429 
402.402649 281.287415 
170.620544 220.230972 
366.080872 252.271896 
167.318054 120.387764 
229.650864 175.642609 
229.650864 175.642609 
400.837097 323.730316 
170.620544 220.230972 
192.929581 162.291000 
248.576431 194.479111 
173.861404 114.161377 
163.099976 194.673859 
181.909744 190.796799 
185.705109 238.265259 
181.423584 119.594604 
152.918839 186.048904 
542.017944 133.964401 
229.650864 175.642609 
158.122360 229.917908 
371.406677 319.701080 
352.809265 217.429901 
295.498840 265.821503 
306.635803 295.720215 
193.597733 206.732071 
155.594467 212.656387 
365.414276 304.345306 
236.135559 234.475082 
362.782745 287.265778 
190.119568 113.885780 
161.762314 179.108490 
220.091827 210.541916 
192.929581 162.291000 
164.898666 119.109062 
405.459747 323.140350 
609.821228 238.114014 
170.620544 220.230972 
366.080872 252.271896 
181.472458 232.755325 
181.769608 112.968918 
177.626282 215.190262 
236.135559 234.475082 
205.521103 162.727524 
224.002686 244.787354 
583.220459 245.779449 
402.402649 281.287415 
402.402649 281.287415 
220.091827 210.541916 
236.135559 234.475082 
349.780823 76.668854 
505.469238 154.520447 
369.901367 266.419189 
411.341339 324.188934 
69.351677 127.148422 
400.837097 323.730316 
146.060806 233.509293 
259.291046 209.060379 
230.884613 235.083344 
170.620544 220.230972 
147.744583 171.938080 
179.405014 209.249527 
157.305679 232.113327 
239.078415 144.096741 
480.914795 296.628143 
294.366608 263.951355 
152.959702 240.912659 
402.402649 281.287415 
373.826141 155.078033 
170.620544 220.230972 
149.213821 148.269501 
410.033447 322.251465 
185.705109 238.265259 
180.038910 231.323959 
366.080872 252.271896 
194.127487 192.557617 
148.535187 230.762024 
185.705109 238.265259 
192.311081 204.059082 
181.472458 232.755325 
557.299683 343.483643 
161.752838 233.571579 
234.537415 233.528549 
519.698914 335.665710 
192.929581 162.291000 
479.152405 357.847107 
224.002686 244.787354 
478.418884 202.626083 
180.038910 231.323959 
157.838989 234.360199 
475.445648 306.988831 
163.099976 194.673859 
393.715546 293.247620 
156.772614 189.817673 
170.620544 220.230972 
411.660645 313.647888 
162.301254 174.843140 
172.215927 164.087265 
367.738739 324.334534 
467.683075 180.690979 
185.705109 238.265259 
177.837402 248.146057 
181.472458 232.755325 
181.219482 229.713943 
186.304306 170.383972 
331.443390 286.485443 
181.219482 229.713943 
217.595703 233.889267 
572.088135 232.233810 
58.701466 122.640305 
170.620544 220.230972 
350.074707 352.735687 
156.772614 189.817673 
355.391541 130.149384 
352.809265 217.429901 
92.284943 130.021301 
92.284943 130.021301 
390.246155 279.380463 
186.304306 170.383972 
335.778564 127.608040 
149.558914 216.821503 
148.970261 229.457733 
306.635803 295.720215 
170.620544 220.230972 
372.418762 315.968445 
346.834747 284.218811 
204.275055 147.179733 
216.724838 214.566025 
183.387131 256.122864 
219.468613 179.850662 
175.269897 123.033478 
175.269897 123.033478 
467.683075 180.690979 
372.418762 315.968445 
173.861404 114.161377 
350.074707 352.735687 
186.431747 171.169601 
210.521637 192.492676 
385.632904 164.169373 
184.840561 255.454330 
167.242096 216.665039 
162.301254 174.843140 
114.684326 138.910706 
147.744583 171.938080 
149.213821 148.269501 
297.301727 297.470947 
299.862793 392.394958 
163.099976 194.673859 
143.923752 235.057266 
354.971832 226.781723 
159.535690 216.835602 
185.705109 238.265259 
365.414276 304.345306 
483.829803 308.217255 
234.793762 240.607391 
181.472458 232.755325 
403.453064 308.778595 
181.472458 232.755325 
182.387787 219.512421 
369.901367 266.419189 
531.288269 341.630493 
372.418762 315.968445 
300.603699 261.611053 
574.459290 249.554062 
295.226013 298.569519 
414.066772 326.720734 
371.406677 319.701080 
372.353149 323.687103 
168.049271 170.946762 
404.684265 332.151917 
210.521637 192.492676 
324.765717 309.583832 
314.518890 299.544464 
314.518890 299.544464 
247.381012 170.295776 
163.099976 194.673859 
103.379379 133.089142 
330.998230 299.106476 
352.704987 134.376541 
366.080872 252.271896 
177.208984 224.111862 
349.780823 76.668854 
542.017944 133.964401 
485.931519 292.799561 
417.147034 178.212463 
475.445648 306.988831 
329.606873 324.598053 
409.769562 155.074005 
361.526581 336.030884 
168.049271 170.946762 
475.445648 306.988831 
564.594360 270.670135 
335.326141 280.358459 
192.978455 188.658905 
182.420959 218.941437 
168.049271 170.946762 
168.049271 170.946762 
233.362564 221.167694 
182.238235 209.957932 
156.772614 189.817673 
166.002258 173.790405 
542.130127 340.894196 
292.794495 267.708435 
233.931702 176.978195 
282.868561 121.647331 
291.221741 264.176514 
296.011353 221.363495 
170.910416 170.129715 
311.723572 210.733582 
465.889923 354.019806 
403.587921 310.314697 
350.074707 352.735687 
305.964478 238.905060 
204.275055 147.179733 
175.461731 113.883987 
506.693054 242.095932 
337.482361 207.850830 
306.635803 295.720215 
107.945076 139.656265 
318.347839 321.569489 
409.424530 322.016144 
401.892456 281.178009 
405.369110 153.731415 
243.169022 233.935257 
409.424530 322.016144 
161.752838 233.571579 
192.311081 204.059082 
311.764343 309.322052 
197.275894 184.630066 
197.275894 184.630066 
188.288818 258.043793 
161.752838 233.571579 
161.752838 233.571579 
505.226166 252.715118 
475.445648 306.988831 
400.868530 304.998230 
