500
473.853546 176.087723 
90.779564 329.365723 
93.125542 312.620483 
472.971191 192.587036 
315.344543 216.925217 
473.226471 191.528610 
488.975403 194.954147 
392.253265 390.279602 
483.461273 190.355270 
484.797760 193.085327 
469.155701 214.632385 
447.424133 196.111877 
273.473755 245.118408 
483.046143 210.592773 
444.737213 196.528961 
445.156433 195.985825 
462.495209 187.076187 
475.469971 194.861237 
476.079529 184.352997 
476.886200 185.914627 
488.659576 197.813354 
51.317047 311.106567 
455.625458 219.855743 
492.143829 193.491501 
487.472534 199.996902 
469.019379 211.364059 
441.131744 198.994675 
440.915924 189.734283 
541.445129 255.873413 
350.660736 218.050522 
442.756683 209.873672 
482.839203 191.689438 
485.265594 194.785385 
476.164917 183.115250 
459.326447 192.087021 
540.201721 255.724106 
311.098297 278.970520 
413.988464 190.716995 
334.189667 207.894043 
440.862640 201.382996 
271.679596 154.417725 
287.881500 161.794983 
437.175903 191.928864 
475.378906 211.698151 
447.103516 193.067688 
455.405304 200.519882 
429.767059 202.466522 
92.511772 313.093292 
424.241974 192.043777 
472.969604 189.549072 
328.449921 168.414185 
454.004517 197.295837 
462.832916 174.176483 
281.928375 223.974426 
422.377289 195.807526 
438.998138 200.919327 
236.434601 178.818359 
454.966095 201.647659 
272.845428 240.291275 
256.686829 195.607056 
498.542267 299.490753 
321.234406 336.869720 
437.614716 186.050339 
457.462158 212.850571 
263.407043 351.104950 
416.721466 199.691833 
448.416779 310.961243 
451.627289 182.800873 
496.137543 184.266739 
476.443207 210.209229 
452.510681 184.218277 
314.019531 217.237885 
476.095398 181.783798 
415.893463 206.184464 
460.489410 206.868530 
440.333740 200.796509 
416.711823 193.745270 
426.050293 298.880707 
505.231506 298.982269 
310.561890 342.239441 
268.208344 107.741394 
251.949646 196.152786 
332.347473 206.930939 
342.228333 213.336273 
234.962738 186.864227 
234.052368 186.844788 
480.698212 198.632751 
469.046783 193.166885 
433.092773 216.191467 
342.628479 214.159790 
439.715118 206.709900 
260.980621 154.895264 
453.614594 285.089844 
309.483643 345.343719 
482.965668 204.144958 
486.379242 306.525238 
535.774902 263.669952 
423.488770 190.728790 
452.379303 210.324860 
452.242096 180.824448 
258.718750 195.151413 
530.106506 135.762344 
450.317719 186.563080 
445.319153 214.910843 
459.509827 220.808990 
506.526459 299.599945 
436.197662 185.156250 
509.031677 208.939148 
247.564331 178.685577 
428.378082 302.627380 
428.527954 302.306549 
309.479492 341.615753 
224.616959 346.472870 
506.246124 213.313507 
428.048187 186.232880 
265.508423 352.481445 
309.960236 270.835297 
479.391998 207.700485 
248.890060 105.679253 
491.947266 231.499207 
292.807129 200.391083 
456.580750 212.277695 
460.693756 221.403214 
460.952057 221.133881 
416.611938 192.561844 
143.783813 93.795677 
484.597961 314.025482 
443.335907 220.590134 
326.548431 341.158569 
418.733673 228.432098 
163.096436 95.963226 
438.124786 218.982147 
478.496979 207.500641 
511.643127 241.435455 
477.616577 200.449936 
410.081940 198.691895 
337.346588 264.702881 
438.222473 312.612915 
290.416107 188.581863 
299.278595 110.299019 
288.355774 194.537415 
494.584747 183.104095 
422.419647 213.563156 
435.014587 183.570938 
466.145966 207.142761 
461.142151 288.183105 
499.006378 212.602310 
444.152191 217.529251 
294.897858 201.270309 
444.916168 284.736786 
448.348572 216.112732 
273.146515 244.093445 
507.211823 297.588684 
407.924438 201.230774 
424.399963 298.752716 
498.182983 310.788849 
495.669281 216.525818 
512.616333 268.227478 
512.920471 268.299927 
256.950317 148.536880 
450.497864 227.566467 
258.733765 155.791290 
310.490570 269.410095 
417.463348 229.224258 
43.104763 347.265991 
248.618805 179.863693 
440.574432 311.511627 
480.066711 231.884491 
493.707550 182.000778 
444.037384 192.521576 
197.745178 99.763084 
197.236649 99.932396 
415.355957 212.548492 
270.722290 238.181274 
499.224030 213.309479 
514.521362 215.660385 
315.625214 276.738953 
402.699066 208.518265 
322.834015 336.758362 
521.948303 289.023529 
411.226440 298.855438 
415.159454 199.998611 
311.549316 177.664429 
439.229095 312.864929 
432.838196 223.042953 
419.756073 298.180908 
514.719055 217.582260 
307.286835 341.231964 
427.357513 267.696564 
463.117126 220.887161 
482.200562 208.129578 
66.301460 330.230743 
527.138489 233.871750 
444.661041 176.707947 
511.889191 239.668869 
466.228546 274.259338 
448.063782 223.600327 
416.611420 212.894913 
406.017578 226.780914 
246.188156 181.979462 
415.594452 209.087570 
65.506805 330.715607 
360.613831 215.802948 
85.591255 314.312164 
454.216064 202.652359 
417.569427 195.231064 
228.370865 181.848770 
374.126892 331.895782 
294.072021 253.359009 
304.817841 182.851562 
523.171631 279.425781 
471.862610 210.279297 
487.964142 233.269318 
433.529907 183.404251 
426.391754 218.945129 
210.208527 182.888443 
426.187927 267.344818 
291.446747 267.140533 
446.061829 239.059998 
433.909882 243.415894 
428.612762 300.985748 
232.588531 349.782196 
416.836914 261.113037 
416.237305 261.594849 
443.766174 179.342789 
241.297592 266.091553 
452.859650 178.872452 
436.332794 226.580765 
486.680603 261.664093 
422.429169 188.994843 
311.194824 213.866119 
320.210510 336.834473 
385.506989 388.852295 
475.441101 245.267715 
269.576904 237.892120 
291.383606 162.534088 
502.442902 276.652527 
287.366882 198.124771 
262.757385 348.520966 
455.690308 243.086426 
522.760193 233.210480 
405.927979 207.468094 
487.734802 230.163132 
203.508667 191.379761 
460.109894 223.441711 
247.075500 177.787308 
511.662964 242.092026 
472.706482 219.916321 
402.649292 259.199219 
412.498444 297.045227 
508.143158 300.768555 
400.218170 237.097610 
460.400543 224.241867 
453.532776 219.568619 
447.259308 224.446945 
409.823242 257.302277 
238.871078 327.525055 
525.083252 236.773621 
269.776886 153.949295 
412.948944 222.443085 
218.060318 203.691299 
408.675995 257.622620 
244.346237 339.794830 
487.452209 253.028503 
248.242371 331.843353 
438.820221 223.463730 
502.595276 214.078186 
289.654449 165.507187 
471.837097 238.041641 
53.364643 318.776611 
275.502258 337.885132 
401.723145 209.547394 
499.867218 298.485077 
504.181641 296.532776 
237.224060 182.103546 
469.757233 260.276428 
471.390228 217.741226 
207.356964 193.788300 
486.983704 253.691315 
429.029053 222.890533 
478.835693 334.513428 
349.419922 337.304108 
536.146851 257.160156 
396.727997 246.010208 
491.950867 268.080566 
475.863342 253.342041 
288.636597 165.905716 
430.991577 222.423874 
436.631714 234.182556 
401.303070 220.344070 
238.754730 183.500412 
257.983459 224.956467 
402.499420 291.485138 
402.332275 291.567352 
343.155396 242.046066 
402.895203 236.330093 
234.488846 103.716522 
403.544800 229.720947 
538.750854 244.507172 
534.733276 260.395813 
216.487518 101.692818 
484.442871 312.539062 
278.889557 208.209000 
485.523224 177.531418 
394.284607 229.703232 
405.495544 200.001221 
495.019745 238.501221 
487.824249 229.451370 
422.766235 270.293579 
418.688660 232.780334 
471.397339 316.405701 
472.051117 269.949310 
483.727081 309.583801 
509.712402 256.410950 
400.301025 236.820160 
286.648590 109.533501 
257.836914 149.130630 
408.516357 227.614761 
282.265472 334.434967 
291.116333 186.837341 
340.156311 279.749146 
208.493225 190.537430 
400.891785 205.119644 
420.224854 228.400513 
403.990906 201.044083 
153.054504 237.520538 
454.447449 243.365128 
233.652771 228.438461 
471.290375 273.976135 
229.880875 334.217041 
409.130341 226.773300 
419.486359 305.191406 
485.245789 248.577927 
269.056030 149.507660 
469.825623 224.688889 
280.849182 331.136444 
505.428192 239.228439 
496.405548 234.997147 
498.888885 270.644104 
485.081207 308.809601 
477.390442 227.550339 
491.574768 247.817764 
293.725952 207.161118 
450.449097 228.160751 
455.071899 242.241531 
208.481903 201.934921 
204.949081 192.177109 
124.314796 151.877319 
460.244781 269.729584 
460.160126 269.354584 
227.957962 197.168549 
419.711548 201.916061 
512.354248 245.743256 
436.342041 250.411713 
256.873901 197.485184 
241.950378 190.879517 
243.310181 174.943420 
158.321884 244.900146 
418.791931 303.623016 
494.158020 238.724655 
436.453400 252.579132 
141.856400 221.528839 
514.523560 245.769791 
295.071320 272.213715 
395.746338 217.423294 
183.070358 329.747833 
205.011581 181.080399 
238.560867 182.934814 
394.972443 222.497009 
424.107605 388.581940 
519.484314 249.740601 
469.286804 270.763550 
336.647644 210.054214 
314.637177 277.512238 
467.175232 239.234482 
252.255768 144.357269 
505.023224 240.162720 
405.744080 231.668915 
213.125015 189.625305 
521.098816 436.673004 
287.646698 109.720177 
465.590759 224.269592 
222.885727 206.522629 
477.733826 228.211914 
480.371521 260.497803 
69.210281 326.064392 
419.101959 300.872528 
464.767517 224.417969 
449.728516 207.182205 
433.457458 240.750488 
407.555786 229.525131 
119.344109 367.901917 
438.664948 254.334351 
465.853638 271.246643 
487.801453 307.548828 
453.839996 277.710266 
465.665558 270.771729 
473.180206 233.610489 
475.633148 254.822800 
298.077087 336.358917 
500.560760 309.590607 
441.384216 247.557892 
258.415588 138.795425 
429.653961 221.737976 
454.286255 253.191605 
472.496033 238.946793 
436.167358 251.901321 
193.616302 200.926468 
408.818359 173.546967 
336.958557 320.503540 
274.147919 267.414581 
374.269623 252.218948 
222.386185 209.696655 
323.109680 239.536102 
438.886658 253.850357 
310.100525 280.176117 
391.873352 273.743988 
511.354248 245.172775 
321.196320 175.709213 
202.568741 183.517029 
459.515350 255.202072 
405.923157 214.109802 
253.284683 144.549728 
418.860779 304.812012 
484.324890 255.572250 
419.731842 299.375549 
419.169769 299.256226 
50.703453 340.091034 
428.754822 181.767380 
424.011810 269.842285 
469.780518 233.442810 
418.532318 299.344330 
473.364471 346.486115 
137.202728 216.591888 
402.172668 214.032516 
251.032196 144.085281 
205.847992 344.573761 
480.591888 244.550018 
460.045197 256.502319 
158.214218 154.563004 
292.345306 176.609634 
413.144165 285.468048 
249.909653 173.271591 
497.127869 183.458618 
497.624939 183.065628 
497.624939 183.065628 
391.235626 338.290131 
443.860321 250.403015 
294.632996 205.969742 
436.563263 178.632843 
265.369873 211.902954 
472.622803 248.342728 
483.702820 229.438843 
255.144089 177.760757 
250.281219 175.976105 
82.408714 292.985931 
233.482452 335.916534 
501.057495 237.635727 
477.420166 250.447815 
434.975006 260.079742 
144.072876 234.656677 
140.137543 235.660950 
256.683990 263.601013 
217.043640 238.643250 
217.433136 238.105820 
347.521667 214.713257 
507.156189 241.176178 
452.556030 247.821045 
443.379181 221.279144 
288.943878 151.986130 
221.067032 207.892120 
148.199783 300.612213 
279.952209 208.148148 
443.806702 330.409515 
218.976822 235.717819 
346.210571 209.843353 
492.860779 313.468048 
146.209671 242.334015 
248.387451 184.722076 
237.705139 214.002701 
415.834503 280.617767 
290.602478 264.308136 
294.626099 208.357193 
90.325943 309.339233 
467.837341 168.163971 
217.597763 201.334381 
479.827209 253.257080 
223.160675 210.506958 
282.540131 264.796356 
223.787094 229.705475 
411.187164 282.964722 
412.924469 229.103012 
148.930527 299.392853 
313.052399 175.205338 
237.476105 189.229248 
237.628998 189.552307 
266.322754 229.384552 
480.709290 256.877594 
468.920044 233.207108 
468.996887 233.351181 
