500
239.361176 135.957184 
247.729706 95.101448 
233.538574 116.878555 
243.427048 99.268402 
260.403137 87.851425 
257.930542 127.926575 
257.930542 127.926575 
443.182739 334.711334 
243.427048 99.268402 
288.082733 225.742722 
243.427048 99.268402 
244.766937 96.511871 
177.512924 266.059357 
244.919647 97.037888 
332.664001 285.861938 
264.166748 96.005974 
248.611206 112.701027 
242.203033 92.487198 
248.611206 112.701027 
243.427048 99.268402 
248.611206 112.701027 
244.039948 86.498627 
238.968811 95.805840 
275.146637 111.708992 
238.968811 95.805840 
255.191513 125.123497 
251.138504 92.270607 
243.427048 99.268402 
467.642944 54.035976 
264.166748 96.005974 
277.785034 120.046249 
240.883011 118.633530 
353.119232 47.242451 
250.661499 119.616898 
238.968811 95.805840 
244.919647 97.037888 
177.512924 266.059357 
240.883011 118.633530 
297.481598 251.127701 
291.911224 221.755417 
359.507965 242.584152 
240.883011 118.633530 
250.661499 119.616898 
244.919647 97.037888 
248.611206 112.701027 
487.555847 357.594116 
414.125946 220.334610 
243.113327 143.257675 
308.569336 327.391327 
240.883011 118.633530 
363.396118 93.432518 
286.815918 311.291901 
238.968811 95.805840 
262.902832 107.769096 
257.930542 127.926575 
238.968811 95.805840 
308.455963 280.183380 
357.112732 239.703217 
276.167480 148.897217 
244.039948 86.498627 
332.664001 285.861938 
359.775330 67.242546 
361.509369 141.168823 
262.445404 120.317963 
261.070892 130.608810 
264.166748 96.005974 
477.315521 60.276703 
419.294312 258.546509 
344.162750 48.930607 
454.822052 143.516632 
263.524017 139.436783 
261.070892 130.608810 
250.661499 119.616898 
437.855499 268.950653 
297.481598 251.127701 
262.902832 107.769096 
262.445404 120.317963 
314.567078 45.837666 
288.681763 314.523773 
291.911224 221.755417 
422.688110 230.838593 
347.651428 54.798515 
262.902832 107.769096 
421.513947 234.200241 
424.736633 231.882217 
276.167480 148.897217 
274.467987 278.972961 
238.968811 95.805840 
238.128769 77.054680 
436.352814 176.801498 
244.919647 97.037888 
441.423584 318.578857 
262.902832 107.769096 
535.217163 346.492035 
261.747040 68.982178 
314.567078 45.837666 
314.567078 45.837666 
358.134979 54.054436 
262.445404 120.317963 
244.720566 133.307480 
248.611206 112.701027 
303.203278 342.542114 
257.182526 86.615341 
477.620667 9.378835 
275.146637 111.708992 
257.182526 86.615341 
230.430557 104.182976 
230.430557 104.182976 
348.208282 55.220200 
353.513977 211.585358 
421.513947 234.200241 
276.700500 105.695572 
276.700500 105.695572 
351.608582 244.221115 
244.039948 86.498627 
244.959793 135.862595 
248.611206 112.701027 
475.409729 105.984474 
264.166748 96.005974 
414.125946 220.334610 
458.937927 227.200974 
286.815918 311.291901 
359.494446 63.804699 
353.119232 47.242451 
267.365723 115.861481 
361.007629 65.843246 
437.855499 268.950653 
308.569336 327.391327 
314.567078 45.837666 
353.119232 47.242451 
241.147919 109.521713 
261.915741 261.974518 
262.902832 107.769096 
239.361176 135.957184 
285.707581 274.046997 
280.439301 279.453217 
257.182526 86.615341 
244.959793 135.862595 
290.090607 143.515839 
302.485565 25.654320 
268.034698 159.283585 
351.608582 244.221115 
248.592529 130.837601 
341.766449 110.274712 
477.315521 60.276703 
477.315521 60.276703 
432.013916 357.382660 
332.664001 285.861938 
429.113861 308.922089 
257.588440 53.009624 
262.902832 107.769096 
429.113861 308.922089 
287.505920 69.058037 
253.642746 92.222389 
369.742615 109.968521 
355.110413 59.745438 
365.718475 115.968018 
365.718475 115.968018 
292.689880 151.378922 
344.162750 48.930607 
257.930542 127.926575 
262.902832 107.769096 
246.106827 75.192810 
299.018768 24.524736 
261.915741 261.974518 
332.664001 285.861938 
244.039948 86.498627 
257.182526 86.615341 
238.968811 95.805840 
356.708496 239.061874 
238.968811 95.805840 
254.532455 123.419662 
361.374237 57.210518 
262.445404 120.317963 
251.137711 82.747803 
261.070892 130.608810 
276.167480 148.897217 
337.567535 132.112915 
337.664185 261.038239 
295.633301 138.633820 
244.919647 97.037888 
319.348175 319.448517 
331.044678 129.846024 
281.200165 83.259506 
292.677368 361.585846 
323.535034 90.635902 
341.979736 100.188339 
342.380066 93.308403 
287.505920 69.058037 
278.505035 346.469055 
303.203278 342.542114 
248.611206 112.701027 
438.504242 274.883087 
331.361633 134.315277 
238.128769 77.054680 
251.816147 283.129547 
238.968811 95.805840 
314.567078 45.837666 
361.007629 65.843246 
348.347229 262.674255 
358.134979 54.054436 
300.175781 302.988159 
239.916153 318.614868 
262.902832 107.769096 
356.887939 51.783176 
323.872681 97.867668 
323.872681 97.867668 
178.489304 299.263733 
327.472565 130.757156 
278.505035 346.469055 
314.567078 45.837666 
284.402954 279.344574 
292.850311 273.351685 
232.354782 82.844109 
428.478271 198.419220 
246.839767 311.050598 
279.622406 91.348305 
356.887939 51.783176 
278.478058 339.096497 
359.474731 314.274689 
244.766937 96.511871 
292.677368 361.585846 
271.159027 323.722504 
268.805145 109.135178 
325.943176 88.594971 
256.063110 257.734711 
286.019897 272.603363 
257.930542 127.926575 
357.112732 239.703217 
331.361633 134.315277 
441.423584 318.578857 
262.902832 107.769096 
257.182526 86.615341 
244.959793 135.862595 
231.297195 113.159569 
300.175781 302.988159 
322.551331 86.025993 
312.840424 89.401321 
281.163879 73.119263 
307.850494 122.936951 
257.930542 127.926575 
263.201019 255.983063 
407.445526 196.526962 
282.583801 359.530365 
320.866608 320.455170 
257.182526 86.615341 
252.268555 146.118439 
332.664001 285.861938 
342.380066 93.308403 
309.508942 105.153252 
262.902832 107.769096 
262.902832 107.769096 
238.968811 95.805840 
348.583496 45.033466 
262.902832 107.769096 
261.915741 261.974518 
419.638977 291.290131 
278.415558 120.173431 
323.535034 90.635902 
309.508942 105.153252 
314.567078 45.837666 
297.481598 251.127701 
252.268555 146.118439 
272.148346 334.564880 
343.983215 141.152115 
292.677368 361.585846 
362.240875 123.064041 
346.106293 53.215321 
268.034698 159.283585 
431.498077 297.906830 
285.726318 117.538315 
251.816147 283.129547 
331.044678 129.846024 
331.044678 129.846024 
280.578796 332.908264 
240.633209 316.583618 
265.569244 264.883148 
325.943176 88.594971 
238.968811 95.805840 
323.535034 90.635902 
276.673004 324.516022 
287.720001 207.908615 
413.662018 209.737061 
305.381714 84.954552 
243.433517 303.447205 
300.412323 346.275757 
257.930542 127.926575 
420.859955 303.266052 
262.902832 107.769096 
319.348175 319.448517 
513.686829 364.211273 
323.786194 155.786133 
271.159027 323.722504 
244.335342 301.257599 
301.647675 307.977478 
277.674835 207.883621 
234.310226 78.331703 
299.018768 24.524736 
331.044678 129.846024 
278.086517 97.207802 
254.532455 123.419662 
287.261078 95.390388 
243.427048 99.268402 
241.147919 109.521713 
347.651428 54.798515 
325.034454 331.261780 
297.447357 130.541550 
262.902832 107.769096 
259.763824 114.617188 
295.041016 285.206635 
401.463867 175.402344 
247.729706 95.101448 
297.447357 130.541550 
262.902832 107.769096 
487.555847 357.594116 
459.246643 297.008942 
271.159027 323.722504 
292.728790 120.054817 
315.278534 303.656128 
302.248383 346.637970 
331.361633 134.315277 
237.357162 322.447571 
238.335999 97.242088 
250.661499 119.616898 
272.896973 277.194183 
535.217163 346.492035 
323.535034 90.635902 
308.752350 330.757751 
423.691925 265.625702 
287.258423 94.199707 
280.578796 332.908264 
361.374237 57.210518 
238.479141 85.998779 
323.535034 90.635902 
295.633301 138.633820 
302.485565 25.654320 
343.067963 402.305695 
477.620667 9.378835 
251.053696 149.055405 
309.508942 105.153252 
297.734924 71.210670 
255.395935 154.072937 
255.395935 154.072937 
255.395935 154.072937 
251.470932 290.533997 
287.497986 352.201813 
257.930542 127.926575 
284.913574 228.322693 
350.488678 407.756775 
286.154297 72.964516 
414.575653 222.134033 
282.590973 162.987366 
291.274445 214.584122 
257.816681 114.104271 
307.850494 122.936951 
262.902832 107.769096 
259.763824 114.617188 
287.261078 95.390388 
248.611206 112.701027 
282.590973 162.987366 
297.734924 71.210670 
331.206909 422.527618 
282.692322 333.836670 
282.692322 333.836670 
244.766937 96.511871 
343.067963 402.305695 
262.902832 107.769096 
429.113861 308.922089 
244.039948 86.498627 
282.590973 162.987366 
361.509369 141.168823 
361.509369 141.168823 
348.347229 262.674255 
255.289871 82.329994 
235.700211 96.526459 
312.840424 89.401321 
468.318512 53.476273 
254.532455 123.419662 
307.850494 122.936951 
296.691925 81.511368 
323.535034 90.635902 
274.180878 327.217682 
323.535034 90.635902 
432.013916 357.382660 
282.590973 162.987366 
422.052887 236.331635 
281.163879 73.119263 
287.162964 52.210041 
307.850494 122.936951 
341.979736 100.188339 
263.579865 150.547867 
291.911224 221.755417 
292.786285 272.346130 
262.902832 107.769096 
303.734222 23.128628 
237.328720 130.259003 
288.681763 314.523773 
246.839767 311.050598 
477.620667 9.378835 
341.766449 110.274712 
311.227997 72.801704 
312.840424 89.401321 
259.763824 114.617188 
286.911560 169.908218 
271.159027 323.722504 
498.873779 356.122833 
284.172852 365.570953 
256.959717 247.894119 
297.734924 71.210670 
311.227997 72.801704 
309.508942 105.153252 
305.887909 121.240028 
341.979736 100.188339 
257.182526 86.615341 
262.902832 107.769096 
300.407715 91.142799 
443.014404 237.700485 
285.127502 114.610039 
289.854218 137.773727 
511.180939 162.652466 
411.029358 217.655975 
300.407715 91.142799 
300.407715 91.142799 
272.395477 151.560562 
276.311157 166.149673 
301.979126 356.432190 
239.968918 61.845520 
262.902832 107.769096 
285.419525 229.886276 
177.735901 297.737976 
338.860596 411.355927 
418.582855 259.372192 
308.390228 78.868423 
244.335342 301.257599 
307.173706 106.182899 
291.820526 365.669708 
276.311157 166.149673 
306.550507 76.538483 
358.134979 54.054436 
262.902832 107.769096 
339.417908 220.550919 
309.508942 105.153252 
398.747192 208.980606 
300.567780 23.559891 
304.955200 107.862221 
392.187775 257.346985 
256.063110 257.734711 
343.983215 141.152115 
281.163879 73.119263 
290.459503 233.944229 
331.361633 134.315277 
287.497986 352.201813 
331.206909 422.527618 
243.113327 143.257675 
248.611206 112.701027 
353.513977 211.585358 
284.172852 365.570953 
300.412323 346.275757 
507.963501 128.999756 
347.359344 412.759521 
324.435211 210.356720 
259.763824 114.617188 
321.859619 296.478638 
315.694305 227.585068 
281.163879 73.119263 
521.822510 362.502594 
293.379761 339.966949 
272.395477 151.560562 
273.476227 322.878723 
311.227997 72.801704 
405.393280 239.996063 
445.133820 337.645386 
347.359344 412.759521 
347.359344 412.759521 
304.874298 8.128229 
309.508942 105.153252 
262.902832 107.769096 
410.549591 402.945892 
344.162750 48.930607 
261.915741 261.974518 
300.175781 302.988159 
307.850494 122.936951 
285.126648 329.710419 
285.126648 329.710419 
309.508942 105.153252 
430.575500 348.724548 
303.203278 342.542114 
284.913574 228.322693 
263.201019 255.983063 
360.145935 54.924465 
347.629059 264.482758 
232.096710 304.402344 
339.417908 220.550919 
409.048706 371.218140 
300.481598 342.929810 
434.353943 316.356018 
411.029358 217.655975 
223.823990 114.095261 
253.538437 78.955284 
271.159027 323.722504 
