500
436.563263 178.632843 
473.853546 176.087723 
392.253265 390.279602 
315.344543 216.925217 
205.847992 344.573761 
442.756683 209.873672 
469.046783 193.166885 
492.143829 193.491501 
248.890060 105.679253 
287.881500 161.794983 
487.472534 199.996902 
273.473755 245.118408 
494.584747 183.104095 
530.106506 135.762344 
476.886200 185.914627 
437.175903 191.928864 
483.046143 210.592773 
476.079529 184.352997 
473.226471 191.528610 
485.265594 194.785385 
278.191437 204.248642 
163.096436 95.963226 
322.303009 341.533569 
580.952148 268.621552 
452.510681 184.218277 
424.241974 192.043777 
472.971191 192.587036 
496.137543 184.266739 
488.975403 194.954147 
475.469971 194.861237 
309.483643 345.343719 
286.648590 109.533501 
480.698212 198.632751 
462.495209 187.076187 
476.164917 183.115250 
310.561890 342.239441 
452.859650 178.872452 
484.442871 312.539062 
234.488846 103.716522 
453.614594 285.089844 
488.659576 197.813354 
350.660736 218.050522 
272.845428 240.291275 
440.915924 189.734283 
429.767059 202.466522 
236.434601 178.818359 
416.711823 193.745270 
299.278595 110.299019 
483.461273 190.355270 
445.156433 195.985825 
484.797760 193.085327 
447.424133 196.111877 
311.194824 213.866119 
419.711548 201.916061 
428.048187 186.232880 
444.152191 217.529251 
444.037384 192.521576 
290.416107 188.581863 
422.377289 195.807526 
415.893463 206.184464 
328.449921 168.414185 
459.326447 192.087021 
467.175232 239.234482 
499.867218 298.485077 
450.317719 186.563080 
256.686829 195.607056 
437.614716 186.050339 
411.226440 298.855438 
314.019531 217.237885 
498.542267 299.490753 
482.839203 191.689438 
451.627289 182.800873 
483.727081 309.583801 
452.242096 180.824448 
441.131744 198.994675 
461.142151 288.183105 
247.564331 178.685577 
349.419922 337.304108 
472.969604 189.549072 
423.488770 190.728790 
342.628479 214.159790 
475.378906 211.698151 
422.429169 188.994843 
440.862640 201.382996 
439.715118 206.709900 
535.774902 263.669952 
448.416779 310.961243 
454.966095 201.647659 
444.737213 196.528961 
459.509827 220.808990 
506.246124 213.313507 
473.690613 348.636841 
473.615479 348.122345 
436.197662 185.156250 
258.718750 195.151413 
294.897858 201.270309 
435.014587 183.570938 
433.092773 216.191467 
447.103516 193.067688 
185.139893 330.367493 
493.707550 182.000778 
340.156311 279.749146 
455.625458 219.855743 
183.070358 329.747833 
324.450684 176.054520 
476.443207 210.209229 
309.479492 341.615753 
456.580750 212.277695 
324.199127 177.871887 
486.464722 176.301102 
486.049286 176.907928 
248.618805 179.863693 
385.506989 388.852295 
342.228333 213.336273 
328.258392 165.703430 
279.952209 208.148148 
472.496033 238.946793 
427.357513 267.696564 
438.998138 200.919327 
476.095398 181.783798 
269.576904 237.892120 
251.949646 196.152786 
440.333740 200.796509 
455.405304 200.519882 
487.801453 307.548828 
454.004517 197.295837 
428.378082 302.627380 
428.527954 302.306549 
460.693756 221.403214 
460.952057 221.133881 
419.208984 232.677444 
283.415741 335.672760 
443.335907 220.590134 
469.019379 211.364059 
482.965668 204.144958 
473.364471 346.486115 
416.611938 192.561844 
415.159454 199.998611 
263.407043 351.104950 
444.916168 284.736786 
270.722290 238.181274 
421.994202 232.669220 
469.155701 214.632385 
288.355774 194.537415 
509.031677 208.939148 
313.912750 364.059143 
17.113176 366.469666 
273.146515 244.093445 
307.286835 341.231964 
495.669281 216.525818 
417.569427 195.231064 
514.719055 217.582260 
448.063782 223.600327 
266.322754 229.384552 
258.733765 155.791290 
292.807129 200.391083 
262.757385 348.520966 
416.836914 261.113037 
416.237305 261.594849 
479.391998 207.700485 
491.947266 231.499207 
374.126892 331.895782 
265.508423 352.481445 
257.836914 149.130630 
504.181641 296.532776 
527.138489 233.871750 
224.616959 346.472870 
280.849182 331.136444 
478.496979 207.500641 
523.171631 279.425781 
453.532776 219.568619 
433.529907 183.404251 
197.745178 99.763084 
197.236649 99.932396 
419.756073 298.180908 
410.081940 198.691895 
443.766174 179.342789 
477.616577 200.449936 
422.419647 213.563156 
416.611420 212.894913 
499.006378 212.602310 
402.649292 259.199219 
525.083252 236.773621 
460.489410 206.868530 
229.880875 334.217041 
452.379303 210.324860 
438.124786 218.982147 
446.061829 239.059998 
388.035309 260.475006 
260.980621 154.895264 
514.521362 215.660385 
256.873901 197.485184 
264.771454 210.830200 
416.721466 199.691833 
505.231506 298.982269 
256.950317 148.536880 
466.228546 274.259338 
247.075500 177.787308 
457.462158 212.850571 
460.244781 269.729584 
460.160126 269.354584 
415.355957 212.548492 
469.757233 260.276428 
507.211823 297.588684 
487.964142 233.269318 
338.360077 211.904373 
291.116333 186.837341 
402.699066 208.518265 
438.820221 223.463730 
221.606827 181.985123 
222.881027 182.005325 
313.881561 174.472549 
412.924469 229.103012 
291.446747 267.140533 
405.927979 207.468094 
412.948944 222.443085 
326.548431 341.158569 
244.444305 224.728958 
287.646698 109.720177 
417.463348 229.224258 
472.051117 269.949310 
219.839111 206.212524 
426.187927 267.344818 
454.447449 243.365128 
407.924438 201.230774 
232.588531 349.782196 
445.319153 214.910843 
265.331665 230.575470 
440.574432 311.511627 
406.017578 226.780914 
412.498444 297.045227 
424.809631 183.752151 
498.182983 310.788849 
460.109894 223.441711 
428.612762 300.985748 
433.909882 243.415894 
466.145966 207.142761 
430.991577 222.423874 
313.609283 181.475815 
233.482452 335.916534 
268.208344 107.741394 
319.754364 95.937675 
319.661346 95.796295 
245.524445 227.177521 
217.147476 245.951736 
432.838196 223.042953 
499.224030 213.309479 
522.760193 233.210480 
448.348572 216.112732 
262.176422 209.362427 
415.594452 209.087570 
486.983704 253.691315 
400.301025 236.820160 
482.200562 208.129578 
309.960236 270.835297 
536.146851 257.160156 
234.962738 186.864227 
234.052368 186.844788 
332.347473 206.930939 
426.391754 218.945129 
502.442902 276.652527 
484.597961 314.025482 
534.733276 260.395813 
471.390228 217.741226 
283.830902 336.298309 
222.885727 206.522629 
511.662964 242.092026 
455.690308 243.086426 
424.614136 234.329758 
244.346237 339.794830 
238.754730 183.500412 
223.787094 229.705475 
400.218170 237.097610 
304.817841 182.851562 
424.399963 298.752716 
360.613831 215.802948 
336.647644 210.054214 
267.437561 155.548752 
227.957962 197.168549 
271.115631 330.809509 
311.098297 278.970520 
480.066711 231.884491 
402.499420 291.485138 
402.332275 291.567352 
228.370865 181.848770 
475.441101 245.267715 
267.910004 144.536240 
471.837097 238.041641 
486.680603 261.664093 
395.746338 217.423294 
420.224854 228.400513 
278.889557 208.209000 
246.188156 181.979462 
478.835693 334.513428 
401.303070 220.344070 
418.733673 228.432098 
268.198914 146.101501 
502.595276 214.078186 
460.400543 224.241867 
202.568741 183.517029 
521.948303 289.023529 
429.653961 221.737976 
228.275467 335.456573 
438.222473 312.612915 
436.332794 226.580765 
439.229095 312.864929 
486.379242 306.525238 
403.544800 229.720947 
472.706482 219.916321 
449.728516 207.182205 
282.158936 164.509048 
251.032196 144.085281 
401.723145 209.547394 
485.523224 177.531418 
419.101959 300.872528 
483.702820 229.438843 
237.224060 182.103546 
424.011810 269.842285 
402.895203 236.330093 
447.259308 224.446945 
429.029053 222.890533 
443.379181 221.279144 
505.023224 240.162720 
453.839996 277.710266 
487.452209 253.028503 
491.950867 268.080566 
471.862610 210.279297 
538.750854 244.507172 
469.825623 224.688889 
512.616333 268.227478 
512.920471 268.299927 
485.245789 248.577927 
436.631714 234.182556 
495.019745 238.501221 
396.727997 246.010208 
426.050293 298.880707 
419.486359 305.191406 
388.617706 242.273865 
141.856400 221.528839 
153.054504 237.520538 
506.526459 299.599945 
174.709518 325.050964 
280.938660 202.224579 
158.321884 244.900146 
450.497864 227.566467 
347.521667 214.713257 
511.643127 241.435455 
418.791931 303.623016 
291.362885 271.535370 
508.143158 300.768555 
131.110336 184.489380 
394.284607 229.703232 
463.117126 220.887161 
221.067032 207.892120 
287.366882 198.124771 
273.790741 155.310440 
407.555786 229.525131 
477.390442 227.550339 
408.675995 257.622620 
418.688660 232.780334 
205.011581 181.080399 
465.853638 271.246643 
409.823242 257.302277 
346.210571 209.843353 
365.034271 221.492889 
315.625214 276.738953 
146.237244 223.127777 
386.381042 244.344025 
310.490570 269.410095 
501.057495 237.635727 
215.607285 191.404312 
295.071320 272.213715 
465.665558 270.771729 
497.127869 183.458618 
497.624939 183.065628 
497.624939 183.065628 
356.598206 219.583649 
511.354248 245.172775 
346.718689 208.824356 
418.860779 304.812012 
409.130341 226.773300 
249.909653 173.271591 
514.523560 245.769791 
405.744080 231.668915 
500.560760 309.590607 
385.376678 251.718582 
541.445129 255.873413 
394.972443 222.497009 
50.703453 340.091034 
484.324890 255.572250 
487.734802 230.163132 
507.156189 241.176178 
505.428192 239.228439 
208.493225 190.537430 
454.216064 202.652359 
65.506805 330.715607 
469.286804 270.763550 
408.516357 227.614761 
311.756226 322.241821 
289.776459 168.517517 
471.290375 273.976135 
472.622803 248.342728 
238.560867 182.934814 
455.071899 242.241531 
419.731842 299.375549 
419.169769 299.256226 
469.780518 233.442810 
487.824249 229.451370 
424.107605 388.581940 
390.149139 267.183411 
499.885529 184.956970 
203.508667 191.379761 
454.286255 253.191605 
480.371521 260.497803 
400.891785 205.119644 
53.364643 318.776611 
418.532318 299.344330 
509.712402 256.410950 
248.242371 331.843353 
322.777039 177.062225 
207.356964 193.788300 
477.733826 228.211914 
243.310181 174.943420 
491.574768 247.817764 
496.405548 234.997147 
298.077087 336.358917 
498.888885 270.644104 
391.873352 273.743988 
218.060318 203.691299 
413.144165 285.468048 
473.180206 233.610489 
436.167358 251.901321 
293.725952 207.161118 
471.397339 316.405701 
511.889191 239.668869 
258.415588 138.795425 
204.949081 192.177109 
422.766235 270.293579 
477.420166 250.447815 
483.028961 177.141296 
250.281219 175.976105 
465.590759 224.269592 
405.495544 200.001221 
405.923157 214.109802 
238.871078 327.525055 
335.565430 203.847122 
143.783813 93.795677 
388.214417 248.434021 
441.384216 247.557892 
255.727020 155.115356 
474.772491 349.903595 
403.990906 201.044083 
265.369873 211.902954 
313.052399 175.205338 
318.804321 362.654358 
450.449097 228.160751 
402.172668 214.032516 
409.789520 256.887695 
248.387451 184.722076 
218.976822 235.717819 
438.664948 254.334351 
340.748169 206.664093 
137.202728 216.591888 
43.104763 347.265991 
475.863342 253.342041 
216.487518 101.692818 
436.342041 250.411713 
214.453979 204.319733 
253.284683 144.549728 
241.950378 190.879517 
540.201721 255.724106 
147.011581 224.228897 
258.032715 226.228745 
124.314796 151.877319 
150.315872 225.613251 
415.834503 280.617767 
321.559296 179.136185 
356.476471 231.919800 
146.051941 256.534210 
452.556030 247.821045 
436.453400 252.579132 
304.278687 172.631882 
408.818359 173.546967 
480.709290 256.877594 
492.860779 313.468048 
363.554626 219.903809 
522.839355 205.858078 
438.886658 253.850357 
459.515350 255.202072 
475.633148 254.822800 
433.728546 179.700241 
433.457458 240.750488 
237.476105 189.229248 
237.628998 189.552307 
237.705139 214.002701 
269.056030 149.507660 
317.758575 130.700211 
272.611298 140.057938 
468.920044 233.207108 
468.996887 233.351181 
