500
441.325958 333.623383 
441.325958 333.623383 
447.732727 38.905010 
256.555847 375.246490 
242.345810 372.753021 
218.243820 378.153381 
253.780167 349.436676 
235.260101 374.000122 
79.126785 197.824326 
253.780167 349.436676 
227.743439 382.937225 
226.472687 373.924286 
233.570831 377.492249 
413.639343 350.914734 
233.360443 184.253464 
233.570831 377.492249 
218.243820 378.153381 
234.014191 375.573242 
246.656815 373.917450 
235.465118 382.045929 
313.570587 292.321411 
235.465118 382.045929 
353.460358 206.096436 
107.962814 382.364746 
353.460358 206.096436 
79.126785 197.824326 
234.558228 348.707611 
265.414154 361.416046 
235.465118 382.045929 
367.797607 282.768951 
235.260101 374.000122 
234.014191 375.573242 
265.414154 361.416046 
82.779633 200.966934 
246.656815 373.917450 
235.465118 382.045929 
265.414154 361.416046 
223.861893 360.887695 
146.561401 306.357727 
236.512711 376.714661 
389.994995 282.138702 
398.352234 232.844788 
246.656815 373.917450 
253.780167 349.436676 
218.243820 378.153381 
418.860321 231.296692 
415.587311 270.230194 
142.929916 362.659210 
234.640381 355.598358 
235.320618 319.374634 
223.861893 360.887695 
397.153473 234.335968 
217.988190 367.295044 
382.133453 226.599976 
262.818481 366.966827 
374.102325 260.462677 
264.214874 367.277283 
325.523376 3.907914 
325.523376 3.907914 
238.219788 384.453979 
418.423126 236.482468 
218.243820 378.153381 
265.414154 361.416046 
253.780167 349.436676 
150.453674 292.146942 
270.910095 265.821106 
260.771576 155.655121 
223.861893 360.887695 
235.465118 382.045929 
218.243820 378.153381 
242.970154 356.593262 
187.632034 291.003937 
253.416687 348.064911 
242.970154 356.593262 
64.191116 199.398712 
235.465118 382.045929 
248.726593 347.811615 
217.988190 367.295044 
245.627289 358.730713 
269.633057 339.224701 
251.345505 354.968353 
139.856934 313.520782 
246.656815 373.917450 
234.640381 355.598358 
242.970154 356.593262 
246.656815 373.917450 
260.741150 153.192719 
339.882446 254.442978 
233.570831 377.492249 
342.797089 82.296593 
242.970154 356.593262 
200.439514 375.552856 
213.463058 253.567017 
154.936447 184.618423 
234.640381 355.598358 
353.460358 206.096436 
279.180634 222.243698 
331.851410 273.495087 
220.040222 367.183594 
316.400604 271.026825 
262.818481 366.966827 
220.040222 367.183594 
187.632034 291.003937 
217.988190 367.295044 
223.861893 360.887695 
139.856934 313.520782 
265.414154 361.416046 
234.640381 355.598358 
242.345810 372.753021 
234.558228 348.707611 
154.936447 184.618423 
120.661400 176.785202 
240.587555 285.343964 
240.587555 285.343964 
242.970154 356.593262 
262.517761 333.194244 
121.853989 136.888641 
190.187241 262.479950 
190.187241 262.479950 
422.145233 219.841125 
139.923019 316.491119 
302.090118 205.269852 
225.101776 344.595154 
391.571747 277.570221 
187.950134 353.216644 
186.445755 381.941193 
145.223526 310.887848 
142.792221 291.931763 
265.414154 361.416046 
227.080017 325.504608 
225.263092 371.953461 
325.523376 3.907914 
251.345505 354.968353 
217.988190 367.295044 
234.640381 355.598358 
418.423126 236.482468 
171.375961 275.743500 
142.792221 291.931763 
146.583984 300.402893 
234.640381 355.598358 
217.467911 377.946442 
327.874023 274.250702 
353.460358 206.096436 
220.040222 367.183594 
114.767044 388.081879 
234.640381 355.598358 
229.253754 359.730774 
230.172348 325.811340 
256.040985 167.915848 
228.500381 372.710571 
233.295197 286.287262 
415.487152 225.488297 
415.487152 225.488297 
307.980896 210.767029 
245.627289 358.730713 
353.460358 206.096436 
315.322510 276.501648 
217.988190 367.295044 
234.640381 355.598358 
289.241394 119.749626 
209.830551 389.676483 
365.001007 253.372711 
196.656769 286.037445 
324.870941 4.339685 
146.561401 306.357727 
246.837143 174.877396 
289.607269 231.466568 
316.400604 271.026825 
383.778656 225.611298 
219.256607 286.111115 
252.849289 348.535278 
447.732727 38.905010 
235.465118 382.045929 
154.936447 184.618423 
234.558228 348.707611 
234.558228 348.707611 
143.735825 361.965149 
418.423126 236.482468 
253.780167 349.436676 
234.640381 355.598358 
452.406555 33.748638 
234.640381 355.598358 
308.734070 284.056488 
141.101776 364.029785 
154.936447 184.618423 
223.861893 360.887695 
244.624664 311.623779 
388.928802 198.724335 
242.970154 356.593262 
142.792221 291.931763 
545.922485 85.631989 
289.566040 123.788109 
218.243820 378.153381 
367.578705 210.765045 
391.948578 276.882080 
329.301910 213.745193 
148.504654 291.350525 
291.228241 144.323013 
188.559952 311.766907 
262.938812 371.808868 
275.970154 325.067413 
235.260101 374.000122 
240.587555 285.343964 
234.640381 355.598358 
234.640381 355.598358 
303.895294 281.805878 
234.640381 355.598358 
145.853134 289.532684 
272.844269 172.242798 
188.779724 352.885803 
388.928802 198.724335 
228.500381 372.710571 
157.618515 329.448578 
64.191116 199.398712 
64.191116 199.398712 
277.746338 316.806396 
374.102325 260.462677 
145.853134 289.532684 
234.640381 355.598358 
273.763306 346.180969 
262.818481 366.966827 
223.861893 360.887695 
194.525406 307.704254 
194.525406 307.704254 
234.640381 355.598358 
150.453674 292.146942 
251.637573 164.708481 
234.014191 375.573242 
157.618515 329.448578 
234.640381 355.598358 
145.223526 310.887848 
148.233368 297.965057 
253.780167 349.436676 
263.199280 277.270874 
289.752441 120.572212 
234.558228 348.707611 
186.373962 387.650848 
187.950134 353.216644 
157.618515 329.448578 
237.630569 383.397430 
256.040985 167.915848 
391.948578 276.882080 
142.929916 362.659210 
222.849716 268.057953 
154.936447 184.618423 
235.465118 382.045929 
245.615784 365.292969 
190.187241 262.479950 
421.810913 278.107605 
262.818481 366.966827 
427.565704 269.749115 
397.153473 234.335968 
303.895294 281.805878 
242.345810 372.753021 
265.414154 361.416046 
273.763306 346.180969 
229.253754 359.730774 
220.500381 288.106689 
143.258408 314.893921 
223.374588 201.768524 
195.766876 300.102051 
502.903992 114.765106 
242.345810 372.753021 
260.771576 155.655121 
328.438049 214.487961 
227.765915 391.131805 
313.116882 113.198662 
313.570587 292.321411 
416.526611 239.916992 
275.970154 325.067413 
372.410370 250.648788 
265.414154 361.416046 
378.071167 193.280487 
240.587555 285.343964 
142.792221 291.931763 
307.980896 210.767029 
361.543488 248.106567 
223.861893 360.887695 
253.780167 349.436676 
419.857574 226.149658 
315.187988 124.611427 
251.345505 354.968353 
192.341812 328.869934 
416.738190 203.263550 
131.153244 365.592621 
240.504333 328.435364 
378.071167 193.280487 
260.771576 155.655121 
89.758209 405.962250 
199.477051 337.217285 
303.895294 281.805878 
242.345810 372.753021 
208.459717 334.876648 
382.133453 226.599976 
358.461853 288.438660 
326.827301 278.203613 
223.861893 360.887695 
414.107910 351.879822 
371.971802 236.768600 
145.853134 289.532684 
145.853134 289.532684 
245.404938 372.728485 
241.770432 354.710297 
253.780167 349.436676 
273.285797 151.282867 
236.512711 376.714661 
418.423126 236.482468 
367.578705 210.765045 
240.587555 285.343964 
263.199280 277.270874 
398.352234 232.844788 
179.660461 330.259186 
188.559952 311.766907 
186.440842 346.514801 
435.639557 203.544754 
188.559952 311.766907 
279.959564 338.768463 
142.016098 294.362732 
64.191116 199.398712 
367.578705 210.765045 
218.243820 378.153381 
217.209930 361.648560 
437.596100 118.102684 
447.916016 36.959499 
241.770432 354.710297 
423.581787 278.703979 
269.633057 339.224701 
422.814972 202.817047 
417.645660 266.105927 
84.903625 205.561401 
199.477051 337.217285 
236.512711 376.714661 
229.253754 359.730774 
233.570831 377.492249 
396.652771 189.641281 
237.091461 382.049957 
326.827301 278.203613 
224.210999 309.001099 
187.950134 353.216644 
223.861893 360.887695 
223.861893 360.887695 
263.914062 276.787170 
301.087524 208.733978 
229.253754 359.730774 
449.544830 128.958389 
224.210999 309.001099 
377.508301 212.125977 
419.857574 226.149658 
412.128174 232.803024 
287.753540 144.726639 
155.406296 342.320038 
260.769318 372.919403 
274.203003 322.765869 
414.107910 351.879822 
414.107910 351.879822 
240.504333 328.435364 
308.734070 284.056488 
223.861893 360.887695 
223.861893 360.887695 
430.724060 266.669006 
446.352081 120.303764 
433.965759 206.416702 
242.970154 356.593262 
420.909088 227.419617 
420.909088 227.419617 
311.665253 276.834167 
240.587555 285.343964 
157.618515 329.448578 
414.107910 351.879822 
367.797607 282.768951 
502.903992 114.765106 
324.535431 110.997894 
175.250244 360.006317 
231.207748 331.159851 
211.183975 323.488831 
242.970154 356.593262 
223.861893 360.887695 
438.992828 202.845810 
263.614716 324.155273 
364.402374 168.678757 
275.970154 325.067413 
251.345505 354.968353 
449.115234 138.999802 
264.214874 367.277283 
264.214874 367.277283 
264.214874 367.277283 
256.086060 367.586243 
246.363571 316.988129 
238.714249 185.816208 
231.522079 320.168701 
324.535431 110.997894 
360.249908 229.298447 
262.818481 366.966827 
421.705170 197.121872 
188.559952 311.766907 
172.979340 361.930573 
429.784241 197.469803 
234.640381 355.598358 
416.526611 239.916992 
309.009308 211.277954 
226.509232 348.859222 
185.119705 314.449402 
418.423126 236.482468 
241.770432 354.710297 
217.209930 361.648560 
367.797607 282.768951 
330.038239 101.974205 
438.992828 202.845810 
445.074677 115.228378 
275.970154 325.067413 
418.053040 223.853592 
188.559952 311.766907 
416.789215 202.634766 
273.533264 331.962769 
273.533264 331.962769 
284.048706 170.392426 
412.128174 232.803024 
197.679947 212.950577 
262.818481 366.966827 
146.583984 300.402893 
472.941376 32.849953 
218.243820 378.153381 
416.738190 203.263550 
383.468964 198.381378 
366.329651 253.312653 
421.705170 197.121872 
288.668213 230.577728 
229.253754 359.730774 
273.533264 331.962769 
195.747360 319.413818 
211.183975 323.488831 
460.845062 132.325851 
449.925964 143.264481 
234.558228 348.707611 
424.386139 226.694321 
229.253754 359.730774 
139.930573 360.657776 
441.325958 333.623383 
416.526611 239.916992 
197.587082 323.532898 
208.510742 316.523499 
223.861893 360.887695 
111.313766 382.131989 
157.618515 329.448578 
116.532082 380.481934 
129.603455 133.349930 
252.849289 348.535278 
202.909698 303.128876 
227.080017 325.504608 
445.074677 115.228378 
291.114807 120.081528 
467.770782 45.462437 
273.533264 331.962769 
401.436279 176.275177 
329.049042 267.737152 
224.210999 309.001099 
118.071404 374.898132 
230.660568 309.155548 
223.861893 360.887695 
174.890198 344.556580 
446.352081 120.303764 
120.661400 176.785202 
342.797089 82.296593 
437.596100 118.102684 
118.071404 374.898132 
306.595734 248.700653 
257.232513 308.353699 
442.052063 201.796707 
320.209106 280.317291 
368.652008 274.692017 
368.652008 274.692017 
211.183975 323.488831 
264.017456 324.788544 
324.870941 4.339685 
195.747360 319.413818 
263.199280 277.270874 
330.428497 277.611816 
432.661987 270.302307 
205.762527 338.381989 
449.115234 138.999802 
421.705170 197.121872 
415.487152 225.488297 
472.732239 138.778885 
185.805954 333.248230 
367.797607 282.768951 
154.936447 184.618423 
224.210999 309.001099 
222.849716 268.057953 
224.210999 309.001099 
414.876709 238.746216 
223.861893 360.887695 
413.121338 71.573158 
252.849289 348.535278 
228.500381 372.710571 
358.567841 290.608551 
263.199280 277.270874 
280.309540 323.951691 
222.849716 268.057953 
364.402374 168.678757 
224.210999 309.001099 
