977
188.739929 362.663147 
173.760452 356.309052 
201.166428 342.482330 
193.021133 371.162598 
206.932129 360.225586 
142.001785 225.817490 
410.498474 344.865143 
176.224777 360.526184 
170.143661 369.859589 
203.448410 361.099915 
176.224777 360.526184 
178.518250 342.064148 
203.448410 361.099915 
190.543579 332.833038 
428.801208 331.651306 
190.622574 339.418182 
212.209518 229.553085 
170.407349 364.313690 
182.081192 343.155823 
255.820160 402.942719 
416.646667 275.257843 
421.592499 273.814026 
441.955231 306.457153 
201.467010 301.646271 
170.407349 364.313690 
199.036804 268.245758 
194.155334 344.037750 
204.050064 229.353210 
402.237427 312.237030 
201.847778 368.795227 
197.012314 331.965393 
200.600616 358.177307 
429.679077 289.179688 
429.679077 289.179688 
429.679077 289.179688 
198.343643 294.575623 
480.750153 368.050293 
186.917130 345.411346 
423.996704 377.073792 
190.622574 339.418182 
478.133423 319.955444 
406.157928 373.710876 
166.286865 369.569031 
194.155334 344.037750 
255.820160 402.942719 
406.833405 315.544342 
199.628601 305.277557 
209.743103 275.520203 
420.310120 330.678925 
201.166428 342.482330 
170.177185 375.155243 
191.793396 336.940765 
285.328827 225.643539 
202.641937 338.025574 
190.622574 339.418182 
170.177185 375.155243 
475.124115 326.221039 
286.219269 344.616547 
431.405426 313.011719 
444.340210 302.241608 
332.540161 225.080429 
452.761353 326.361908 
186.917130 345.411346 
452.635742 320.239288 
285.328827 225.643539 
452.761353 326.361908 
450.151123 293.888947 
181.553452 362.362915 
170.177185 375.155243 
476.599396 315.854919 
332.250885 220.748215 
186.917130 345.411346 
202.641937 338.025574 
401.724304 327.069122 
207.691895 276.073151 
432.152985 321.954437 
405.456512 284.662781 
199.036804 268.245758 
330.032959 221.938995 
182.081192 343.155823 
480.212494 337.187866 
480.212494 337.187866 
170.177185 375.155243 
186.917130 345.411346 
180.026962 376.419983 
444.144623 265.728027 
181.553452 362.362915 
455.774048 328.018463 
282.418335 347.417084 
282.418335 347.417084 
182.525986 340.864594 
200.934494 297.993011 
285.327698 351.706879 
476.599396 315.854919 
199.781769 348.625153 
202.871735 364.646179 
202.871735 364.646179 
194.155334 344.037750 
201.049561 331.376770 
200.934494 297.993011 
315.987610 236.069366 
284.211182 347.167816 
410.717987 345.112793 
189.644272 374.059601 
253.225082 301.276550 
470.783630 367.893646 
199.781769 348.625153 
397.435974 356.572571 
406.833405 315.544342 
491.603271 362.730988 
292.238770 372.447632 
292.238770 372.447632 
427.997162 303.281372 
182.807449 338.272949 
142.001785 225.817490 
170.177185 375.155243 
427.997162 303.281372 
178.518250 342.064148 
190.622574 339.418182 
167.343887 303.060944 
185.000183 343.094452 
448.132660 308.858704 
472.129456 314.618530 
467.083527 309.594574 
477.573273 320.576599 
454.286987 283.257751 
199.512833 345.121796 
249.246368 231.557693 
281.866791 59.461884 
258.005066 377.227600 
482.602173 374.342438 
203.448410 361.099915 
184.387314 275.710297 
184.387314 275.710297 
441.955231 306.457153 
449.377197 315.194214 
179.684921 302.126251 
201.049561 331.376770 
186.917130 345.411346 
441.955231 306.457153 
405.658875 299.040527 
477.573273 320.576599 
186.917130 345.411346 
198.343643 294.575623 
413.876312 280.649323 
194.054428 287.087494 
226.027679 334.087708 
427.069305 275.154846 
204.407562 300.125488 
185.286957 376.286346 
306.235535 402.426575 
476.228088 312.915771 
422.569641 324.920502 
194.891205 342.133057 
194.155334 344.037750 
209.747528 276.659607 
472.129456 314.618530 
199.512833 345.121796 
441.872833 315.124359 
431.405426 313.011719 
450.236725 294.223022 
306.235535 402.426575 
463.058014 325.457520 
253.225082 301.276550 
173.470718 269.198853 
252.343140 303.127014 
385.119690 69.088287 
187.128098 372.062897 
402.093292 373.792816 
176.707840 366.091614 
198.611465 334.767090 
456.822083 310.177185 
296.635559 224.013901 
463.847992 338.078247 
316.550690 359.911804 
477.588409 323.630432 
467.083527 309.594574 
196.174744 331.395233 
420.129974 370.941772 
448.132660 308.858704 
194.891205 342.133057 
457.553192 310.233002 
484.391632 318.793152 
456.822083 310.177185 
207.691895 276.073151 
199.036804 268.245758 
199.036804 268.245758 
480.750153 368.050293 
413.876312 280.649323 
328.344971 231.407730 
206.215683 282.508514 
206.215683 282.508514 
281.664551 368.563354 
406.436340 319.263275 
416.395172 375.465973 
186.917130 345.411346 
271.551758 350.734955 
271.551758 350.734955 
190.622574 339.418182 
404.217957 365.780090 
491.603271 362.730988 
182.313187 352.286591 
190.543579 332.833038 
383.489441 351.623016 
324.779999 235.144653 
441.872833 315.124359 
456.822083 310.177185 
267.378784 350.873413 
473.406281 344.082458 
257.129028 388.556122 
293.773560 365.985992 
410.719025 306.186249 
451.295898 323.111816 
200.742722 308.362030 
404.918152 298.769135 
404.918152 298.769135 
206.705048 364.205658 
457.553192 310.233002 
354.094360 342.830353 
191.856842 322.344055 
316.550690 359.911804 
466.669952 329.227173 
434.246826 327.927612 
205.988098 326.190460 
199.791946 330.168945 
188.739929 362.663147 
206.561066 268.750000 
336.719788 294.055603 
332.980194 224.250656 
194.270309 332.997253 
167.433701 372.209320 
460.524261 318.831024 
181.553452 362.362915 
444.340210 302.241608 
476.235626 298.043121 
199.781769 348.625153 
190.543579 332.833038 
186.917130 345.411346 
182.081192 343.155823 
170.407349 364.313690 
429.679077 289.179688 
303.128265 224.335068 
185.286957 376.286346 
204.050064 229.353210 
404.971802 304.154205 
262.254395 338.533875 
190.543579 332.833038 
196.499786 271.382812 
176.913055 266.499115 
413.876312 280.649323 
389.156250 355.814087 
452.761353 326.361908 
441.872833 315.124359 
198.129303 295.161072 
404.918152 298.769135 
193.021133 371.162598 
439.060669 302.696625 
449.377197 315.194214 
422.569641 324.920502 
477.573273 320.576599 
439.060669 302.696625 
295.583984 236.952621 
324.779999 235.144653 
257.129028 388.556122 
411.294678 372.012115 
405.646027 302.428406 
206.561066 268.750000 
444.426422 281.343231 
279.691254 367.787292 
188.739929 362.663147 
262.254395 338.533875 
424.814423 323.572449 
285.876617 413.622498 
176.624161 302.003021 
455.774048 328.018463 
473.406281 344.082458 
491.603271 362.730988 
432.096863 313.214722 
455.774048 328.018463 
430.286377 289.754242 
258.981750 332.676605 
258.981750 332.676605 
182.525986 340.864594 
444.340210 302.241608 
255.533539 322.433380 
476.054474 374.275330 
285.327698 351.706879 
454.138428 312.463287 
448.684448 380.092255 
491.603271 362.730988 
458.147430 325.787170 
271.266846 318.226624 
173.470718 269.198853 
188.656616 314.216248 
432.428070 271.405792 
444.520782 276.116547 
288.888763 321.493591 
296.144653 277.449615 
427.069305 275.154846 
449.653320 279.320160 
402.093292 373.792816 
290.143005 305.916748 
180.102783 266.202911 
301.799316 61.320885 
205.288437 308.353729 
430.286377 289.754242 
442.156586 356.319366 
352.995636 340.549469 
197.978073 284.912018 
312.584595 233.733063 
206.215683 282.508514 
199.036804 268.245758 
402.093292 373.792816 
180.026962 376.419983 
466.669952 329.227173 
110.652634 405.713074 
285.328827 225.643539 
249.246368 231.557693 
285.876617 413.622498 
268.919373 329.406891 
176.624161 302.003021 
444.340210 302.241608 
480.750153 368.050293 
281.878387 346.682220 
316.550690 359.911804 
406.006409 288.231262 
167.343887 303.060944 
410.719025 306.186249 
410.719025 306.186249 
441.872833 315.124359 
110.652634 405.713074 
204.151367 324.770203 
410.717987 345.112793 
405.646027 302.428406 
249.246368 231.557693 
413.876312 280.649323 
430.286377 289.754242 
199.036804 268.245758 
193.021133 371.162598 
470.783630 367.893646 
389.156250 355.814087 
258.488647 423.094757 
271.551758 350.734955 
478.133423 319.955444 
285.876617 413.622498 
200.234146 371.676086 
470.783630 367.893646 
477.588409 323.630432 
426.819794 286.721100 
287.391663 304.169159 
449.653320 279.320160 
303.128265 224.335068 
467.646881 313.051544 
188.839554 330.057098 
424.814423 323.572449 
199.628601 305.277557 
416.123108 282.485107 
430.286377 289.754242 
426.819794 286.721100 
271.551758 350.734955 
204.407562 300.125488 
432.096863 313.214722 
432.096863 313.214722 
281.074921 311.479950 
416.123108 282.485107 
209.714523 290.954895 
209.714523 290.954895 
446.803833 322.582855 
422.587036 300.574921 
430.132385 381.959412 
435.353790 303.494415 
413.876312 280.649323 
188.839554 330.057098 
410.498474 344.865143 
454.138428 312.463287 
284.099182 356.111969 
302.534149 415.345032 
287.391663 304.169159 
135.976013 403.724304 
200.277512 319.570099 
463.446808 277.190033 
261.317810 332.594025 
278.341888 307.713409 
191.957443 288.968719 
405.933258 370.015472 
477.588409 323.630432 
356.422821 66.465416 
176.624161 302.003021 
210.456543 384.241760 
202.909851 335.037720 
302.534149 415.345032 
427.265808 321.293518 
454.138428 312.463287 
457.553192 310.233002 
404.971802 304.154205 
405.646027 302.428406 
305.822754 390.961182 
295.082428 223.787186 
175.879593 332.294952 
210.456543 384.241760 
282.866943 340.642487 
175.879593 332.294952 
171.883545 326.998413 
181.553452 362.362915 
416.953552 324.461456 
185.286957 376.286346 
441.872833 315.124359 
290.958130 304.055786 
253.225082 301.276550 
452.635742 320.239288 
324.779999 235.144653 
454.138428 312.463287 
307.087860 60.440739 
215.085785 281.570007 
404.253326 338.850067 
330.032959 221.938995 
202.301071 327.894409 
405.782745 280.977539 
459.361481 311.694427 
176.624161 302.003021 
460.524261 318.831024 
196.410126 369.246735 
316.394836 221.492203 
180.026962 376.419983 
472.447510 367.039886 
421.592499 273.814026 
469.227478 294.663849 
425.601257 305.694275 
290.601746 307.862885 
406.006409 288.231262 
368.025696 346.890076 
426.819794 286.721100 
294.309967 275.422974 
294.309967 275.422974 
208.088028 319.403076 
403.142059 304.976105 
267.432678 313.029175 
196.413437 282.445221 
196.413437 282.445221 
404.971802 304.154205 
326.393158 229.227707 
426.819794 286.721100 
189.644272 374.059601 
200.600616 358.177307 
450.236725 294.223022 
450.236725 294.223022 
182.313187 352.286591 
206.561066 268.750000 
277.080078 413.871735 
249.372665 322.023163 
275.612000 310.137085 
188.892227 380.070587 
262.253693 412.788879 
326.393158 229.227707 
426.819794 286.721100 
354.094360 342.830353 
444.520782 276.116547 
142.001785 225.817490 
405.658875 299.040527 
188.739929 362.663147 
250.567444 318.978760 
294.120514 338.047760 
311.172302 61.582314 
259.554993 335.499359 
142.001785 225.817490 
303.796997 392.179810 
313.593689 231.749725 
290.646149 380.495819 
262.363678 333.166504 
198.343643 294.575623 
458.147430 325.787170 
281.866791 59.461884 
410.719025 306.186249 
441.872833 315.124359 
306.958069 381.016785 
392.007202 306.980255 
209.660980 286.787323 
394.592072 338.972137 
290.143005 305.916748 
444.520782 276.116547 
280.536377 357.476196 
433.236053 348.788635 
433.236053 348.788635 
249.246368 231.557693 
426.819794 286.721100 
410.717987 345.112793 
210.456543 384.241760 
402.093292 373.792816 
255.533539 322.433380 
441.872833 315.124359 
307.297852 335.077240 
210.456543 384.241760 
283.470703 410.197357 
476.054474 374.275330 
212.209518 229.553085 
303.128265 224.335068 
455.774048 328.018463 
198.129303 295.161072 
284.096252 399.728455 
310.333069 337.975739 
444.520782 276.116547 
374.228180 309.970551 
374.228180 309.970551 
285.005920 305.101257 
401.456604 373.280304 
401.456604 373.280304 
414.400177 305.912354 
484.027466 243.879288 
281.957062 363.399323 
262.253693 412.788879 
410.717987 345.112793 
405.646027 302.428406 
420.310120 330.678925 
247.503128 328.143219 
317.134491 235.707321 
383.489441 351.623016 
243.998062 320.200043 
402.083801 313.828003 
406.157928 373.710876 
406.157928 373.710876 
326.393158 229.227707 
173.760452 356.309052 
268.781128 397.896454 
417.568176 371.561737 
273.311554 398.617188 
273.311554 398.617188 
305.822754 390.961182 
305.822754 390.961182 
416.123108 282.485107 
241.792923 332.398438 
250.567444 318.978760 
204.407562 300.125488 
279.739777 360.660431 
282.618042 337.322113 
257.042450 391.914764 
403.142059 304.976105 
395.174896 314.823761 
195.444077 381.121429 
271.266846 318.226624 
416.123108 282.485107 
173.037659 318.272125 
395.174896 314.823761 
394.767090 302.217499 
188.739929 362.663147 
461.575684 387.538147 
326.393158 229.227707 
444.068115 278.551086 
233.356812 277.137512 
262.253693 412.788879 
207.073944 388.995575 
393.106995 299.052460 
249.246368 231.557693 
260.562622 332.550751 
429.929718 381.057098 
428.410980 301.110657 
196.413437 282.445221 
182.525986 340.864594 
289.213989 303.833008 
458.147430 325.787170 
429.818634 348.306091 
199.628601 305.277557 
385.562775 357.358063 
193.583893 354.567657 
249.372665 322.023163 
309.594452 223.441757 
292.110352 241.418594 
481.934906 374.895294 
262.254395 338.533875 
206.705048 364.205658 
450.236725 294.223022 
206.705048 364.205658 
484.356018 291.165924 
406.436340 319.263275 
413.680878 276.508484 
280.536377 357.476196 
276.830597 317.436768 
444.068115 278.551086 
200.742722 308.362030 
200.742722 308.362030 
262.253693 412.788879 
292.588104 229.988327 
413.876312 280.649323 
304.321594 332.165863 
444.520782 276.116547 
299.485107 276.400421 
201.505753 309.382843 
406.833405 315.544342 
402.083801 313.828003 
142.001785 225.817490 
240.750366 317.899048 
249.925964 342.828613 
428.286469 323.391754 
302.534149 415.345032 
302.534149 415.345032 
442.156586 356.319366 
463.446808 277.190033 
254.564255 349.716858 
443.945648 313.506195 
444.340210 302.241608 
249.246368 231.557693 
117.762276 420.407776 
240.750366 317.899048 
209.747528 276.659607 
304.321594 332.165863 
491.603271 362.730988 
396.509735 289.492798 
197.632874 306.795929 
197.632874 306.795929 
241.792923 332.398438 
405.646027 302.428406 
453.647583 360.692261 
316.394836 221.492203 
443.945648 313.506195 
396.509735 289.492798 
415.128448 371.597870 
441.872833 315.124359 
332.250885 220.748215 
185.286957 376.286346 
249.705124 346.408539 
205.288437 308.353729 
499.500824 345.497772 
499.500824 345.497772 
326.393158 229.227707 
316.550690 359.911804 
404.971802 304.154205 
426.819794 286.721100 
198.996780 302.084442 
196.828400 286.908722 
177.545639 292.136108 
200.742722 308.362030 
466.669952 329.227173 
177.482224 269.321625 
457.890076 366.504395 
201.505753 309.382843 
294.562897 403.999146 
442.156586 356.319366 
188.892227 380.070587 
169.450745 307.210571 
416.123108 282.485107 
262.363678 333.166504 
287.391663 304.169159 
394.592072 338.972137 
401.724304 327.069122 
392.009491 299.363251 
260.532104 404.344452 
275.202026 414.797760 
290.461121 376.763824 
268.919373 329.406891 
406.474792 320.014526 
417.568176 371.561737 
176.624161 302.003021 
254.564255 349.716858 
276.830597 317.436768 
268.919373 329.406891 
196.410126 369.246735 
285.005920 305.101257 
284.099182 356.111969 
469.227478 294.663849 
448.132660 308.858704 
208.706451 318.889374 
356.422821 66.465416 
419.409424 300.723969 
199.036804 268.245758 
275.482941 394.088104 
268.919373 329.406891 
410.719025 306.186249 
446.803833 322.582855 
305.592834 242.753433 
122.931564 414.794830 
258.005066 377.227600 
256.759644 371.880249 
303.796997 392.179810 
388.781158 300.756531 
404.971802 304.154205 
279.739777 360.660431 
304.321594 332.165863 
457.553192 310.233002 
181.261032 272.883118 
191.589890 385.869568 
266.256042 380.444611 
268.781128 397.896454 
268.919373 329.406891 
278.822357 302.307587 
197.237946 319.167175 
260.562622 332.550751 
206.038239 267.795044 
215.085785 281.570007 
176.624161 302.003021 
240.750366 317.899048 
171.254425 310.831329 
402.083801 313.828003 
281.866791 59.461884 
308.415192 336.356140 
282.618042 337.322113 
280.371643 392.091736 
419.409424 300.723969 
419.409424 300.723969 
410.719025 306.186249 
254.822418 300.781403 
273.311554 398.617188 
179.648926 270.988068 
180.148651 305.136047 
281.376953 396.902618 
491.603271 362.730988 
406.157928 373.710876 
209.660980 286.787323 
254.564255 349.716858 
171.012253 321.883881 
280.371643 392.091736 
413.876312 280.649323 
277.326172 262.683807 
444.340210 302.241608 
180.758896 273.550751 
206.215683 282.508514 
386.812927 353.427277 
386.812927 353.427277 
268.919373 329.406891 
388.324066 329.163391 
249.372665 322.023163 
305.343964 373.216766 
242.150314 298.274323 
240.108093 324.929382 
249.246368 231.557693 
435.353790 303.494415 
184.574036 384.282715 
275.202026 414.797760 
176.528702 306.252441 
427.997162 303.281372 
452.761353 326.361908 
285.876617 413.622498 
389.156250 355.814087 
448.132660 308.858704 
295.177124 275.162292 
169.450745 307.210571 
245.434784 287.979584 
305.822754 390.961182 
261.107605 379.238647 
261.107605 379.238647 
255.533539 322.433380 
287.391663 304.169159 
205.988098 326.190460 
410.719025 306.186249 
286.219269 344.616547 
301.896576 321.246948 
481.934906 374.895294 
454.534790 272.329224 
312.584595 233.733063 
246.151764 288.647797 
383.378296 342.602936 
484.356018 291.165924 
413.748169 305.572052 
262.363678 333.166504 
281.376953 396.902618 
388.324066 329.163391 
284.099182 356.111969 
83.300209 406.165802 
406.157928 373.710876 
169.723114 345.978546 
452.635742 320.239288 
176.528702 306.252441 
194.149033 382.697296 
461.437317 276.234558 
246.151764 288.647797 
467.089569 378.883728 
240.108093 324.929382 
388.781158 300.756531 
406.436340 319.263275 
480.212494 337.187866 
302.098724 243.652435 
184.748428 385.774200 
292.110352 241.418594 
406.157928 373.710876 
406.157928 373.710876 
415.128448 371.597870 
240.750366 317.899048 
206.215683 282.508514 
435.353790 303.494415 
323.960114 224.805649 
392.009491 299.363251 
305.272461 395.513916 
288.888763 321.493591 
210.456543 384.241760 
294.411804 415.975494 
270.263092 316.732178 
292.004761 274.035217 
452.761353 326.361908 
491.605347 314.687073 
200.277512 319.570099 
277.583008 255.667099 
326.393158 229.227707 
452.761353 326.361908 
180.758896 273.550751 
202.301071 327.894409 
272.770966 320.364990 
276.891937 385.822266 
297.196106 243.048660 
303.128265 224.335068 
274.731598 398.538361 
294.423187 233.207275 
171.399139 303.520264 
210.456543 384.241760 
83.300209 406.165802 
430.132385 381.959412 
320.387024 332.378265 
483.876465 369.463318 
185.057327 311.734375 
314.098816 327.766357 
255.671509 295.586548 
184.946579 388.845825 
284.023010 369.707062 
263.927582 409.955627 
402.083801 313.828003 
240.108093 324.929382 
604.452637 297.647888 
281.376953 396.902618 
302.534149 415.345032 
306.958069 381.016785 
399.166138 370.738373 
297.970123 237.584488 
247.503128 328.143219 
302.534149 415.345032 
285.005920 305.101257 
269.859833 371.148865 
193.744720 383.542114 
420.310120 330.678925 
420.310120 330.678925 
291.926788 384.773102 
353.788605 341.684174 
438.197021 389.696991 
450.151123 293.888947 
281.866791 59.461884 
292.448944 227.866409 
196.828400 286.908722 
259.115295 396.555725 
396.509735 289.492798 
254.822418 300.781403 
254.822418 300.781403 
271.266846 318.226624 
190.286758 385.046356 
292.004761 274.035217 
301.683472 232.864014 
240.253525 285.302185 
331.819397 308.461548 
195.444077 381.121429 
277.326172 262.683807 
209.660980 286.787323 
256.759644 371.880249 
281.866791 59.461884 
395.564056 368.136108 
265.717072 299.283264 
320.326019 331.535461 
176.913055 266.499115 
257.129028 388.556122 
272.863983 349.845917 
299.182892 323.518127 
299.182892 323.518127 
298.263245 232.986359 
430.598053 383.512329 
250.567444 318.978760 
287.391663 304.169159 
197.237946 319.167175 
300.787415 318.249512 
300.787415 318.249512 
405.658875 299.040527 
395.564056 368.136108 
483.876465 369.463318 
280.000732 316.606598 
262.239349 375.449036 
184.946579 388.845825 
495.403839 329.463837 
197.522522 311.270325 
430.286377 289.754242 
299.485107 276.400421 
264.491180 410.323273 
405.646027 302.428406 
291.159912 276.739075 
262.239349 375.449036 
199.922211 308.498535 
171.012253 321.883881 
285.640717 396.433411 
398.856628 336.743408 
188.103012 389.971832 
188.103012 389.971832 
305.592834 242.753433 
254.941818 347.165070 
184.748428 385.774200 
247.052444 333.349915 
292.365936 296.217773 
202.301071 327.894409 
270.813019 297.949371 
240.253525 285.302185 
169.786194 313.454559 
71.823891 454.406799 
241.792923 332.398438 
275.775024 313.910950 
270.263092 316.732178 
275.612000 310.137085 
305.343964 373.216766 
173.928223 297.048187 
298.263245 232.986359 
252.343140 303.127014 
234.180511 277.808685 
183.382172 287.074829 
196.260483 394.061829 
468.941223 279.180542 
239.863815 284.531494 
427.265808 321.293518 
427.265808 321.293518 
406.157928 373.710876 
401.269653 413.949066 
428.410980 301.110657 
264.491180 410.323273 
264.491180 410.323273 
332.261780 354.676575 
394.767090 302.217499 
195.444077 381.121429 
194.682373 228.753494 
448.132660 308.858704 
105.139442 405.606567 
393.480072 416.134460 
413.404266 321.649384 
184.946579 388.845825 
464.822571 418.416321 
443.945648 313.506195 
410.719025 306.186249 
295.944244 229.261276 
198.343643 294.575623 
393.480072 416.134460 
444.068115 278.551086 
202.909851 335.037720 
169.723114 345.978546 
484.356018 291.165924 
268.224152 261.430542 
406.157928 373.710876 
298.428467 235.428558 
250.567444 318.978760 
240.108093 324.929382 
296.154480 414.994354 
404.996033 418.917542 
277.583008 255.667099 
291.926788 384.773102 
208.088028 319.403076 
402.093292 373.792816 
231.607559 405.687012 
443.945648 313.506195 
276.664795 316.971405 
284.096252 399.728455 
183.999802 294.802429 
386.638245 324.894287 
209.714523 290.954895 
298.065033 408.875946 
298.065033 408.875946 
173.470718 269.198853 
191.589890 385.869568 
272.420349 254.670517 
272.420349 254.670517 
296.183624 377.229767 
184.748428 385.774200 
383.378296 342.602936 
295.762329 240.509064 
302.098724 243.652435 
236.709290 324.978149 
279.739777 360.660431 
385.562775 357.358063 
199.524826 383.353821 
210.456543 384.241760 
282.654358 314.414673 
298.065033 408.875946 
304.935333 318.712616 
207.691895 276.073151 
287.391663 304.169159 
308.415192 336.356140 
208.706451 318.889374 
241.792923 332.398438 
260.532104 404.344452 
172.518692 286.609741 
483.876465 369.463318 
