500
186.927643 136.310989 
511.948151 393.824860 
495.669983 400.716736 
202.461426 128.449051 
302.040009 256.704285 
200.281082 129.420303 
199.869858 134.476288 
194.248779 312.846802 
194.732742 123.361160 
199.869858 134.476288 
218.747559 123.915848 
209.726379 144.566299 
347.396667 278.976624 
213.304626 117.519035 
209.726379 144.566299 
209.726379 144.566299 
199.869858 134.476288 
200.281082 129.420303 
194.708008 132.015472 
194.708008 132.015472 
199.869858 134.476288 
515.138428 434.134857 
234.542847 134.322372 
196.002518 121.971535 
196.002518 121.971535 
218.747559 123.915848 
215.726944 146.043060 
215.664703 162.349045 
221.017548 35.974686 
285.014862 225.393860 
226.639725 151.146805 
196.102814 124.522743 
199.470459 129.357315 
194.708008 132.015472 
201.896530 134.972458 
221.017548 35.974686 
357.298218 228.142944 
202.702530 163.411301 
284.584229 243.463028 
215.726944 146.043060 
269.483734 323.564362 
265.463898 301.432404 
215.664703 162.349045 
210.314606 120.158676 
219.873901 154.309052 
215.726944 146.043060 
215.726944 146.043060 
496.308716 400.733673 
194.708008 132.015472 
199.869858 134.476288 
210.680115 172.020187 
215.726944 146.043060 
198.249680 159.170731 
323.770020 281.328461 
194.708008 132.015472 
215.726944 146.043060 
307.393127 342.333710 
215.726944 146.043060 
347.396667 278.976624 
316.132111 320.951202 
276.754822 52.686726 
402.319550 189.706635 
215.664703 162.349045 
220.878281 135.600189 
440.639771 226.859528 
226.023605 172.039749 
310.573700 87.280762 
194.708008 132.015472 
226.254120 45.009861 
212.048386 119.658676 
194.708008 132.015472 
302.040009 256.704285 
190.825943 123.032906 
232.505280 164.358459 
220.878281 135.600189 
231.370331 154.299072 
206.172806 164.545670 
284.583710 57.577618 
278.841461 49.823402 
413.205444 196.127335 
546.577148 288.130432 
316.132111 320.951202 
284.750854 245.765976 
285.659607 235.045959 
316.752502 340.925018 
316.752502 340.925018 
201.896530 134.972458 
202.461426 128.449051 
217.878937 130.641876 
286.051666 234.485138 
225.846359 147.130753 
275.381287 334.274323 
292.992126 100.701645 
415.612213 196.488907 
202.124268 115.814247 
297.830292 64.155045 
231.923431 41.732891 
226.254120 45.009861 
220.878281 135.600189 
194.708008 132.015472 
313.012726 318.141510 
558.272949 301.335144 
201.002930 144.840973 
225.846359 147.130753 
234.542847 134.322372 
278.841461 49.823402 
213.933563 167.811020 
193.931625 110.287895 
306.631287 337.398712 
319.483307 114.278603 
319.483307 114.278603 
414.186310 200.675003 
460.146515 270.513214 
202.665298 111.144112 
213.933563 167.811020 
440.639771 226.859528 
351.188660 233.146362 
206.426407 124.020432 
558.272949 301.335144 
227.206650 99.958115 
299.060974 283.521606 
228.143845 140.809341 
234.542847 134.322372 
234.542847 134.322372 
213.933563 167.811020 
546.577148 288.130432 
299.147522 62.058182 
228.143845 140.809341 
401.033936 181.147888 
259.737152 159.395950 
558.272949 301.335144 
225.846359 147.130753 
206.426407 124.020432 
247.958298 60.238270 
206.426407 124.020432 
206.172806 164.545670 
332.860931 211.946884 
296.697266 60.993271 
288.704712 291.437073 
403.070496 87.242653 
296.265381 290.674347 
223.544983 178.384293 
213.304626 117.519035 
213.933563 167.811020 
217.878937 130.641876 
292.992126 100.701645 
215.726944 146.043060 
230.450333 129.693024 
298.834717 281.874176 
296.195770 110.480110 
225.846359 147.130753 
347.396667 278.976624 
296.618195 54.426968 
206.172806 164.545670 
284.583710 57.577618 
296.618195 54.426968 
202.665298 111.144112 
209.726379 144.566299 
209.726379 144.566299 
271.894440 340.670990 
240.810318 128.583984 
276.167816 336.160767 
351.188660 233.146362 
259.737152 159.395950 
551.020386 427.284393 
306.631287 337.398712 
299.147522 62.058182 
227.206650 99.958115 
223.544983 178.384293 
215.726944 146.043060 
557.012878 291.717590 
557.012878 291.717590 
205.612091 128.491913 
347.396667 278.976624 
222.981644 75.788734 
197.628113 83.120232 
354.025360 226.658737 
243.683838 181.835159 
402.319550 189.706635 
223.682648 176.058395 
301.565735 60.514957 
194.708008 132.015472 
268.937592 279.610352 
301.565735 60.514957 
217.878937 130.641876 
282.459595 56.451969 
226.023605 172.039749 
414.186310 200.675003 
289.159637 154.382111 
220.878281 135.600189 
206.426407 124.020432 
527.098938 420.119995 
194.708008 132.015472 
199.991257 160.703400 
247.958298 60.238270 
292.217224 101.167320 
230.450333 129.693024 
204.600540 125.098061 
200.281082 129.420303 
305.950531 332.889862 
219.873901 154.309052 
485.270111 117.614578 
278.809937 220.719833 
202.702530 163.411301 
209.726379 144.566299 
194.708008 132.015472 
314.578552 348.910614 
374.277649 151.200211 
343.886658 253.205322 
277.465302 282.037079 
190.825943 123.032906 
217.878937 130.641876 
241.011154 88.969124 
290.446991 50.561459 
231.370331 154.299072 
325.495605 364.860748 
289.472687 134.739243 
354.042480 251.078445 
258.912872 122.113274 
250.913895 99.619781 
200.281082 129.420303 
460.146515 270.513214 
289.159637 154.382111 
289.159637 154.382111 
290.446991 50.561459 
382.356384 296.394653 
296.618195 54.426968 
240.041351 141.298874 
217.878937 130.641876 
213.933563 167.811020 
302.040009 256.704285 
402.752808 190.913422 
515.138428 434.134857 
272.955658 99.591858 
347.396667 278.976624 
266.015656 301.321381 
247.958298 60.238270 
299.309662 289.529999 
443.001953 231.804825 
268.551178 133.961456 
196.102814 124.522743 
236.318039 177.071396 
220.878281 135.600189 
335.981934 364.474548 
217.878937 130.641876 
306.631287 337.398712 
247.958298 60.238270 
217.878937 130.641876 
308.838287 138.653839 
320.431183 108.167282 
299.147522 62.058182 
276.680328 172.759155 
217.878937 130.641876 
234.542847 134.322372 
217.878937 130.641876 
294.489441 136.017166 
436.456451 264.811401 
194.708008 132.015472 
270.463074 328.033661 
231.370331 154.299072 
338.294983 346.830872 
294.489441 136.017166 
444.596191 255.787094 
268.873901 94.428467 
433.372345 255.095139 
230.450333 129.693024 
209.726379 144.566299 
271.259521 304.393402 
245.639740 114.050804 
515.138428 434.134857 
426.884705 229.973221 
184.180801 118.551773 
196.102814 124.522743 
279.802490 50.108521 
313.992462 344.925354 
272.299866 98.779289 
206.426407 124.020432 
335.686768 360.197510 
217.878937 130.641876 
211.616180 113.069847 
558.272949 301.335144 
388.861176 172.954208 
231.923431 41.732891 
276.680328 172.759155 
217.878937 130.641876 
251.682755 97.067093 
271.259521 304.393402 
220.281738 142.869812 
250.700272 137.037933 
201.002930 144.840973 
311.566956 339.165039 
337.546661 301.666992 
325.625580 112.089844 
325.625580 112.089844 
312.118927 217.113480 
202.461426 128.449051 
355.916962 305.282501 
215.726944 146.043060 
518.516724 395.417389 
226.254120 45.009861 
546.577148 288.130432 
204.851715 153.364456 
312.099304 291.027649 
199.420532 158.545746 
193.967834 117.237648 
213.125626 169.703918 
220.878281 135.600189 
227.206650 99.958115 
294.489441 136.017166 
262.378174 153.292328 
296.618195 54.426968 
272.299866 98.779289 
279.802490 50.108521 
241.011154 88.969124 
201.896530 134.972458 
559.914917 375.765686 
271.576019 339.261780 
215.726944 146.043060 
419.186371 224.175888 
288.704712 291.437073 
343.834900 202.689087 
332.876495 358.440826 
223.682648 176.058395 
210.314606 120.158676 
223.682648 176.058395 
397.218384 384.621185 
268.551178 133.961456 
356.290649 324.251312 
217.878937 130.641876 
448.385406 271.782959 
200.281082 129.420303 
259.464935 181.767303 
255.634293 86.391953 
266.383514 330.497101 
220.281738 142.869812 
419.416565 227.157852 
218.523010 143.202103 
247.958298 60.238270 
217.878937 130.641876 
278.841461 49.823402 
250.654373 91.048416 
217.878937 130.641876 
304.901978 279.660187 
244.903473 136.086807 
256.003052 118.822746 
342.624298 355.400970 
335.981934 364.474548 
561.960327 430.394043 
274.554138 105.158195 
274.554138 105.158195 
328.628693 341.829834 
259.464935 181.767303 
251.347778 171.165909 
268.551178 133.961456 
316.132111 320.951202 
316.674988 332.923737 
302.383270 335.747162 
397.218384 384.621185 
259.464935 181.767303 
220.878281 135.600189 
268.551178 133.961456 
393.409119 407.732178 
225.752136 74.295723 
354.042480 251.078445 
230.546417 180.890091 
465.414185 312.199921 
329.259735 370.381653 
308.020050 334.155731 
253.398804 185.414978 
265.439484 304.685638 
245.244873 169.214447 
259.545654 105.611870 
284.968475 241.605209 
354.025360 226.658737 
244.174179 107.713249 
270.545135 345.659729 
219.488739 142.775665 
200.281082 129.420303 
332.876495 358.440826 
415.471680 174.395340 
398.459991 189.413498 
217.878937 130.641876 
337.050385 343.306915 
237.453506 110.829834 
225.084274 120.509483 
406.148590 16.389816 
259.464935 181.767303 
247.958298 60.238270 
261.368317 156.162842 
265.839325 133.482910 
215.726944 146.043060 
531.595703 346.733124 
256.003052 118.822746 
217.878937 130.641876 
282.459595 56.451969 
296.195770 110.480110 
272.299866 98.779289 
241.011154 88.969124 
250.654373 91.048416 
415.434814 209.222824 
228.999146 42.293968 
220.878281 135.600189 
206.441757 343.328369 
203.959595 112.439117 
261.582306 120.952744 
265.839325 133.482910 
220.878281 135.600189 
336.655609 367.708405 
186.738617 154.726486 
383.664246 183.936096 
398.459991 189.413498 
293.425446 190.203262 
342.355896 340.235535 
317.097168 238.732315 
268.551178 133.961456 
354.025360 226.658737 
206.172806 164.545670 
261.146729 168.772049 
263.399231 269.153076 
329.259735 370.381653 
256.003052 118.822746 
228.723389 170.056763 
270.545135 345.659729 
254.153076 185.552338 
255.634293 86.391953 
201.373901 131.378082 
201.373901 131.378082 
222.258194 26.611010 
204.917313 164.503891 
230.922180 90.268776 
247.564880 89.192902 
201.373901 131.378082 
626.587646 418.457642 
393.409119 407.732178 
203.221924 155.530548 
270.545135 345.659729 
467.481110 286.384888 
250.654373 91.048416 
261.582306 120.952744 
231.653183 37.308338 
278.836334 296.318420 
202.665298 111.144112 
303.731964 333.461304 
210.680115 172.020187 
210.680115 172.020187 
210.680115 172.020187 
367.526459 123.816345 
262.922119 129.461929 
304.901978 279.660187 
227.839539 30.728855 
323.007812 305.670990 
272.955658 99.591858 
225.935593 118.753342 
302.383270 335.747162 
306.631287 337.398712 
486.059021 419.373413 
448.385406 271.782959 
219.488739 142.775665 
220.878281 135.600189 
220.878281 135.600189 
404.442993 392.913605 
404.442993 392.913605 
416.025574 186.934830 
368.617035 331.523956 
368.617035 331.523956 
285.014862 225.393860 
219.488739 142.775665 
268.551178 133.961456 
234.542847 134.322372 
551.404114 286.306030 
337.050385 343.306915 
462.004089 361.273315 
313.297211 284.294281 
336.430450 92.421684 
368.617035 331.523956 
278.959930 233.575577 
320.431183 108.167282 
404.442993 392.913605 
311.098846 331.910675 
339.056030 325.820679 
308.838287 138.653839 
354.570557 253.932663 
304.901978 279.660187 
202.702530 163.411301 
571.313721 430.731781 
338.294983 346.830872 
217.878937 130.641876 
342.355896 340.235535 
398.459991 189.413498 
356.290649 324.251312 
308.838287 138.653839 
210.314606 120.158676 
462.004089 361.273315 
267.467773 276.393951 
317.702820 336.304382 
317.702820 336.304382 
341.135162 292.454437 
217.878937 130.641876 
246.340195 109.474014 
246.340195 109.474014 
