500
287.064056 90.533890 
287.086761 90.585007 
473.853546 176.087723 
286.648590 109.533501 
469.019379 211.364059 
484.797760 193.085327 
488.975403 194.954147 
442.756683 209.873672 
90.779564 329.365723 
485.265594 194.785385 
487.472534 199.996902 
488.659576 197.813354 
248.890060 105.679253 
469.155701 214.632385 
473.226471 191.528610 
234.488846 103.716522 
428.048187 186.232880 
287.646698 109.720177 
480.698212 198.632751 
483.046143 210.592773 
476.079529 184.352997 
273.146515 244.093445 
476.886200 185.914627 
472.971191 192.587036 
472.969604 189.549072 
580.952148 268.621552 
441.131744 198.994675 
482.839203 191.689438 
413.988464 190.716995 
476.164917 183.115250 
299.278595 110.299019 
459.326447 192.087021 
462.495209 187.076187 
507.211823 297.588684 
392.253265 390.279602 
440.862640 201.382996 
444.737213 196.528961 
429.767059 202.466522 
163.096436 95.963226 
475.469971 194.861237 
484.442871 312.539062 
492.143829 193.491501 
424.241974 192.043777 
416.611938 192.561844 
447.424133 196.111877 
455.405304 200.519882 
462.832916 174.176483 
251.949646 196.152786 
321.234406 336.869720 
418.688660 232.780334 
452.859650 178.872452 
438.998138 200.919327 
454.004517 197.295837 
264.771454 210.830200 
258.718750 195.151413 
444.152191 217.529251 
440.915924 189.734283 
437.175903 191.928864 
451.627289 182.800873 
93.125542 312.620483 
237.705139 214.002701 
340.748169 206.664093 
422.377289 195.807526 
454.966095 201.647659 
322.834015 336.758362 
271.679596 154.417725 
447.103516 193.067688 
415.893463 206.184464 
452.510681 184.218277 
445.156433 195.985825 
236.434601 178.818359 
311.194824 213.866119 
437.614716 186.050339 
92.511772 313.093292 
530.106506 135.762344 
440.333740 200.796509 
234.962738 186.864227 
234.052368 186.844788 
475.378906 211.698151 
310.561890 342.239441 
476.443207 210.209229 
535.774902 263.669952 
433.529907 183.404251 
315.344543 216.925217 
423.488770 190.728790 
426.050293 298.880707 
506.246124 213.313507 
486.379242 306.525238 
452.242096 180.824448 
448.416779 310.961243 
469.046783 193.166885 
439.715118 206.709900 
385.506989 388.852295 
340.178741 277.021362 
511.643127 241.435455 
415.159454 199.998611 
466.145966 207.142761 
309.483643 345.343719 
247.564331 178.685577 
436.197662 185.156250 
476.095398 181.783798 
433.092773 216.191467 
448.063782 223.600327 
422.429169 188.994843 
479.391998 207.700485 
506.526459 299.599945 
512.616333 268.227478 
512.920471 268.299927 
477.616577 200.449936 
505.231506 298.982269 
436.631714 234.182556 
236.753830 213.997253 
478.496979 207.500641 
416.711823 193.745270 
340.156311 279.749146 
471.862610 210.279297 
443.766174 179.342789 
412.948944 222.443085 
263.407043 351.104950 
496.137543 184.266739 
288.355774 194.537415 
290.416107 188.581863 
499.224030 213.309479 
51.317047 311.106567 
415.594452 209.087570 
450.317719 186.563080 
428.378082 302.627380 
428.527954 302.306549 
287.881500 161.794983 
66.301460 330.230743 
460.109894 223.441711 
482.965668 204.144958 
435.014587 183.570938 
256.686829 195.607056 
483.461273 190.355270 
463.117126 220.887161 
448.348572 216.112732 
499.006378 212.602310 
504.181641 296.532776 
422.419647 213.563156 
244.444305 224.728958 
268.208344 107.741394 
511.889191 239.668869 
450.497864 227.566467 
257.983459 224.956467 
424.107605 388.581940 
359.480835 213.171799 
402.699066 208.518265 
228.370865 181.848770 
428.754822 181.767380 
424.399963 298.752716 
419.756073 298.180908 
444.916168 284.736786 
256.950317 148.536880 
527.138489 233.871750 
471.390228 217.741226 
491.947266 231.499207 
227.082504 189.261261 
417.569427 195.231064 
311.098297 278.970520 
483.727081 309.583801 
292.807129 200.391083 
262.757385 348.520966 
444.037384 192.521576 
409.823242 257.302277 
460.489410 206.868530 
311.756226 322.241821 
280.849182 331.136444 
197.745178 99.763084 
197.236649 99.932396 
248.618805 179.863693 
267.910004 144.536240 
416.611420 212.894913 
452.379303 210.324860 
256.873901 197.485184 
65.506805 330.715607 
514.521362 215.660385 
521.948303 289.023529 
246.188156 181.979462 
454.216064 202.652359 
439.229095 312.864929 
482.200562 208.129578 
411.226440 298.855438 
498.182983 310.788849 
440.574432 311.511627 
525.083252 236.773621 
438.820221 223.463730 
265.508423 352.481445 
460.400543 224.241867 
487.452209 253.028503 
272.845428 240.291275 
491.950867 268.080566 
438.124786 218.982147 
406.017578 226.780914 
447.259308 224.446945 
294.072021 253.359009 
456.580750 212.277695 
269.576904 237.892120 
360.613831 215.802948 
238.871078 327.525055 
405.927979 207.468094 
486.680603 261.664093 
457.462158 212.850571 
244.346237 339.794830 
158.214218 154.563004 
466.228546 274.259338 
446.061829 239.059998 
471.397339 316.405701 
408.675995 257.622620 
407.924438 201.230774 
495.669281 216.525818 
415.355957 212.548492 
486.983704 253.691315 
460.244781 269.729584 
460.160126 269.354584 
426.391754 218.945129 
485.523224 177.531418 
262.176422 209.362427 
511.662964 242.092026 
85.591255 314.312164 
502.442902 276.652527 
514.719055 217.582260 
416.721466 199.691833 
405.923157 214.109802 
461.142151 288.183105 
509.031677 208.939148 
487.801453 307.548828 
443.335907 220.590134 
428.612762 300.985748 
422.766235 270.293579 
484.597961 314.025482 
410.081940 198.691895 
388.035309 260.475006 
427.357513 267.696564 
247.075500 177.787308 
453.614594 285.089844 
453.532776 219.568619 
498.542267 299.490753 
432.838196 223.042953 
412.498444 297.045227 
400.301025 236.820160 
485.081207 308.809601 
253.056992 329.753937 
445.319153 214.910843 
472.706482 219.916321 
523.171631 279.425781 
309.960236 270.835297 
221.606827 181.985123 
313.609283 181.475815 
245.524445 227.177521 
522.760193 233.210480 
426.187927 267.344818 
475.441101 245.267715 
402.649292 259.199219 
270.722290 238.181274 
336.078064 263.015656 
455.625458 219.855743 
400.891785 205.119644 
149.909515 241.834595 
438.222473 312.612915 
107.054947 218.905670 
487.964142 233.269318 
203.508667 191.379761 
502.595276 214.078186 
400.218170 237.097610 
477.390442 227.550339 
212.306519 197.018814 
469.757233 260.276428 
408.818359 173.546967 
480.371521 260.497803 
480.066711 231.884491 
309.479492 341.615753 
469.286804 270.763550 
433.909882 243.415894 
248.764053 236.464432 
521.098816 436.673004 
459.509827 220.808990 
344.504150 244.966599 
407.555786 229.525131 
212.991806 206.734222 
265.369873 211.902954 
478.835693 334.513428 
237.224060 182.103546 
471.837097 238.041641 
420.224854 228.400513 
242.827835 221.369110 
238.754730 183.500412 
229.387512 340.233215 
247.427948 235.573318 
499.867218 298.485077 
460.693756 221.403214 
460.952057 221.133881 
287.366882 198.124771 
332.347473 206.930939 
401.723145 209.547394 
472.496033 238.946793 
536.146851 257.160156 
334.189667 207.894043 
207.356964 193.788300 
53.364643 318.776611 
436.563263 178.632843 
402.499420 291.485138 
402.332275 291.567352 
433.457458 240.750488 
322.303009 341.533569 
498.888885 270.644104 
396.727997 246.010208 
313.881561 174.472549 
453.839996 277.710266 
266.322754 229.384552 
278.889557 208.209000 
307.286835 341.231964 
472.051117 269.949310 
444.661041 176.707947 
315.625214 276.738953 
267.826630 240.537384 
455.690308 243.086426 
403.544800 229.720947 
436.332794 226.580765 
222.881027 182.005325 
385.376678 251.718582 
394.284607 229.703232 
408.516357 227.614761 
534.733276 260.395813 
326.548431 341.158569 
322.777039 177.062225 
208.493225 190.537430 
505.023224 240.162720 
409.130341 226.773300 
271.826233 137.158813 
43.104763 347.265991 
403.990906 201.044083 
538.750854 244.507172 
388.617706 242.273865 
213.125015 189.625305 
495.019745 238.501221 
144.550644 240.222076 
450.449097 228.160751 
35.489822 353.293671 
314.019531 217.237885 
405.744080 231.668915 
230.889572 337.555359 
24.693386 360.296051 
257.836914 149.130630 
349.419922 337.304108 
401.303070 220.344070 
204.949081 192.177109 
496.405548 234.997147 
214.753464 207.627533 
218.060318 203.691299 
273.473755 245.118408 
469.825623 224.688889 
243.310181 174.943420 
291.116333 186.837341 
350.660736 218.050522 
402.895203 236.330093 
514.523560 245.769791 
487.734802 230.163132 
143.783813 93.795677 
241.297592 266.091553 
491.574768 247.817764 
430.991577 222.423874 
424.011810 269.842285 
485.245789 248.577927 
477.733826 228.211914 
310.490570 269.410095 
412.924469 229.103012 
487.824249 229.451370 
229.880875 334.217041 
500.560760 309.590607 
509.712402 256.410950 
349.027679 250.185608 
313.052399 175.205338 
124.314796 151.877319 
298.077087 336.358917 
455.071899 242.241531 
319.754364 95.937675 
319.661346 95.796295 
253.284683 144.549728 
508.143158 300.768555 
467.175232 239.234482 
244.765274 226.597412 
293.835876 265.149780 
293.072998 265.480408 
405.495544 200.001221 
460.045197 256.502319 
274.147919 267.414581 
183.070358 329.747833 
232.588531 349.782196 
471.290375 273.976135 
419.711548 201.916061 
472.887054 175.807159 
512.354248 245.743256 
465.853638 271.246643 
454.286255 253.191605 
252.255768 144.357269 
467.837341 168.163971 
505.428192 239.228439 
395.746338 217.423294 
443.379181 221.279144 
416.836914 261.113037 
416.237305 261.594849 
253.690491 342.409698 
246.308411 239.274460 
391.873352 273.743988 
545.488647 265.625885 
402.172668 214.032516 
261.754883 137.618652 
394.972443 222.497009 
511.354248 245.172775 
208.481903 201.934921 
424.614136 234.329758 
265.331665 230.575470 
139.388260 278.842712 
429.029053 222.890533 
229.199844 195.374512 
209.797958 203.800400 
465.665558 270.771729 
409.789520 256.887695 
389.558838 263.833923 
429.653961 221.737976 
438.664948 254.334351 
282.158936 164.509048 
265.538574 236.212158 
336.647644 210.054214 
501.057495 237.635727 
374.126892 331.895782 
413.144165 285.468048 
464.767517 224.417969 
238.560867 182.934814 
210.208527 182.888443 
441.384216 247.557892 
203.799118 346.088409 
472.622803 248.342728 
215.882553 188.698410 
335.565430 203.847122 
260.980621 154.895264 
419.486359 305.191406 
449.728516 207.182205 
292.345306 176.609634 
238.150620 326.893646 
469.780518 233.442810 
421.994202 232.669220 
459.515350 255.202072 
248.242371 331.843353 
250.281219 175.976105 
294.897858 201.270309 
303.078644 183.588104 
303.812622 183.273132 
119.344109 367.901917 
219.839111 206.212524 
374.269623 252.218948 
483.702820 229.438843 
174.709518 325.050964 
494.158020 238.724655 
248.387451 184.722076 
239.961395 170.336060 
268.198914 146.101501 
443.860321 250.403015 
210.673325 196.873795 
419.208984 232.677444 
434.975006 260.079742 
50.703453 340.091034 
390.149139 267.183411 
317.758575 130.700211 
391.235626 338.290131 
256.683990 263.601013 
258.733765 155.791290 
454.447449 243.365128 
146.051941 256.534210 
415.834503 280.617767 
418.791931 303.623016 
137.202728 216.591888 
130.192596 172.848450 
136.541428 283.195679 
484.324890 255.572250 
473.180206 233.610489 
82.408714 292.985931 
216.487518 101.692818 
337.346588 264.702881 
214.453979 204.319733 
205.847992 344.573761 
304.012665 110.733940 
243.324478 268.911346 
436.453400 252.579132 
475.633148 254.822800 
288.943878 151.986130 
321.196320 175.709213 
438.886658 253.850357 
388.214417 248.434021 
304.736542 322.001526 
465.590759 224.269592 
497.513397 311.306702 
249.909653 173.271591 
331.441345 231.310364 
233.482452 335.916534 
90.325943 309.339233 
62.314369 278.978851 
232.870010 213.045731 
136.771866 302.987122 
