500
456.028290 310.913422 
456.028290 310.913422 
280.240631 384.709351 
226.150833 198.030914 
257.334351 390.878296 
291.650452 352.385193 
257.334351 390.878296 
277.834320 365.280884 
257.334351 390.878296 
258.295563 388.618744 
431.149353 332.303192 
499.168121 58.414978 
249.977570 386.159912 
250.725388 355.866974 
261.400879 394.558441 
261.400879 394.558441 
75.393318 240.680954 
268.866486 377.176788 
287.602722 368.655151 
274.514221 358.694336 
260.154144 386.493164 
271.261475 384.237549 
273.989868 362.994293 
258.295563 388.618744 
257.432556 394.483185 
413.193176 222.092438 
277.834320 365.280884 
260.154144 386.493164 
365.298370 283.339294 
75.393318 240.680954 
242.126282 382.775909 
335.671448 271.913055 
261.543549 395.103302 
255.267044 388.474152 
274.514221 358.694336 
283.810852 6.723752 
397.719147 216.300690 
415.619385 258.849854 
374.967316 273.623810 
378.926727 215.887253 
193.302109 316.966644 
296.403992 207.390808 
394.977020 220.878220 
378.926727 215.887253 
317.578369 277.329742 
245.862640 375.818115 
242.126282 382.775909 
161.988434 320.806213 
201.680084 283.501190 
201.680084 283.501190 
257.334351 390.878296 
261.543549 395.103302 
239.408127 393.533691 
412.557587 219.062042 
270.703461 365.847229 
345.447754 248.515152 
287.602722 368.655151 
287.602722 368.655151 
166.837402 391.286896 
419.302734 253.496719 
270.703461 365.847229 
362.600677 279.079254 
245.862640 375.818115 
415.848236 214.103180 
249.977570 386.159912 
153.831955 325.026947 
377.060669 250.574417 
291.650452 352.385193 
264.934662 368.099762 
257.334351 390.878296 
284.793518 335.261963 
249.977570 386.159912 
249.977570 386.159912 
365.298370 283.339294 
277.834320 365.280884 
281.520081 380.217743 
221.024857 140.664642 
221.024857 140.664642 
271.261475 384.237549 
264.240448 396.812408 
242.126282 382.775909 
255.921249 368.937317 
261.543549 395.103302 
413.193176 222.092438 
193.302109 316.966644 
270.703461 365.847229 
251.996933 387.449097 
411.219879 209.187286 
411.219879 209.187286 
415.706207 208.915268 
415.706207 208.915268 
261.400879 394.558441 
268.787903 357.923340 
397.719147 216.300690 
261.543549 395.103302 
255.921249 368.937317 
75.393318 240.680954 
264.934662 368.099762 
276.154419 273.877319 
242.126282 382.775909 
288.355713 351.416748 
249.977570 386.159912 
327.223450 273.861664 
264.934662 368.099762 
246.982544 167.093842 
264.934662 368.099762 
271.261475 384.237549 
291.650452 352.385193 
242.126282 382.775909 
337.498688 270.856659 
342.926270 250.054993 
61.203831 244.321274 
137.701904 143.320236 
327.223450 273.861664 
269.375732 377.598419 
341.554352 250.908051 
255.921249 368.937317 
160.503128 335.081299 
424.458191 205.919937 
267.633087 369.812622 
163.554092 390.072540 
270.703461 365.847229 
244.247467 381.773499 
253.707932 362.052307 
239.408127 393.533691 
291.650452 352.385193 
217.557327 271.791687 
153.831955 325.026947 
268.932495 127.419868 
413.193176 222.092438 
249.590790 298.858459 
249.590790 298.858459 
276.728546 229.744812 
112.214981 211.352432 
287.602722 368.655151 
250.725388 355.866974 
287.602722 368.655151 
261.993195 386.332672 
226.080032 394.870453 
239.650375 414.644836 
290.442352 338.585327 
163.557785 324.626099 
245.549210 178.918365 
250.725388 355.866974 
250.725388 355.866974 
240.261414 337.147369 
256.409363 398.426392 
272.456421 365.457733 
160.291626 340.851746 
396.885712 264.575897 
246.688446 164.627625 
250.195831 349.808655 
209.844223 374.453278 
250.195831 349.808655 
258.051849 324.118439 
333.786530 272.196472 
155.425278 343.816833 
159.731522 320.527069 
159.865402 329.589844 
142.411697 422.503174 
245.549210 178.918365 
281.520081 380.217743 
416.982544 202.433441 
289.076813 371.163666 
239.408127 393.533691 
152.486816 329.000488 
427.004456 259.866211 
421.502655 216.030060 
274.368744 322.381317 
245.982452 170.448578 
255.921249 368.937317 
252.291489 372.942932 
386.378082 177.120819 
420.415314 248.779999 
243.949997 393.048767 
394.977020 220.878220 
274.514221 358.694336 
281.520081 380.217743 
274.514221 358.694336 
425.450653 246.740524 
274.017487 150.716034 
270.399017 126.992554 
361.927856 202.132050 
236.502182 188.546326 
160.240997 327.120331 
237.444275 406.518799 
250.195831 349.808655 
245.862640 375.818115 
155.425278 343.816833 
254.270691 385.267303 
160.503128 335.081299 
255.921249 368.937317 
264.934662 368.099762 
249.590790 298.858459 
61.203831 244.321274 
268.932495 127.419868 
236.502182 188.546326 
258.051849 324.118439 
263.096558 368.408081 
250.195831 349.808655 
316.288971 285.419434 
291.376160 331.689606 
222.806763 363.668640 
256.409363 398.426392 
374.411896 231.584000 
292.348389 117.324936 
377.060669 250.574417 
258.295563 388.618744 
261.799072 181.418350 
347.287109 201.159424 
228.854218 302.624268 
279.079376 332.147522 
226.747192 414.121002 
366.713898 245.464233 
207.566071 327.966827 
207.566071 327.966827 
255.921249 368.937317 
282.394989 364.566772 
291.751801 322.629425 
245.215942 404.931885 
155.343094 342.775330 
290.442352 338.585327 
314.603210 81.210434 
200.638443 329.492218 
168.962463 394.703400 
258.295563 388.618744 
152.012680 333.054840 
152.012680 333.054840 
504.071045 59.831535 
431.609406 249.657928 
239.499435 177.924377 
214.315887 408.674683 
175.169968 369.178162 
175.169968 369.178162 
175.169968 369.178162 
262.388824 321.146820 
252.907745 361.964661 
213.934723 359.976776 
270.169830 286.347229 
209.844223 374.453278 
255.921249 368.937317 
200.638443 329.492218 
153.321304 344.305573 
229.581207 284.255707 
245.982452 170.448578 
301.459686 120.187691 
236.502182 188.546326 
217.614456 375.347595 
237.906906 323.946991 
200.638443 329.492218 
302.709473 212.914230 
261.400879 394.558441 
373.899048 242.001144 
245.862640 375.818115 
246.623322 340.045959 
250.725388 355.866974 
155.343094 342.775330 
244.590897 325.476929 
304.093536 104.136368 
236.502182 188.546326 
426.718811 192.984070 
159.017395 344.692932 
347.287109 201.159424 
287.602722 368.655151 
347.287109 201.159424 
281.520081 380.217743 
249.044174 356.824280 
255.921249 368.937317 
153.321304 344.305573 
249.590790 298.858459 
257.334351 390.878296 
257.432556 394.483185 
408.873016 187.353256 
301.728729 256.093719 
230.259232 304.351624 
297.698090 349.340942 
430.590668 105.167404 
361.927856 202.132050 
203.098587 333.084778 
424.040649 99.260422 
286.852997 315.205597 
264.934662 368.099762 
413.193176 222.092438 
249.590790 298.858459 
258.051849 324.118439 
291.376160 331.689606 
370.794006 227.665070 
272.456421 365.457733 
286.852997 315.205597 
245.862640 375.818115 
427.755676 183.540497 
262.828003 366.681885 
272.456421 365.457733 
206.649582 306.270935 
333.100220 276.816986 
362.106659 240.819275 
255.921249 368.937317 
361.927856 202.132050 
260.154144 386.493164 
295.975708 212.550568 
274.514221 358.694336 
236.166550 395.295197 
258.295563 388.618744 
200.638443 329.492218 
203.098587 333.084778 
250.195831 349.808655 
270.169830 286.347229 
262.828003 366.681885 
286.852997 315.205597 
415.253479 223.273727 
203.098587 333.084778 
232.766006 340.326813 
203.098587 333.084778 
423.316772 208.194687 
252.291489 372.942932 
252.291489 372.942932 
274.514221 358.694336 
374.411896 231.584000 
110.546188 169.795303 
301.459686 120.187691 
41.808220 267.620972 
176.599869 155.813522 
369.266479 281.622589 
270.825012 285.708618 
274.514221 358.694336 
386.378082 177.120819 
424.040649 99.260422 
217.557327 271.791687 
430.590668 105.167404 
175.169968 369.178162 
175.169968 369.178162 
252.291489 372.942932 
203.294571 282.890289 
175.169968 369.178162 
245.862640 375.818115 
244.247467 381.773499 
203.098587 333.084778 
371.880066 202.633026 
137.701904 143.320236 
430.187469 182.990021 
248.752014 344.514709 
409.383362 216.981369 
260.947998 337.192596 
300.150635 98.292038 
426.718811 192.984070 
270.601288 305.730072 
263.096558 368.408081 
255.380890 401.478943 
413.108093 180.026260 
428.650574 108.680885 
291.376160 331.689606 
222.806763 363.668640 
413.108093 180.026260 
213.934723 359.976776 
291.376160 331.689606 
227.495987 341.388672 
288.355713 351.416748 
203.098587 333.084778 
258.295563 388.618744 
203.098587 333.084778 
249.977570 386.159912 
247.177185 334.906921 
260.154144 386.493164 
327.556000 279.969910 
499.168121 58.414978 
499.168121 58.414978 
252.291489 372.942932 
255.921249 368.937317 
121.544289 444.085236 
316.288971 285.419434 
322.103760 276.803101 
237.906906 323.946991 
41.808220 267.620972 
424.040649 99.260422 
203.098587 333.084778 
203.098587 333.084778 
239.408127 393.533691 
278.409760 374.095490 
222.806763 363.668640 
374.967316 273.623810 
366.676422 271.739563 
413.193176 222.092438 
229.984314 201.825348 
237.906906 323.946991 
302.709473 212.914230 
409.383362 216.981369 
430.187469 182.990021 
374.565460 277.572266 
295.347229 127.214279 
306.960480 101.387878 
499.168121 58.414978 
258.051849 324.118439 
408.997528 186.775299 
232.766006 340.326813 
300.150635 98.292038 
320.895630 203.049118 
320.895630 203.049118 
254.270691 385.267303 
285.945801 374.550232 
314.603210 81.210434 
285.945801 374.550232 
413.853943 185.912994 
206.649582 306.270935 
347.287109 201.159424 
193.302109 316.966644 
206.323914 312.190948 
251.132385 164.758530 
286.852997 315.205597 
371.989655 277.168488 
229.230286 321.678925 
374.240601 265.235596 
152.012680 333.054840 
374.967316 273.623810 
218.126740 350.857025 
218.126740 350.857025 
216.363785 364.063690 
239.650375 414.644836 
456.028290 310.913422 
291.376160 331.689606 
204.025558 354.836487 
260.947998 337.192596 
415.098938 204.451538 
252.291489 372.942932 
381.960358 271.631287 
229.230286 321.678925 
291.180664 319.961884 
244.247467 381.773499 
366.342407 281.018066 
112.214981 211.352432 
272.982605 323.419983 
223.905441 334.714111 
279.079376 332.147522 
237.906906 323.946991 
430.373596 246.944122 
413.108093 180.026260 
239.296478 394.606384 
413.193176 222.092438 
203.098587 333.084778 
239.650375 414.644836 
239.650375 414.644836 
239.650375 414.644836 
245.862640 375.818115 
273.989868 362.994293 
374.967316 273.623810 
412.971344 196.706223 
239.408127 393.533691 
203.098587 333.084778 
416.385834 219.608017 
204.025558 354.836487 
154.873245 398.027405 
295.347229 127.214279 
297.698090 349.340942 
304.093536 104.136368 
211.078110 339.728363 
381.443756 187.581558 
452.632782 113.614586 
366.713898 245.464233 
420.745117 95.221664 
159.270187 199.012680 
378.926727 215.887253 
269.237213 151.388199 
78.530754 236.490631 
233.842682 322.022430 
264.615784 174.682144 
203.098587 333.084778 
274.843140 287.283386 
250.845428 325.099121 
424.432037 183.055145 
255.921249 368.937317 
229.581207 284.255707 
285.930786 381.625183 
477.382996 141.456680 
424.472656 233.405533 
370.405304 230.054489 
386.378082 177.120819 
216.018738 322.481171 
237.906906 323.946991 
160.330887 403.969116 
245.862640 375.818115 
270.169830 286.347229 
424.040649 99.260422 
432.517151 114.245682 
409.383362 216.981369 
250.725388 355.866974 
227.495987 341.388672 
78.530754 236.490631 
369.266479 281.622589 
273.730499 320.796326 
314.154083 252.788666 
227.495987 341.388672 
333.786530 272.196472 
229.581207 284.255707 
437.651825 109.915733 
258.445404 360.206940 
271.052795 152.575821 
153.103378 404.846558 
277.576965 231.450241 
285.101929 394.375336 
292.387299 368.811462 
159.865402 329.589844 
