500
436.563263 178.632843 
92.511772 313.093292 
93.125542 312.620483 
90.779564 329.365723 
473.853546 176.087723 
472.971191 192.587036 
287.064056 90.533890 
287.086761 90.585007 
315.344543 216.925217 
530.106506 135.762344 
392.253265 390.279602 
494.584747 183.104095 
469.046783 193.166885 
338.360077 211.904373 
462.495209 187.076187 
273.473755 245.118408 
483.046143 210.592773 
248.890060 105.679253 
493.707550 182.000778 
473.226471 191.528610 
247.075500 177.787308 
442.756683 209.873672 
488.975403 194.954147 
455.625458 219.855743 
484.797760 193.085327 
452.510681 184.218277 
480.698212 198.632751 
359.670715 218.735321 
163.096436 95.963226 
428.048187 186.232880 
286.648590 109.533501 
485.265594 194.785385 
580.952148 268.621552 
476.886200 185.914627 
311.098297 278.970520 
322.303009 341.533569 
234.488846 103.716522 
469.155701 214.632385 
424.241974 192.043777 
476.095398 181.783798 
422.429169 188.994843 
334.189667 207.894043 
440.915924 189.734283 
488.659576 197.813354 
441.131744 198.994675 
263.407043 351.104950 
62.557743 306.039185 
475.469971 194.861237 
437.175903 191.928864 
440.862640 201.382996 
322.834015 336.758362 
455.405304 200.519882 
469.019379 211.364059 
447.103516 193.067688 
459.326447 192.087021 
492.143829 193.491501 
472.969604 189.549072 
476.079529 184.352997 
272.845428 240.291275 
321.234406 336.869720 
476.443207 210.209229 
419.711548 201.916061 
483.461273 190.355270 
454.966095 201.647659 
445.156433 195.985825 
258.718750 195.151413 
496.137543 184.266739 
447.424133 196.111877 
482.839203 191.689438 
424.809631 183.752151 
429.767059 202.466522 
444.037384 192.521576 
484.442871 312.539062 
437.614716 186.050339 
310.490570 269.410095 
444.737213 196.528961 
438.998138 200.919327 
486.464722 176.301102 
486.049286 176.907928 
435.014587 183.570938 
454.004517 197.295837 
360.613831 215.802948 
457.462158 212.850571 
236.434601 178.818359 
294.626099 208.357193 
247.564331 178.685577 
487.472534 199.996902 
415.893463 206.184464 
256.686829 195.607056 
314.019531 217.237885 
423.488770 190.728790 
278.460114 209.986755 
460.489410 206.868530 
309.483643 345.343719 
448.416779 310.961243 
439.715118 206.709900 
475.378906 211.698151 
65.506805 330.715607 
416.611938 192.561844 
265.508423 352.481445 
299.278595 110.299019 
309.479492 341.615753 
433.092773 216.191467 
422.377289 195.807526 
506.246124 213.313507 
452.242096 180.824448 
415.159454 199.998611 
282.158936 164.509048 
440.333740 200.796509 
246.267273 187.612473 
183.070358 329.747833 
452.379303 210.324860 
416.711823 193.745270 
472.496033 238.946793 
428.378082 302.627380 
428.527954 302.306549 
436.197662 185.156250 
459.509827 220.808990 
340.156311 279.749146 
248.618805 179.863693 
342.628479 214.159790 
507.211823 297.588684 
266.267609 139.225967 
266.794281 139.591690 
290.416107 188.581863 
328.258392 165.703430 
416.836914 261.113037 
416.237305 261.594849 
460.693756 221.403214 
460.952057 221.133881 
451.627289 182.800873 
487.801453 307.548828 
307.286835 341.231964 
472.051117 269.949310 
452.859650 178.872452 
450.317719 186.563080 
433.529907 183.404251 
280.938660 202.224579 
456.580750 212.277695 
479.391998 207.700485 
443.766174 179.342789 
476.164917 183.115250 
478.496979 207.500641 
498.542267 299.490753 
483.028961 177.141296 
197.745178 99.763084 
197.236649 99.932396 
483.727081 309.583801 
419.208984 232.677444 
521.948303 289.023529 
314.637177 277.512238 
427.357513 267.696564 
467.175232 239.234482 
342.228333 213.336273 
228.370865 181.848770 
412.948944 222.443085 
445.319153 214.910843 
421.994202 232.669220 
251.949646 196.152786 
446.061829 239.059998 
278.889557 208.209000 
477.616577 200.449936 
499.006378 212.602310 
504.181641 296.532776 
143.783813 93.795677 
250.281219 175.976105 
311.194824 213.866119 
270.722290 238.181274 
287.646698 109.720177 
273.146515 244.093445 
293.835876 265.149780 
293.072998 265.480408 
411.226440 298.855438 
444.152191 217.529251 
417.569427 195.231064 
509.031677 208.939148 
385.506989 388.852295 
418.733673 228.432098 
294.897858 201.270309 
486.983704 253.691315 
499.224030 213.309479 
514.719055 217.582260 
422.419647 213.563156 
418.688660 232.780334 
415.355957 212.548492 
256.873901 197.485184 
453.614594 285.089844 
438.124786 218.982147 
444.916168 284.736786 
426.187927 267.344818 
432.838196 223.042953 
328.449921 168.414185 
51.317047 311.106567 
527.138489 233.871750 
486.680603 261.664093 
416.611420 212.894913 
419.756073 298.180908 
471.390228 217.741226 
466.145966 207.142761 
268.208344 107.741394 
244.444305 224.728958 
460.244781 269.729584 
460.160126 269.354584 
502.442902 276.652527 
463.117126 220.887161 
448.348572 216.112732 
506.526459 299.599945 
438.222473 312.612915 
485.081207 308.809601 
471.837097 238.041641 
66.301460 330.230743 
469.757233 260.276428 
412.924469 229.103012 
245.524445 227.177521 
482.200562 208.129578 
227.082504 189.261261 
359.480835 213.171799 
495.669281 216.525818 
417.463348 229.224258 
260.980621 154.895264 
410.081940 198.691895 
311.756226 322.241821 
525.083252 236.773621 
461.142151 288.183105 
269.576904 237.892120 
238.560867 182.934814 
505.231506 298.982269 
310.561890 342.239441 
43.104763 347.265991 
262.757385 348.520966 
363.554626 219.903809 
291.116333 186.837341 
453.532776 219.568619 
430.991577 222.423874 
347.606354 231.717026 
498.182983 310.788849 
511.662964 242.092026 
471.862610 210.279297 
283.830902 336.298309 
107.054947 218.905670 
304.278687 172.631882 
415.594452 209.087570 
406.017578 226.780914 
292.807129 200.391083 
388.035309 260.475006 
428.612762 300.985748 
416.721466 199.691833 
244.346237 339.794830 
402.699066 208.518265 
400.218170 237.097610 
405.923157 214.109802 
448.063782 223.600327 
534.733276 260.395813 
187.810043 343.291260 
265.369873 211.902954 
407.555786 229.525131 
219.839111 206.212524 
523.171631 279.425781 
487.734802 230.163132 
265.538574 236.212158 
514.521362 215.660385 
309.960236 270.835297 
449.728516 207.182205 
257.836914 149.130630 
254.908752 176.865677 
204.949081 192.177109 
428.754822 181.767380 
279.952209 208.148148 
472.706482 219.916321 
508.143158 300.768555 
405.927979 207.468094 
495.019745 238.501221 
419.101959 300.872528 
402.649292 259.199219 
297.782135 254.489594 
256.950317 148.536880 
466.228546 274.259338 
349.419922 337.304108 
409.823242 257.302277 
265.331665 230.575470 
388.617706 242.273865 
207.356964 193.788300 
424.614136 234.329758 
407.924438 201.230774 
395.746338 217.423294 
267.910004 144.536240 
438.820221 223.463730 
426.391754 218.945129 
230.992279 228.521759 
227.957962 197.168549 
238.754730 183.500412 
433.909882 243.415894 
248.242371 331.843353 
246.188156 181.979462 
291.446747 267.140533 
522.760193 233.210480 
317.758575 130.700211 
443.335907 220.590134 
400.301025 236.820160 
402.499420 291.485138 
402.332275 291.567352 
502.595276 214.078186 
460.109894 223.441711 
253.056992 329.753937 
465.665558 270.771729 
511.643127 241.435455 
436.631714 234.182556 
356.598206 219.583649 
234.962738 186.864227 
234.052368 186.844788 
478.835693 334.513428 
315.711670 130.612549 
185.139893 330.367493 
258.733765 155.791290 
475.441101 245.267715 
429.653961 221.737976 
436.332794 226.580765 
401.723145 209.547394 
439.229095 312.864929 
339.992523 238.847870 
454.216064 202.652359 
319.754364 95.937675 
319.661346 95.796295 
313.609283 181.475815 
499.867218 298.485077 
444.661041 176.707947 
403.544800 229.720947 
512.616333 268.227478 
512.920471 268.299927 
53.364643 318.776611 
224.234619 228.316132 
224.722977 228.605118 
203.508667 191.379761 
212.306519 197.018814 
394.284607 229.703232 
538.750854 244.507172 
484.597961 314.025482 
498.888885 270.644104 
402.895203 236.330093 
485.245789 248.577927 
453.839996 277.710266 
408.675995 257.622620 
238.871078 327.525055 
424.399963 298.752716 
216.487518 101.692818 
443.379181 221.279144 
400.891785 205.119644 
424.011810 269.842285 
447.259308 224.446945 
491.950867 268.080566 
336.647644 210.054214 
482.965668 204.144958 
50.703453 340.091034 
405.744080 231.668915 
471.290375 273.976135 
326.548431 341.158569 
225.126419 225.204132 
420.224854 228.400513 
264.771454 210.830200 
409.130341 226.773300 
401.303070 220.344070 
322.777039 177.062225 
257.983459 224.956467 
24.693386 360.296051 
237.224060 182.103546 
464.767517 224.417969 
419.731842 299.375549 
419.169769 299.256226 
440.574432 311.511627 
295.071320 272.213715 
491.574768 247.817764 
475.863342 253.342041 
505.428192 239.228439 
315.020966 176.432098 
254.931595 151.082367 
512.354248 245.743256 
491.947266 231.499207 
35.489822 353.293671 
320.210510 336.834473 
438.664948 254.334351 
408.516357 227.614761 
455.071899 242.241531 
418.532318 299.344330 
288.355774 194.537415 
487.452209 253.028503 
450.497864 227.566467 
496.405548 234.997147 
396.727997 246.010208 
419.486359 305.191406 
465.853638 271.246643 
477.733826 228.211914 
505.023224 240.162720 
480.371521 260.497803 
455.690308 243.086426 
310.100525 280.176117 
412.498444 297.045227 
511.889191 239.668869 
477.390442 227.550339 
469.286804 270.763550 
494.158020 238.724655 
509.712402 256.410950 
480.066711 231.884491 
243.310181 174.943420 
424.107605 388.581940 
293.725952 207.161118 
337.346588 264.702881 
460.400543 224.241867 
473.180206 233.610489 
147.708893 293.711029 
541.445129 255.873413 
281.928375 223.974426 
394.972443 222.497009 
454.447449 243.365128 
469.780518 233.442810 
226.979614 225.443069 
486.379242 306.525238 
487.964142 233.269318 
500.560760 309.590607 
340.748169 206.664093 
313.881561 174.472549 
418.791931 303.623016 
426.050293 298.880707 
480.591888 244.550018 
484.324890 255.572250 
511.354248 245.172775 
336.078064 263.015656 
418.860779 304.812012 
343.155396 242.046066 
469.825623 224.688889 
255.727020 155.115356 
261.754883 137.618652 
266.322754 229.384552 
232.588531 349.782196 
388.214417 248.434021 
487.824249 229.451370 
436.453400 252.579132 
514.523560 245.769791 
332.347473 206.930939 
229.880875 334.217041 
221.067032 207.892120 
290.602478 264.308136 
280.849182 331.136444 
403.990906 201.044083 
441.384216 247.557892 
298.079773 265.267181 
459.515350 255.202072 
415.834503 280.617767 
436.342041 250.411713 
218.060318 203.691299 
336.958557 320.503540 
241.950378 190.879517 
260.292511 137.771927 
141.537201 229.929520 
208.493225 190.537430 
337.942261 204.963791 
436.167358 251.901321 
460.045197 256.502319 
289.654449 165.507187 
298.077087 336.358917 
385.376678 251.718582 
422.766235 270.293579 
205.847992 344.573761 
409.789520 256.887695 
413.144165 285.468048 
497.127869 183.458618 
497.624939 183.065628 
497.624939 183.065628 
477.420166 250.447815 
433.457458 240.750488 
391.873352 273.743988 
405.495544 200.001221 
450.449097 228.160751 
454.286255 253.191605 
475.633148 254.822800 
252.255768 144.357269 
155.918762 253.701309 
82.408714 292.985931 
217.751556 227.601089 
281.169403 196.869278 
158.214218 154.563004 
224.527985 225.067307 
438.886658 253.850357 
222.881027 182.005325 
253.284683 144.549728 
443.860321 250.403015 
149.909515 241.834595 
224.616959 346.472870 
402.172668 214.032516 
146.051941 256.534210 
193.616302 200.926468 
282.265472 334.434967 
139.388260 278.842712 
241.297592 266.091553 
62.515888 302.346313 
340.176147 280.404053 
521.098816 436.673004 
387.227631 248.498947 
472.622803 248.342728 
365.034271 221.492889 
471.397339 316.405701 
