500
436.563263 178.632843 
493.707550 182.000778 
494.584747 183.104095 
287.064056 90.533890 
287.086761 90.585007 
346.210571 209.843353 
483.461273 190.355270 
485.265594 194.785385 
469.046783 193.166885 
484.797760 193.085327 
437.175903 191.928864 
392.253265 390.279602 
488.659576 197.813354 
462.495209 187.076187 
488.975403 194.954147 
473.226471 191.528610 
452.510681 184.218277 
492.143829 193.491501 
476.886200 185.914627 
487.472534 199.996902 
455.625458 219.855743 
476.079529 184.352997 
265.331665 230.575470 
447.103516 193.067688 
480.698212 198.632751 
475.469971 194.861237 
262.176422 209.362427 
424.241974 192.043777 
472.971191 192.587036 
286.648590 109.533501 
324.450684 176.054520 
440.915924 189.734283 
311.098297 278.970520 
422.377289 195.807526 
256.686829 195.607056 
469.019379 211.364059 
299.278595 110.299019 
311.194824 213.866119 
247.075500 177.787308 
423.488770 190.728790 
258.718750 195.151413 
418.688660 232.780334 
234.488846 103.716522 
472.969604 189.549072 
482.839203 191.689438 
441.131744 198.994675 
454.966095 201.647659 
413.988464 190.716995 
247.564331 178.685577 
476.164917 183.115250 
437.614716 186.050339 
445.156433 195.985825 
415.893463 206.184464 
456.580750 212.277695 
346.718689 208.824356 
487.801453 307.548828 
453.614594 285.089844 
440.862640 201.382996 
287.881500 161.794983 
310.561890 342.239441 
447.424133 196.111877 
459.326447 192.087021 
444.037384 192.521576 
267.437561 155.548752 
496.137543 184.266739 
444.152191 217.529251 
476.443207 210.209229 
429.767059 202.466522 
324.199127 177.871887 
405.495544 200.001221 
415.159454 199.998611 
450.317719 186.563080 
479.391998 207.700485 
455.405304 200.519882 
428.048187 186.232880 
478.496979 207.500641 
442.756683 209.873672 
374.269623 252.218948 
360.613831 215.802948 
444.737213 196.528961 
477.616577 200.449936 
251.949646 196.152786 
439.715118 206.709900 
436.197662 185.156250 
236.434601 178.818359 
483.046143 210.592773 
438.998138 200.919327 
263.407043 351.104950 
314.637177 277.512238 
457.462158 212.850571 
315.344543 216.925217 
462.832916 174.176483 
482.200562 208.129578 
454.004517 197.295837 
143.783813 93.795677 
309.483643 345.343719 
266.322754 229.384552 
328.258392 165.703430 
440.574432 311.511627 
461.142151 288.183105 
416.711823 193.745270 
505.231506 298.982269 
264.771454 210.830200 
433.092773 216.191467 
452.859650 178.872452 
287.646698 109.720177 
451.627289 182.800873 
426.050293 298.880707 
469.155701 214.632385 
530.106506 135.762344 
472.496033 238.946793 
416.836914 261.113037 
416.237305 261.594849 
248.890060 105.679253 
440.333740 200.796509 
506.526459 299.599945 
475.378906 211.698151 
459.509827 220.808990 
342.628479 214.159790 
422.419647 213.563156 
484.442871 312.539062 
506.246124 213.313507 
507.211823 297.588684 
248.618805 179.863693 
452.242096 180.824448 
443.335907 220.590134 
347.521667 214.713257 
467.175232 239.234482 
460.693756 221.403214 
460.952057 221.133881 
291.383606 162.534088 
460.489410 206.868530 
326.548431 341.158569 
290.416107 188.581863 
237.476105 189.229248 
237.628998 189.552307 
499.224030 213.309479 
498.182983 310.788849 
435.014587 183.570938 
491.947266 231.499207 
416.611938 192.561844 
342.228333 213.336273 
466.145966 207.142761 
535.774902 263.669952 
410.081940 198.691895 
445.319153 214.910843 
412.948944 222.443085 
471.390228 217.741226 
514.719055 217.582260 
422.429169 188.994843 
310.490570 269.410095 
504.181641 296.532776 
197.745178 99.763084 
197.236649 99.932396 
476.095398 181.783798 
482.965668 204.144958 
417.569427 195.231064 
407.924438 201.230774 
309.479492 341.615753 
448.416779 310.961243 
292.807129 200.391083 
419.756073 298.180908 
340.748169 206.664093 
163.096436 95.963226 
444.916168 284.736786 
265.508423 352.481445 
438.222473 312.612915 
230.992279 228.521759 
304.012665 110.733940 
416.611420 212.894913 
495.669281 216.525818 
294.897858 201.270309 
428.378082 302.627380 
428.527954 302.306549 
227.082504 189.261261 
409.823242 257.302277 
443.766174 179.342789 
478.835693 334.513428 
265.538574 236.212158 
424.399963 298.752716 
527.138489 233.871750 
258.733765 155.791290 
509.031677 208.939148 
499.006378 212.602310 
256.950317 148.536880 
472.051117 269.949310 
444.661041 176.707947 
433.529907 183.404251 
415.355957 212.548492 
472.706482 219.916321 
268.208344 107.741394 
483.727081 309.583801 
265.369873 211.902954 
424.614136 234.329758 
536.146851 257.160156 
246.188156 181.979462 
403.990906 201.044083 
448.063782 223.600327 
409.789520 256.887695 
256.873901 197.485184 
432.838196 223.042953 
250.281219 175.976105 
448.348572 216.112732 
322.834015 336.758362 
244.809769 266.665924 
525.083252 236.773621 
416.721466 199.691833 
485.081207 308.809601 
402.699066 208.518265 
486.379242 306.525238 
460.244781 269.729584 
460.160126 269.354584 
452.379303 210.324860 
446.061829 239.059998 
469.757233 260.276428 
408.675995 257.622620 
438.820221 223.463730 
438.124786 218.982147 
405.927979 207.468094 
486.983704 253.691315 
311.549316 177.664429 
260.980621 154.895264 
502.442902 276.652527 
439.229095 312.864929 
412.924469 229.103012 
466.228546 274.259338 
85.591255 314.312164 
401.723145 209.547394 
314.019531 217.237885 
521.948303 289.023529 
311.756226 322.241821 
411.226440 298.855438 
262.757385 348.520966 
162.009460 359.982849 
280.938660 202.224579 
244.765274 226.597412 
523.171631 279.425781 
511.662964 242.092026 
447.259308 224.446945 
238.560867 182.934814 
428.612762 300.985748 
422.766235 270.293579 
321.234406 336.869720 
205.847992 344.573761 
406.017578 226.780914 
244.346237 339.794830 
415.594452 209.087570 
388.035309 260.475006 
498.542267 299.490753 
322.303009 341.533569 
455.690308 243.086426 
480.066711 231.884491 
471.862610 210.279297 
427.357513 267.696564 
237.224060 182.103546 
291.116333 186.837341 
238.754730 183.500412 
148.430161 228.970596 
514.521362 215.660385 
534.733276 260.395813 
436.332794 226.580765 
297.782135 254.489594 
407.555786 229.525131 
498.888885 270.644104 
486.680603 261.664093 
450.497864 227.566467 
267.910004 144.536240 
464.767517 224.417969 
319.754364 95.937675 
319.661346 95.796295 
291.446747 267.140533 
453.532776 219.568619 
266.319733 143.737717 
279.952209 208.148148 
405.923157 214.109802 
426.187927 267.344818 
483.028961 177.141296 
491.950867 268.080566 
334.189667 207.894043 
307.286835 341.231964 
495.019745 238.501221 
149.909515 241.834595 
460.400543 224.241867 
538.750854 244.507172 
580.952148 268.621552 
433.909882 243.415894 
521.098816 436.673004 
238.871078 327.525055 
420.224854 228.400513 
522.760193 233.210480 
283.830902 336.298309 
424.011810 269.842285 
248.764053 236.464432 
487.964142 233.269318 
215.882553 188.698410 
247.427948 235.573318 
313.881561 174.472549 
475.441101 245.267715 
228.370865 181.848770 
275.502258 337.885132 
484.597961 314.025482 
460.109894 223.441711 
463.117126 220.887161 
471.837097 238.041641 
402.649292 259.199219 
400.218170 237.097610 
222.885727 206.522629 
288.355774 194.537415 
254.908752 176.865677 
499.867218 298.485077 
243.324478 268.911346 
454.216064 202.652359 
419.486359 305.191406 
394.284607 229.703232 
402.499420 291.485138 
402.332275 291.567352 
322.777039 177.062225 
418.791931 303.623016 
278.889557 208.209000 
205.011581 181.080399 
234.962738 186.864227 
234.052368 186.844788 
426.391754 218.945129 
207.356964 193.788300 
403.544800 229.720947 
401.303070 220.344070 
243.310181 174.943420 
294.632996 205.969742 
429.029053 222.890533 
502.595276 214.078186 
309.960236 270.835297 
278.191437 204.248642 
400.891785 205.119644 
418.860779 304.812012 
433.457458 240.750488 
511.643127 241.435455 
512.616333 268.227478 
512.920471 268.299927 
430.991577 222.423874 
388.617706 242.273865 
485.245789 248.577927 
53.364643 318.776611 
471.397339 316.405701 
436.631714 234.182556 
203.508667 191.379761 
453.839996 277.710266 
282.265472 334.434967 
226.979614 225.443069 
257.836914 149.130630 
514.523560 245.769791 
505.023224 240.162720 
487.824249 229.451370 
241.950378 190.879517 
409.130341 226.773300 
396.727997 246.010208 
405.744080 231.668915 
394.972443 222.497009 
313.052399 175.205338 
359.480835 213.171799 
454.447449 243.365128 
408.516357 227.614761 
257.983459 224.956467 
43.104763 347.265991 
412.498444 297.045227 
400.301025 236.820160 
281.928375 223.974426 
218.060318 203.691299 
469.825623 224.688889 
496.405548 234.997147 
477.390442 227.550339 
487.734802 230.163132 
144.550644 240.222076 
238.150620 326.893646 
449.728516 207.182205 
270.722290 238.181274 
332.347473 206.930939 
419.101959 300.872528 
336.078064 263.015656 
150.424469 245.650299 
505.428192 239.228439 
310.100525 280.176117 
213.125015 189.625305 
429.653961 221.737976 
202.568741 183.517029 
487.452209 253.028503 
402.895203 236.330093 
465.853638 271.246643 
491.574768 247.817764 
295.071320 272.213715 
465.665558 270.771729 
455.071899 242.241531 
349.419922 337.304108 
183.070358 329.747833 
436.342041 250.411713 
511.354248 245.172775 
428.754822 181.767380 
408.818359 173.546967 
402.172668 214.032516 
436.453400 252.579132 
511.889191 239.668869 
293.835876 265.149780 
293.072998 265.480408 
204.949081 192.177109 
509.712402 256.410950 
261.754883 137.618652 
415.834503 280.617767 
217.597763 201.334381 
210.673325 196.873795 
385.376678 251.718582 
221.067032 207.892120 
508.143158 300.768555 
298.077087 336.358917 
438.664948 254.334351 
471.290375 273.976135 
249.909653 173.271591 
484.324890 255.572250 
512.354248 245.743256 
469.286804 270.763550 
229.199844 195.374512 
483.702820 229.438843 
255.727020 155.115356 
260.292511 137.771927 
450.449097 228.160751 
469.780518 233.442810 
229.880875 334.217041 
459.515350 255.202072 
124.314796 151.877319 
501.057495 237.635727 
304.278687 172.631882 
254.931595 151.082367 
249.066437 184.639572 
395.746338 217.423294 
480.371521 260.497803 
424.107605 388.581940 
321.196320 175.709213 
277.118378 319.964813 
152.880661 228.374283 
438.886658 253.850357 
419.711548 201.916061 
282.158936 164.509048 
252.255768 144.357269 
289.654449 165.507187 
465.590759 224.269592 
391.873352 273.743988 
473.180206 233.610489 
477.733826 228.211914 
494.158020 238.724655 
35.489822 353.293671 
477.420166 250.447815 
274.147919 267.414581 
216.487518 101.692818 
139.388260 278.842712 
441.384216 247.557892 
212.991806 206.734222 
232.588531 349.782196 
51.317047 311.106567 
339.992523 238.847870 
475.633148 254.822800 
472.622803 248.342728 
93.125542 312.620483 
146.605087 251.137436 
337.346588 264.702881 
413.144165 285.468048 
534.367126 272.734222 
315.625214 276.738953 
288.943878 151.986130 
480.591888 244.550018 
274.778198 270.887207 
340.156311 279.749146 
434.975006 260.079742 
268.604980 226.826324 
443.379181 221.279144 
243.837662 262.257141 
287.366882 198.124771 
313.912750 364.059143 
452.556030 247.821045 
507.156189 241.176178 
387.227631 248.498947 
146.051941 256.534210 
253.284683 144.549728 
269.056030 149.507660 
309.510864 180.676666 
65.506805 330.715607 
419.208984 232.677444 
475.863342 253.342041 
248.387451 184.722076 
256.416321 155.375732 
225.126419 225.204132 
273.790741 155.310440 
388.214417 248.434021 
390.149139 267.183411 
392.465729 217.222748 
290.602478 264.308136 
90.325943 309.339233 
336.647644 210.054214 
214.753464 207.627533 
224.616959 346.472870 
275.393768 270.768066 
350.660736 218.050522 
453.380463 231.897324 
