500
432.201294 310.598511 
143.691284 79.266335 
456.533813 359.101318 
440.579468 321.454254 
456.533813 359.101318 
438.626099 348.621918 
433.558228 136.671631 
433.558228 136.671631 
359.893921 246.872452 
438.103455 345.027557 
435.399445 354.901947 
438.103455 345.027557 
433.681488 325.057434 
440.529541 350.642670 
438.103455 345.027557 
405.759491 344.574402 
372.188934 174.714584 
420.126099 325.690948 
437.334717 368.855896 
443.997467 358.028473 
433.573578 355.979584 
445.291992 347.984528 
438.103455 345.027557 
445.291992 347.984528 
358.240417 263.069519 
438.103455 345.027557 
437.538574 351.550934 
437.538574 351.550934 
428.383820 366.930145 
413.976410 307.960266 
193.243271 299.452209 
433.681488 325.057434 
413.360260 328.853180 
438.997070 335.159027 
445.291992 347.984528 
236.929504 392.757355 
424.304688 303.868439 
281.118439 250.957413 
443.997467 358.028473 
443.997467 358.028473 
430.273621 335.433716 
316.992188 174.328995 
433.681488 325.057434 
350.652130 430.079895 
236.929504 392.757355 
112.610695 191.890625 
112.610695 191.890625 
354.985138 254.606140 
350.652130 430.079895 
437.297516 316.588776 
320.516693 365.721405 
320.516693 365.721405 
421.906189 355.961853 
237.680450 290.293365 
336.437469 144.950485 
424.273041 333.956940 
142.145599 78.833450 
366.514496 151.304474 
236.929504 392.757355 
79.816422 212.771774 
430.273621 335.433716 
438.620331 323.892303 
430.273621 335.433716 
430.273621 335.433716 
359.893921 246.872452 
440.008759 319.296600 
336.437469 144.950485 
421.906189 355.961853 
413.976410 307.960266 
395.075714 306.766083 
193.243271 299.452209 
397.872772 331.397552 
349.598328 187.802521 
347.782776 378.832672 
359.017548 262.003693 
327.951355 163.149887 
433.573578 355.979584 
226.794601 283.872711 
433.573578 355.979584 
409.453583 299.109924 
433.573578 355.979584 
433.681488 325.057434 
249.540848 315.929321 
415.961914 323.406128 
342.169708 415.844971 
298.864838 187.545547 
322.015350 142.272873 
322.015350 142.272873 
336.870148 292.601929 
424.273041 333.956940 
421.674927 335.588287 
395.261566 313.079926 
413.976410 307.960266 
421.674927 335.588287 
445.291992 347.984528 
335.098022 200.339828 
433.573578 355.979584 
331.533813 135.584885 
449.174042 356.967102 
225.813721 279.325012 
445.291992 347.984528 
421.674927 335.588287 
421.906189 355.961853 
428.383820 366.930145 
345.510559 343.982819 
345.510559 343.982819 
337.463715 221.888123 
421.674927 335.588287 
421.674927 335.588287 
360.197510 429.891479 
347.782776 378.832672 
420.126099 325.690948 
428.383820 366.930145 
395.261566 313.079926 
455.819183 361.448212 
405.759491 344.574402 
80.174324 104.623756 
428.383820 366.930145 
237.680450 290.293365 
432.201294 310.598511 
419.121735 344.399811 
196.998047 248.195160 
424.273041 333.956940 
428.383820 366.930145 
355.416260 422.422394 
225.813721 279.325012 
410.091034 435.468658 
408.916412 379.649933 
302.453339 178.333008 
296.165100 277.310913 
360.197510 429.891479 
436.648560 396.126617 
224.387787 283.511108 
405.759491 344.574402 
405.759491 344.574402 
333.350037 142.560455 
436.040405 367.560883 
431.257721 325.228943 
445.751221 167.153214 
438.620331 323.892303 
433.827209 315.454346 
409.077820 389.731232 
434.394409 366.802124 
379.874939 319.327484 
350.652130 430.079895 
326.987274 161.858505 
426.066437 312.188965 
285.974640 253.341263 
357.540405 423.548035 
421.906189 355.961853 
340.852478 417.941803 
438.620331 323.892303 
413.976410 307.960266 
422.121063 349.358124 
416.380096 302.316437 
398.201691 324.882141 
317.821136 135.673218 
443.997467 358.028473 
323.867889 159.048813 
422.121063 349.358124 
345.943756 321.470367 
329.426300 392.719177 
438.620331 323.892303 
343.804230 369.519897 
362.452637 143.337814 
355.415771 236.536972 
316.992188 174.328995 
438.620331 323.892303 
382.955444 326.019012 
197.028214 249.148956 
379.874939 319.327484 
367.134735 138.961334 
346.705414 302.340668 
349.950012 248.580780 
436.040405 367.560883 
340.939026 196.478394 
179.853485 209.486786 
331.979950 145.844284 
445.291992 347.984528 
220.956848 251.986954 
413.374603 400.625336 
82.987099 188.282410 
424.775146 328.053925 
397.872772 331.397552 
421.906189 355.961853 
327.951355 163.149887 
257.643616 183.605347 
363.245178 427.313263 
424.273041 333.956940 
378.631683 323.837158 
421.674927 335.588287 
421.674927 335.588287 
445.267242 356.638855 
443.897186 355.477264 
383.323517 313.507996 
402.382294 331.203827 
346.084900 416.561768 
449.174042 356.967102 
179.853485 209.486786 
437.297516 316.588776 
342.169708 415.844971 
367.700134 381.220703 
409.453583 299.109924 
336.437469 144.950485 
353.867126 432.083008 
244.919937 274.621002 
396.316162 298.164825 
338.434265 419.485046 
363.245178 427.313263 
349.598328 187.802521 
169.043228 190.885330 
392.041687 419.761719 
121.483253 84.582626 
396.316162 298.164825 
370.787048 192.652756 
370.231781 309.152283 
291.079498 164.909027 
392.041687 419.761719 
353.948334 245.514862 
419.121735 344.399811 
325.167450 138.834335 
404.503418 352.951630 
358.240417 263.069519 
396.316162 298.164825 
389.731323 295.227051 
392.041687 419.761719 
421.674927 335.588287 
421.674927 335.588287 
362.452637 143.337814 
408.717865 389.138885 
419.121735 344.399811 
361.131348 432.103058 
419.718262 337.130188 
284.716187 227.458099 
397.872772 331.397552 
450.977783 355.689911 
445.291992 347.984528 
438.620331 323.892303 
372.532227 203.606064 
365.445862 374.841797 
365.445862 374.841797 
396.548157 380.501495 
416.963104 357.819489 
82.987099 188.282410 
367.700134 381.220703 
330.803894 340.842712 
422.121063 349.358124 
419.121735 344.399811 
421.906189 355.961853 
456.533813 359.101318 
389.299713 342.962067 
389.731323 295.227051 
296.113342 226.794678 
379.069275 335.050537 
419.121735 344.399811 
325.421448 131.089386 
352.783203 347.507935 
205.607193 224.540924 
440.529541 350.642670 
99.080620 55.975945 
341.367310 197.735474 
443.997467 358.028473 
350.527313 345.260773 
419.121735 344.399811 
328.901154 148.089325 
361.158539 430.176605 
355.249146 234.234024 
445.751221 167.153214 
374.393250 340.075867 
323.247467 139.074997 
323.247467 139.074997 
437.538574 351.550934 
442.371887 396.879761 
394.360260 365.949188 
291.079498 164.909027 
231.499329 89.942345 
329.426300 392.719177 
367.700134 381.220703 
355.415771 236.536972 
445.751221 167.153214 
445.751221 167.153214 
288.811340 246.853638 
378.130188 378.656586 
257.643616 183.605347 
389.731323 295.227051 
374.343781 210.527679 
338.434265 419.485046 
338.434265 419.485046 
445.267242 356.638855 
419.121735 344.399811 
440.529541 350.642670 
207.755127 224.555771 
382.955444 326.019012 
298.864838 187.545547 
195.403809 224.212906 
426.619110 309.499237 
437.538574 351.550934 
449.778748 367.280579 
421.252441 356.084167 
419.121735 344.399811 
437.538574 351.550934 
421.674927 335.588287 
369.454834 134.340256 
311.806671 123.553009 
358.240417 263.069519 
382.955444 326.019012 
389.299713 342.962067 
419.121735 344.399811 
346.705414 302.340668 
379.069275 335.050537 
437.453400 371.817963 
413.976410 307.960266 
438.103455 345.027557 
336.437469 144.950485 
360.461456 348.408783 
392.041687 419.761719 
421.906189 355.961853 
79.816422 212.771774 
378.631683 323.837158 
196.998047 248.195160 
392.041687 419.761719 
424.775146 328.053925 
392.041687 419.761719 
392.041687 419.761719 
367.700134 381.220703 
379.570770 296.965515 
433.905975 384.495850 
326.007538 135.074646 
409.077820 389.731232 
327.129303 187.416779 
396.548157 380.501495 
350.840363 325.617889 
409.485168 434.398712 
347.007874 379.298370 
419.718262 337.130188 
226.159119 377.054199 
422.121063 349.358124 
421.252441 356.084167 
88.979599 52.715569 
380.035156 311.270050 
231.499329 89.942345 
213.115295 250.026764 
126.098190 41.924377 
311.806671 123.553009 
78.039673 49.605961 
367.044342 380.408142 
422.121063 349.358124 
361.158539 430.176605 
424.304688 303.868439 
424.304688 303.868439 
424.304688 303.868439 
337.616730 144.252823 
322.297180 143.695602 
201.232880 216.454147 
407.834381 353.458801 
291.079498 164.909027 
372.844696 309.456604 
173.790009 165.612320 
411.124023 375.303741 
366.548523 138.903824 
407.080688 373.642090 
233.757004 462.922852 
421.906189 355.961853 
343.804230 369.519897 
411.124023 375.303741 
371.126099 385.571533 
440.130127 345.523712 
395.261566 313.079926 
186.315338 111.171234 
352.783203 347.507935 
343.734619 189.325653 
298.864838 187.545547 
380.535034 298.232697 
282.701782 251.857071 
419.718262 337.130188 
419.121735 344.399811 
367.700134 381.220703 
421.674927 335.588287 
360.461456 348.408783 
378.853241 311.227936 
310.981049 137.391983 
373.989441 201.662903 
234.078827 294.354553 
285.429443 226.067337 
285.429443 226.067337 
367.700134 381.220703 
346.339783 301.687195 
235.264969 315.327362 
437.538574 351.550934 
329.426300 392.719177 
380.035156 311.270050 
438.620331 323.892303 
304.123474 116.767281 
382.117157 324.068817 
364.037964 430.610535 
371.126099 385.571533 
360.461456 348.408783 
182.093613 412.746216 
445.751221 167.153214 
284.716187 227.458099 
367.044342 380.408142 
413.945770 358.053955 
192.733002 208.482559 
389.345612 388.951599 
389.345612 388.951599 
297.644104 139.764465 
371.448822 346.038544 
169.043228 190.885330 
327.900726 188.972366 
325.955658 268.774963 
300.081421 133.893509 
333.936432 199.027313 
236.929504 392.757355 
448.359833 346.047913 
430.005035 467.575348 
326.007538 135.074646 
191.647964 345.955872 
433.558228 136.671631 
367.700134 381.220703 
359.017548 262.003693 
182.096313 408.990082 
380.454346 374.388123 
346.705414 302.340668 
285.974640 253.341263 
411.124023 375.303741 
422.121063 349.358124 
366.961700 349.071167 
288.811340 246.853638 
424.775146 328.053925 
366.722443 168.794388 
334.035858 236.625397 
433.558228 136.671631 
388.652222 308.834106 
219.063126 255.050064 
336.437469 144.950485 
304.123474 116.767281 
346.878723 429.871033 
360.461456 348.408783 
296.165100 277.310913 
374.536102 178.567612 
229.397598 242.364838 
377.077881 350.538086 
223.921158 270.774292 
373.989441 201.662903 
128.000702 68.206215 
360.461456 348.408783 
354.985138 254.606140 
396.476562 359.273254 
279.803223 144.236816 
421.906189 355.961853 
440.529541 350.642670 
368.740479 175.606613 
360.461456 348.408783 
360.461456 348.408783 
334.717102 146.708450 
224.150040 94.765724 
426.731781 365.610687 
423.624298 303.447144 
437.334717 368.855896 
350.652130 430.079895 
371.126099 385.571533 
421.906189 355.961853 
327.500458 249.922256 
191.614594 208.216995 
421.906189 355.961853 
304.018066 115.525452 
298.864838 187.545547 
389.386505 299.357941 
436.943726 346.845947 
155.354187 58.084057 
420.764038 304.743744 
262.327545 127.056221 
316.229980 198.671539 
340.276825 195.676804 
337.463715 221.888123 
308.072723 267.525452 
355.415771 236.536972 
349.296936 421.259094 
367.044342 380.408142 
367.044342 380.408142 
426.731781 365.610687 
380.535034 298.232697 
140.876389 49.829044 
218.681290 95.845711 
297.644104 139.764465 
436.943726 346.845947 
436.943726 346.845947 
182.096313 408.990082 
285.429443 226.067337 
358.240417 263.069519 
371.126099 385.571533 
334.035858 236.625397 
216.736618 241.496841 
191.647964 345.955872 
209.564835 295.784973 
257.643616 183.605347 
418.982452 444.025360 
360.461456 348.408783 
371.448822 346.038544 
239.892151 268.969788 
