977
163.909729 369.471100 
201.888580 354.233765 
201.333313 350.262390 
167.028854 374.535309 
199.712631 286.979919 
180.997238 380.169769 
203.768799 376.767090 
470.793762 353.647064 
193.816223 354.726898 
104.836060 205.032104 
200.285370 356.698517 
198.509735 284.473358 
198.365494 354.511353 
201.282669 375.245148 
192.148315 354.137360 
186.060150 351.417023 
196.869995 287.657501 
190.361221 388.850861 
175.502731 381.847687 
187.551010 344.203644 
186.762543 350.413666 
182.874222 355.016663 
181.868027 379.921478 
168.572586 376.126648 
477.048706 225.815979 
202.676834 375.157257 
180.883301 381.634216 
191.100616 354.087341 
185.373810 348.322510 
192.884583 387.481995 
183.479706 343.360809 
470.635681 323.566223 
160.345123 395.225372 
221.794724 421.718262 
161.907791 395.606842 
447.194214 281.476318 
183.632339 355.054443 
174.182266 376.029114 
159.221039 395.460907 
190.591644 354.470978 
202.429230 384.633728 
542.838684 229.676620 
202.059738 346.940918 
190.838470 342.802856 
173.164322 252.191177 
186.276199 380.225006 
172.625870 370.221771 
502.657562 254.309906 
570.059265 310.555939 
156.752762 388.181458 
173.082108 390.358002 
158.829666 396.187866 
527.580688 306.266083 
279.363434 358.855042 
202.460617 345.597168 
359.727631 198.760193 
224.274246 211.492310 
249.225815 213.345612 
200.052658 351.488525 
125.999420 205.937637 
277.227539 437.621033 
204.296188 296.565155 
267.323853 297.677490 
185.172913 350.618103 
536.987244 307.300537 
200.080215 346.461395 
180.794983 350.023132 
177.039337 351.302063 
171.636795 394.991089 
181.158264 389.984711 
173.089111 396.060486 
163.245468 391.380615 
73.311050 439.890350 
178.155548 360.511444 
182.744095 339.049500 
199.626495 373.185028 
89.038635 423.762604 
443.615570 272.108002 
559.704834 321.954803 
278.690887 437.451965 
464.706879 336.633240 
169.958832 376.653381 
571.662415 319.818909 
543.028442 311.349976 
547.741821 328.474060 
197.552124 359.992523 
360.646637 203.801315 
160.827820 381.101807 
124.783806 421.554718 
179.221786 359.498108 
177.418442 360.858734 
191.414062 279.617004 
196.845337 359.792511 
176.060760 364.254974 
203.727066 297.429047 
533.523865 307.657440 
367.059875 195.885941 
278.873627 436.069122 
278.660339 356.914581 
496.788574 291.432190 
176.932510 351.835083 
184.602325 346.087341 
269.946106 297.108307 
483.884003 261.547516 
192.294357 351.590057 
327.231140 406.795563 
265.282379 294.911743 
474.766357 351.184387 
293.556274 392.784668 
186.931931 337.723816 
571.385620 375.599854 
528.193359 308.473206 
457.051300 330.355560 
464.430786 319.227570 
474.885437 353.741058 
562.974426 346.941772 
515.873230 307.686890 
164.655273 379.780823 
265.733582 300.721344 
179.002838 364.950348 
460.824005 390.926025 
171.577621 379.685272 
69.326477 423.874847 
567.938171 380.690063 
172.903305 362.880463 
461.120819 389.296661 
557.380615 313.975159 
408.917969 352.648743 
203.767548 380.091431 
203.172989 380.504730 
179.408066 353.061859 
363.162964 205.974564 
183.804382 377.802979 
556.989563 316.592377 
85.088257 353.340271 
557.849243 391.742737 
575.864685 307.943573 
319.632202 398.349213 
461.089996 390.836792 
276.017365 436.552277 
362.448975 202.785675 
190.028885 393.956909 
451.870667 430.174744 
568.023193 313.103760 
186.348297 338.851410 
510.776062 271.176941 
524.361450 228.061569 
130.630081 437.577576 
509.953796 333.327087 
157.012070 387.452881 
359.842957 206.500015 
485.098236 334.633820 
198.803955 391.750549 
405.873505 356.733459 
300.866455 393.436462 
297.692444 318.352325 
581.368042 231.676773 
494.741730 272.743286 
197.124451 289.713379 
514.054932 227.733063 
191.778580 310.178650 
453.839203 322.093750 
539.075989 269.316986 
539.075989 269.316986 
185.250427 402.430756 
189.001144 396.599426 
542.795898 290.435638 
429.193329 21.030390 
176.212692 356.503204 
514.530396 297.815033 
208.093811 283.974884 
338.844299 195.943146 
338.983459 195.592117 
548.110596 312.541138 
160.423859 380.283936 
518.677429 324.513702 
487.581360 398.584991 
364.309570 197.567810 
195.273880 398.559998 
524.711243 307.460297 
332.944672 411.514008 
332.801910 411.054047 
538.579956 314.598175 
482.353210 342.935394 
437.878540 369.146790 
475.254456 386.338928 
331.843506 405.944702 
184.491959 334.448120 
157.011246 300.340118 
273.199127 387.691528 
471.264404 354.164520 
493.226562 282.593628 
493.738495 282.562714 
493.691772 282.230225 
329.975708 411.493195 
523.500122 263.011658 
123.579735 422.217194 
155.944214 388.196075 
519.201660 314.002838 
453.488281 280.163544 
510.572418 333.098267 
553.408020 316.637115 
350.989594 193.332977 
289.377197 324.677979 
487.249115 394.700409 
299.652802 401.885590 
521.654175 348.042450 
535.370117 267.639801 
552.641724 316.244537 
546.609192 302.119934 
299.484833 304.955994 
197.490845 311.685486 
518.357117 294.367889 
505.661285 227.629257 
535.632324 307.560699 
485.893829 267.233704 
514.676697 355.265228 
194.913788 338.580383 
329.160065 10.562393 
556.884705 317.222900 
193.315857 334.868958 
333.719757 403.121338 
447.992340 345.598450 
186.935898 335.294678 
208.459732 374.194183 
278.127197 391.002258 
490.830627 309.933472 
436.691467 364.147919 
271.309570 290.744659 
192.358047 401.524689 
291.584259 215.609833 
541.819519 388.480530 
177.760849 343.293030 
196.267441 342.129486 
185.732254 333.145477 
304.169312 9.169800 
528.584778 333.499786 
195.103592 337.777863 
453.224670 387.675110 
196.409622 289.873962 
169.105042 251.152176 
186.583939 393.278198 
195.391769 281.940857 
522.541870 332.069672 
548.977905 346.747040 
292.532990 324.062286 
560.752747 296.053986 
196.662842 310.776093 
197.933212 309.423950 
315.614746 305.908264 
485.729736 315.459747 
201.786728 336.422485 
160.151596 387.487640 
269.088470 300.470184 
498.528412 314.649719 
270.645325 386.012085 
544.868530 345.077454 
52.177017 422.717560 
467.869904 279.556061 
513.533142 318.491119 
456.320587 311.359680 
548.859497 383.947235 
290.680328 215.710876 
512.198730 302.841400 
503.416656 302.529114 
550.574463 314.404694 
211.637604 280.851013 
211.739471 280.157379 
470.893616 272.218872 
303.361328 310.436554 
208.599670 414.559601 
179.912018 393.532990 
462.701599 389.266815 
534.635559 337.099609 
193.027039 313.052979 
206.539841 253.316330 
433.343628 361.052307 
507.034668 301.998077 
489.460846 297.373260 
526.260803 331.862030 
256.842041 326.984558 
563.814270 381.771240 
168.495102 382.492676 
285.117981 391.818054 
477.312103 322.228333 
263.045868 324.102814 
467.381409 301.939606 
179.347992 390.358124 
519.693420 227.801132 
447.995270 314.875092 
525.413696 337.508789 
477.999786 287.720093 
491.339050 298.349640 
157.778366 207.640167 
555.299744 330.196533 
390.725159 348.300720 
480.406738 282.743805 
71.133209 433.812592 
540.975342 329.908325 
448.672821 311.609650 
272.602936 215.143494 
509.460083 268.605713 
434.849060 362.149506 
509.629150 266.972565 
558.116577 322.292480 
532.026062 332.387939 
209.589966 420.424896 
477.754333 288.252106 
190.885788 368.159210 
222.645645 271.619843 
306.402954 234.757385 
80.888748 429.683472 
517.793884 338.445709 
521.277893 287.738129 
266.388153 419.723541 
518.410645 314.693176 
594.905029 232.519562 
191.929260 397.405365 
195.504593 322.834503 
496.638458 292.655731 
169.212494 249.745560 
514.551636 305.240082 
490.087280 278.698853 
319.551178 426.731506 
516.271729 307.000885 
537.761108 309.063141 
530.359070 270.616394 
264.036102 318.581207 
469.763214 270.156525 
294.061462 320.415741 
174.419403 345.434204 
515.809387 349.456818 
515.067871 349.304108 
549.998108 382.531158 
316.055908 24.558363 
376.569946 286.120117 
269.146790 391.533875 
200.768799 292.602478 
191.343353 404.540039 
362.989655 220.374298 
208.447617 379.361450 
218.793228 279.288879 
365.021667 193.103058 
209.108170 414.135101 
553.304443 356.538239 
562.428528 344.024872 
562.259949 344.792511 
460.522552 278.664246 
519.077759 350.295258 
263.450470 328.985168 
200.517227 291.422241 
454.228973 342.563385 
464.935486 315.241455 
288.076385 324.305969 
195.042206 401.890198 
272.170898 338.729584 
272.195892 338.123199 
196.032974 370.930084 
416.637878 308.065582 
416.586273 308.204834 
541.723694 399.872711 
177.996399 391.154114 
298.678955 397.948364 
554.730469 229.782669 
525.289490 329.960663 
514.224548 280.379608 
541.649414 397.372406 
550.396667 349.237976 
265.753174 419.654785 
480.614899 295.508026 
504.141541 298.975586 
504.859497 298.310822 
197.991074 404.327301 
530.053833 269.188812 
177.674316 414.385742 
156.999069 300.645813 
481.418854 394.304474 
49.399094 201.638535 
455.068207 342.446716 
92.865646 203.878372 
271.851074 403.388794 
180.610840 396.054596 
327.201660 402.569733 
507.146576 368.876740 
213.559555 296.116730 
532.497559 307.673096 
175.775696 263.662720 
173.712006 345.247986 
359.676270 192.366440 
572.083191 300.782593 
169.273087 353.420441 
292.982513 319.882507 
462.408356 314.443207 
510.019135 264.681396 
540.956482 389.334015 
191.887314 322.429291 
271.421143 405.232269 
203.131088 341.229279 
524.702271 263.425262 
270.057617 293.641144 
270.766876 293.853149 
449.022522 311.919434 
509.277832 348.205536 
509.889465 348.201660 
448.539886 382.464722 
539.145569 289.658173 
466.472961 316.522003 
452.687103 279.085419 
192.063553 403.168976 
189.568466 414.966766 
469.259705 269.627106 
174.476807 349.716766 
494.467926 399.976746 
211.249359 277.259979 
321.548218 265.474213 
470.465546 265.535034 
266.347992 329.140106 
484.659363 278.271454 
498.584503 311.097015 
531.125000 335.378967 
196.027237 321.232452 
299.128632 395.387878 
438.389862 312.273163 
513.681946 315.752075 
264.395050 320.882385 
204.225266 300.773621 
479.054901 292.332031 
474.036407 304.229034 
498.406921 328.166870 
462.534180 346.868927 
186.585968 313.034058 
511.768127 304.803101 
355.964935 210.166534 
482.918396 386.171448 
576.719055 365.609222 
190.831665 405.755981 
196.337479 276.523071 
498.468292 313.247833 
179.355804 410.265076 
501.032990 332.473358 
195.587753 304.932343 
195.989532 304.487701 
506.643402 334.260437 
283.620392 265.348602 
515.024719 333.234497 
543.422668 390.355499 
341.851868 207.041611 
478.343048 282.956635 
578.995056 333.696899 
548.755554 313.117950 
561.728699 322.653961 
194.149384 417.139954 
473.899048 301.085358 
265.871216 310.962708 
57.039146 201.771988 
208.832123 309.789978 
304.272308 259.718628 
214.958603 414.549103 
528.551208 337.200348 
188.026352 411.415131 
488.023163 334.553619 
572.695068 324.107269 
195.296082 294.608124 
502.801239 303.006897 
497.760468 259.411041 
538.613098 288.811890 
545.897400 315.361938 
570.937500 377.076233 
570.937500 377.076233 
288.611359 386.222809 
372.859070 438.753754 
501.032593 299.844025 
477.996124 282.977570 
534.361267 330.081726 
169.977524 350.174988 
178.578644 414.625488 
320.012054 437.942322 
381.448608 16.085155 
216.201859 280.535736 
519.161255 266.997955 
481.346436 390.984283 
214.700989 417.165466 
323.928558 437.169678 
275.432770 270.946014 
490.291565 324.301453 
332.099182 416.306732 
177.124054 268.703888 
314.277557 298.756317 
210.740921 376.483551 
318.668182 266.085480 
520.358765 306.772552 
460.279541 280.140533 
560.171204 380.292999 
545.264709 389.454437 
454.903717 285.698639 
559.052917 300.534943 
221.701996 279.322998 
492.382843 401.500732 
163.844086 311.186768 
332.402893 414.422760 
506.321259 333.776276 
280.780121 408.997803 
178.037811 264.899841 
178.492279 264.390869 
243.246964 268.896545 
493.195679 335.871918 
345.714081 195.919144 
482.074890 332.348633 
297.931244 303.176758 
301.795898 405.706451 
506.692047 315.524017 
449.739746 285.839966 
494.224548 299.526001 
494.784760 299.830414 
540.970825 345.080536 
194.720718 265.985870 
194.546417 265.415344 
504.424225 354.603973 
207.012894 381.209381 
520.114258 266.452606 
272.700836 393.736053 
461.989990 283.880219 
462.100830 294.873108 
178.483704 417.453949 
385.071411 343.020264 
480.827911 265.544861 
427.386353 350.943481 
198.793396 302.439758 
502.771088 359.404449 
366.937500 203.012894 
207.616882 425.186951 
190.876373 326.326599 
523.782837 326.378265 
181.080353 400.959503 
486.332153 328.304382 
197.434952 298.728546 
561.391541 380.204620 
193.090088 278.128113 
440.370941 334.175507 
565.744873 324.374298 
517.132935 396.834839 
488.698273 304.384155 
261.916199 297.711670 
477.752960 263.266876 
299.521271 411.254211 
478.164337 292.183441 
512.967896 369.261597 
303.494263 392.783783 
475.838135 263.489807 
86.982155 423.640289 
453.886230 313.093323 
410.680176 19.153751 
558.245239 305.731476 
470.403229 296.697723 
281.733368 393.495026 
534.549194 329.336273 
289.819122 240.111160 
403.268372 286.543488 
257.303619 266.712982 
561.933228 378.480377 
499.619965 320.581146 
208.257889 260.801544 
286.087311 266.874176 
197.357285 423.126007 
538.814575 392.784027 
459.156311 312.292664 
486.992340 263.576508 
500.909607 322.078278 
485.610596 300.746155 
454.161621 293.757721 
223.064362 443.149902 
180.897537 400.162384 
521.714905 370.648193 
299.879425 372.439148 
501.183105 359.122498 
200.412537 266.300018 
189.755585 324.101044 
484.635132 335.609222 
359.733185 210.484207 
456.180206 296.611328 
217.072968 284.205719 
499.319489 323.631927 
223.746735 271.044891 
395.748199 365.117493 
214.522583 387.401184 
581.761292 364.646423 
320.555603 207.879929 
580.440186 351.613251 
159.730469 304.958466 
262.618469 330.879578 
512.185120 398.725433 
271.337677 410.932343 
93.765846 204.160385 
450.535950 277.540009 
269.481415 325.801392 
134.146698 450.464935 
306.122528 383.709808 
186.152847 414.383911 
502.266144 299.929718 
477.282532 386.552673 
200.850998 297.995422 
464.487915 284.557831 
483.776428 297.085144 
166.325424 339.046387 
459.466431 297.095734 
441.251495 323.943268 
162.554840 207.805939 
555.471252 290.700012 
448.397797 298.738068 
321.726318 206.732849 
299.643005 412.126221 
305.330627 428.214142 
541.859009 395.301849 
139.069458 421.967621 
467.018433 286.964874 
178.558807 403.528168 
450.235565 309.449524 
442.583282 23.108503 
194.855255 310.794128 
304.839050 376.757233 
312.642639 433.740997 
312.575348 433.108093 
474.436798 321.238678 
559.481934 296.630829 
333.923065 396.482208 
322.290588 267.944305 
322.543762 267.215881 
584.738770 337.865021 
253.992569 335.326874 
161.971680 207.934555 
192.577454 277.673584 
457.026154 276.129120 
457.787231 276.459534 
494.503082 308.622070 
196.119431 423.509308 
357.316071 269.312286 
195.909119 261.480438 
138.638763 206.981781 
485.624878 406.589600 
326.033142 327.218719 
190.329208 416.857941 
259.648285 213.720947 
545.198608 292.697449 
339.540833 234.727570 
202.793594 430.201752 
314.277802 299.474457 
567.878845 328.529175 
77.411148 461.975098 
201.526642 429.741425 
306.556976 232.195343 
553.520081 391.185333 
462.659210 272.822968 
209.615204 263.466705 
135.817154 425.652039 
312.676270 216.725601 
217.695389 273.435364 
452.334412 286.276825 
300.291931 372.402863 
387.824127 344.577026 
451.936371 386.173920 
451.690521 386.103485 
197.184402 257.421356 
325.435455 327.725830 
461.645782 311.371552 
128.866684 418.869232 
338.571899 234.789352 
473.922363 320.152893 
312.036591 302.144135 
383.222839 292.896729 
303.551971 382.685303 
259.356995 330.986877 
385.153229 364.441833 
341.053192 12.891634 
543.391968 385.752625 
169.044754 310.329712 
201.580658 307.229980 
201.131287 307.597595 
289.791473 319.039124 
160.496109 423.018097 
275.041779 339.700165 
325.157227 322.733185 
325.141174 322.011932 
189.035736 408.461060 
190.906509 290.360291 
190.731461 290.881409 
474.121368 295.375366 
116.671814 432.955872 
307.844879 396.917419 
582.487061 356.526642 
533.997437 433.497101 
300.044861 408.341003 
201.955811 430.920227 
319.141602 264.443420 
319.487976 264.189209 
167.984131 285.825531 
359.179047 281.462372 
499.791748 299.755981 
102.206055 441.702515 
213.455841 356.465485 
324.906189 396.183594 
194.754288 258.837006 
163.334000 278.401306 
87.661926 450.504913 
147.669342 207.304733 
183.076126 414.700531 
183.265244 414.157593 
516.309753 261.452545 
363.733704 220.189041 
486.719543 264.110687 
322.502716 438.021240 
322.502716 438.021240 
524.078674 283.131042 
341.900513 212.382431 
107.780365 415.767090 
500.619720 305.240814 
202.160141 341.720398 
505.535278 406.349091 
515.264465 354.914703 
581.405823 351.928497 
136.399475 425.475098 
359.747345 301.226715 
163.884628 258.304474 
305.816620 202.085938 
502.249542 323.968506 
172.895874 399.676056 
441.052887 324.908142 
136.266876 424.822479 
268.960632 393.172119 
166.450623 338.339783 
306.463654 372.563263 
325.687042 396.964935 
209.802780 259.489807 
134.924637 449.987000 
479.330475 327.188324 
452.572968 306.987457 
287.667053 385.653503 
290.413452 413.067474 
329.812714 389.488434 
286.161072 311.822052 
498.572784 403.195923 
277.507690 395.894714 
277.541168 395.987305 
209.050186 409.428192 
389.754944 296.323914 
208.831757 264.638397 
478.061768 324.213776 
472.288635 341.331757 
366.843384 200.945435 
495.305328 405.371582 
253.275955 338.047882 
322.232208 439.788818 
391.458282 296.668640 
458.237488 272.069641 
254.039825 267.633850 
484.874603 410.612244 
162.623062 352.046753 
277.255371 336.856079 
266.398834 342.569641 
320.853699 440.602478 
565.120789 309.982361 
306.139313 298.609467 
335.870148 302.912903 
198.043503 253.709579 
558.413696 376.076324 
94.140450 449.884033 
389.037689 348.524292 
204.486771 450.132416 
269.561829 385.259186 
254.870300 292.937744 
190.101868 418.956146 
315.921814 301.940887 
198.701157 252.965958 
93.227867 450.101532 
282.230713 397.554718 
555.930237 394.466492 
148.703903 441.921143 
161.850586 423.576324 
418.495087 445.073639 
213.882736 444.618164 
186.687515 410.716522 
370.300415 288.850372 
547.377747 286.696747 
325.980560 207.990463 
214.029007 444.993988 
199.487564 306.960999 
210.760025 261.463196 
448.873016 307.497253 
486.193085 404.450989 
502.686035 324.949341 
255.614761 296.702026 
183.013611 407.979828 
165.039734 296.747223 
164.959274 317.300446 
219.295700 272.840454 
184.347397 313.526428 
257.503571 265.589172 
181.750580 410.411835 
468.205139 313.451752 
491.515015 401.419373 
212.271072 284.331146 
446.377167 312.300629 
207.855713 272.154144 
456.565735 295.529541 
389.279327 345.645355 
326.782715 208.350510 
164.502243 291.950409 
518.837036 349.679932 
218.196823 443.106750 
274.996063 340.355743 
188.557144 325.170624 
293.947510 416.522369 
363.438477 192.878647 
202.395096 255.003830 
303.061859 374.894043 
211.739410 265.708649 
124.696465 446.110168 
163.755371 256.605042 
164.335724 318.672668 
482.510895 343.609894 
530.694336 407.496643 
189.923172 209.850204 
339.352386 195.888489 
296.255585 430.913391 
361.854614 305.354736 
354.296661 212.637711 
259.981110 314.193939 
294.104309 284.930115 
515.906799 310.612762 
340.112885 12.705709 
375.555084 293.126953 
270.471191 413.089661 
277.680267 321.823822 
308.396729 296.834686 
242.200409 267.745758 
275.723419 316.765076 
270.033539 416.565704 
214.554794 407.465332 
325.176361 403.829773 
308.803467 205.613037 
571.215515 340.807800 
256.227417 297.765015 
289.577972 293.997711 
202.110046 332.266571 
296.039551 295.662750 
523.796631 312.501801 
101.446259 442.046234 
287.962921 291.435059 
442.943817 325.905212 
392.231140 352.359894 
457.449005 374.951508 
144.908279 452.366669 
146.688889 445.676025 
289.100006 316.685425 
554.465637 293.059845 
463.545105 335.878387 
470.068878 304.825745 
470.155945 304.150879 
331.777313 197.267883 
439.632355 333.567688 
451.189453 314.228241 
200.305283 320.946747 
295.667358 249.619949 
163.079575 319.059357 
470.158081 303.190948 
315.375092 9.327389 
320.191071 221.153259 
308.792206 303.338867 
322.533386 433.059357 
429.161072 348.395569 
143.767914 452.611481 
501.470917 404.573090 
516.849426 310.924561 
307.688324 296.655243 
297.507965 248.573486 
184.167877 411.283752 
191.980347 446.543701 
495.552032 367.083832 
300.393951 298.153351 
523.190918 409.424469 
202.255966 454.405609 
253.330185 293.602478 
204.533768 330.653076 
146.904221 207.467468 
260.846649 331.516693 
346.152222 28.241970 
368.655060 194.946747 
180.779221 413.167084 
433.293335 366.070618 
132.295013 431.088043 
254.847610 296.306915 
213.522629 404.705902 
489.402588 303.076050 
470.643188 388.053162 
333.297272 321.982758 
265.410492 311.660065 
449.789673 367.648254 
299.316589 368.779327 
202.363617 251.693817 
298.501953 369.856262 
305.476257 357.522644 
172.235138 251.284470 
320.130585 428.005920 
309.367981 198.391495 
162.194977 258.093964 
299.435486 433.082214 
316.083160 300.957153 
465.602142 296.245972 
465.081177 296.840515 
211.526825 448.268646 
350.263855 213.816696 
160.485764 309.705933 
308.165558 428.338593 
295.843689 308.087433 
358.511627 307.708588 
306.587921 355.731323 
318.294678 200.133011 
196.355286 258.197662 
54.224319 428.158142 
249.381805 333.310455 
152.760437 450.591675 
152.417679 450.531830 
286.568573 314.347229 
279.599792 338.320068 
273.557129 412.606506 
134.699310 452.405731 
321.310455 218.747070 
310.261719 9.299962 
300.743073 404.350800 
183.512589 335.194336 
334.575165 303.030029 
222.123428 270.703125 
314.344727 206.209061 
290.254761 294.281189 
209.743393 269.855560 
209.038452 269.856384 
198.588745 434.691010 
462.619904 269.344116 
312.700165 303.132477 
495.385071 408.076538 
302.966125 384.556915 
302.385498 383.952545 
282.059631 322.392487 
182.870926 300.263428 
172.262192 319.043030 
164.497787 284.645691 
387.245972 17.032087 
274.496979 418.195557 
211.130768 285.344818 
424.142883 291.927063 
294.294678 426.527710 
319.299957 219.564270 
341.315002 416.208923 
306.653809 348.085876 
197.639999 453.521667 
304.062836 370.836365 
129.594131 454.933319 
180.018692 412.772247 
429.843414 347.948853 
360.742859 282.296753 
469.763977 388.262512 
469.319275 388.326233 
354.078949 213.683594 
204.595459 327.896881 
541.272949 403.735229 
145.994873 442.248138 
320.211365 419.624512 
307.359253 370.434509 
325.656281 262.011627 
208.096710 315.468262 
315.235016 304.772766 
251.220215 333.195404 
337.584778 194.960709 
569.143860 327.323059 
293.838654 356.901581 
175.040222 275.547424 
306.924774 201.599106 
300.938019 285.794006 
