500
436.563263 178.632843 
287.064056 90.533890 
287.086761 90.585007 
90.779564 329.365723 
93.125542 312.620483 
469.019379 211.364059 
442.756683 209.873672 
483.046143 210.592773 
484.797760 193.085327 
286.648590 109.533501 
488.975403 194.954147 
485.265594 194.785385 
488.659576 197.813354 
487.472534 199.996902 
469.155701 214.632385 
392.253265 390.279602 
472.971191 192.587036 
455.625458 219.855743 
163.096436 95.963226 
428.048187 186.232880 
273.473755 245.118408 
473.226471 191.528610 
234.488846 103.716522 
475.469971 194.861237 
324.450684 176.054520 
272.845428 240.291275 
248.890060 105.679253 
492.143829 193.491501 
443.335907 220.590134 
311.098297 278.970520 
498.182983 310.788849 
462.495209 187.076187 
278.191437 204.248642 
423.488770 190.728790 
472.969604 189.549072 
422.429169 188.994843 
337.865631 260.231842 
311.194824 213.866119 
452.859650 178.872452 
444.737213 196.528961 
469.046783 193.166885 
51.317047 311.106567 
287.881500 161.794983 
447.103516 193.067688 
441.131744 198.994675 
256.686829 195.607056 
482.839203 191.689438 
258.718750 195.151413 
496.137543 184.266739 
438.998138 200.919327 
437.614716 186.050339 
440.915924 189.734283 
454.966095 201.647659 
480.698212 198.632751 
405.495544 200.001221 
484.442871 312.539062 
494.584747 183.104095 
440.862640 201.382996 
456.580750 212.277695 
435.014587 183.570938 
437.175903 191.928864 
455.405304 200.519882 
436.197662 185.156250 
453.614594 285.089844 
324.199127 177.871887 
422.377289 195.807526 
424.241974 192.043777 
415.893463 206.184464 
459.326447 192.087021 
452.510681 184.218277 
349.419922 337.304108 
429.767059 202.466522 
476.886200 185.914627 
267.437561 155.548752 
263.407043 351.104950 
237.476105 189.229248 
237.628998 189.552307 
374.269623 252.218948 
415.594452 209.087570 
287.646698 109.720177 
415.159454 199.998611 
360.613831 215.802948 
328.258392 165.703430 
439.715118 206.709900 
506.246124 213.313507 
416.611938 192.561844 
315.344543 216.925217 
459.509827 220.808990 
251.949646 196.152786 
452.242096 180.824448 
234.962738 186.864227 
234.052368 186.844788 
493.707550 182.000778 
433.092773 216.191467 
457.462158 212.850571 
460.693756 221.403214 
460.952057 221.133881 
247.564331 178.685577 
454.004517 197.295837 
461.142151 288.183105 
309.483643 345.343719 
92.511772 313.093292 
507.211823 297.588684 
310.561890 342.239441 
483.461273 190.355270 
479.391998 207.700485 
433.529907 183.404251 
478.496979 207.500641 
440.333740 200.796509 
499.224030 213.309479 
472.496033 238.946793 
476.079529 184.352997 
443.766174 179.342789 
17.113176 366.469666 
530.106506 135.762344 
487.801453 307.548828 
447.424133 196.111877 
451.627289 182.800873 
236.434601 178.818359 
270.722290 238.181274 
428.378082 302.627380 
428.527954 302.306549 
483.727081 309.583801 
416.721466 199.691833 
467.175232 239.234482 
288.355774 194.537415 
514.719055 217.582260 
416.711823 193.745270 
311.756226 322.241821 
227.082504 189.261261 
417.569427 195.231064 
476.443207 210.209229 
448.416779 310.961243 
291.383606 162.534088 
498.542267 299.490753 
265.508423 352.481445 
445.156433 195.985825 
482.965668 204.144958 
460.489410 206.868530 
482.200562 208.129578 
487.964142 233.269318 
422.419647 213.563156 
476.164917 183.115250 
257.983459 224.956467 
476.095398 181.783798 
424.107605 388.581940 
536.146851 257.160156 
504.181641 296.532776 
407.924438 201.230774 
499.006378 212.602310 
427.357513 267.696564 
466.228546 274.259338 
491.947266 231.499207 
450.497864 227.566467 
273.146515 244.093445 
418.688660 232.780334 
486.379242 306.525238 
416.611420 212.894913 
403.990906 201.044083 
260.980621 154.895264 
466.145966 207.142761 
477.616577 200.449936 
444.661041 176.707947 
322.303009 341.533569 
444.152191 217.529251 
535.774902 263.669952 
258.733765 155.791290 
248.618805 179.863693 
299.278595 110.299019 
222.386185 209.696655 
292.807129 200.391083 
269.576904 237.892120 
438.820221 223.463730 
280.849182 331.136444 
268.208344 107.741394 
310.100525 280.176117 
290.416107 188.581863 
415.355957 212.548492 
424.399963 298.752716 
453.532776 219.568619 
419.756073 298.180908 
256.873901 197.485184 
294.626099 208.357193 
197.745178 99.763084 
197.236649 99.932396 
509.031677 208.939148 
472.706482 219.916321 
475.378906 211.698151 
452.379303 210.324860 
448.348572 216.112732 
238.754730 183.500412 
439.229095 312.864929 
445.319153 214.910843 
448.063782 223.600327 
262.176422 209.362427 
471.390228 217.741226 
405.927979 207.468094 
495.669281 216.525818 
247.075500 177.787308 
385.506989 388.852295 
438.124786 218.982147 
412.948944 222.443085 
450.317719 186.563080 
402.699066 208.518265 
410.081940 198.691895 
314.019531 217.237885 
406.017578 226.780914 
237.224060 182.103546 
294.072021 253.359009 
314.637177 277.512238 
411.226440 298.855438 
256.950317 148.536880 
444.037384 192.521576 
262.757385 348.520966 
447.259308 224.446945 
322.834015 336.758362 
472.051117 269.949310 
244.346237 339.794830 
289.776459 168.517517 
475.441101 245.267715 
514.521362 215.660385 
388.035309 260.475006 
289.654449 165.507187 
446.061829 239.059998 
244.765274 226.597412 
428.612762 300.985748 
473.690613 348.636841 
473.615479 348.122345 
313.881561 174.472549 
238.871078 327.525055 
471.862610 210.279297 
432.838196 223.042953 
485.081207 308.809601 
508.143158 300.768555 
460.244781 269.729584 
460.160126 269.354584 
287.366882 198.124771 
521.948303 289.023529 
499.867218 298.485077 
400.301025 236.820160 
412.498444 297.045227 
464.767517 224.417969 
580.952148 268.621552 
402.649292 259.199219 
426.050293 298.880707 
473.364471 346.486115 
246.188156 181.979462 
521.098816 436.673004 
440.574432 311.511627 
218.060318 203.691299 
522.760193 233.210480 
401.723145 209.547394 
405.923157 214.109802 
449.728516 207.182205 
288.636597 165.905716 
460.400543 224.241867 
426.187927 267.344818 
294.897858 201.270309 
313.052399 175.205338 
525.083252 236.773621 
248.242371 331.843353 
247.427948 235.573318 
491.950867 268.080566 
506.526459 299.599945 
53.364643 318.776611 
463.117126 220.887161 
460.109894 223.441711 
433.909882 243.415894 
523.171631 279.425781 
408.516357 227.614761 
409.130341 226.773300 
400.218170 237.097610 
248.764053 236.464432 
394.972443 222.497009 
486.983704 253.691315 
294.632996 205.969742 
426.391754 218.945129 
417.463348 229.224258 
322.777039 177.062225 
480.066711 231.884491 
309.479492 341.615753 
408.818359 173.546967 
416.836914 261.113037 
416.237305 261.594849 
238.560867 182.934814 
230.992279 228.521759 
454.216064 202.652359 
319.754364 95.937675 
319.661346 95.796295 
486.680603 261.664093 
527.138489 233.871750 
502.595276 214.078186 
484.597961 314.025482 
438.222473 312.612915 
400.891785 205.119644 
444.916168 284.736786 
347.521667 214.713257 
224.616959 346.472870 
465.853638 271.246643 
326.548431 341.158569 
315.625214 276.738953 
534.733276 260.395813 
453.839996 277.710266 
478.835693 334.513428 
394.284607 229.703232 
403.544800 229.720947 
266.322754 229.384552 
429.653961 221.737976 
402.499420 291.485138 
402.332275 291.567352 
307.286835 341.231964 
483.702820 229.438843 
455.690308 243.086426 
469.757233 260.276428 
511.643127 241.435455 
424.011810 269.842285 
495.019745 238.501221 
407.555786 229.525131 
278.889557 208.209000 
480.371521 260.497803 
454.447449 243.365128 
514.523560 245.769791 
473.180206 233.610489 
321.234406 336.869720 
282.265472 334.434967 
216.487518 101.692818 
385.376678 251.718582 
420.224854 228.400513 
131.110336 184.489380 
471.290375 273.976135 
334.189667 207.894043 
405.744080 231.668915 
511.662964 242.092026 
359.480835 213.171799 
487.452209 253.028503 
450.449097 228.160751 
226.979614 225.443069 
538.750854 244.507172 
477.390442 227.550339 
238.150620 326.893646 
280.938660 202.224579 
496.405548 234.997147 
418.733673 228.432098 
433.457458 240.750488 
208.493225 190.537430 
455.071899 242.241531 
149.909515 241.834595 
336.078064 263.015656 
419.711548 201.916061 
401.303070 220.344070 
243.310181 174.943420 
487.824249 229.451370 
502.442902 276.652527 
469.286804 270.763550 
498.888885 270.644104 
143.783813 93.795677 
471.837097 238.041641 
436.332794 226.580765 
436.631714 234.182556 
402.895203 236.330093 
487.734802 230.163132 
232.588531 349.782196 
491.574768 247.817764 
346.210571 209.843353 
241.950378 190.879517 
395.746338 217.423294 
505.428192 239.228439 
293.835876 265.149780 
293.072998 265.480408 
208.481903 201.934921 
469.825623 224.688889 
213.125015 189.625305 
429.029053 222.890533 
212.991806 206.734222 
241.297592 266.091553 
224.234619 228.316132 
224.722977 228.605118 
388.617706 242.273865 
512.616333 268.227478 
512.920471 268.299927 
281.928375 223.974426 
204.949081 192.177109 
464.033386 339.470825 
396.727997 246.010208 
409.823242 257.302277 
430.991577 222.423874 
519.484314 249.740601 
340.748169 206.664093 
471.397339 316.405701 
65.506805 330.715607 
512.354248 245.743256 
228.370865 181.848770 
203.508667 191.379761 
418.860779 304.812012 
418.791931 303.623016 
314.071716 206.798935 
469.780518 233.442810 
298.077087 336.358917 
485.245789 248.577927 
505.023224 240.162720 
505.231506 298.982269 
214.753464 207.627533 
183.070358 329.747833 
434.975006 260.079742 
511.889191 239.668869 
223.160675 210.506958 
139.388260 278.842712 
419.486359 305.191406 
465.665558 270.771729 
509.712402 256.410950 
43.104763 347.265991 
257.836914 149.130630 
475.633148 254.822800 
459.515350 255.202072 
500.560760 309.590607 
511.354248 245.172775 
246.308411 239.274460 
438.664948 254.334351 
250.281219 175.976105 
261.754883 137.618652 
421.994202 232.669220 
324.719757 225.973038 
159.760101 231.792145 
412.924469 229.103012 
336.647644 210.054214 
460.045197 256.502319 
428.754822 181.767380 
419.101959 300.872528 
265.331665 230.575470 
402.172668 214.032516 
408.675995 257.622620 
229.880875 334.217041 
359.360962 207.432922 
424.614136 234.329758 
454.286255 253.191605 
438.886658 253.850357 
436.342041 250.411713 
477.733826 228.211914 
465.590759 224.269592 
332.347473 206.930939 
304.817841 182.851562 
215.882553 188.698410 
419.208984 232.677444 
253.284683 144.549728 
225.126419 225.204132 
436.167358 251.901321 
389.558838 263.833923 
225.096817 208.164368 
440.225250 235.719254 
409.789520 256.887695 
337.346588 264.702881 
248.387451 184.722076 
477.420166 250.447815 
390.149139 267.183411 
141.537201 229.929520 
229.199844 195.374512 
422.766235 270.293579 
441.384216 247.557892 
494.158020 238.724655 
229.387512 340.233215 
413.144165 285.468048 
146.605087 251.137436 
472.622803 248.342728 
282.158936 164.509048 
475.863342 253.342041 
480.591888 244.550018 
443.379181 221.279144 
232.870010 213.045731 
239.961395 170.336060 
291.116333 186.837341 
436.453400 252.579132 
292.345306 176.609634 
340.156311 279.749146 
339.992523 238.847870 
255.144089 177.760757 
290.602478 264.308136 
323.874756 222.296249 
484.324890 255.572250 
468.920044 233.207108 
468.996887 233.351181 
501.057495 237.635727 
507.156189 241.176178 
136.541428 283.195679 
274.147919 267.414581 
321.196320 175.709213 
210.673325 196.873795 
304.736542 322.001526 
415.834503 280.617767 
331.441345 231.310364 
50.703453 340.091034 
35.489822 353.293671 
217.597763 201.334381 
82.408714 292.985931 
130.192596 172.848450 
219.839111 206.212524 
243.324478 268.911346 
224.527985 225.067307 
218.976822 235.717819 
453.380463 231.897324 
391.873352 273.743988 
