977
186.583939 393.278198 
180.997238 380.169769 
163.909729 369.471100 
186.276199 380.225006 
224.274246 211.492310 
198.365494 354.511353 
156.752762 388.181458 
125.999420 205.937637 
203.768799 376.767090 
486.332153 328.304382 
249.225815 213.345612 
180.883301 381.634216 
482.074890 332.348633 
481.349854 331.716522 
481.517792 331.256134 
185.172913 350.618103 
168.572586 376.126648 
172.895874 399.676056 
203.767548 380.091431 
203.172989 380.504730 
471.264404 354.164520 
182.874222 355.016663 
202.676834 375.157257 
169.977524 350.174988 
167.028854 374.535309 
200.517227 291.422241 
163.245468 391.380615 
183.632339 355.054443 
159.221039 395.460907 
202.160141 341.720398 
160.345123 395.225372 
201.333313 350.262390 
186.348297 338.851410 
200.768799 292.602478 
482.510895 343.609894 
169.958832 376.653381 
474.885437 353.741058 
161.907791 395.606842 
158.829666 396.187866 
176.212692 356.503204 
160.151596 387.487640 
289.791473 319.039124 
567.938171 380.690063 
309.073151 202.467117 
190.838470 342.802856 
104.836060 205.032104 
557.380615 313.975159 
208.447617 379.361450 
181.868027 379.921478 
266.388153 419.723541 
184.602325 346.087341 
160.423859 380.283936 
201.888580 354.233765 
502.801239 303.006897 
202.059738 346.940918 
199.626495 373.185028 
202.429230 384.633728 
174.476807 349.716766 
511.768127 304.803101 
200.850998 297.995422 
557.849243 391.742737 
155.944214 388.196075 
392.093048 351.228912 
202.460617 345.597168 
437.878540 369.146790 
305.476257 357.522644 
524.078674 283.131042 
169.273087 353.420441 
265.753174 419.654785 
490.087280 278.698853 
477.048706 225.815979 
480.406738 282.743805 
187.551010 344.203644 
273.199127 387.691528 
190.591644 354.470978 
550.574463 314.404694 
575.864685 307.943573 
366.937500 203.012894 
175.502731 381.847687 
177.039337 351.302063 
179.347992 390.358124 
498.468292 313.247833 
545.198608 292.697449 
496.788574 291.432190 
521.277893 287.738129 
174.182266 376.029114 
178.155548 360.511444 
488.698273 304.384155 
571.385620 375.599854 
535.370117 267.639801 
302.966125 384.556915 
542.838684 229.676620 
186.762543 350.413666 
448.539886 382.464722 
197.124451 289.713379 
489.460846 297.373260 
507.034668 301.998077 
209.615204 263.466705 
201.282669 375.245148 
470.793762 353.647064 
292.982513 319.882507 
156.999069 300.645813 
192.884583 387.481995 
195.595612 386.532471 
195.243118 386.197174 
323.714813 307.286469 
484.635132 335.609222 
299.484833 304.955994 
524.361450 228.061569 
177.996399 391.154114 
177.418442 360.858734 
179.221786 359.498108 
176.932510 351.835083 
192.148315 354.137360 
330.208221 200.824249 
546.609192 302.119934 
556.989563 316.592377 
208.459732 374.194183 
556.884705 317.222900 
186.931931 337.723816 
474.766357 351.184387 
341.315002 416.208923 
180.610840 396.054596 
282.516541 296.248260 
204.296188 296.565155 
164.335724 318.672668 
160.827820 381.101807 
306.924774 201.599106 
193.816223 354.726898 
499.319489 323.631927 
172.625870 370.221771 
192.294357 351.590057 
200.080215 346.461395 
193.315857 334.868958 
302.385498 383.952545 
512.198730 302.841400 
579.257690 368.014557 
196.869995 287.657501 
194.913788 338.580383 
365.021667 193.103058 
477.996124 282.977570 
272.700836 393.736053 
314.277802 299.474457 
547.377747 286.696747 
85.088257 353.340271 
543.422668 390.355499 
488.023163 334.553619 
296.899780 300.271332 
561.391541 380.204620 
278.127197 391.002258 
354.470123 214.270065 
451.936371 386.173920 
451.690521 386.103485 
166.325424 339.046387 
484.659363 278.271454 
267.323853 297.677490 
453.488281 280.163544 
157.012070 387.452881 
558.413696 376.076324 
198.793396 302.439758 
332.821411 197.331131 
515.873230 307.686890 
486.992340 263.576508 
202.363617 251.693817 
494.741730 272.743286 
576.719055 365.609222 
208.831757 264.638397 
184.491959 334.448120 
185.250427 402.430756 
306.587921 355.731323 
285.931610 360.696991 
478.343048 282.956635 
581.761292 364.646423 
183.804382 377.802979 
202.395096 255.003830 
207.855713 272.154144 
506.692047 315.524017 
493.195679 335.871918 
179.002838 364.950348 
185.373810 348.322510 
359.733185 210.484207 
477.754333 288.252106 
179.408066 353.061859 
281.733368 393.495026 
319.945068 382.564819 
548.110596 312.541138 
180.897537 400.162384 
176.060760 364.254974 
494.224548 299.526001 
494.784760 299.830414 
293.838654 356.901581 
499.619965 320.581146 
512.185120 398.725433 
92.865646 203.878372 
516.309753 261.452545 
538.613098 288.811890 
547.741821 328.474060 
503.416656 302.529114 
200.285370 356.698517 
171.636795 394.991089 
385.153229 364.441833 
200.052658 351.488525 
360.646637 203.801315 
297.931244 303.176758 
519.201660 314.002838 
539.145569 289.658173 
69.326477 423.874847 
163.884628 258.304474 
165.345901 254.273209 
186.935898 335.294678 
186.060150 351.417023 
162.623062 352.046753 
555.299744 330.196533 
359.842957 206.500015 
198.509735 284.473358 
570.937500 377.076233 
570.937500 377.076233 
179.912018 393.532990 
265.282379 294.911743 
326.765198 308.527771 
194.754288 258.837006 
201.580658 307.229980 
201.131287 307.597595 
562.974426 346.941772 
179.355804 410.265076 
198.803955 391.750549 
196.409622 289.873962 
178.558807 403.528168 
208.599670 414.559601 
204.225266 300.773621 
157.011246 300.340118 
467.381409 301.939606 
197.933212 309.423950 
461.089996 390.836792 
183.479706 343.360809 
177.760849 343.293030 
500.619720 305.240814 
191.414062 279.617004 
545.897400 315.361938 
549.998108 382.531158 
491.339050 298.349640 
174.419403 345.434204 
282.042450 287.074371 
558.245239 305.731476 
73.311050 439.890350 
548.755554 313.117950 
509.953796 333.327087 
202.110046 332.266571 
271.421143 405.232269 
166.450623 338.339783 
207.012894 381.209381 
354.078949 213.683594 
477.999786 287.720093 
310.261719 9.299962 
562.428528 344.024872 
562.259949 344.792511 
160.810959 324.649872 
191.100616 354.087341 
433.343628 361.052307 
519.693420 227.801132 
210.740921 376.483551 
197.490845 311.685486 
356.470459 279.721924 
288.076385 324.305969 
199.712631 286.979919 
269.946106 297.108307 
485.729736 315.459747 
190.361221 388.850861 
518.357117 294.367889 
329.827332 210.920563 
504.141541 298.975586 
504.859497 298.310822 
305.816620 202.085938 
157.778366 207.640167 
286.161072 311.822052 
498.584503 311.097015 
191.343353 404.540039 
314.277557 298.756317 
455.068207 342.446716 
194.720718 265.985870 
194.546417 265.415344 
200.412537 266.300018 
539.075989 269.316986 
539.075989 269.316986 
319.732452 427.362823 
197.434952 298.728546 
271.851074 403.388794 
513.533142 318.491119 
196.355286 258.197662 
161.971680 207.934555 
209.743393 269.855560 
209.038452 269.856384 
462.701599 389.266815 
553.520081 391.185333 
303.061859 374.894043 
210.760025 261.463196 
493.226562 282.593628 
493.738495 282.562714 
493.691772 282.230225 
178.483704 417.453949 
163.755371 256.605042 
475.254456 386.338928 
388.260101 347.961639 
162.194977 258.093964 
323.115265 369.442474 
362.448975 202.785675 
333.719757 403.121338 
485.893829 267.233704 
535.632324 307.560699 
209.108170 414.135101 
514.530396 297.815033 
195.909119 261.480438 
510.572418 333.098267 
544.868530 345.077454 
360.742859 282.296753 
164.655273 379.780823 
553.304443 356.538239 
443.885986 294.760956 
518.677429 324.513702 
502.686035 324.949341 
324.572845 200.061707 
456.320587 311.359680 
490.830627 309.933472 
164.959274 317.300446 
197.184402 257.421356 
297.562469 379.483734 
173.712006 345.247986 
461.120819 389.296661 
203.858719 250.371140 
203.093811 250.644318 
196.662842 310.776093 
203.727066 297.429047 
548.977905 346.747040 
506.321259 333.776276 
381.448608 16.085155 
353.163574 216.410904 
510.776062 271.176941 
362.307587 283.370697 
498.528412 314.649719 
288.611359 386.222809 
506.643402 334.260437 
572.083191 300.782593 
196.032974 370.930084 
307.537415 355.250427 
162.554840 207.805939 
196.027237 321.232452 
479.054901 292.332031 
169.511398 253.709763 
477.282532 386.552673 
172.496490 307.581970 
327.132996 210.787033 
183.076126 414.700531 
183.265244 414.157593 
270.057617 293.641144 
270.766876 293.853149 
531.125000 335.378967 
363.162964 205.974564 
454.228973 342.563385 
516.271729 307.000885 
192.063553 403.168976 
514.551636 305.240082 
195.103592 337.777863 
181.158264 389.984711 
538.579956 314.598175 
211.739410 265.708649 
201.786728 336.422485 
457.051300 330.355560 
264.395050 320.882385 
213.559555 296.116730 
526.260803 331.862030 
505.661285 227.629257 
269.561829 385.259186 
496.638458 292.655731 
195.391769 281.940857 
320.191071 221.153259 
453.839203 322.093750 
439.632355 333.567688 
264.036102 318.581207 
182.744095 339.049500 
554.730469 229.782669 
489.402588 303.076050 
155.466507 326.405914 
460.522552 278.664246 
500.909607 322.078278 
271.309570 290.744659 
152.534454 340.631714 
363.438477 192.878647 
199.487564 306.960999 
241.622116 424.119293 
464.430786 319.227570 
469.259705 269.627106 
181.080353 400.959503 
171.577621 379.685272 
541.859009 395.301849 
168.495102 382.492676 
178.578644 414.625488 
387.245972 17.032087 
486.719543 264.110687 
494.467926 399.976746 
559.704834 321.954803 
478.164337 292.183441 
513.681946 315.752075 
460.279541 280.140533 
196.267441 342.129486 
480.614899 295.508026 
474.036407 304.229034 
480.827911 265.544861 
517.132935 396.834839 
395.748199 365.117493 
319.299957 219.564270 
185.732254 333.145477 
180.794983 350.023132 
208.257889 260.801544 
192.358047 401.524689 
204.533768 330.653076 
361.970825 282.961395 
469.763214 270.156525 
467.869904 279.556061 
525.289490 329.960663 
570.059265 310.555939 
233.511414 336.349121 
542.795898 290.435638 
443.615570 272.108002 
501.032990 332.473358 
323.928558 437.169678 
502.249542 323.968506 
283.819061 437.899200 
528.193359 308.473206 
408.917969 352.648743 
581.405823 351.928497 
524.711243 307.460297 
532.026062 332.387939 
514.054932 227.733063 
171.230103 300.073730 
537.761108 309.063141 
177.674316 414.385742 
287.227783 419.822113 
497.760468 259.411041 
303.361328 310.436554 
290.820679 246.495972 
163.079575 319.059357 
470.893616 272.218872 
452.687103 279.085419 
460.824005 390.926025 
515.024719 333.234497 
501.183105 359.122498 
191.929260 397.405365 
550.396667 349.237976 
160.086655 355.675140 
190.885788 368.159210 
506.393677 407.255524 
315.921814 301.940887 
291.455963 360.577271 
291.860840 360.849792 
270.645325 386.012085 
335.603729 339.201294 
196.845337 359.792511 
161.608490 301.284515 
285.704681 325.407593 
342.095978 208.961304 
477.752960 263.266876 
57.039146 201.771988 
483.884003 261.547516 
560.171204 380.292999 
93.765846 204.160385 
469.763977 388.262512 
469.319275 388.326233 
563.814270 381.771240 
318.323761 307.485199 
366.843384 200.945435 
515.809387 349.456818 
515.067871 349.304108 
483.776428 297.085144 
312.036591 302.144135 
545.264709 389.454437 
299.316589 368.779327 
196.337479 276.523071 
172.903305 362.880463 
321.310455 218.747070 
193.027039 313.052979 
451.870667 430.174744 
177.489014 318.160339 
190.028885 393.956909 
525.413696 337.508789 
172.527283 303.393860 
172.235138 251.284470 
289.471039 246.420975 
532.497559 307.673096 
578.995056 333.696899 
289.377197 324.677979 
203.131088 341.229279 
519.077759 350.295258 
318.946686 301.150879 
188.409927 408.074860 
458.237488 272.069641 
280.395844 429.618896 
272.602936 215.143494 
197.552124 359.992523 
464.935486 315.241455 
580.440186 351.613251 
457.449005 374.951508 
572.695068 324.107269 
581.368042 231.676773 
464.487915 284.557831 
467.018433 286.964874 
470.635681 323.566223 
253.992569 335.326874 
193.090088 278.128113 
541.819519 388.480530 
278.040833 364.255859 
299.521271 411.254211 
195.296082 294.608124 
304.062836 370.836365 
264.688568 358.433502 
555.930237 394.466492 
534.635559 337.099609 
325.157227 322.733185 
325.141174 322.011932 
307.359253 370.434509 
541.723694 399.872711 
163.844086 311.186768 
289.100006 316.685425 
208.832123 309.789978 
346.152222 28.241970 
439.062836 297.603271 
466.472961 316.522003 
517.793884 338.445709 
543.391968 385.752625 
168.018875 303.080902 
540.970825 345.080536 
507.146576 368.876740 
209.589966 420.424896 
322.502716 438.021240 
322.502716 438.021240 
49.399094 201.638535 
306.463654 372.563263 
502.771088 359.404449 
173.089111 396.060486 
533.523865 307.657440 
297.507965 248.573486 
269.088470 300.470184 
265.733582 300.721344 
518.410645 314.693176 
206.387863 333.105774 
464.706879 336.633240 
210.014740 321.551453 
271.337677 410.932343 
209.532883 311.584442 
492.382843 401.500732 
565.120789 309.982361 
315.235016 304.772766 
450.235565 309.449524 
327.231140 406.795563 
534.549194 329.336273 
312.700165 303.132477 
317.749207 220.386383 
538.814575 392.784027 
377.334015 278.916931 
461.989990 283.880219 
198.043503 253.709579 
479.330475 327.188324 
170.986099 300.907043 
289.929901 249.223770 
175.775696 263.662720 
315.614746 305.908264 
453.224670 387.675110 
210.692032 313.073364 
561.933228 378.480377 
521.654175 348.042450 
190.329208 416.857941 
319.788513 441.440308 
482.918396 386.171448 
319.072845 298.921082 
195.504593 322.834503 
536.987244 307.300537 
521.714905 370.648193 
209.050186 409.428192 
177.207626 279.599579 
441.251495 323.943268 
266.129883 365.330811 
195.273880 398.559998 
459.156311 312.292664 
322.743042 211.819534 
519.161255 266.997955 
316.083160 300.957153 
341.851868 207.041611 
294.061462 320.415741 
320.858948 214.290421 
449.022522 311.919434 
485.098236 334.633820 
272.170898 338.729584 
272.195892 338.123199 
449.739746 285.839966 
560.752747 296.053986 
195.587753 304.932343 
195.989532 304.487701 
537.020874 405.409760 
584.738770 337.865021 
449.789673 367.648254 
184.167877 411.283752 
452.334412 286.276825 
530.053833 269.188812 
534.361267 330.081726 
285.117981 391.818054 
548.859497 383.947235 
333.202362 338.368774 
137.768005 416.385956 
209.802780 259.489807 
207.616882 425.186951 
332.557800 327.896240 
208.093811 283.974884 
308.396729 296.834686 
213.480103 281.819000 
173.082108 390.358002 
528.584778 333.499786 
159.062164 356.297424 
318.361938 443.041138 
319.141602 264.443420 
319.487976 264.189209 
514.224548 280.379608 
520.114258 266.452606 
190.831665 405.755981 
484.477295 400.278473 
299.643005 412.126221 
189.923172 209.850204 
487.581360 398.584991 
485.610596 300.746155 
263.444702 348.855011 
142.401337 417.441559 
189.568466 414.966766 
446.377167 312.300629 
530.359070 270.616394 
268.960632 393.172119 
171.487595 304.300354 
261.916199 297.711670 
181.750580 410.411835 
515.906799 310.612762 
510.019135 264.681396 
206.539841 253.316330 
331.470612 324.679108 
263.872406 354.684052 
561.728699 322.653961 
349.798553 217.763321 
309.545044 303.414734 
355.964935 210.166534 
357.316071 269.312286 
320.012054 437.942322 
177.124054 268.703888 
292.532990 324.062286 
307.688324 296.655243 
429.193329 21.030390 
190.101868 418.956146 
93.227867 450.101532 
266.347992 329.140106 
333.879333 225.136627 
338.792053 343.192169 
559.481934 296.630829 
521.813843 325.134918 
321.889679 225.185989 
571.662415 319.818909 
448.672821 311.609650 
594.905029 232.519562 
447.992340 345.598450 
509.277832 348.205536 
509.889465 348.201660 
477.312103 322.228333 
286.906677 419.195740 
306.139313 298.609467 
478.061768 324.213776 
300.743073 404.350800 
173.795746 302.537537 
269.481415 325.801392 
320.927490 223.781845 
254.870300 292.937744 
320.853699 440.602478 
198.701157 252.965958 
336.378296 339.963715 
559.052917 300.534943 
329.975708 411.493195 
320.130585 428.005920 
255.614761 296.702026 
189.001144 396.599426 
217.072968 284.205719 
192.577454 277.673584 
441.052887 324.908142 
558.116577 322.292480 
309.391724 362.486847 
331.350677 200.344299 
321.548218 265.474213 
462.100830 294.873108 
331.843506 405.944702 
214.554794 407.465332 
333.835602 222.560410 
540.975342 329.908325 
359.676270 192.366440 
340.328156 346.763306 
498.406921 328.166870 
297.692444 318.352325 
214.958603 414.549103 
293.401062 419.695557 
522.541870 332.069672 
292.507416 420.022369 
292.733673 420.201721 
462.534180 346.868927 
514.676697 355.265228 
509.460083 268.605713 
306.402954 234.757385 
276.464691 395.940552 
290.545807 438.077393 
293.947510 416.522369 
540.956482 389.334015 
162.153793 318.742310 
541.649414 397.372406 
530.694336 407.496643 
324.038208 219.097580 
317.283112 295.867432 
266.750610 364.840179 
291.584259 215.609833 
211.841431 318.437775 
448.873016 307.497253 
183.013611 407.979828 
87.661926 450.504913 
571.215515 340.807800 
487.249115 394.700409 
201.526642 429.741425 
509.629150 266.972565 
101.446259 442.046234 
494.503082 308.622070 
512.967896 369.261597 
568.023193 313.103760 
291.392151 438.457886 
308.792206 303.338867 
326.896515 211.342407 
490.291565 324.301453 
447.995270 314.875092 
290.680328 215.710876 
522.477966 330.620667 
164.497787 284.645691 
160.485764 309.705933 
518.837036 349.679932 
265.871216 310.962708 
213.522629 404.705902 
270.471191 413.089661 
495.552032 367.083832 
214.700989 417.165466 
300.488037 418.526428 
194.855255 310.794128 
436.691467 364.147919 
147.669342 207.304733 
523.796631 312.501801 
305.330627 428.214142 
473.831451 387.493683 
300.291931 372.402863 
541.272949 403.735229 
528.551208 337.200348 
181.054855 288.486237 
259.356995 330.986877 
286.568573 314.347229 
143.767914 452.611481 
300.393951 298.153351 
300.185455 314.636719 
308.347778 369.033844 
363.733704 220.189041 
161.237396 324.587280 
280.056976 430.137604 
144.908279 452.366669 
325.176361 403.829773 
146.904221 207.467468 
280.642456 351.040771 
457.026154 276.129120 
457.787231 276.459534 
304.169312 9.169800 
299.300690 244.741486 
208.096710 315.468262 
462.408356 314.443207 
318.805817 293.049866 
449.487030 278.568939 
151.960083 340.786377 
332.944672 411.514008 
332.801910 411.054047 
201.955811 430.920227 
319.110931 376.751648 
185.970062 422.804779 
292.909515 235.315582 
191.887314 322.429291 
350.263855 213.816696 
523.782837 326.378265 
138.920944 449.252869 
543.028442 311.349976 
516.849426 310.924561 
302.809814 346.797028 
569.143860 327.323059 
304.839050 376.757233 
256.227417 297.765015 
462.659210 272.822968 
339.403900 343.459076 
440.370941 334.175507 
552.641724 316.244537 
277.507690 395.894714 
277.541168 395.987305 
491.515015 401.419373 
482.353210 342.935394 
442.583282 23.108503 
300.802002 244.704971 
322.232208 439.788818 
254.847610 296.306915 
280.627563 350.480499 
202.793594 430.201752 
283.620392 265.348602 
389.279327 345.645355 
325.406158 223.706680 
330.071442 204.361420 
328.846313 326.847015 
328.357910 326.275146 
553.408020 316.637115 
270.033539 416.565704 
339.352386 195.888489 
470.643188 388.053162 
204.743103 322.364441 
299.007294 363.505493 
296.039551 295.662750 
181.161804 451.166168 
181.218597 451.789825 
520.358765 306.772552 
338.844299 195.943146 
338.983459 195.592117 
299.879425 372.439148 
554.465637 293.059845 
296.255585 430.913391 
298.278625 247.830750 
473.922363 320.152893 
359.727631 198.760193 
136.782425 453.367249 
302.863983 348.238770 
533.997437 433.497101 
290.874329 362.101471 
169.212494 249.745560 
288.995392 361.093323 
372.859070 438.753754 
324.530609 375.047974 
137.051910 453.875793 
501.032593 299.844025 
200.305283 320.946747 
325.532410 265.411133 
174.700607 302.315521 
249.381805 333.310455 
335.962524 220.662109 
345.036255 216.884323 
315.357788 222.161194 
260.846649 331.516693 
215.953949 345.015656 
312.642639 433.740997 
312.575348 433.108093 
214.522583 387.401184 
167.984131 285.825531 
364.309570 197.567810 
314.880890 303.536316 
140.821381 439.412903 
276.867004 343.953705 
211.249359 277.259979 
301.771790 316.761169 
463.545105 335.878387 
389.912567 294.489380 
71.133209 433.812592 
313.848724 380.366699 
197.357285 423.126007 
178.037811 264.899841 
178.492279 264.390869 
294.104309 284.930115 
315.977844 207.372055 
107.780365 415.767090 
295.843689 308.087433 
468.205139 313.451752 
367.059875 195.885941 
473.899048 301.085358 
567.878845 328.529175 
240.172684 347.092285 
164.502243 291.950409 
269.801544 408.481781 
216.024338 341.983063 
263.045868 324.102814 
376.569946 286.120117 
452.572968 306.987457 
470.403229 296.697723 
453.886230 313.093323 
280.700745 342.307861 
206.395432 329.689331 
312.858368 390.075867 
316.055908 24.558363 
298.222137 416.374298 
327.201660 402.569733 
263.450470 328.985168 
347.075012 13.095022 
213.455841 356.465485 
326.782715 208.350510 
138.638763 206.981781 
301.795898 405.706451 
498.572784 403.195923 
275.041779 339.700165 
285.012909 402.313507 
465.602142 296.245972 
465.081177 296.840515 
145.994873 442.248138 
298.501953 369.856262 
253.330185 293.602478 
319.632202 398.349213 
502.266144 299.929718 
440.066193 301.285950 
350.989594 193.332977 
306.122528 383.709808 
204.595459 327.896881 
311.385437 391.512451 
274.496979 418.195557 
459.466431 297.095734 
185.385498 303.293243 
169.105042 251.152176 
433.728424 305.781677 
274.996063 340.355743 
322.290588 267.944305 
322.543762 267.215881 
169.044754 310.329712 
270.054138 358.831879 
144.321976 414.709534 
251.220215 333.195404 
194.149384 417.139954 
515.264465 354.914703 
387.824127 344.577026 
212.796768 337.627930 
461.645782 311.371552 
293.488373 305.149597 
555.471252 290.700012 
319.925232 374.214203 
499.791748 299.755981 
306.556976 232.195343 
80.888748 429.683472 
159.322845 312.995605 
454.903717 285.698639 
341.900513 212.382431 
282.230713 397.554718 
175.040222 275.547424 
442.943817 325.905212 
495.326324 366.771606 
90.178833 417.320557 
86.982155 423.640289 
434.849060 362.149506 
148.703903 441.921143 
173.164322 252.191177 
211.637604 280.851013 
211.739471 280.157379 
169.848358 313.273499 
333.923065 396.482208 
354.296661 212.637711 
254.765427 321.425476 
410.680176 19.153751 
196.119431 423.509308 
128.866684 418.869232 
320.534332 200.507141 
322.535797 378.815613 
209.303375 322.240479 
263.559875 353.434570 
233.742355 337.589813 
195.042206 401.890198 
447.598022 451.932404 
446.712769 449.767426 
306.040985 315.974823 
277.255371 336.856079 
145.074570 414.606354 
481.346436 390.984283 
175.628174 420.355255 
102.206055 441.702515 
474.436798 321.238678 
275.134735 410.469666 
146.080673 441.549683 
242.200409 267.745758 
286.631165 246.998749 
243.246964 268.896545 
318.294678 200.133011 
