500
421.066223 107.910469 
159.283264 415.669983 
392.527832 125.381714 
159.266327 416.308716 
425.955872 368.352051 
442.092743 128.182556 
425.523712 119.869865 
425.523712 119.869865 
428.621918 121.373909 
396.588654 122.702553 
425.523712 119.869865 
247.153214 114.248779 
395.454346 126.172806 
442.762360 113.967827 
435.961853 138.093796 
254.714569 187.811066 
411.843658 151.245529 
301.888123 222.536285 
425.955872 368.352051 
396.588654 122.702553 
438.028473 116.002518 
426.314575 114.424393 
243.149887 232.048660 
424.574402 154.240494 
426.314575 114.424393 
431.550934 122.461426 
425.523712 119.869865 
430.642639 119.470451 
334.606140 205.014877 
435.961853 138.093796 
425.027557 121.896530 
425.027557 121.896530 
448.855896 122.665291 
460.380219 170.913895 
550.548889 136.109146 
431.550934 122.461426 
425.955872 368.352051 
426.314575 114.424393 
431.550934 122.461426 
427.984528 114.708015 
515.468689 149.908981 
266.424042 471.512268 
543.610229 326.148590 
82.309853 357.824707 
425.523712 119.869865 
459.298370 212.992126 
438.028473 116.002518 
413.956940 135.726944 
390.296082 133.125626 
224.252823 222.383270 
370.932190 321.906677 
82.309853 357.824707 
383.868439 135.695297 
406.635529 124.851715 
289.486786 380.146515 
406.635529 124.851715 
224.252823 222.383270 
406.635529 124.851715 
405.690948 139.873901 
415.433716 129.726379 
495.844971 217.830307 
415.433716 129.726379 
382.928619 156.318039 
413.956940 135.726944 
379.109924 150.546417 
413.956940 135.726944 
426.314575 114.424393 
335.050079 340.936859 
426.314575 114.424393 
379.452209 366.756714 
379.452209 366.756714 
369.086609 322.752777 
343.069519 201.759567 
435.961853 138.093796 
329.148956 362.971771 
406.635529 124.851715 
413.956940 135.726944 
405.057434 126.318512 
464.495850 126.094017 
388.834076 171.347778 
392.188995 133.933548 
413.956940 135.726944 
301.888123 222.536285 
342.003693 200.982452 
413.956940 135.726944 
459.298370 212.992126 
267.802521 210.401672 
371.140381 326.919647 
440.341309 132.048386 
395.641541 152.505280 
268.972351 232.099289 
125.865143 435.138428 
499.761719 167.958298 
401.470367 214.056259 
502.422394 204.583725 
439.841339 130.314590 
426.314575 114.424393 
439.841339 130.314590 
510.176605 198.841461 
415.433716 129.726379 
413.956940 135.726944 
510.176605 198.841461 
406.157471 209.241760 
472.719208 230.573715 
431.550934 122.461426 
247.800095 385.414185 
415.588257 138.325073 
514.398682 150.514832 
424.574402 154.240494 
413.956940 135.726944 
357.169464 262.504700 
449.519897 216.195770 
299.023895 221.338120 
415.432953 109.854767 
415.432953 109.854767 
444.495239 239.513123 
444.495239 239.513123 
359.325012 334.186310 
426.314575 114.424393 
129.876877 426.073425 
289.486786 380.146515 
224.252823 222.383270 
411.843658 151.245529 
497.941803 219.147522 
424.574402 154.240494 
424.574402 154.240494 
469.731232 150.922180 
275.676788 219.723160 
396.588654 122.702553 
392.188995 133.933548 
514.990112 146.254120 
359.325012 334.186310 
379.452209 366.756714 
415.433716 129.726379 
392.527832 125.381714 
329.148956 362.971771 
278.125824 218.834717 
245.612335 386.209991 
359.325012 334.186310 
460.380219 170.913895 
99.659370 350.024994 
499.761719 167.958298 
499.761719 167.958298 
439.841339 130.314590 
411.397552 162.127243 
499.761719 167.958298 
271.748016 476.066559 
507.313263 196.754822 
392.188995 133.933548 
422.962067 170.700272 
438.028473 116.002518 
223.839218 196.167801 
390.296082 133.125626 
427.507935 207.216797 
476.126617 123.351448 
427.984528 114.708015 
427.984528 114.708015 
460.380219 170.913895 
404.109100 143.586639 
220.837708 191.587570 
363.872711 333.205353 
412.409302 210.396912 
393.893280 183.674423 
393.893280 183.674423 
392.188995 133.933548 
413.956940 135.726944 
423.982819 214.489441 
423.982819 214.489441 
390.220581 185.623352 
431.550934 122.461426 
507.313263 196.754822 
241.858505 233.012726 
382.316437 143.619888 
274.275177 471.311157 
274.275177 471.311157 
330.628937 338.398804 
458.288086 241.579834 
288.217010 368.385406 
217.666275 227.393143 
426.314575 114.424393 
270.885376 390.956757 
274.275177 471.311157 
382.340668 213.294586 
496.561768 213.915085 
225.725677 195.381271 
439.841339 130.314590 
390.220581 185.623352 
220.837708 191.587570 
411.203827 157.617691 
211.089386 234.578568 
457.045776 206.012009 
476.879761 117.628113 
413.956940 135.726944 
427.984528 114.708015 
226.708450 225.282898 
426.517090 185.839310 
510.610535 195.962036 
295.188568 356.456451 
224.252823 222.383270 
415.588257 138.325073 
383.941620 143.682648 
378.164825 163.683838 
454.841797 194.554138 
454.841797 194.554138 
442.919250 104.214462 
254.328995 243.007812 
499.761719 167.958298 
460.041901 147.206650 
164.587051 437.172699 
499.761719 167.958298 
431.550934 122.461426 
244.909042 268.920502 
441.177246 176.003067 
395.454346 126.172806 
440.974457 131.932526 
524.025330 141.017532 
424.399811 140.878281 
387.045807 308.861176 
415.588257 138.325073 
244.909042 268.920502 
451.832703 240.431168 
391.225861 180.056839 
374.790802 171.881714 
412.409302 210.396912 
379.109924 150.546417 
281.662903 186.010574 
307.795807 274.146301 
215.074646 233.992462 
288.217010 368.385406 
460.041901 147.206650 
472.719208 230.573715 
469.731232 150.922180 
438.098267 154.160309 
431.550934 122.461426 
147.826691 442.178772 
437.819519 143.036911 
424.481659 147.685364 
465.571533 188.873901 
393.507996 176.676483 
514.990112 146.254120 
196.767273 255.876511 
412.869263 145.846375 
515.468689 149.908981 
117.856003 331.692719 
426.314575 114.424393 
413.956940 135.726944 
219.074997 236.752518 
219.074997 236.752518 
458.288086 241.579834 
254.328995 243.007812 
441.177246 176.003067 
424.574402 154.240494 
385.325958 149.440338 
411.203827 157.617691 
391.225861 180.056839 
415.588257 138.325073 
212.399567 258.940247 
326.710266 339.054626 
232.683365 297.356293 
281.662903 186.010574 
304.904877 353.372314 
304.212921 364.596222 
196.767273 255.876511 
461.220703 192.299866 
392.188995 133.933548 
218.834335 234.832550 
426.314575 114.424393 
141.410995 445.557831 
425.002838 148.032303 
243.149887 232.048660 
460.923096 173.473373 
396.305939 324.073944 
401.454285 119.420517 
499.761719 167.958298 
277.962921 197.465286 
460.408142 192.955673 
429.358124 137.878937 
457.054199 333.840881 
326.295288 270.247009 
285.415131 191.866470 
331.857056 277.298218 
376.223419 150.102432 
376.223419 150.102432 
376.223419 150.102432 
425.523712 119.869865 
316.536987 204.584229 
380.608429 317.288269 
392.188995 133.933548 
510.079926 209.347855 
510.079926 209.347855 
438.028473 116.002518 
93.783157 347.921295 
93.783157 347.921295 
429.358124 137.878937 
472.719208 230.573715 
415.050568 180.930710 
382.928619 156.318039 
354.621002 315.080048 
387.558136 169.646133 
442.480957 133.304672 
121.924370 433.901825 
148.206207 431.999268 
401.470367 214.056259 
436.638824 114.732750 
196.767273 255.876511 
288.217010 368.385406 
248.794388 193.277573 
429.358124 137.878937 
461.220703 192.299866 
401.470367 214.056259 
378.232697 179.464951 
329.148956 362.971771 
425.955872 368.352051 
375.785004 350.435150 
415.050568 180.930710 
224.252823 222.383270 
393.507996 176.676483 
378.232697 179.464951 
378.232697 179.464951 
235.131561 385.435822 
267.416779 232.870697 
437.819519 143.036911 
217.391998 249.018936 
453.720215 205.096146 
295.188568 356.456451 
439.101349 103.466194 
159.266327 416.308716 
228.089325 231.098846 
290.846924 183.399231 
278.163757 197.194092 
278.163757 197.194092 
216.693069 257.050385 
460.408142 192.955673 
308.921539 274.042480 
468.461823 171.483536 
231.304474 193.485504 
429.358124 137.878937 
469.731232 150.922180 
429.071167 193.038300 
417.224335 139.488739 
374.790802 171.881714 
403.837158 181.368332 
175.378815 317.218384 
461.220703 192.299866 
382.340668 213.294586 
499.761719 167.958298 
499.761719 167.958298 
382.316437 143.619888 
461.220703 192.299866 
126.136497 285.666931 
415.433716 129.726379 
429.358124 137.878937 
464.495850 126.094017 
229.920151 180.058884 
314.234039 204.750854 
468.461823 171.483536 
278.671539 243.770020 
326.710266 339.054626 
436.084167 138.747559 
490.755981 340.887115 
172.652664 325.690826 
428.408783 199.538559 
175.378815 317.218384 
342.003693 200.982452 
426.314575 114.424393 
117.856003 331.692719 
415.588257 138.325073 
457.054199 333.840881 
460.501495 163.451843 
425.027557 121.896530 
267.802521 210.401672 
411.203827 157.617691 
429.358124 137.878937 
410.907349 157.048599 
191.171234 373.684662 
347.525452 251.927277 
497.941803 219.147522 
448.855896 122.665291 
510.176605 198.841461 
391.225861 180.056839 
439.841339 130.314590 
307.458099 275.283813 
412.409302 210.396912 
439.841339 130.314590 
392.188995 133.933548 
415.588257 138.325073 
254.717484 275.916962 
429.358124 137.878937 
331.857056 277.298218 
454.388123 179.545654 
437.819519 143.036911 
228.089325 231.098846 
214.702393 193.939697 
437.562775 174.180771 
408.799774 294.277649 
326.872437 200.106079 
205.479874 238.408615 
393.893280 183.674423 
429.358124 137.878937 
236.435623 189.483734 
201.559174 252.876495 
404.109100 143.586639 
381.901611 157.251755 
431.550934 122.461426 
436.084167 138.747559 
382.340668 213.294586 
254.717484 275.916962 
461.220703 192.299866 
472.719208 230.573715 
390.296082 133.125626 
460.408142 192.955673 
378.852112 321.033905 
425.523712 119.869865 
439.047241 181.582306 
458.656586 181.869797 
326.424438 198.959915 
224.950500 223.562515 
460.408142 192.955673 
382.928619 156.318039 
344.593933 251.630219 
416.797913 138.523010 
216.693069 257.050385 
326.295288 270.247009 
471.030884 161.011154 
390.598480 127.798737 
382.928619 156.318039 
469.869659 164.883926 
350.774292 336.078857 
280.339813 224.901962 
328.580780 210.049988 
454.388123 179.545654 
427.984528 114.708015 
189.618362 249.259750 
335.824066 339.186371 
387.558136 169.646133 
429.071167 193.038300 
343.069519 201.759567 
458.165680 393.308380 
357.169464 262.504700 
235.748672 276.290649 
382.340668 213.294586 
216.671646 126.441757 
510.079926 209.347855 
501.259094 210.703079 
222.591675 226.767029 
270.885376 390.956757 
450.512970 181.603790 
389.712280 307.829987 
471.030884 161.011154 
219.764465 262.355896 
204.599030 262.624298 
269.325653 216.265381 
326.710266 339.054626 
393.507996 176.676483 
343.069519 201.759567 
462.932922 171.682755 
439.047241 181.582306 
457.054199 333.840881 
254.328995 243.007812 
499.761719 167.958298 
412.409302 210.396912 
229.861221 227.915039 
383.868439 135.695297 
431.550934 122.461426 
384.743744 139.235947 
138.084076 404.645813 
499.485046 221.565735 
316.536987 204.584229 
387.558136 169.646133 
473.608063 175.634293 
420.966766 228.960861 
325.514862 206.051682 
328.580780 210.049988 
218.666718 223.021973 
263.605347 302.356354 
468.951599 170.654388 
441.177246 176.003067 
290.846924 183.399231 
461.220703 192.299866 
195.138687 261.575348 
228.476028 288.617004 
258.333008 257.546661 
430.538086 182.922104 
193.389191 256.369293 
373.065155 336.025574 
129.829056 419.123596 
171.005783 332.389313 
424.041748 165.492615 
219.764465 262.355896 
372.378448 336.965942 
426.038544 188.551193 
329.922241 232.499542 
401.058777 184.147354 
199.802475 255.686768 
378.669434 210.606201 
269.325653 216.265381 
213.893509 259.918579 
409.071594 168.999924 
283.606049 187.467773 
429.071167 193.038300 
