500
93.125542 312.620483 
92.511772 313.093292 
473.853546 176.087723 
472.971191 192.587036 
346.210571 209.843353 
392.253265 390.279602 
248.890060 105.679253 
452.510681 184.218277 
492.143829 193.491501 
469.046783 193.166885 
287.881500 161.794983 
442.756683 209.873672 
452.859650 178.872452 
499.885529 184.956970 
476.079529 184.352997 
476.886200 185.914627 
487.472534 199.996902 
485.265594 194.785385 
258.718750 195.151413 
462.495209 187.076187 
488.659576 197.813354 
483.461273 190.355270 
473.226471 191.528610 
483.046143 210.592773 
484.797760 193.085327 
163.096436 95.963226 
459.326447 192.087021 
424.241974 192.043777 
441.131744 198.994675 
324.450684 176.054520 
488.975403 194.954147 
476.095398 181.783798 
334.189667 207.894043 
311.098297 278.970520 
437.175903 191.928864 
480.698212 198.632751 
247.075500 177.787308 
476.164917 183.115250 
455.405304 200.519882 
440.862640 201.382996 
262.176422 209.362427 
475.469971 194.861237 
256.686829 195.607056 
440.915924 189.734283 
443.766174 179.342789 
530.106506 135.762344 
437.614716 186.050339 
444.737213 196.528961 
263.407043 351.104950 
247.564331 178.685577 
447.103516 193.067688 
286.648590 109.533501 
267.437561 155.548752 
321.234406 336.869720 
413.988464 190.716995 
234.488846 103.716522 
310.561890 342.239441 
415.893463 206.184464 
346.718689 208.824356 
281.928375 223.974426 
323.407074 183.852219 
454.966095 201.647659 
447.424133 196.111877 
429.767059 202.466522 
438.998138 200.919327 
324.199127 177.871887 
405.495544 200.001221 
496.137543 184.266739 
450.317719 186.563080 
428.048187 186.232880 
433.529907 183.404251 
454.004517 197.295837 
484.442871 312.539062 
436.197662 185.156250 
374.269623 252.218948 
506.246124 213.313507 
448.416779 310.961243 
309.483643 345.343719 
484.597961 314.025482 
322.834015 336.758362 
479.391998 207.700485 
278.460114 209.986755 
422.377289 195.807526 
478.496979 207.500641 
476.443207 210.209229 
451.627289 182.800873 
416.611938 192.561844 
268.208344 107.741394 
482.839203 191.689438 
328.449921 168.414185 
251.949646 196.152786 
477.616577 200.449936 
452.242096 180.824448 
445.156433 195.985825 
505.231506 298.982269 
487.801453 307.548828 
422.429169 188.994843 
43.104763 347.265991 
416.711823 193.745270 
482.200562 208.129578 
423.488770 190.728790 
444.037384 192.521576 
439.715118 206.709900 
314.019531 217.237885 
205.847992 344.573761 
472.969604 189.549072 
236.434601 178.818359 
466.228546 274.259338 
143.783813 93.795677 
472.496033 238.946793 
433.092773 216.191467 
248.618805 179.863693 
506.526459 299.599945 
265.508423 352.481445 
435.014587 183.570938 
428.378082 302.627380 
428.527954 302.306549 
445.319153 214.910843 
315.344543 216.925217 
288.355774 194.537415 
472.051117 269.949310 
507.211823 297.588684 
282.158936 164.509048 
257.983459 224.956467 
340.156311 279.749146 
498.182983 310.788849 
469.155701 214.632385 
469.019379 211.364059 
440.333740 200.796509 
460.693756 221.403214 
460.952057 221.133881 
467.175232 239.234482 
475.378906 211.698151 
237.476105 189.229248 
237.628998 189.552307 
299.278595 110.299019 
287.646698 109.720177 
309.479492 341.615753 
262.757385 348.520966 
438.124786 218.982147 
311.194824 213.866119 
197.745178 99.763084 
197.236649 99.932396 
424.107605 388.581940 
417.569427 195.231064 
483.727081 309.583801 
415.159454 199.998611 
314.637177 277.512238 
412.948944 222.443085 
459.509827 220.808990 
278.889557 208.209000 
504.181641 296.532776 
457.462158 212.850571 
444.152191 217.529251 
527.138489 233.871750 
452.379303 210.324860 
264.771454 210.830200 
444.916168 284.736786 
340.748169 206.664093 
349.419922 337.304108 
499.006378 212.602310 
421.994202 232.669220 
498.542267 299.490753 
448.348572 216.112732 
460.489410 206.868530 
267.910004 144.536240 
466.145966 207.142761 
450.497864 227.566467 
485.081207 308.809601 
499.224030 213.309479 
460.244781 269.729584 
460.160126 269.354584 
453.614594 285.089844 
416.611420 212.894913 
509.031677 208.939148 
292.807129 200.391083 
438.820221 223.463730 
495.669281 216.525818 
250.281219 175.976105 
521.098816 436.673004 
415.355957 212.548492 
436.563263 178.632843 
307.286835 341.231964 
388.035309 260.475006 
256.950317 148.536880 
403.990906 201.044083 
385.506989 388.852295 
432.838196 223.042953 
525.083252 236.773621 
440.574432 311.511627 
456.580750 212.277695 
51.317047 311.106567 
289.654449 165.507187 
419.208984 232.677444 
415.594452 209.087570 
422.419647 213.563156 
514.719055 217.582260 
304.278687 172.631882 
410.081940 198.691895 
360.613831 215.802948 
269.576904 237.892120 
536.146851 257.160156 
244.765274 226.597412 
412.924469 229.103012 
411.226440 298.855438 
580.952148 268.621552 
455.625458 219.855743 
332.347473 206.930939 
502.442902 276.652527 
407.924438 201.230774 
359.670715 218.735321 
85.591255 314.312164 
342.228333 213.336273 
430.991577 222.423874 
291.446747 267.140533 
374.126892 331.895782 
455.863495 279.359741 
511.662964 242.092026 
429.653961 221.737976 
107.054947 218.905670 
538.750854 244.507172 
405.927979 207.468094 
238.754730 183.500412 
448.063782 223.600327 
402.699066 208.518265 
405.923157 214.109802 
461.142151 288.183105 
419.756073 298.180908 
244.346237 339.794830 
453.532776 219.568619 
238.871078 327.525055 
426.391754 218.945129 
265.369873 211.902954 
406.017578 226.780914 
319.754364 95.937675 
319.661346 95.796295 
265.331665 230.575470 
395.746338 217.423294 
521.948303 289.023529 
342.628479 214.159790 
253.056992 329.753937 
449.728516 207.182205 
400.218170 237.097610 
438.222473 312.612915 
428.612762 300.985748 
514.521362 215.660385 
535.774902 263.669952 
207.356964 193.788300 
426.187927 267.344818 
522.760193 233.210480 
322.303009 341.533569 
471.862610 210.279297 
523.171631 279.425781 
288.636597 165.905716 
407.555786 229.525131 
65.506805 330.715607 
402.649292 259.199219 
265.538574 236.212158 
149.909515 241.834595 
486.680603 261.664093 
471.390228 217.741226 
356.598206 219.583649 
204.949081 192.177109 
433.909882 243.415894 
222.885727 206.522629 
475.441101 245.267715 
419.486359 305.191406 
254.908752 176.865677 
363.554626 219.903809 
424.614136 234.329758 
418.791931 303.623016 
419.711548 201.916061 
412.498444 297.045227 
460.400543 224.241867 
388.617706 242.273865 
495.019745 238.501221 
472.706482 219.916321 
280.849182 331.136444 
401.723145 209.547394 
279.952209 208.148148 
460.109894 223.441711 
486.983704 253.691315 
436.332794 226.580765 
275.502258 337.885132 
35.489822 353.293671 
447.259308 224.446945 
454.216064 202.652359 
223.787094 229.705475 
455.690308 243.086426 
216.487518 101.692818 
502.595276 214.078186 
322.777039 177.062225 
246.267273 187.612473 
464.767517 224.417969 
248.242371 331.843353 
416.721466 199.691833 
491.947266 231.499207 
256.873901 197.485184 
401.303070 220.344070 
463.117126 220.887161 
482.965668 204.144958 
424.399963 298.752716 
534.733276 260.395813 
347.521667 214.713257 
439.229095 312.864929 
443.335907 220.590134 
491.950867 268.080566 
408.516357 227.614761 
514.523560 245.769791 
70.795792 281.320709 
453.839996 277.710266 
402.895203 236.330093 
252.255768 144.357269 
400.301025 236.820160 
438.664948 254.334351 
512.616333 268.227478 
512.920471 268.299927 
455.071899 242.241531 
394.284607 229.703232 
446.061829 239.059998 
269.056030 149.507660 
511.643127 241.435455 
409.823242 257.302277 
487.734802 230.163132 
429.029053 222.890533 
266.480011 281.557129 
477.420166 250.447815 
498.888885 270.644104 
403.544800 229.720947 
499.867218 298.485077 
477.390442 227.550339 
241.950378 190.879517 
443.379181 221.279144 
385.376678 251.718582 
405.744080 231.668915 
144.550644 240.222076 
487.452209 253.028503 
203.508667 191.379761 
409.130341 226.773300 
424.011810 269.842285 
419.101959 300.872528 
478.835693 334.513428 
418.860779 304.812012 
402.499420 291.485138 
402.332275 291.567352 
53.364643 318.776611 
400.891785 205.119644 
449.409027 281.476318 
471.837097 238.041641 
408.818359 173.546967 
480.066711 231.884491 
246.188156 181.979462 
505.428192 239.228439 
408.675995 257.622620 
541.445129 255.873413 
475.863342 253.342041 
221.067032 207.892120 
183.070358 329.747833 
257.836914 149.130630 
24.693386 360.296051 
491.574768 247.817764 
471.397339 316.405701 
234.962738 186.864227 
234.052368 186.844788 
396.727997 246.010208 
394.972443 222.497009 
471.290375 273.976135 
500.560760 309.590607 
147.708893 293.711029 
295.071320 272.213715 
472.622803 248.342728 
237.224060 182.103546 
224.616959 346.472870 
273.790741 155.310440 
508.143158 300.768555 
459.515350 255.202072 
266.322754 229.384552 
326.548431 341.158569 
124.314796 151.877319 
496.405548 234.997147 
349.027679 250.185608 
433.457458 240.750488 
248.764053 236.464432 
511.354248 245.172775 
272.845428 240.291275 
62.314369 278.978851 
420.224854 228.400513 
247.427948 235.573318 
511.889191 239.668869 
210.673325 196.873795 
218.060318 203.691299 
402.172668 214.032516 
454.447449 243.365128 
426.050293 298.880707 
249.909653 173.271591 
311.756226 322.241821 
434.975006 260.079742 
509.712402 256.410950 
428.754822 181.767380 
232.588531 349.782196 
270.722290 238.181274 
486.379242 306.525238 
438.886658 253.850357 
229.880875 334.217041 
390.149139 267.183411 
487.964142 233.269318 
388.214417 248.434021 
62.515888 302.346313 
475.633148 254.822800 
483.702820 229.438843 
465.590759 224.269592 
203.799118 346.088409 
293.725952 207.161118 
50.703453 340.091034 
310.100525 280.176117 
469.757233 260.276428 
469.286804 270.763550 
465.853638 271.246643 
228.370865 181.848770 
289.776459 168.517517 
473.180206 233.610489 
436.631714 234.182556 
278.191437 204.248642 
227.957962 197.168549 
480.371521 260.497803 
283.830902 336.298309 
254.931595 151.082367 
249.066437 184.639572 
477.733826 228.211914 
238.560867 182.934814 
202.489990 197.819092 
208.493225 190.537430 
258.415588 138.795425 
505.023224 240.162720 
485.245789 248.577927 
193.616302 200.926468 
321.196320 175.709213 
418.688660 232.780334 
480.591888 244.550018 
282.265472 334.434967 
413.144165 285.468048 
512.354248 245.743256 
336.078064 263.015656 
212.991806 206.734222 
487.824249 229.451370 
441.384216 247.557892 
313.334686 180.378937 
427.357513 267.696564 
146.605087 251.137436 
317.758575 130.700211 
253.284683 144.549728 
440.225250 235.719254 
518.006653 298.934937 
469.825623 224.688889 
416.836914 261.113037 
416.237305 261.594849 
276.389801 329.970612 
139.388260 278.842712 
192.113556 231.016312 
82.408714 292.985931 
497.127869 183.458618 
497.624939 183.065628 
497.624939 183.065628 
339.992523 238.847870 
233.482452 335.916534 
465.665558 270.771729 
340.176147 280.404053 
440.381012 334.603577 
365.034271 221.492889 
146.051941 256.534210 
391.873352 273.743988 
479.827209 253.257080 
304.012665 110.733940 
294.897858 201.270309 
418.532318 299.344330 
484.324890 255.572250 
260.980621 154.895264 
136.541428 283.195679 
292.345306 176.609634 
288.943878 151.986130 
298.077087 336.358917 
443.860321 250.403015 
309.510864 180.676666 
417.463348 229.224258 
422.766235 270.293579 
386.381042 244.344025 
485.523224 177.531418 
336.647644 210.054214 
415.834503 280.617767 
436.342041 250.411713 
248.387451 184.722076 
419.731842 299.375549 
419.169769 299.256226 
90.325943 309.339233 
154.274841 239.087433 
214.753464 207.627533 
277.118378 319.964813 
473.364471 346.486115 
318.804321 362.654358 
409.789520 256.887695 
