500
192.183182 440.287170 
192.267273 441.095001 
383.332092 103.592400 
403.487274 103.285347 
555.686035 282.832733 
421.392303 108.612930 
403.487274 103.285347 
226.360657 129.085266 
387.359131 123.145905 
406.429199 102.507729 
286.539642 273.903564 
555.686035 282.832733 
394.384216 114.707047 
403.487274 103.285347 
397.654175 107.246979 
385.322418 111.051170 
375.785126 112.722702 
375.785126 112.722702 
395.106903 136.404785 
394.384216 114.707047 
418.711700 94.911972 
409.252167 104.925499 
403.487274 103.285347 
403.487274 103.285347 
446.326691 347.908264 
394.384216 114.707047 
242.846542 245.664032 
404.534882 97.954079 
386.323425 315.488739 
406.856720 295.903656 
402.734802 105.719208 
413.527313 106.075706 
497.070099 117.340775 
503.571625 107.136650 
409.252167 104.925499 
298.991577 226.185883 
249.943619 197.278702 
503.571625 107.136650 
351.331787 249.422272 
394.372711 121.269295 
517.454468 304.809692 
404.534882 97.954079 
394.372711 121.269295 
394.372711 121.269295 
404.534882 97.954079 
409.252167 104.925499 
257.866547 253.400024 
452.367950 188.996078 
409.252167 104.925499 
328.334747 203.165817 
352.107269 357.015900 
257.866547 253.400024 
377.981110 106.609421 
410.746246 120.269211 
385.322418 111.051170 
377.181549 113.033173 
446.326691 347.908264 
468.624084 204.256470 
272.421295 269.234955 
400.481415 354.717072 
367.215088 146.998825 
385.322418 111.051170 
394.372711 121.269295 
494.776459 169.112167 
381.132874 125.927689 
394.372711 121.269295 
380.873566 321.365234 
405.441772 131.292389 
384.769043 311.608246 
496.741608 165.106094 
286.539642 273.903564 
374.585815 118.583961 
374.959473 111.205231 
375.938629 160.598953 
263.606201 219.739197 
394.372711 121.269295 
394.372711 121.269295 
494.146881 190.467300 
272.273407 396.628479 
214.731842 246.628601 
397.654175 107.246979 
377.181549 113.033173 
404.534882 97.954079 
395.273285 123.687073 
336.104706 198.194107 
398.916260 143.045044 
420.901489 112.433220 
378.912659 140.680038 
388.654480 125.031647 
452.367950 188.996078 
382.733582 312.854309 
442.564728 102.695480 
298.991577 226.185883 
484.593719 137.679962 
377.181549 113.033173 
391.452881 99.623940 
406.887726 144.083801 
392.184875 94.598122 
392.184875 94.598122 
410.746246 120.269211 
410.683868 107.771164 
374.585815 118.583961 
418.711700 94.911972 
420.901489 112.433220 
502.172882 165.963913 
262.491699 267.874023 
391.452881 99.623940 
424.372711 93.429932 
101.935379 400.616852 
377.181549 113.033173 
494.146881 190.467300 
409.252167 104.925499 
265.642670 225.119797 
402.734802 105.719208 
401.468567 132.163696 
272.273407 396.628479 
239.859192 249.946976 
390.799866 148.730103 
374.651825 326.342102 
484.593719 137.679962 
484.593719 137.679962 
385.322418 111.051170 
441.792206 124.254570 
352.107269 357.015900 
484.593719 137.679962 
307.290497 477.357452 
213.843399 209.602356 
449.812744 217.520065 
449.812744 217.520065 
216.213089 214.165268 
396.363403 147.427811 
311.266632 204.804825 
382.767487 171.646286 
272.045563 270.079163 
286.539642 273.903564 
442.716156 194.281372 
379.228394 324.344879 
404.534882 97.954079 
388.451813 166.525528 
453.554260 98.058807 
404.534882 97.954079 
388.654480 125.031647 
394.372711 121.269295 
377.181549 113.033173 
333.714905 197.980499 
273.670349 226.687347 
555.096375 274.438599 
457.383453 217.771576 
422.011810 112.704964 
422.011810 112.704964 
352.211487 337.216858 
359.630127 138.381577 
377.181549 113.033173 
377.181549 113.033173 
406.048950 194.593384 
446.326691 347.908264 
386.219818 130.563324 
216.418198 201.296005 
415.351318 135.256088 
242.846542 245.664032 
338.912476 271.266022 
272.045563 270.079163 
415.351318 135.256088 
417.737610 196.978424 
417.737610 196.978424 
496.741608 165.106094 
380.873566 321.365234 
416.648956 212.173706 
407.913300 137.820587 
407.913300 137.820587 
446.326691 347.908264 
398.916260 143.045044 
489.546326 187.853043 
489.546326 187.853043 
381.132874 125.927689 
441.792206 124.254570 
395.273285 123.687073 
453.626038 92.349167 
517.454468 304.809692 
482.381470 150.551422 
406.048950 194.593384 
446.326691 347.908264 
394.424622 338.850494 
404.534882 97.954079 
347.086609 334.894287 
395.273285 123.687073 
404.534882 97.954079 
394.372711 121.269295 
74.060165 408.175568 
323.599396 208.973160 
445.227203 171.815231 
445.227203 171.815231 
428.816040 156.511169 
389.815430 148.309525 
225.123276 241.253784 
458.337616 186.234039 
364.029846 154.932602 
213.843399 209.602356 
405.985809 104.426773 
422.011810 112.704964 
484.593719 137.679962 
211.770111 253.744858 
484.593719 137.679962 
420.743378 193.888885 
376.800690 202.729156 
394.384216 114.707047 
315.464569 369.002106 
555.158997 321.618958 
314.191681 276.174438 
422.485840 101.991570 
333.714905 197.980499 
523.466248 99.577415 
395.273285 123.687073 
274.998993 226.627274 
379.230743 107.080544 
394.372711 121.269295 
501.561371 178.634048 
379.591614 168.305847 
423.165222 159.671066 
449.812744 217.520065 
206.554947 258.924774 
454.880280 165.550613 
502.172882 165.963913 
412.234070 88.868187 
223.210770 277.365234 
419.959778 112.816399 
313.916382 277.022461 
362.465027 161.456467 
426.536957 226.432983 
398.076843 124.697372 
454.880280 165.550613 
400.481415 354.717072 
400.481415 354.717072 
409.252167 104.925499 
468.624084 204.256470 
445.325043 147.360474 
348.885193 359.918488 
415.351318 135.256088 
244.532028 311.280273 
308.148590 206.504913 
268.418976 240.980362 
494.146881 190.467300 
502.055298 176.259720 
384.666840 100.538734 
408.792267 148.840149 
267.589630 229.351212 
362.465027 161.456467 
492.215820 185.995926 
392.008698 156.859802 
422.011810 112.704964 
206.554947 258.924774 
417.213715 84.921204 
454.880280 165.550613 
393.636444 163.011871 
422.442383 90.748901 
277.941925 198.268814 
367.155731 307.757202 
326.429413 187.678574 
489.373169 183.716080 
418.193726 191.498596 
272.045563 270.079163 
216.213089 214.165268 
457.383453 217.771576 
309.556580 201.557190 
444.252655 160.586197 
378.614380 185.282455 
413.133942 95.732414 
409.252167 104.925499 
496.055573 113.900963 
298.991577 226.185883 
223.261810 276.736450 
264.320923 217.845612 
404.534882 97.954079 
500.143066 166.479233 
224.412674 209.769806 
406.048950 194.593384 
362.465027 161.456467 
325.753265 365.652985 
451.440063 168.233109 
484.593719 137.679962 
219.325043 239.218384 
482.381470 150.551422 
242.846542 245.664032 
293.724731 397.706879 
379.591614 168.305847 
199.751694 277.457214 
337.909882 274.730164 
471.064362 308.420593 
219.090897 252.580383 
461.692780 105.011536 
428.495056 139.494522 
300.497681 393.073822 
378.614380 185.282455 
494.776459 169.112167 
323.599396 208.973160 
271.347992 205.307983 
271.347992 205.307983 
497.207794 188.068253 
497.207794 188.068253 
440.522949 142.782715 
398.916260 143.045044 
310.185974 205.681137 
388.654480 125.031647 
496.741608 165.106094 
412.234070 88.868187 
241.819550 206.087311 
187.593445 446.251373 
377.181549 113.033173 
393.343170 106.082542 
406.429199 102.507729 
471.064362 308.420593 
425.119232 112.945389 
279.750092 250.701553 
497.070099 117.340775 
428.816040 156.511169 
367.215088 146.998825 
413.133942 95.732414 
272.045563 270.079163 
482.381470 150.551422 
471.064362 308.420593 
471.064362 308.420593 
388.654480 125.031647 
324.619080 202.916122 
376.800690 202.729156 
202.403885 361.897308 
420.743378 193.888885 
403.222443 165.597168 
429.087524 139.143051 
500.022888 167.480759 
458.337616 186.234039 
405.441772 131.292389 
510.953217 208.227020 
441.792206 124.254570 
365.949432 170.977036 
482.381470 150.551422 
266.988464 241.944809 
398.916260 143.045044 
442.564728 102.695480 
272.421295 269.234955 
193.104416 271.769257 
314.191681 276.174438 
405.359619 124.401642 
351.331787 249.422272 
315.399902 358.968384 
435.452332 173.011353 
446.086151 182.560532 
137.184875 318.642731 
440.522949 142.782715 
484.593719 137.679962 
387.352448 122.070747 
167.267761 341.221100 
220.223312 267.002075 
451.440063 168.233109 
425.119232 112.945389 
422.790070 118.351425 
360.040436 141.231537 
360.040436 141.231537 
360.040436 141.231537 
190.884781 341.000214 
451.440063 168.233109 
395.273285 123.687073 
379.230743 107.080544 
377.181549 113.033173 
360.113953 256.014526 
454.194031 146.751785 
447.334808 127.453995 
219.090897 252.580383 
199.751694 277.457214 
428.495056 139.494522 
458.337616 186.234039 
383.923004 305.355652 
314.502991 476.044861 
394.384216 114.707047 
405.359619 124.401642 
351.064209 224.598755 
223.261810 276.736450 
190.884781 341.000214 
402.369415 96.602585 
388.654480 125.031647 
369.244110 123.133339 
395.273285 123.687073 
351.331787 249.422272 
201.406906 273.474945 
312.582672 369.490051 
319.790894 199.682724 
426.536957 226.432983 
376.085938 203.212830 
360.920471 136.657669 
444.252655 160.586197 
471.064362 308.420593 
395.273285 123.687073 
193.104416 271.769257 
445.209625 123.672516 
444.997314 140.232773 
415.789001 170.998917 
388.654480 125.031647 
415.789001 170.998917 
220.142410 253.850342 
220.142410 253.850342 
227.871841 247.196976 
338.912476 271.266022 
369.244110 123.133339 
451.440063 168.233109 
379.591614 168.305847 
362.279633 165.300385 
216.223846 393.934509 
493.416016 179.597092 
229.001205 204.851303 
386.219818 130.563324 
404.739929 105.999825 
192.267273 441.095001 
261.928833 286.719513 
434.959442 127.788116 
451.440063 168.233109 
466.121826 117.185654 
388.654480 125.031647 
167.059189 447.149963 
261.928833 286.719513 
253.096130 205.133087 
498.265808 110.604485 
431.489258 163.476486 
451.440063 168.233109 
223.473389 240.083008 
413.368896 169.009857 
227.871841 247.196976 
202.403885 361.897308 
367.215088 146.998825 
367.215088 146.998825 
452.367950 188.996078 
406.048950 194.593384 
382.983765 308.416321 
221.139679 248.703308 
340.416992 311.453247 
379.230743 107.080544 
244.637405 200.087631 
196.748993 278.814331 
416.648956 212.173706 
376.800690 202.729156 
401.468567 132.163696 
392.008698 156.859802 
278.456512 231.893433 
372.053436 113.911919 
409.827637 154.188675 
367.215088 146.998825 
435.452332 173.011353 
217.785034 276.767609 
338.578979 342.332550 
227.871841 247.196976 
369.244110 123.133339 
411.769684 146.874878 
497.207794 188.068253 
338.912476 271.266022 
376.800690 202.729156 
264.320923 217.845612 
428.816040 156.511169 
313.916382 277.022461 
352.246521 335.273315 
272.421295 269.234955 
406.048950 194.593384 
386.219818 130.563324 
204.360443 276.455231 
415.789001 170.998917 
281.538147 191.561340 
336.104706 198.194107 
223.473389 240.083008 
366.902679 329.261505 
198.674042 146.376602 
312.582672 369.490051 
513.776794 345.731781 
460.339539 149.740799 
451.440063 168.233109 
314.502991 476.044861 
314.502991 476.044861 
336.104706 198.194107 
318.610596 198.091431 
446.326691 347.908264 
167.267761 341.221100 
460.339539 149.740799 
398.076843 124.697372 
180.897003 341.751984 
238.563736 303.724823 
216.223846 393.934509 
426.901520 161.101395 
310.950958 212.262848 
484.593719 137.679962 
418.626587 164.751602 
502.055298 176.259720 
348.885193 359.918488 
415.789001 170.998917 
353.305145 334.774658 
275.597626 311.321259 
451.440063 168.233109 
218.829025 193.570877 
415.789001 170.998917 
382.983765 308.416321 
555.096375 274.438599 
447.658203 151.130051 
189.387192 356.808838 
218.634857 277.871552 
396.568970 287.407959 
