977
183.804382 377.802979 
163.909729 369.471100 
201.333313 350.262390 
190.028885 393.956909 
208.459732 374.194183 
125.999420 205.937637 
470.793762 353.647064 
167.028854 374.535309 
160.151596 387.487640 
202.676834 375.157257 
168.572586 376.126648 
169.977524 350.174988 
203.768799 376.767090 
186.348297 338.851410 
488.023163 334.553619 
185.172913 350.618103 
157.778366 207.640167 
160.827820 381.101807 
176.212692 356.503204 
266.388153 419.723541 
470.465546 265.535034 
516.309753 261.452545 
502.801239 303.006897 
200.850998 297.995422 
160.423859 380.283936 
202.395096 255.003830 
192.148315 354.137360 
249.225815 213.345612 
459.156311 312.292664 
202.429230 384.633728 
195.103592 337.777863 
199.626495 373.185028 
493.226562 282.593628 
493.738495 282.562714 
493.691772 282.230225 
199.712631 286.979919 
561.391541 380.204620 
182.874222 355.016663 
487.249115 394.700409 
184.602325 346.087341 
552.641724 316.244537 
462.701599 389.266815 
155.944214 388.196075 
190.591644 354.470978 
265.753174 419.654785 
466.472961 316.522003 
198.793396 302.439758 
209.802780 259.489807 
484.635132 335.609222 
201.888580 354.233765 
159.221039 395.460907 
187.551010 344.203644 
306.924774 201.599106 
202.059738 346.940918 
186.762543 350.413666 
160.345123 395.225372 
555.299744 330.196533 
309.285614 352.340820 
490.830627 309.933472 
512.198730 302.841400 
366.937500 203.012894 
522.541870 332.069672 
177.039337 351.302063 
523.796631 312.501801 
309.073151 202.467117 
528.584778 333.499786 
521.277893 287.738129 
175.502731 381.847687 
161.907791 395.606842 
557.380615 313.975159 
367.059875 195.885941 
178.155548 360.511444 
202.460617 345.597168 
457.051300 330.355560 
209.615204 263.466705 
501.032990 332.473358 
453.488281 280.163544 
202.363617 251.693817 
364.309570 197.567810 
174.476807 349.716766 
562.428528 344.024872 
562.259949 344.792511 
158.829666 396.187866 
183.632339 355.054443 
173.089111 396.060486 
502.657562 254.309906 
169.958832 376.653381 
534.635559 337.099609 
306.587921 355.731323 
305.476257 357.522644 
173.712006 345.247986 
200.768799 292.602478 
309.391724 362.486847 
556.989563 316.592377 
200.285370 356.698517 
203.767548 380.091431 
203.172989 380.504730 
191.100616 354.087341 
201.786728 336.422485 
200.517227 291.422241 
346.521332 213.693893 
307.537415 355.250427 
474.766357 351.184387 
186.583939 393.278198 
267.323853 297.677490 
549.998108 382.531158 
197.552124 359.992523 
449.789673 367.648254 
464.935486 315.241455 
567.938171 380.690063 
318.627380 387.509827 
318.806793 387.304352 
500.619720 305.240814 
174.419403 345.434204 
224.274246 211.492310 
163.245468 391.380615 
489.402588 303.076050 
169.273087 353.420441 
185.373810 348.322510 
156.999069 300.645813 
176.932510 351.835083 
520.358765 306.772552 
550.574463 314.404694 
535.632324 307.560699 
558.116577 322.292480 
510.776062 271.176941 
200.052658 351.488525 
57.039146 201.771988 
477.048706 225.815979 
272.700836 393.736053 
557.849243 391.742737 
201.282669 375.245148 
178.037811 264.899841 
178.492279 264.390869 
511.768127 304.803101 
515.873230 307.686890 
182.870926 300.263428 
203.131088 341.229279 
179.221786 359.498108 
506.692047 315.524017 
456.565735 295.529541 
553.408020 316.637115 
177.418442 360.858734 
198.509735 284.473358 
469.763214 270.156525 
195.391769 281.940857 
233.742355 337.589813 
486.719543 264.110687 
204.296188 296.565155 
179.912018 393.532990 
332.521667 422.342896 
536.987244 307.300537 
486.332153 328.304382 
192.294357 351.590057 
193.816223 354.726898 
211.739410 265.708649 
548.110596 312.541138 
198.365494 354.511353 
506.643402 334.260437 
498.584503 311.097015 
518.357117 294.367889 
333.292114 421.455170 
547.741821 328.474060 
265.282379 294.911743 
165.345901 254.273209 
265.733582 300.721344 
138.638763 206.981781 
181.158264 389.984711 
448.539886 382.464722 
168.495102 382.492676 
196.267441 342.129486 
534.361267 330.081726 
318.294678 200.133011 
548.977905 346.747040 
348.333771 373.165161 
556.884705 317.222900 
545.897400 315.361938 
193.315857 334.868958 
482.918396 386.171448 
524.711243 307.460297 
190.838470 342.802856 
528.193359 308.473206 
546.609192 302.119934 
540.975342 329.908325 
208.831757 264.638397 
203.858719 250.371140 
203.093811 250.644318 
560.171204 380.292999 
469.259705 269.627106 
359.733185 210.484207 
209.743393 269.855560 
209.038452 269.856384 
306.122528 383.709808 
462.408356 314.443207 
481.418854 394.304474 
176.060760 364.254974 
291.455963 360.577271 
291.860840 360.849792 
186.060150 351.417023 
457.449005 374.951508 
437.878540 369.146790 
174.182266 376.029114 
186.931931 337.723816 
429.533539 356.810760 
354.470123 214.270065 
506.321259 333.776276 
519.201660 314.002838 
285.931610 360.696991 
553.304443 356.538239 
271.851074 403.388794 
319.945068 382.564819 
470.158081 303.190948 
515.024719 333.234497 
199.487564 306.960999 
462.100830 294.873108 
464.487915 284.557831 
208.447617 379.361450 
533.523865 307.657440 
390.725159 348.300720 
185.732254 333.145477 
349.918671 368.981873 
531.125000 335.378967 
493.195679 335.871918 
206.395432 329.689331 
200.080215 346.461395 
180.883301 381.634216 
206.539841 253.316330 
376.813293 288.641510 
363.162964 205.974564 
194.913788 338.580383 
156.752762 388.181458 
538.579956 314.598175 
172.625870 370.221771 
507.034668 301.998077 
545.198608 292.697449 
196.845337 359.792511 
184.491959 334.448120 
179.002838 364.950348 
179.408066 353.061859 
157.012070 387.452881 
496.638458 292.655731 
330.208221 200.824249 
180.610840 396.054596 
524.361450 228.061569 
454.161621 293.757721 
280.642456 351.040771 
186.935898 335.294678 
381.448608 16.085155 
169.105042 251.152176 
470.893616 272.218872 
434.849060 362.149506 
525.413696 337.508789 
498.528412 314.649719 
197.124451 289.713379 
461.989990 283.880219 
189.001144 396.599426 
516.271729 307.000885 
513.681946 315.752075 
482.074890 332.348633 
543.028442 311.349976 
514.551636 305.240082 
320.858948 214.290421 
353.163574 216.410904 
271.421143 405.232269 
470.643188 388.053162 
452.572968 306.987457 
210.760025 261.463196 
494.741730 272.743286 
303.551971 382.685303 
180.997238 380.169769 
280.627563 350.480499 
485.098236 334.633820 
308.067291 439.754364 
171.487595 304.300354 
532.026062 332.387939 
550.396667 349.237976 
576.719055 365.609222 
485.729736 315.459747 
521.654175 348.042450 
477.754333 288.252106 
272.170898 338.729584 
272.195892 338.123199 
177.760849 343.293030 
503.416656 302.529114 
269.481415 325.801392 
553.520081 391.185333 
309.367889 363.037048 
520.489319 312.060913 
512.185120 398.725433 
571.385620 375.599854 
534.549194 329.336273 
289.791473 319.039124 
169.511398 253.709763 
184.347397 313.526428 
524.702271 263.425262 
485.893829 267.233704 
315.694305 325.307129 
321.548218 265.474213 
486.992340 263.576508 
509.460083 268.605713 
461.089996 390.836792 
315.235016 304.772766 
172.235138 251.284470 
519.693420 227.801132 
208.832123 309.789978 
496.788574 291.432190 
512.967896 369.261597 
387.824127 344.577026 
196.337479 276.523071 
341.900513 212.382431 
207.855713 272.154144 
197.184402 257.421356 
461.120819 389.296661 
171.636795 394.991089 
540.970825 345.080536 
52.177017 422.717560 
305.816620 202.085938 
92.865646 203.878372 
306.631317 439.629333 
286.797485 332.866150 
170.986099 300.907043 
514.530396 297.815033 
558.413696 376.076324 
302.863983 348.238770 
349.033691 371.150726 
460.279541 280.140533 
157.011246 300.340118 
470.068878 304.825745 
470.155945 304.150879 
500.909607 322.078278 
89.038635 423.762604 
204.533768 330.653076 
471.264404 354.164520 
446.377167 312.300629 
189.923172 209.850204 
480.827911 265.544861 
477.999786 287.720093 
198.043503 253.709579 
190.361221 388.850861 
541.819519 388.480530 
436.691467 364.147919 
273.633301 451.433990 
288.995392 361.093323 
561.728699 322.653961 
309.836761 440.233490 
198.803955 391.750549 
562.974426 346.941772 
544.868530 345.077454 
478.343048 282.956635 
312.036591 302.144135 
547.377747 286.696747 
332.821411 197.331131 
527.580688 306.266083 
182.744095 339.049500 
498.406921 328.166870 
203.727066 297.429047 
460.522552 278.664246 
490.087280 278.698853 
480.406738 282.743805 
290.874329 362.101471 
204.225266 300.773621 
494.224548 299.526001 
494.784760 299.830414 
303.361328 310.436554 
570.059265 310.555939 
211.637604 280.851013 
211.739471 280.157379 
499.319489 323.631927 
480.614899 295.508026 
460.824005 390.926025 
502.266144 299.929718 
452.687103 279.085419 
183.479706 343.360809 
474.885437 353.741058 
517.467224 320.901947 
308.347778 369.033844 
322.232208 439.788818 
308.396729 296.834686 
123.579735 422.217194 
196.027237 321.232452 
530.053833 269.188812 
277.255371 336.856079 
299.484833 304.955994 
191.414062 279.617004 
494.467926 399.976746 
548.755554 313.117950 
542.838684 229.676620 
172.527283 303.393860 
208.599670 414.559601 
202.160141 341.720398 
320.853699 440.602478 
478.061768 324.213776 
514.935181 312.957581 
518.410645 314.693176 
447.995270 314.875092 
459.466431 297.095734 
333.719757 403.121338 
320.534332 200.507141 
166.450623 338.339783 
209.108170 414.135101 
302.809814 346.797028 
166.325424 339.046387 
164.204681 325.160828 
171.577621 379.685272 
477.312103 322.228333 
180.897537 400.162384 
499.619965 320.581146 
314.277557 298.756317 
269.946106 297.108307 
516.849426 310.924561 
354.078949 213.683594 
515.455200 312.822479 
73.311050 439.890350 
223.746735 271.044891 
447.992340 345.598450 
359.727631 198.760193 
202.110046 332.266571 
257.503571 265.589172 
526.260803 331.862030 
171.230103 300.073730 
525.289490 329.960663 
192.884583 387.481995 
350.989594 193.332977 
173.082108 390.358002 
538.814575 392.784027 
458.237488 272.069641 
524.078674 283.131042 
474.036407 304.229034 
315.614746 305.908264 
467.869904 279.556061 
408.917969 352.648743 
477.996124 282.977570 
319.141602 264.443420 
319.487976 264.189209 
210.014740 321.551453 
448.672821 311.609650 
286.161072 311.822052 
194.720718 265.985870 
194.546417 265.415344 
467.018433 286.964874 
362.448975 202.785675 
484.659363 278.271454 
179.347992 390.358124 
196.032974 370.930084 
504.141541 298.975586 
504.859497 298.310822 
172.903305 362.880463 
208.257889 260.801544 
294.650635 439.803802 
263.450470 328.985168 
295.843689 308.087433 
185.250427 402.430756 
278.873627 436.069122 
360.646637 203.801315 
559.052917 300.534943 
389.279327 345.645355 
519.161255 266.997955 
85.088257 353.340271 
456.180206 296.611328 
186.276199 380.225006 
264.395050 320.882385 
318.959839 344.137604 
104.836060 205.032104 
276.867004 343.953705 
49.399094 201.638535 
329.975708 411.493195 
342.095978 208.961304 
319.632202 398.349213 
279.599792 338.320068 
196.869995 287.657501 
517.793884 338.445709 
505.661285 227.629257 
473.899048 301.085358 
513.533142 318.491119 
333.923065 396.482208 
452.334412 286.276825 
212.271072 284.331146 
441.052887 324.908142 
314.880890 303.536316 
530.359070 270.616394 
304.062836 370.836365 
515.809387 349.456818 
515.067871 349.304108 
161.971680 207.934555 
538.613098 288.811890 
455.068207 342.446716 
209.589966 420.424896 
433.343628 361.052307 
266.347992 329.140106 
509.953796 333.327087 
335.603729 339.201294 
214.958603 414.549103 
305.038849 435.010437 
541.649414 397.372406 
146.904221 207.467468 
324.572845 200.061707 
510.572418 333.098267 
196.409622 289.873962 
306.089355 422.377563 
341.144257 345.584106 
509.629150 266.972565 
416.637878 308.065582 
416.586273 308.204834 
309.545044 303.414734 
451.936371 386.173920 
451.690521 386.103485 
468.205139 313.451752 
594.905029 232.519562 
304.839050 376.757233 
278.690887 437.451965 
462.534180 346.868927 
448.873016 307.497253 
482.510895 343.609894 
259.356995 330.986877 
350.263855 213.816696 
429.542877 359.587219 
254.765427 321.425476 
456.320587 311.359680 
469.763977 388.262512 
469.319275 388.326233 
366.843384 200.945435 
164.655273 379.780823 
287.227783 419.822113 
548.859497 383.947235 
292.507416 420.022369 
292.733673 420.201721 
332.944672 411.514008 
332.801910 411.054047 
571.662415 319.818909 
253.275955 338.047882 
264.036102 318.581207 
213.559555 296.116730 
300.291931 372.402863 
301.284180 343.066772 
271.337677 410.932343 
449.022522 311.919434 
539.145569 289.658173 
195.042206 401.890198 
292.982513 319.882507 
560.752747 296.053986 
164.335724 318.672668 
441.251495 323.943268 
440.066193 301.285950 
181.868027 379.921478 
530.694336 407.496643 
363.438477 192.878647 
555.471252 290.700012 
312.676270 216.725601 
277.227539 437.621033 
209.050186 409.428192 
454.903717 285.698639 
554.730469 229.782669 
275.041779 339.700165 
487.581360 398.584991 
491.339050 298.349640 
200.412537 266.300018 
180.794983 350.023132 
314.277802 299.474457 
519.077759 350.295258 
501.183105 359.122498 
197.434952 298.728546 
432.645386 365.817261 
190.885788 368.159210 
263.045868 324.102814 
339.352386 195.888489 
317.749207 220.386383 
563.814270 381.771240 
280.700745 342.307861 
210.740921 376.483551 
454.228973 342.563385 
207.012894 381.209381 
575.864685 307.943573 
537.761108 309.063141 
304.272308 259.718628 
299.316589 368.779327 
292.532990 324.062286 
559.481934 296.630829 
201.580658 307.229980 
201.131287 307.597595 
276.017365 436.552277 
315.977844 207.372055 
449.739746 285.839966 
333.202362 338.368774 
520.114258 266.452606 
325.532410 265.411133 
197.933212 309.423950 
532.497559 307.673096 
464.430786 319.227570 
272.602936 215.143494 
251.261902 317.620911 
263.559875 353.434570 
502.686035 324.949341 
322.502716 438.021240 
322.502716 438.021240 
514.676697 355.265228 
510.019135 264.681396 
266.750610 364.840179 
490.291565 324.301453 
518.677429 324.513702 
93.765846 204.160385 
87.661926 450.504913 
257.060120 318.877289 
194.754288 258.837006 
336.378296 339.963715 
581.405823 351.928497 
257.303619 266.712982 
195.587753 304.932343 
195.989532 304.487701 
249.381805 333.310455 
450.235565 309.449524 
521.714905 370.648193 
345.714081 195.919144 
494.503082 308.622070 
447.194214 281.476318 
481.346436 390.984283 
502.249542 323.968506 
368.655060 194.946747 
177.996399 391.154114 
263.872406 354.684052 
208.096710 315.468262 
457.026154 276.129120 
457.787231 276.459534 
359.842957 206.500015 
347.870667 368.923981 
479.054901 292.332031 
558.245239 305.731476 
195.296082 294.608124 
193.090088 278.128113 
167.984131 285.825531 
196.662842 310.776093 
518.837036 349.679932 
163.884628 258.304474 
477.282532 386.552673 
197.490845 311.685486 
319.551178 426.731506 
507.146576 368.876740 
181.080353 400.959503 
161.608490 301.284515 
568.023193 313.103760 
280.509460 338.538574 
315.921814 301.940887 
439.632355 333.567688 
472.288635 341.331757 
443.885986 294.760956 
278.091370 424.946960 
291.392151 438.457886 
311.385437 391.512451 
284.593933 339.160004 
473.922363 320.152893 
540.956482 389.334015 
167.135605 299.416718 
266.129883 365.330811 
297.692444 318.352325 
285.558502 340.716431 
191.929260 397.405365 
308.792206 303.338867 
307.359253 370.434509 
542.795898 290.435638 
521.813843 325.134918 
211.841431 318.437775 
162.554840 207.805939 
474.121368 295.375366 
198.701157 252.965958 
290.413452 413.067474 
288.815277 339.099548 
461.645782 311.371552 
498.468292 313.247833 
333.835602 222.560410 
107.192810 436.857788 
273.199127 387.691528 
270.645325 386.012085 
327.231140 406.795563 
437.551666 293.932922 
478.164337 292.183441 
299.879425 372.439148 
332.650146 335.412720 
528.551208 337.200348 
195.909119 261.480438 
188.409927 408.074860 
288.611359 386.222809 
286.906677 419.195740 
287.248627 333.433868 
300.393951 298.153351 
191.887314 322.429291 
274.996063 340.355743 
93.227867 450.101532 
222.645645 271.619843 
181.054855 288.486237 
251.833633 319.251709 
163.844086 311.186768 
453.839203 322.093750 
514.054932 227.733063 
340.328156 346.763306 
308.748901 352.003510 
299.643005 412.126221 
465.602142 296.245972 
465.081177 296.840515 
463.545105 335.878387 
269.088470 300.470184 
293.401062 419.695557 
175.775696 263.662720 
185.385498 303.293243 
300.488037 418.526428 
492.382843 401.500732 
473.831451 387.493683 
211.130768 285.344818 
264.688568 358.433502 
162.862640 330.169159 
299.521271 411.254211 
462.659210 272.822968 
297.507965 248.573486 
489.460846 297.373260 
163.755371 256.605042 
138.920944 449.252869 
570.937500 377.076233 
570.937500 377.076233 
286.118561 340.096344 
440.370941 334.175507 
256.842041 326.984558 
333.402435 387.110504 
257.946320 290.608185 
248.263855 324.232971 
147.669342 207.304733 
501.032593 299.844025 
178.558807 403.528168 
290.545807 438.077393 
172.496490 307.581970 
485.610596 300.746155 
482.353210 342.935394 
310.793060 442.004639 
580.440186 351.613251 
522.477966 330.620667 
325.656281 262.011627 
164.502243 291.950409 
254.667587 276.412964 
331.843506 405.944702 
277.507690 395.894714 
277.541168 395.987305 
262.618469 330.879578 
307.688324 296.655243 
209.303375 322.240479 
474.436798 321.238678 
317.450134 356.291168 
332.557800 327.896240 
541.723694 399.872711 
475.838135 263.489807 
341.851868 207.041611 
258.179169 278.554871 
429.161072 348.395569 
584.738770 337.865021 
467.381409 301.939606 
284.879242 343.579193 
303.321503 416.022552 
441.576202 325.631622 
306.463654 372.563263 
85.910782 426.558014 
555.930237 394.466492 
162.623062 352.046753 
495.326324 366.771606 
168.018875 303.080902 
188.026352 411.415131 
578.995056 333.696899 
254.718658 277.716675 
543.422668 390.355499 
249.320358 332.401917 
440.354065 290.361755 
559.704834 321.954803 
514.224548 280.379608 
332.484070 221.821442 
179.179214 408.544830 
319.299957 219.564270 
480.328644 390.466766 
480.584259 390.971680 
474.367645 387.665833 
259.981110 314.193939 
137.051910 453.875793 
499.791748 299.755981 
365.021667 193.103058 
439.062836 297.603271 
332.099182 416.306732 
316.424469 321.664734 
214.700989 417.165466 
317.529205 438.264343 
289.100006 316.685425 
317.833679 263.717682 
515.264465 354.914703 
561.933228 378.480377 
195.504593 322.834503 
299.655090 237.180786 
355.964935 210.166534 
523.782837 326.378265 
196.355286 258.197662 
200.305283 320.946747 
294.061462 320.415741 
285.012909 402.313507 
321.889679 225.185989 
330.071442 204.361420 
294.943176 420.505280 
322.743042 211.819534 
164.746063 292.101074 
213.522629 404.705902 
84.458191 426.572479 
543.391968 385.752625 
352.013794 337.010742 
545.264709 389.454437 
191.778580 310.178650 
345.556000 331.604950 
271.309570 290.744659 
178.578644 414.625488 
313.848724 380.366699 
280.395844 429.618896 
464.706879 336.633240 
261.532257 343.937225 
101.446259 442.046234 
303.160095 418.323761 
323.928558 437.169678 
327.201660 402.569733 
572.695068 324.107269 
321.310455 218.747070 
260.846649 331.516693 
319.788513 441.440308 
306.139313 298.609467 
287.667053 385.653503 
186.152847 414.383911 
509.277832 348.205536 
509.889465 348.201660 
316.489563 402.763977 
385.071411 343.020264 
506.393677 407.255524 
475.254456 386.338928 
290.680328 215.710876 
314.344727 206.209061 
192.577454 277.673584 
274.496979 418.195557 
254.039825 267.633850 
270.057617 293.641144 
270.766876 293.853149 
289.377197 324.677979 
184.167877 411.283752 
316.690887 263.143433 
330.842377 210.714706 
251.305267 277.466980 
369.899017 309.798309 
195.273880 398.559998 
298.278625 247.830750 
213.480103 281.819000 
269.561829 385.259186 
291.584259 215.609833 
581.761292 364.646423 
282.516541 296.248260 
351.944427 336.038147 
169.212494 249.745560 
275.134735 410.469666 
293.838654 356.901581 
328.846313 326.847015 
328.357910 326.275146 
327.132996 210.787033 
484.477295 400.278473 
265.871216 310.962708 
312.700165 303.132477 
189.755585 324.101044 
325.157227 322.733185 
325.141174 322.011932 
447.289856 317.134735 
537.020874 405.409760 
541.859009 395.301849 
299.591553 318.963135 
281.733368 393.495026 
177.674316 414.385742 
567.878845 328.529175 
193.027039 313.052979 
517.132935 396.834839 
326.221619 265.149933 
287.326416 436.012299 
483.776428 297.085144 
318.668182 266.085480 
278.127197 391.002258 
194.855255 310.794128 
167.637939 319.117279 
307.823242 418.414825 
488.698273 304.384155 
183.076126 414.700531 
183.265244 414.157593 
335.962524 220.662109 
266.361328 353.260071 
180.779221 413.167084 
261.825073 338.208771 
317.330719 289.493164 
204.743103 322.364441 
283.558105 284.576019 
250.620911 277.173126 
160.810959 324.649872 
102.206055 441.702515 
253.992569 335.326874 
296.716064 309.901398 
286.568573 314.347229 
297.931244 303.176758 
332.380981 387.636566 
169.044754 310.329712 
329.827332 210.920563 
261.916199 297.711670 
395.748199 365.117493 
177.207626 279.599579 
194.149384 417.139954 
523.500122 263.011658 
246.500458 271.778778 
481.349854 331.716522 
481.517792 331.256134 
491.515015 401.419373 
69.326477 423.874847 
470.403229 296.697723 
280.301025 434.077515 
280.064575 434.242889 
367.594421 362.792145 
448.397797 298.738068 
192.358047 401.524689 
259.648285 213.720947 
495.552032 367.083832 
68.517189 426.991577 
444.336029 440.489441 
470.635681 323.566223 
178.483704 417.453949 
533.341064 443.869812 
502.771088 359.404449 
451.189453 314.228241 
319.668518 207.223877 
208.093811 283.974884 
442.749786 440.890594 
565.120789 309.982361 
204.595459 327.896881 
160.086655 355.675140 
572.083191 300.782593 
442.583282 23.108503 
541.272949 403.735229 
326.057587 213.358978 
265.410492 311.660065 
251.082581 326.407837 
315.637695 445.681427 
445.104095 444.523285 
299.476471 236.651917 
312.144257 405.406982 
212.796768 337.627930 
453.224670 387.675110 
241.622116 424.119293 
479.330475 327.188324 
288.076385 324.305969 
300.546661 424.079376 
176.902069 288.586578 
438.389862 312.273163 
211.249359 277.259979 
312.642639 433.740997 
312.575348 433.108093 
162.194977 258.093964 
186.687515 410.716522 
539.075989 269.316986 
539.075989 269.316986 
320.188354 392.064728 
180.018692 412.772247 
429.843414 347.948853 
320.191071 221.153259 
325.406158 223.706680 
248.901123 332.033966 
298.501953 369.856262 
430.928162 365.284393 
197.991074 404.327301 
207.616882 425.186951 
300.185455 314.636719 
320.130585 428.005920 
331.470612 324.679108 
136.782425 453.367249 
316.083160 300.957153 
338.792053 343.192169 
210.692032 313.073364 
251.220215 333.195404 
279.753693 424.281036 
163.334000 278.401306 
571.215515 340.807800 
