500
353.768524 390.455109 
353.768524 390.455109 
547.786499 168.348267 
169.058212 270.844421 
321.019836 385.512817 
149.359314 299.291321 
171.011688 290.209137 
165.639404 290.198456 
166.039795 289.376709 
167.035828 289.189270 
166.039795 289.376709 
169.058212 270.844421 
195.449997 301.326385 
158.235550 290.113037 
321.019836 385.512817 
195.449997 301.326385 
162.960327 53.497391 
199.070389 282.217743 
186.358658 261.810425 
204.709518 296.224976 
165.148560 286.439606 
178.642700 296.080566 
160.795074 272.036774 
166.039795 289.376709 
165.148560 286.439606 
367.908081 236.309906 
164.235641 294.983185 
367.908081 236.309906 
164.235641 294.983185 
328.909119 202.362106 
197.460526 276.802551 
201.305527 245.010193 
332.580292 101.057411 
162.960327 53.497391 
187.212402 283.782715 
214.974197 287.113586 
195.158417 260.573944 
163.264862 280.535431 
180.065125 192.884476 
321.019836 385.512817 
165.148560 286.439606 
195.657990 303.774261 
367.503693 325.962952 
204.709518 296.224976 
164.235641 294.983185 
187.212402 283.782715 
346.760010 317.827637 
167.035828 289.189270 
214.974197 287.113586 
180.065125 192.884476 
199.070389 282.217743 
156.097794 169.793930 
187.212402 283.782715 
178.642700 296.080566 
404.414551 266.893066 
358.511749 257.827728 
187.212402 283.782715 
188.349640 301.072632 
187.001526 297.097076 
388.669434 284.460968 
549.010193 167.088730 
187.212402 283.782715 
153.773483 171.020386 
190.579880 287.913330 
376.937988 270.384766 
180.569519 274.264923 
187.212402 283.782715 
204.709518 296.224976 
211.436813 278.550842 
301.465637 273.840424 
158.235550 290.113037 
187.001526 297.097076 
164.264679 298.527374 
186.054016 280.145782 
214.974197 287.113586 
178.642700 296.080566 
187.354385 280.897491 
147.424316 276.261414 
163.786194 58.342136 
166.039795 289.376709 
483.756287 61.560478 
160.795074 272.036774 
164.235641 294.983185 
187.212402 283.782715 
369.117706 129.352844 
329.339661 137.779739 
205.767212 287.829926 
153.773483 171.020386 
266.545502 228.745422 
398.457764 301.007263 
204.709518 296.224976 
332.580292 101.057411 
332.580292 101.057411 
192.061371 304.719574 
164.235641 294.983185 
204.709518 296.224976 
404.454224 302.476410 
326.080688 264.190277 
165.148560 286.439606 
438.907196 134.321823 
180.569519 274.264923 
383.049591 285.798981 
307.904785 273.960541 
248.843094 90.806847 
184.475800 268.547607 
141.698334 267.599792 
160.795074 272.036774 
197.460526 276.802551 
157.235580 171.382553 
300.166138 201.330276 
367.908081 236.309906 
104.895096 217.205505 
204.709518 296.224976 
330.676910 135.995361 
184.475800 268.547607 
413.617645 298.502075 
586.506531 254.065033 
204.709518 296.224976 
128.499573 212.760529 
180.569519 274.264923 
145.404480 284.923401 
146.700531 296.968964 
154.570160 175.366943 
133.372772 179.937683 
188.349640 301.072632 
404.414551 266.893066 
225.700165 281.237366 
383.049591 285.798981 
126.915833 263.600281 
133.372772 179.937683 
411.575348 290.706604 
180.490143 259.730225 
180.490143 259.730225 
204.709518 296.224976 
230.307281 182.522842 
163.264862 280.535431 
187.354385 280.897491 
328.051086 158.213501 
171.011688 290.209137 
180.569519 274.264923 
193.902481 284.617523 
163.264862 280.535431 
402.818024 290.629028 
402.818024 290.629028 
163.264862 280.535431 
148.884506 175.426208 
225.700165 281.237366 
180.569519 274.264923 
293.067627 265.764862 
589.064453 171.414505 
153.950851 280.455933 
180.569519 274.264923 
382.669556 256.241425 
187.212402 283.782715 
180.569519 274.264923 
135.194290 181.034439 
367.908081 236.309906 
148.798782 167.658295 
293.067627 265.764862 
196.672485 248.592346 
128.499573 212.760529 
128.499573 212.760529 
319.353424 144.305298 
148.798782 167.658295 
282.194183 263.485931 
199.070389 282.217743 
213.113907 178.800232 
213.113907 178.800232 
367.908081 236.309906 
382.900391 325.301697 
150.159988 277.856873 
128.499573 212.760529 
148.798782 167.658295 
213.646774 211.031586 
350.910767 292.142395 
398.457764 301.007263 
156.097794 169.793930 
359.701660 148.543701 
298.276306 126.655388 
374.066681 335.353180 
187.212402 283.782715 
375.467499 129.923615 
217.063904 291.619873 
378.508881 270.817535 
187.354385 280.897491 
215.290863 250.438934 
356.082764 143.676758 
187.354385 280.897491 
123.504501 267.981079 
293.067627 265.764862 
346.596649 279.969543 
382.091400 331.976501 
107.097809 220.686890 
166.882080 283.913818 
180.569519 274.264923 
180.569519 274.264923 
225.700165 281.237366 
155.660004 166.636612 
375.695984 248.616562 
187.354385 280.897491 
369.117706 129.352844 
163.219269 282.970459 
216.501205 246.962494 
344.581024 226.309189 
147.634964 242.700195 
231.997589 277.647247 
163.264862 280.535431 
411.096893 298.584351 
207.714905 264.888245 
180.569519 274.264923 
402.218933 297.433350 
180.569519 274.264923 
402.218933 297.433350 
187.354385 280.897491 
180.569519 274.264923 
73.951942 217.396851 
195.657990 303.774261 
396.632477 140.467606 
164.235641 294.983185 
398.457764 301.007263 
282.194183 263.485931 
351.759674 314.985199 
483.756287 61.560478 
144.222946 169.582428 
146.091690 289.149994 
180.569519 274.264923 
189.264648 201.562744 
167.035828 289.189270 
128.499573 212.760529 
147.634964 242.700195 
169.058212 270.844421 
180.964722 211.350571 
180.964722 211.350571 
324.942444 303.890839 
128.499573 212.760529 
166.039795 289.376709 
140.088516 172.256821 
140.088516 172.256821 
180.569519 274.264923 
164.235641 294.983185 
628.629578 64.025833 
628.629578 64.025833 
175.220108 210.616196 
180.569519 274.264923 
204.709518 296.224976 
382.900391 325.301697 
329.339661 137.779739 
463.740814 89.795517 
180.569519 274.264923 
319.353424 144.305298 
184.475800 268.547607 
182.759338 288.263672 
436.432983 288.995209 
218.392715 210.652039 
225.700165 281.237366 
590.176208 141.027435 
136.732224 184.314316 
218.392715 210.652039 
213.407700 213.339905 
224.340164 281.608154 
351.759674 314.985199 
353.580658 282.619415 
151.530075 237.565598 
145.066284 179.838531 
213.113907 178.800232 
186.358658 261.810425 
164.235641 294.983185 
168.969147 211.446564 
183.636856 172.275955 
174.490662 210.845627 
149.359314 299.291321 
149.359314 299.291321 
149.359314 299.291321 
193.902481 284.617523 
326.835449 306.543793 
165.603958 226.565674 
212.311172 171.446548 
231.997589 277.647247 
202.350967 257.099396 
128.499573 212.760529 
494.563110 230.174469 
174.147461 241.630432 
400.231995 152.031311 
147.424316 276.261414 
394.515381 302.453400 
376.937988 270.384766 
215.290863 250.438934 
411.394348 251.066772 
163.264862 280.535431 
318.879791 302.335663 
104.895096 217.205505 
199.070389 282.217743 
329.339661 137.779739 
196.556808 234.662445 
375.695984 248.616562 
298.276306 126.655388 
375.695984 248.616562 
325.892151 204.282715 
196.223297 196.327499 
199.070389 282.217743 
154.882492 293.996735 
218.392715 210.652039 
170.699097 54.351021 
374.381836 336.084534 
148.798782 167.658295 
199.070389 282.217743 
186.768753 206.704727 
218.392715 210.652039 
149.567047 236.017914 
186.053467 238.860077 
168.750534 291.415070 
168.750534 291.415070 
168.750534 291.415070 
180.569519 274.264923 
190.616760 252.887421 
356.705200 146.889252 
165.639404 290.198456 
554.693787 146.820114 
429.381470 288.993469 
253.894943 232.457825 
321.019836 385.512817 
382.091400 331.976501 
494.563110 230.174469 
128.499573 212.760529 
217.063904 291.619873 
163.786194 58.342136 
628.629578 64.025833 
180.569519 274.264923 
611.293030 118.070717 
395.683868 294.087830 
326.835449 306.543793 
128.499573 212.760529 
290.340179 263.706055 
217.063904 291.619873 
422.175751 277.641479 
390.677673 149.329590 
106.029366 220.635956 
411.394348 251.066772 
186.146912 279.023438 
182.759338 288.263672 
577.915710 151.941071 
231.997589 277.647247 
510.232086 296.837952 
597.902222 133.685120 
436.432983 288.995209 
202.350967 257.099396 
157.536972 225.534836 
405.448883 295.614746 
405.448883 295.614746 
146.506393 242.601059 
305.877228 273.022949 
294.809662 271.600861 
431.896149 278.525879 
425.175751 291.850067 
186.053467 238.860077 
394.463318 303.370728 
164.971634 264.814606 
425.981903 273.059692 
169.573135 288.443542 
183.399643 234.869492 
222.260880 269.716980 
374.125366 325.096161 
400.233063 214.576126 
411.394348 251.066772 
411.394348 251.066772 
147.424316 276.261414 
174.787598 274.111206 
228.788071 266.476746 
190.442047 213.833618 
405.448883 295.614746 
152.538513 276.925812 
93.020683 215.719879 
494.563110 230.174469 
154.723618 219.670715 
304.448639 271.769897 
169.358643 263.006439 
180.569519 274.264923 
239.818756 263.998291 
179.821960 313.541260 
186.323578 227.589157 
239.818756 263.998291 
214.700851 252.007996 
400.087097 253.906372 
360.724121 272.787537 
455.663330 150.677460 
180.065125 192.884476 
395.683868 294.087830 
174.490662 210.845627 
206.088516 297.921783 
348.956421 215.975037 
230.734070 34.478233 
201.313934 233.872635 
422.175751 277.641479 
239.818756 263.998291 
186.323578 227.589157 
191.556763 200.084335 
425.981903 273.059692 
333.405457 139.254837 
186.728790 278.249268 
495.858795 235.042068 
157.536972 225.534836 
412.925720 284.030212 
169.058212 270.844421 
140.088516 172.256821 
189.715622 296.901154 
73.951942 217.396851 
73.951942 217.396851 
608.617554 124.432541 
217.041245 204.504883 
174.490662 210.845627 
353.768524 390.455109 
398.457764 301.007263 
184.475800 268.547607 
179.659210 263.353088 
335.642914 298.384979 
347.534668 280.396057 
412.838562 145.358017 
346.482605 318.395020 
190.579880 287.913330 
431.432220 298.287689 
239.818756 263.998291 
157.536972 225.534836 
349.873047 217.465073 
128.499573 212.760529 
186.728790 278.249268 
201.313934 233.872635 
201.313934 233.872635 
304.410004 238.623398 
230.967026 224.444702 
197.768799 302.093872 
292.730743 76.618607 
309.333069 267.775513 
350.910767 292.142395 
230.967026 224.444702 
438.600586 289.774841 
411.394348 251.066772 
73.951942 217.396851 
201.313934 233.872635 
186.323578 227.589157 
191.556763 200.084335 
388.460114 336.550507 
335.151123 156.170746 
425.175751 291.850067 
375.467499 129.923615 
166.199158 53.267635 
184.827271 252.870209 
558.580750 186.466705 
394.515381 302.453400 
188.349640 301.072632 
180.569519 274.264923 
152.538513 276.925812 
402.818024 290.629028 
157.536972 225.534836 
196.556808 234.662445 
348.614716 304.474945 
171.273361 221.603439 
383.049591 285.798981 
358.586426 316.509552 
215.215408 262.108032 
175.220108 210.616196 
163.264862 280.535431 
119.917450 44.355862 
226.406372 199.387482 
180.569519 274.264923 
226.406372 199.387482 
167.142502 53.207409 
392.612701 316.345215 
326.080688 264.190277 
62.888645 141.959167 
317.424835 304.108093 
188.349640 301.072632 
425.981903 273.059692 
180.569519 274.264923 
302.735413 215.785629 
369.117706 129.352844 
430.364746 284.050385 
388.460114 336.550507 
494.563110 230.174469 
400.233063 214.576126 
86.569221 218.623672 
502.519379 260.846710 
496.578186 178.598679 
167.142502 53.207409 
186.358658 261.810425 
411.394348 251.066772 
432.457428 287.040344 
180.569519 274.264923 
92.061401 223.418442 
195.657990 303.774261 
330.065765 208.839203 
180.569519 274.264923 
222.260880 269.716980 
203.417953 302.356445 
169.573135 288.443542 
482.068420 252.369095 
305.363647 244.789459 
206.088516 297.921783 
628.629578 64.025833 
390.677673 149.329590 
169.573135 288.443542 
