500
436.563263 178.632843 
93.125542 312.620483 
493.707550 182.000778 
473.853546 176.087723 
494.584747 183.104095 
472.971191 192.587036 
287.064056 90.533890 
287.086761 90.585007 
346.210571 209.843353 
484.797760 193.085327 
469.046783 193.166885 
488.975403 194.954147 
452.510681 184.218277 
488.659576 197.813354 
485.265594 194.785385 
455.625458 219.855743 
287.881500 161.794983 
447.103516 193.067688 
487.472534 199.996902 
492.143829 193.491501 
480.698212 198.632751 
476.079529 184.352997 
482.839203 191.689438 
476.886200 185.914627 
359.670715 218.735321 
472.969604 189.549072 
475.469971 194.861237 
473.226471 191.528610 
483.046143 210.592773 
422.377289 195.807526 
286.648590 109.533501 
424.241974 192.043777 
442.756683 209.873672 
440.915924 189.734283 
476.164917 183.115250 
248.890060 105.679253 
328.449921 168.414185 
311.098297 278.970520 
483.461273 190.355270 
462.495209 187.076187 
437.175903 191.928864 
262.176422 209.362427 
437.614716 186.050339 
452.859650 178.872452 
163.096436 95.963226 
197.745178 99.763084 
197.236649 99.932396 
350.660736 218.050522 
498.182983 310.788849 
413.988464 190.716995 
428.378082 302.627380 
428.527954 302.306549 
454.966095 201.647659 
322.834015 336.758362 
247.075500 177.787308 
441.131744 198.994675 
92.511772 313.093292 
267.437561 155.548752 
530.106506 135.762344 
287.646698 109.720177 
444.037384 192.521576 
428.048187 186.232880 
445.156433 195.985825 
447.424133 196.111877 
346.718689 208.824356 
462.832916 174.176483 
247.564331 178.685577 
456.580750 212.277695 
423.488770 190.728790 
415.893463 206.184464 
234.488846 103.716522 
444.152191 217.529251 
290.416107 188.581863 
453.614594 285.089844 
360.613831 215.802948 
258.718750 195.151413 
479.391998 207.700485 
310.561890 342.239441 
478.496979 207.500641 
405.495544 200.001221 
477.616577 200.449936 
436.197662 185.156250 
349.419922 337.304108 
429.767059 202.466522 
487.801453 307.548828 
265.538574 236.212158 
237.476105 189.229248 
237.628998 189.552307 
374.269623 252.218948 
444.737213 196.528961 
440.862640 201.382996 
415.355957 212.548492 
415.159454 199.998611 
455.405304 200.519882 
451.627289 182.800873 
294.626099 208.357193 
482.200562 208.129578 
236.434601 178.818359 
476.095398 181.783798 
309.479492 341.615753 
452.242096 180.824448 
439.715118 206.709900 
457.462158 212.850571 
469.019379 211.364059 
416.836914 261.113037 
416.237305 261.594849 
315.344543 216.925217 
454.004517 197.295837 
438.998138 200.919327 
505.231506 298.982269 
461.142151 288.183105 
459.326447 192.087021 
475.378906 211.698151 
416.611420 212.894913 
496.137543 184.266739 
459.509827 220.808990 
299.278595 110.299019 
476.443207 210.209229 
321.234406 336.869720 
328.258392 165.703430 
433.092773 216.191467 
263.407043 351.104950 
440.333740 200.796509 
469.155701 214.632385 
507.211823 297.588684 
307.286835 341.231964 
535.774902 263.669952 
487.964142 233.269318 
257.983459 224.956467 
340.156311 279.749146 
506.526459 299.599945 
514.719055 217.582260 
309.483643 345.343719 
460.693756 221.403214 
460.952057 221.133881 
248.618805 179.863693 
506.246124 213.313507 
450.317719 186.563080 
580.952148 268.621552 
416.611938 192.561844 
521.948303 289.023529 
491.947266 231.499207 
482.965668 204.144958 
418.733673 228.432098 
416.711823 193.745270 
256.686829 195.607056 
435.014587 183.570938 
314.637177 277.512238 
498.542267 299.490753 
460.489410 206.868530 
438.222473 312.612915 
443.766174 179.342789 
417.569427 195.231064 
471.390228 217.741226 
536.146851 257.160156 
422.419647 213.563156 
227.082504 189.261261 
509.031677 208.939148 
251.949646 196.152786 
466.145966 207.142761 
427.357513 267.696564 
448.416779 310.961243 
422.429169 188.994843 
444.916168 284.736786 
258.733765 155.791290 
340.748169 206.664093 
264.771454 210.830200 
433.529907 183.404251 
418.688660 232.780334 
265.508423 352.481445 
417.463348 229.224258 
256.950317 148.536880 
388.035309 260.475006 
342.628479 214.159790 
495.669281 216.525818 
292.807129 200.391083 
224.616959 346.472870 
246.188156 181.979462 
527.138489 233.871750 
280.849182 331.136444 
499.224030 213.309479 
268.208344 107.741394 
412.948944 222.443085 
448.063782 223.600327 
472.706482 219.916321 
256.873901 197.485184 
244.809769 266.665924 
504.181641 296.532776 
499.006378 212.602310 
424.614136 234.329758 
448.348572 216.112732 
445.319153 214.910843 
405.927979 207.468094 
522.760193 233.210480 
415.594452 209.087570 
443.335907 220.590134 
419.756073 298.180908 
523.171631 279.425781 
232.588531 349.782196 
85.591255 314.312164 
484.442871 312.539062 
469.757233 260.276428 
403.990906 201.044083 
250.281219 175.976105 
411.226440 298.855438 
311.756226 322.241821 
416.721466 199.691833 
439.229095 312.864929 
483.727081 309.583801 
291.116333 186.837341 
205.847992 344.573761 
511.643127 241.435455 
538.750854 244.507172 
402.699066 208.518265 
304.278687 172.631882 
412.924469 229.103012 
244.444305 224.728958 
511.662964 242.092026 
342.228333 213.336273 
438.820221 223.463730 
238.560867 182.934814 
453.532776 219.568619 
363.554626 219.903809 
407.924438 201.230774 
395.746338 217.423294 
502.442902 276.652527 
452.379303 210.324860 
438.124786 218.982147 
260.980621 154.895264 
480.066711 231.884491 
447.259308 224.446945 
440.574432 311.511627 
430.991577 222.423874 
291.446747 267.140533 
432.838196 223.042953 
410.081940 198.691895 
525.083252 236.773621 
484.597961 314.025482 
315.020966 176.432098 
460.244781 269.729584 
460.160126 269.354584 
467.175232 239.234482 
449.728516 207.182205 
478.835693 334.513428 
486.983704 253.691315 
402.649292 259.199219 
498.888885 270.644104 
471.862610 210.279297 
464.767517 224.417969 
483.028961 177.141296 
446.061829 239.059998 
419.486359 305.191406 
297.782135 254.489594 
433.457458 240.750488 
491.950867 268.080566 
228.370865 181.848770 
422.766235 270.293579 
248.242371 331.843353 
428.612762 300.985748 
53.364643 318.776611 
294.897858 201.270309 
401.303070 220.344070 
426.187927 267.344818 
460.400543 224.241867 
246.267273 187.612473 
485.081207 308.809601 
334.189667 207.894043 
317.758575 130.700211 
433.909882 243.415894 
234.962738 186.864227 
234.052368 186.844788 
406.017578 226.780914 
514.521362 215.660385 
471.837097 238.041641 
245.524445 227.177521 
149.909515 241.834595 
426.050293 298.880707 
472.051117 269.949310 
332.347473 206.930939 
319.754364 95.937675 
319.661346 95.796295 
309.960236 270.835297 
475.441101 245.267715 
243.324478 268.911346 
418.791931 303.623016 
322.777039 177.062225 
402.499420 291.485138 
402.332275 291.567352 
394.284607 229.703232 
460.109894 223.441711 
499.867218 298.485077 
253.056992 329.753937 
421.994202 232.669220 
268.604980 226.826324 
244.346237 339.794830 
401.723145 209.547394 
502.595276 214.078186 
400.891785 205.119644 
466.228546 274.259338 
486.680603 261.664093 
424.399963 298.752716 
454.216064 202.652359 
253.284683 144.549728 
215.882553 188.698410 
356.598206 219.583649 
419.208984 232.677444 
436.631714 234.182556 
463.117126 220.887161 
388.617706 242.273865 
420.224854 228.400513 
400.218170 237.097610 
405.923157 214.109802 
403.544800 229.720947 
254.908752 176.865677 
455.690308 243.086426 
511.889191 239.668869 
426.391754 218.945129 
322.303009 341.533569 
429.029053 222.890533 
262.757385 348.520966 
495.019745 238.501221 
400.301025 236.820160 
512.616333 268.227478 
512.920471 268.299927 
485.245789 248.577927 
418.860779 304.812012 
514.523560 245.769791 
237.224060 182.103546 
487.824249 229.451370 
278.889557 208.209000 
472.496033 238.946793 
424.011810 269.842285 
534.733276 260.395813 
409.823242 257.302277 
443.379181 221.279144 
50.703453 340.091034 
505.023224 240.162720 
487.452209 253.028503 
43.104763 347.265991 
408.516357 227.614761 
144.550644 240.222076 
275.502258 337.885132 
51.317047 311.106567 
213.125015 189.625305 
35.489822 353.293671 
471.290375 273.976135 
469.825623 224.688889 
412.498444 297.045227 
497.127869 183.458618 
497.624939 183.065628 
497.624939 183.065628 
243.310181 174.943420 
241.950378 190.879517 
238.871078 327.525055 
450.497864 227.566467 
244.765274 226.597412 
402.895203 236.330093 
183.070358 329.747833 
487.734802 230.163132 
257.836914 149.130630 
477.733826 228.211914 
69.210281 326.064392 
496.405548 234.997147 
453.839996 277.710266 
477.390442 227.550339 
477.420166 250.447815 
396.727997 246.010208 
429.653961 221.737976 
147.708893 293.711029 
408.675995 257.622620 
288.355774 194.537415 
265.331665 230.575470 
419.101959 300.872528 
315.625214 276.738953 
436.332794 226.580765 
491.574768 247.817764 
465.853638 271.246643 
505.428192 239.228439 
455.071899 242.241531 
511.354248 245.172775 
227.957962 197.168549 
313.881561 174.472549 
326.548431 341.158569 
293.835876 265.149780 
293.072998 265.480408 
465.665558 270.771729 
385.376678 251.718582 
216.487518 101.692818 
409.130341 226.773300 
486.379242 306.525238 
407.555786 229.525131 
508.143158 300.768555 
203.508667 191.379761 
509.712402 256.410950 
471.397339 316.405701 
479.827209 253.257080 
434.975006 260.079742 
66.301460 330.230743 
315.711670 130.612549 
295.071320 272.213715 
469.780518 233.442810 
480.371521 260.497803 
229.880875 334.217041 
473.180206 233.610489 
480.591888 244.550018 
222.386185 209.696655 
454.447449 243.365128 
124.314796 151.877319 
279.952209 208.148148 
349.027679 250.185608 
218.060318 203.691299 
293.725952 207.161118 
143.783813 93.795677 
394.972443 222.497009 
408.818359 173.546967 
238.754730 183.500412 
521.098816 436.673004 
261.754883 137.618652 
484.324890 255.572250 
359.360962 207.432922 
139.388260 278.842712 
469.286804 270.763550 
388.214417 248.434021 
310.100525 280.176117 
483.702820 229.438843 
501.057495 237.635727 
438.664948 254.334351 
310.490570 269.410095 
409.789520 256.887695 
282.158936 164.509048 
324.719757 225.973038 
260.292511 137.771927 
512.354248 245.743256 
282.265472 334.434967 
249.909653 173.271591 
204.949081 192.177109 
391.873352 273.743988 
438.886658 253.850357 
340.176147 280.404053 
424.107605 388.581940 
277.118378 319.964813 
441.384216 247.557892 
298.077087 336.358917 
313.052399 175.205338 
65.506805 330.715607 
436.342041 250.411713 
347.521667 214.713257 
475.863342 253.342041 
217.751556 227.601089 
465.590759 224.269592 
405.744080 231.668915 
289.654449 165.507187 
440.225250 235.719254 
459.515350 255.202072 
248.387451 184.722076 
146.605087 251.137436 
450.449097 228.160751 
522.839355 205.858078 
413.144165 285.468048 
390.149139 267.183411 
472.622803 248.342728 
494.158020 238.724655 
339.992523 238.847870 
233.482452 335.916534 
475.633148 254.822800 
208.493225 190.537430 
272.889160 242.952789 
402.172668 214.032516 
418.532318 299.344330 
82.408714 292.985931 
500.560760 309.590607 
192.113556 231.016312 
281.928375 223.974426 
287.366882 198.124771 
314.019531 217.237885 
336.078064 263.015656 
336.647644 210.054214 
440.381012 334.603577 
468.920044 233.207108 
468.996887 233.351181 
480.709290 256.877594 
419.711548 201.916061 
62.515888 302.346313 
146.051941 256.534210 
223.160675 210.506958 
419.731842 299.375549 
419.169769 299.256226 
274.147919 267.414581 
290.602478 264.308136 
365.034271 221.492889 
462.919373 254.995239 
323.874756 222.296249 
271.115631 330.809509 
288.943878 151.986130 
313.912750 364.059143 
243.837662 262.257141 
158.214218 154.563004 
436.453400 252.579132 
436.167358 251.901321 
304.736542 322.001526 
