977
202.676834 375.157257 
163.245468 391.380615 
199.626495 373.185028 
180.883301 381.634216 
180.997238 380.169769 
159.221039 395.460907 
175.502731 381.847687 
160.345123 395.225372 
186.276199 380.225006 
158.829666 396.187866 
161.907791 395.606842 
163.909729 369.471100 
490.087280 278.698853 
521.277893 287.738129 
169.977524 350.174988 
209.615204 263.466705 
201.282669 375.245148 
169.958832 376.653381 
160.151596 387.487640 
208.831757 264.638397 
266.388153 419.723541 
168.572586 376.126648 
181.868027 379.921478 
167.028854 374.535309 
484.659363 278.271454 
203.768799 376.767090 
172.625870 370.221771 
265.753174 419.654785 
160.423859 380.283936 
192.148315 354.137360 
174.182266 376.029114 
193.816223 354.726898 
160.827820 381.101807 
522.541870 332.069672 
458.237488 272.069641 
182.874222 355.016663 
488.023163 334.553619 
179.221786 359.498108 
183.632339 355.054443 
183.804382 377.802979 
516.309753 261.452545 
523.796631 312.501801 
211.739410 265.708649 
179.408066 353.061859 
544.868530 345.077454 
125.999420 205.937637 
291.584259 215.609833 
174.476807 349.716766 
224.274246 211.492310 
176.212692 356.503204 
177.039337 351.302063 
178.155548 360.511444 
186.583939 393.278198 
172.903305 362.880463 
480.406738 282.743805 
210.760025 261.463196 
198.365494 354.511353 
171.577621 379.685272 
208.257889 260.801544 
536.987244 307.300537 
320.858948 214.290421 
364.309570 197.567810 
332.944672 411.514008 
332.801910 411.054047 
514.551636 305.240082 
157.012070 387.452881 
515.873230 307.686890 
203.767548 380.091431 
203.172989 380.504730 
208.447617 379.361450 
550.396667 349.237976 
290.680328 215.710876 
528.584778 333.499786 
516.271729 307.000885 
359.727631 198.760193 
191.100616 354.087341 
454.161621 293.757721 
367.059875 195.885941 
179.002838 364.950348 
478.343048 282.956635 
171.636795 394.991089 
486.992340 263.576508 
162.554840 207.805939 
173.082108 390.358002 
156.752762 388.181458 
540.970825 345.080536 
163.755371 256.605042 
469.763214 270.156525 
518.357117 294.367889 
559.481934 296.630829 
315.235016 304.772766 
309.367981 198.391495 
493.226562 282.593628 
493.738495 282.562714 
493.691772 282.230225 
470.893616 272.218872 
297.931244 303.176758 
485.098236 334.633820 
535.632324 307.560699 
469.259705 269.627106 
208.459732 374.194183 
184.602325 346.087341 
480.827911 265.544861 
516.849426 310.924561 
556.884705 317.222900 
520.358765 306.772552 
395.748199 365.117493 
161.971680 207.934555 
206.539841 253.316330 
169.273087 353.420441 
455.068207 342.446716 
496.638458 292.655731 
477.999786 287.720093 
195.103592 337.777863 
506.643402 334.260437 
559.052917 300.534943 
202.395096 255.003830 
309.073151 202.467117 
176.932510 351.835083 
190.838470 342.802856 
185.172913 350.618103 
164.655273 379.780823 
211.249359 277.259979 
299.435486 433.082214 
332.402893 414.422760 
538.613098 288.811890 
359.733185 210.484207 
555.299744 330.196533 
461.989990 283.880219 
477.996124 282.977570 
504.141541 298.975586 
504.859497 298.310822 
156.999069 300.645813 
494.741730 272.743286 
553.304443 356.538239 
482.074890 332.348633 
531.125000 335.378967 
485.893829 267.233704 
525.413696 337.508789 
157.011246 300.340118 
173.089111 396.060486 
521.813843 325.134918 
168.495102 382.492676 
486.719543 264.110687 
185.250427 402.430756 
183.479706 343.360809 
186.348297 338.851410 
186.060150 351.417023 
534.361267 330.081726 
314.880890 303.536316 
155.944214 388.196075 
462.659210 272.822968 
341.315002 416.208923 
558.116577 322.292480 
200.052658 351.488525 
522.477966 330.620667 
477.754333 288.252106 
197.184402 257.421356 
219.295700 272.840454 
534.635559 337.099609 
321.310455 218.747070 
560.752747 296.053986 
190.591644 354.470978 
581.761292 364.646423 
480.614899 295.508026 
319.299957 219.564270 
464.487915 284.557831 
196.032974 370.930084 
185.373810 348.322510 
533.523865 307.657440 
299.484833 304.955994 
454.228973 342.563385 
315.614746 305.908264 
272.602936 215.143494 
184.491959 334.448120 
186.935898 335.294678 
320.130585 428.005920 
528.193359 308.473206 
177.418442 360.858734 
202.429230 384.633728 
194.913788 338.580383 
187.551010 344.203644 
521.654175 348.042450 
217.695389 273.435364 
474.121368 295.375366 
176.060760 364.254974 
202.363617 251.693817 
57.039146 201.771988 
571.385620 375.599854 
498.406921 328.166870 
477.048706 225.815979 
452.687103 279.085419 
454.903717 285.698639 
195.909119 261.480438 
201.888580 354.233765 
506.321259 333.776276 
513.533142 318.491119 
166.450623 338.339783 
453.488281 280.163544 
483.776428 297.085144 
289.791473 319.039124 
489.460846 297.373260 
198.043503 253.709579 
524.361450 228.061569 
186.762543 350.413666 
177.760849 343.293030 
546.609192 302.119934 
200.412537 266.300018 
538.579956 314.598175 
107.780365 415.767090 
196.267441 342.129486 
249.225815 213.345612 
448.672821 311.609650 
350.989594 193.332977 
320.927490 223.781845 
523.782837 326.378265 
433.343628 361.052307 
157.778366 207.640167 
581.405823 351.928497 
532.026062 332.387939 
556.989563 316.592377 
195.391769 281.940857 
197.124451 289.713379 
534.549194 329.336273 
467.869904 279.556061 
49.399094 201.638535 
515.809387 349.456818 
515.067871 349.304108 
510.019135 264.681396 
196.845337 359.792511 
306.924774 201.599106 
526.260803 331.862030 
166.325424 339.046387 
542.838684 229.676620 
209.743393 269.855560 
209.038452 269.856384 
530.359070 270.616394 
519.201660 314.002838 
494.467926 399.976746 
496.788574 291.432190 
207.855713 272.154144 
519.077759 350.295258 
193.315857 334.868958 
296.255585 430.913391 
180.897537 400.162384 
530.053833 269.188812 
92.865646 203.878372 
486.332153 328.304382 
198.701157 252.965958 
186.931931 337.723816 
200.285370 356.698517 
448.539886 382.464722 
93.765846 204.160385 
453.224670 387.675110 
182.744095 339.049500 
366.937500 203.012894 
209.802780 259.489807 
548.110596 312.541138 
451.936371 386.173920 
451.690521 386.103485 
159.730469 304.958466 
437.878540 369.146790 
545.897400 315.361938 
327.231140 406.795563 
294.943176 420.505280 
568.023193 313.103760 
189.923172 209.850204 
447.995270 314.875092 
213.559555 296.116730 
179.912018 393.532990 
201.333313 350.262390 
576.719055 365.609222 
436.691467 364.147919 
524.711243 307.460297 
351.029694 215.364517 
553.408020 316.637115 
305.816620 202.085938 
196.337479 276.523071 
211.637604 280.851013 
211.739471 280.157379 
319.632202 398.349213 
299.498810 432.951935 
578.995056 333.696899 
519.693420 227.801132 
459.156311 312.292664 
524.702271 263.425262 
547.741821 328.474060 
293.947510 416.522369 
196.662842 310.776093 
562.428528 344.024872 
562.259949 344.792511 
465.602142 296.245972 
465.081177 296.840515 
570.059265 310.555939 
196.355286 258.197662 
178.558807 403.528168 
510.572418 333.098267 
543.028442 311.349976 
460.522552 278.664246 
462.534180 346.868927 
557.380615 313.975159 
354.296661 212.637711 
194.720718 265.985870 
194.546417 265.415344 
540.975342 329.908325 
482.353210 342.935394 
571.662415 319.818909 
197.552124 359.992523 
467.381409 301.939606 
513.681946 315.752075 
512.198730 302.841400 
461.089996 390.836792 
207.012894 381.209381 
462.100830 294.873108 
169.848358 313.273499 
550.574463 314.404694 
192.884583 387.481995 
317.749207 220.386383 
438.389862 312.273163 
443.885986 294.760956 
514.530396 297.815033 
279.363434 358.855042 
164.502243 291.950409 
288.076385 324.305969 
493.195679 335.871918 
325.687042 396.964935 
499.319489 323.631927 
511.768127 304.803101 
518.677429 324.513702 
179.347992 390.358124 
501.183105 359.122498 
210.740921 376.483551 
363.162964 205.974564 
299.643005 412.126221 
449.022522 311.919434 
519.161255 266.997955 
460.279541 280.140533 
203.858719 250.371140 
203.093811 250.644318 
441.251495 323.943268 
462.701599 389.266815 
521.714905 370.648193 
481.346436 390.984283 
488.698273 304.384155 
510.776062 271.176941 
539.145569 289.658173 
518.410645 314.693176 
483.884003 261.547516 
292.982513 319.882507 
507.146576 368.876740 
287.227783 419.822113 
319.732452 427.362823 
502.686035 324.949341 
85.088257 353.340271 
163.884628 258.304474 
500.909607 322.078278 
499.619965 320.581146 
308.803467 205.613037 
185.732254 333.145477 
520.114258 266.452606 
440.370941 334.175507 
461.120819 389.296661 
192.294357 351.590057 
197.490845 311.685486 
515.024719 333.234497 
280.780121 408.997803 
441.052887 324.908142 
514.676697 355.265228 
509.953796 333.327087 
525.289490 329.960663 
498.584503 311.097015 
558.245239 305.731476 
477.282532 386.552673 
160.086655 355.675140 
180.610840 396.054596 
555.471252 290.700012 
567.938171 380.690063 
490.830627 309.933472 
196.409622 289.873962 
515.264465 354.914703 
467.018433 286.964874 
512.185120 398.725433 
456.565735 295.529541 
177.996399 391.154114 
299.521271 411.254211 
161.237396 324.587280 
565.120789 309.982361 
331.843506 405.944702 
503.416656 302.529114 
509.629150 266.972565 
269.146790 391.533875 
162.623062 352.046753 
548.755554 313.117950 
329.975708 411.493195 
543.422668 390.355499 
474.036407 304.229034 
285.558502 340.716431 
221.701996 279.322998 
190.885788 368.159210 
339.540833 234.727570 
562.974426 346.941772 
73.311050 439.890350 
474.766357 351.184387 
183.013611 407.979828 
69.326477 423.874847 
293.401062 419.695557 
162.194977 258.093964 
314.277802 299.474457 
502.249542 323.968506 
174.419403 345.434204 
517.132935 396.834839 
554.730469 229.782669 
243.246964 268.896545 
197.357285 423.126007 
449.739746 285.839966 
299.128632 395.387878 
475.254456 386.338928 
200.080215 346.461395 
453.886230 313.093323 
471.264404 354.164520 
506.692047 315.524017 
180.794983 350.023132 
505.661285 227.629257 
478.164337 292.183441 
161.608490 301.284515 
338.571899 234.789352 
548.977905 346.747040 
289.377197 324.677979 
470.793762 353.647064 
173.712006 345.247986 
542.795898 290.435638 
323.714813 307.286469 
470.403229 296.697723 
222.123428 270.703125 
324.038208 219.097580 
136.782425 453.367249 
517.793884 338.445709 
277.507690 395.894714 
277.541168 395.987305 
159.062164 356.297424 
285.117981 391.818054 
497.760468 259.411041 
512.967896 369.261597 
584.738770 337.865021 
286.118561 340.096344 
494.224548 299.526001 
494.784760 299.830414 
332.380981 387.636566 
570.937500 377.076233 
570.937500 377.076233 
509.277832 348.205536 
509.889465 348.201660 
498.468292 313.247833 
484.635132 335.609222 
175.775696 263.662720 
284.593933 339.160004 
296.899780 300.271332 
456.320587 311.359680 
507.034668 301.998077 
502.657562 254.309906 
545.198608 292.697449 
543.391968 385.752625 
198.803955 391.750549 
296.039551 295.662750 
179.179214 408.544830 
173.164322 252.191177 
138.638763 206.981781 
292.507416 420.022369 
292.733673 420.201721 
165.345901 254.273209 
178.483704 417.453949 
288.815277 339.099548 
528.551208 337.200348 
325.176361 403.829773 
181.080353 400.959503 
509.460083 268.605713 
481.349854 331.716522 
481.517792 331.256134 
278.660339 356.914581 
539.075989 269.316986 
539.075989 269.316986 
181.158264 389.984711 
297.562469 379.483734 
448.873016 307.497253 
208.832123 309.789978 
495.326324 366.771606 
294.061462 320.415741 
208.093811 283.974884 
280.627563 350.480499 
572.695068 324.107269 
363.733704 220.189041 
547.377747 286.696747 
540.956482 389.334015 
297.692444 318.352325 
200.768799 292.602478 
495.552032 367.083832 
362.448975 202.785675 
299.652802 401.885590 
446.377167 312.300629 
314.277557 298.756317 
147.669342 207.304733 
185.385498 303.293243 
207.616882 425.186951 
194.754288 258.837006 
177.124054 268.703888 
200.305283 320.946747 
359.842957 206.500015 
518.837036 349.679932 
490.291565 324.301453 
290.413452 413.067474 
87.661926 450.504913 
524.078674 283.131042 
330.071442 204.361420 
225.151489 267.913910 
491.339050 298.349640 
324.906189 396.183594 
146.904221 207.467468 
197.933212 309.423950 
451.870667 430.174744 
450.235565 309.449524 
332.099182 416.306732 
459.466431 297.095734 
561.933228 378.480377 
189.568466 414.966766 
280.642456 351.040771 
200.517227 291.422241 
333.719757 403.121338 
479.054901 292.332031 
190.101868 418.956146 
514.224548 280.379608 
190.361221 388.850861 
535.370117 267.639801 
376.569946 286.120117 
308.792206 303.338867 
559.704834 321.954803 
185.970062 422.804779 
190.329208 416.857941 
360.646637 203.801315 
285.012909 402.313507 
468.205139 313.451752 
293.556274 392.784668 
137.051910 453.875793 
164.746063 292.101074 
514.054932 227.733063 
160.485764 309.705933 
320.191071 221.153259 
135.817154 425.652039 
498.528412 314.649719 
251.220215 333.195404 
201.526642 429.741425 
188.795029 315.960602 
447.289856 317.134735 
545.264709 389.454437 
242.200409 267.745758 
500.619720 305.240814 
464.430786 319.227570 
202.793594 430.201752 
190.028885 393.956909 
460.824005 390.926025 
548.859497 383.947235 
330.208221 200.824249 
558.413696 376.076324 
325.406158 223.706680 
345.556000 331.604950 
501.032990 332.473358 
502.801239 303.006897 
362.989655 220.374298 
201.955811 430.920227 
429.161072 348.395569 
309.545044 303.414734 
129.736755 419.205536 
366.843384 200.945435 
326.242249 316.422302 
286.906677 419.195740 
370.300415 288.850372 
300.291931 372.402863 
167.984131 285.825531 
183.076126 414.700531 
183.265244 414.157593 
367.910828 372.562012 
482.918396 386.171448 
292.532990 324.062286 
285.931610 360.696991 
482.510895 343.609894 
326.765198 308.527771 
457.449005 374.951508 
194.149384 417.139954 
537.020874 405.409760 
473.922363 320.152893 
299.879425 372.439148 
287.248627 333.433868 
439.062836 297.603271 
276.464691 395.940552 
317.529205 438.264343 
213.455841 356.465485 
256.949768 336.164368 
191.929260 397.405365 
501.032593 299.844025 
354.078949 213.683594 
143.767914 452.611481 
235.315353 268.818359 
464.706879 336.633240 
259.648285 213.720947 
555.930237 394.466492 
331.777313 197.267883 
304.272308 259.718628 
449.789673 367.648254 
336.287079 419.537689 
329.833466 238.316071 
557.849243 391.742737 
452.334412 286.276825 
485.729736 315.459747 
203.131088 341.229279 
473.899048 301.085358 
202.059738 346.940918 
575.864685 307.943573 
312.036591 302.144135 
447.992340 345.598450 
457.026154 276.129120 
457.787231 276.459534 
416.637878 308.065582 
416.586273 308.204834 
434.849060 362.149506 
300.743073 404.350800 
201.786728 336.422485 
262.618469 330.879578 
160.810959 324.649872 
169.511398 253.709763 
179.355804 410.265076 
594.905029 232.519562 
536.794067 447.947449 
217.072968 284.205719 
452.572968 306.987457 
355.964935 210.166534 
104.836060 205.032104 
312.642639 433.740997 
312.575348 433.108093 
281.733368 393.495026 
554.465637 293.059845 
381.448608 16.085155 
581.368042 231.676773 
214.522583 387.401184 
180.779221 413.167084 
286.797485 332.866150 
253.275955 338.047882 
327.201660 402.569733 
180.018692 412.772247 
144.908279 452.366669 
312.676270 216.725601 
219.338440 428.151581 
188.026352 411.415131 
181.750580 410.411835 
284.879242 343.579193 
533.341064 443.869812 
372.859070 438.753754 
502.266144 299.929718 
124.696465 446.110168 
461.645782 311.371552 
169.044754 310.329712 
99.179321 449.021729 
302.966125 384.556915 
212.271072 284.331146 
494.503082 308.622070 
178.037811 264.899841 
178.492279 264.390869 
138.920944 449.252869 
549.998108 382.531158 
296.716064 309.901398 
93.227867 450.101532 
303.361328 310.436554 
279.599792 338.320068 
280.509460 338.538574 
553.520081 391.185333 
321.889679 225.185989 
213.882736 444.618164 
191.414062 279.617004 
214.029007 444.993988 
266.347992 329.140106 
199.487564 306.960999 
202.460617 345.597168 
330.148621 220.912628 
282.542969 413.592377 
132.295013 431.088043 
563.814270 381.771240 
86.982155 423.640289 
457.051300 330.355560 
345.036255 216.884323 
386.040833 291.023132 
489.402588 303.076050 
368.655060 194.946747 
300.044861 408.341003 
280.869049 315.357422 
302.385498 383.952545 
342.095978 208.961304 
306.402954 234.757385 
196.027237 321.232452 
350.263855 213.816696 
208.599670 414.559601 
479.330475 327.188324 
354.470123 214.270065 
359.676270 192.366440 
286.161072 311.822052 
527.920349 438.978760 
462.408356 314.443207 
163.782257 336.331940 
499.791748 299.755981 
477.312103 322.228333 
487.581360 398.584991 
178.578644 414.625488 
440.066193 301.285950 
124.220390 453.453949 
196.869995 287.657501 
315.921814 301.940887 
571.215515 340.807800 
439.632355 333.567688 
278.127197 391.002258 
249.381805 333.310455 
287.962921 291.435059 
325.435455 327.725830 
189.001144 396.599426 
184.167877 411.283752 
484.477295 400.278473 
136.266876 424.822479 
209.589966 420.424896 
441.576202 325.631622 
307.537415 355.250427 
289.577972 293.997711 
320.204498 313.330658 
318.323761 307.485199 
474.885437 353.741058 
319.141602 264.443420 
319.487976 264.189209 
193.090088 278.128113 
211.130768 285.344818 
195.595612 386.532471 
195.243118 386.197174 
312.700165 303.132477 
222.645645 271.619843 
464.935486 315.241455 
321.548218 265.474213 
298.678955 397.948364 
474.436798 321.238678 
392.231140 352.359894 
202.160141 341.720398 
353.163574 216.410904 
478.061768 324.213776 
300.488037 418.526428 
538.814575 392.784027 
283.196686 324.972687 
276.867004 343.953705 
306.139313 298.609467 
259.356995 330.986877 
318.294678 200.133011 
288.611359 386.222809 
304.839050 376.757233 
269.946106 297.108307 
163.334000 278.401306 
453.839203 322.093750 
136.399475 425.475098 
196.119431 423.509308 
306.122528 383.709808 
188.409927 408.074860 
541.859009 395.301849 
552.641724 316.244537 
580.440186 351.613251 
193.027039 313.052979 
429.843414 347.948853 
102.206055 441.702515 
195.526535 432.585663 
202.110046 332.266571 
290.254761 294.281189 
301.795898 405.706451 
283.620392 265.348602 
320.534332 200.507141 
332.821411 197.331131 
256.842041 326.984558 
208.096710 315.468262 
325.583679 385.537292 
561.391541 380.204620 
201.580658 307.229980 
201.131287 307.597595 
195.504593 322.834503 
363.438477 192.878647 
198.509735 284.473358 
319.945068 382.564819 
177.674316 414.385742 
300.866455 393.436462 
283.558105 284.576019 
442.583282 23.108503 
466.472961 316.522003 
263.559875 353.434570 
541.819519 388.480530 
200.850998 297.995422 
376.813293 288.641510 
295.843689 308.087433 
223.956406 277.947876 
304.062836 370.836365 
365.021667 193.103058 
272.170898 338.729584 
272.195892 338.123199 
199.712631 286.979919 
253.330185 293.602478 
307.359253 370.434509 
533.997437 433.497101 
308.347778 369.033844 
298.222137 416.374298 
505.535278 406.349091 
124.641273 444.148254 
541.272949 403.735229 
329.048981 319.536926 
204.296188 296.565155 
335.962524 220.662109 
364.551025 373.046844 
265.733582 300.721344 
269.088470 300.470184 
263.045868 324.102814 
502.771088 359.404449 
169.105042 251.152176 
55.771786 427.951019 
306.463654 372.563263 
213.443314 393.506622 
389.754944 296.323914 
271.337677 410.932343 
299.316589 368.779327 
294.294678 426.527710 
253.992569 335.326874 
470.068878 304.825745 
470.155945 304.150879 
123.926315 445.857819 
569.143860 327.323059 
300.393951 298.153351 
54.224319 428.158142 
303.551971 382.685303 
271.851074 403.388794 
537.761108 309.063141 
325.512695 315.523987 
333.402435 387.110504 
303.061859 374.894043 
259.981110 314.193939 
219.168365 282.716858 
541.649414 397.372406 
442.943817 325.905212 
319.072845 298.921082 
263.562897 352.746063 
527.580688 306.266083 
261.916199 297.711670 
334.167511 395.467773 
393.007385 303.476349 
254.870300 292.937744 
189.035736 408.461060 
333.923065 396.482208 
309.367889 363.037048 
303.321503 416.022552 
298.501953 369.856262 
204.743103 322.364441 
306.587921 355.731323 
223.746735 271.044891 
314.344727 206.209061 
140.821381 439.412903 
116.671814 432.955872 
165.039734 296.747223 
269.812988 418.403992 
214.700989 417.165466 
334.058960 10.580066 
151.960083 340.786377 
282.059631 322.392487 
267.323853 297.677490 
318.946686 301.150879 
210.014740 321.551453 
270.057617 293.641144 
270.766876 293.853149 
269.022369 422.017822 
227.959442 274.280640 
227.998886 274.992035 
209.108170 414.135101 
270.471191 413.089661 
192.577454 277.673584 
472.288635 341.331757 
565.744873 324.374298 
101.446259 442.046234 
485.610596 300.746155 
515.906799 310.612762 
179.541855 457.022156 
305.476257 357.522644 
293.838654 356.901581 
365.031647 281.794342 
269.481415 325.801392 
160.496109 423.018097 
308.067291 439.754364 
299.007294 363.505493 
561.728699 322.653961 
192.358047 401.524689 
161.850586 423.576324 
572.083191 300.782593 
153.607513 451.019928 
139.069458 421.967621 
183.512589 335.194336 
309.391724 362.486847 
560.171204 380.292999 
313.848724 380.366699 
370.556061 436.892212 
226.054779 276.532104 
371.199036 439.426300 
203.727066 297.429047 
308.165558 428.338593 
338.844299 195.943146 
338.983459 195.592117 
339.352386 195.888489 
316.083160 300.957153 
265.282379 294.911743 
346.521332 213.693893 
305.330627 428.214142 
309.836761 440.233490 
303.160095 418.323761 
456.180206 296.611328 
198.793396 302.439758 
463.545105 335.878387 
282.230713 397.554718 
134.147903 429.569672 
134.479172 429.011108 
218.793228 279.288879 
335.603729 339.201294 
492.382843 401.500732 
359.179047 281.462372 
302.918884 434.837677 
280.700745 342.307861 
214.554794 407.465332 
341.053192 12.891634 
186.152847 414.383911 
347.075012 13.095022 
408.917969 352.648743 
474.362030 427.629395 
326.782715 208.350510 
145.994873 442.248138 
131.565216 435.474396 
213.480103 281.819000 
567.878845 328.529175 
306.040985 315.974823 
289.819122 240.111160 
270.033539 416.565704 
197.991074 404.327301 
322.743042 211.819534 
307.856873 384.944977 
470.643188 388.053162 
532.497559 307.673096 
469.763977 388.262512 
469.319275 388.326233 
523.190918 409.424469 
271.421143 405.232269 
264.395050 320.882385 
134.924637 449.987000 
324.572845 200.061707 
80.888748 429.683472 
286.087311 266.874176 
287.513031 295.920502 
172.235138 251.284470 
277.255371 336.856079 
278.073425 317.581116 
197.434952 298.728546 
361.970825 282.961395 
451.189453 314.228241 
328.258698 254.854202 
541.723694 399.872711 
209.303375 322.240479 
291.455963 360.577271 
291.860840 360.849792 
333.835602 222.560410 
299.587769 422.400269 
194.364914 426.563934 
263.444702 348.855011 
148.703903 441.921143 
470.635681 323.566223 
304.506470 432.102997 
134.699310 452.405731 
215.470749 285.193512 
272.700836 393.736053 
470.158081 303.190948 
