500
315.997040 421.530701 
315.997040 421.530701 
312.988007 401.408844 
472.394958 260.137207 
472.394958 260.137207 
312.113342 402.694305 
312.113342 402.694305 
312.113342 402.694305 
312.113342 402.694305 
456.169891 288.785767 
233.228989 57.024483 
294.740662 372.666992 
318.265259 374.294891 
318.222351 386.139069 
323.903503 392.095062 
318.222351 386.139069 
233.228989 57.024483 
309.917908 401.877625 
323.903503 392.095062 
332.271881 193.919128 
332.271881 193.919128 
323.903503 392.095062 
317.684204 405.377472 
367.948059 212.978714 
303.613525 401.312378 
303.480652 374.212585 
377.389526 265.431732 
324.551300 402.323273 
319.746796 392.898102 
328.453644 355.365570 
346.659821 239.543121 
383.960724 196.817627 
306.180756 402.245575 
345.821503 264.501160 
303.480652 374.212585 
336.790283 378.906616 
286.577454 217.214767 
323.903503 392.095062 
314.978180 379.882172 
312.113342 402.694305 
312.755310 378.527557 
296.665039 392.757904 
93.213150 321.057098 
228.139252 434.693909 
401.569489 241.652161 
293.518341 335.309631 
230.908127 350.530548 
323.903503 392.095062 
434.255096 208.314682 
344.176514 268.778259 
300.230988 389.379456 
312.755310 378.527557 
319.746796 392.898102 
318.598358 355.369995 
323.903503 392.095062 
377.389526 265.431732 
326.638580 380.193787 
312.009583 344.487732 
384.560791 193.311340 
199.413437 369.962524 
296.665039 392.757904 
384.380188 190.861572 
195.652924 392.862549 
319.746796 392.898102 
312.755310 378.527557 
303.613525 401.312378 
314.360199 402.161011 
406.739075 182.679520 
303.613525 401.312378 
312.755310 378.527557 
328.278168 284.154877 
293.924164 220.352600 
344.151093 242.933411 
312.755310 378.527557 
303.613525 401.312378 
290.452484 286.683441 
303.480652 374.212585 
303.613525 401.312378 
300.230988 389.379456 
300.230988 389.379456 
230.908127 350.530548 
403.596283 187.700378 
296.665039 392.757904 
328.453644 355.365570 
200.850357 393.635651 
303.613525 401.312378 
226.535583 196.563721 
273.747406 319.109741 
273.747406 319.109741 
323.903503 392.095062 
216.782928 234.674393 
317.684204 405.377472 
312.755310 378.527557 
304.111847 382.791016 
225.299225 194.690491 
311.323944 379.961090 
90.337326 324.404480 
195.652924 392.862549 
257.738678 383.735779 
332.271881 193.919128 
314.978180 379.882172 
224.226196 434.605103 
99.528976 327.110535 
115.509590 211.409317 
228.664749 209.285126 
314.978180 379.882172 
200.850357 393.635651 
300.230988 389.379456 
337.846436 269.476288 
289.957886 377.761810 
289.957886 377.761810 
228.269501 410.786163 
294.740662 372.666992 
304.111847 382.791016 
202.161209 396.159729 
317.684204 405.377472 
291.004242 377.006653 
257.738678 383.735779 
303.480652 374.212585 
396.172211 178.442291 
396.172211 178.442291 
296.665039 392.757904 
292.656372 404.405518 
304.111847 382.791016 
282.634247 420.098419 
421.351990 222.320251 
332.661438 368.139435 
294.434509 414.936646 
314.978180 379.882172 
278.181244 358.789948 
225.149490 320.222687 
221.719116 57.684177 
221.719116 57.684177 
318.222351 386.139069 
262.588196 404.464935 
337.846436 269.476288 
400.779205 236.762024 
332.661438 368.139435 
197.364609 370.289185 
304.111847 382.791016 
235.074005 150.230438 
304.220642 354.576050 
379.106476 229.001770 
398.293701 171.630295 
304.111847 382.791016 
233.902115 151.900513 
195.652924 392.862549 
241.883224 171.181076 
332.271881 193.919128 
331.521912 370.585236 
303.480652 374.212585 
227.179733 355.724945 
209.178040 345.087097 
403.596283 187.700378 
319.746796 392.898102 
307.462463 205.876953 
307.462463 205.876953 
366.485443 228.556610 
328.453644 355.365570 
332.271881 193.919128 
223.588165 220.414932 
228.269501 410.786163 
228.269501 410.786163 
203.033478 384.730103 
365.861938 229.004272 
335.558472 346.161865 
307.958435 399.083557 
361.178009 158.107559 
312.755310 378.527557 
317.684204 405.377472 
247.157257 171.743362 
193.883987 384.538269 
235.638306 342.015289 
149.502548 274.744965 
228.269501 410.786163 
192.968918 378.230377 
115.509590 211.409317 
224.096725 320.921600 
224.096725 320.921600 
305.770233 419.077148 
273.747406 319.109741 
360.484100 226.312027 
312.755310 378.527557 
228.664749 209.285126 
299.276733 424.983521 
296.665039 392.757904 
346.419189 190.098648 
270.731293 389.476685 
303.480652 374.212585 
303.480652 374.212585 
399.701111 188.593307 
383.960724 196.817627 
304.111847 382.791016 
303.480652 374.212585 
303.480652 374.212585 
245.337097 204.678925 
311.323944 379.961090 
304.111847 382.791016 
250.821091 325.230499 
417.750946 218.650467 
403.596283 187.700378 
324.787354 335.997314 
307.958435 399.083557 
192.968918 378.230377 
322.366333 155.549683 
326.928009 370.190765 
367.265808 197.217239 
400.748566 235.984848 
272.492645 349.478363 
253.813171 394.183502 
375.003876 124.378563 
420.183716 212.568558 
304.111847 382.791016 
326.760132 284.416687 
233.902115 151.900513 
228.139252 434.693909 
193.885788 369.880432 
292.014343 435.574158 
193.885788 369.880432 
317.684204 405.377472 
227.179733 355.724945 
346.659821 239.543121 
336.479065 382.247650 
321.493866 326.986847 
336.790283 378.906616 
204.323730 393.490479 
304.111847 382.791016 
359.380432 169.753845 
199.594604 378.576416 
228.269501 410.786163 
250.821091 325.230499 
287.197937 377.650818 
228.269501 410.786163 
401.350922 182.946381 
319.746796 392.898102 
305.770233 419.077148 
274.370361 312.123657 
112.752632 300.566986 
401.090912 179.071350 
319.746796 392.898102 
195.652924 392.862549 
245.502365 361.074951 
245.502365 361.074951 
204.323730 393.490479 
289.060394 300.708954 
252.414230 298.318542 
242.186554 365.333252 
318.222351 386.139069 
271.647797 347.168640 
90.337326 324.404480 
325.653717 409.318146 
312.988007 401.408844 
262.588196 404.464935 
293.192810 342.147034 
400.748566 235.984848 
403.667633 176.552689 
300.230988 389.379456 
326.760132 284.416687 
434.255096 208.314682 
203.033478 384.730103 
426.933502 213.222946 
347.708435 267.205505 
95.781639 253.619888 
273.747406 319.109741 
250.821091 325.230499 
154.988602 256.069885 
315.997040 421.530701 
293.924164 220.352600 
207.608047 224.221420 
206.730682 32.674210 
227.604004 446.511414 
257.321808 331.463104 
384.998230 159.131485 
309.917908 401.877625 
333.214142 390.186462 
197.364609 370.289185 
296.665039 392.757904 
377.993530 75.255074 
154.988602 256.069885 
154.988602 256.069885 
390.659454 157.466736 
228.579132 433.596954 
326.760132 284.416687 
335.989105 369.053101 
273.747406 319.109741 
326.098358 351.021088 
261.401642 133.713562 
324.787354 335.997314 
428.689056 221.142105 
253.892517 380.916412 
278.945435 434.291870 
322.366333 155.549683 
243.862701 173.082230 
192.968918 378.230377 
243.524521 164.173096 
370.580780 223.279602 
250.821091 325.230499 
404.334534 192.261261 
313.509308 413.939209 
309.917908 401.877625 
318.222351 386.139069 
77.984337 332.540222 
377.470947 262.698273 
413.784546 149.294128 
346.419189 190.098648 
194.161377 386.138580 
296.665039 392.757904 
403.667633 176.552689 
314.674988 322.344971 
226.535583 196.563721 
227.179733 355.724945 
289.060394 300.708954 
294.434509 414.936646 
346.419189 190.098648 
314.674988 322.344971 
270.731293 389.476685 
311.794403 336.281128 
310.762024 411.464813 
193.885788 369.880432 
193.885788 369.880432 
361.178009 158.107559 
287.850830 222.517654 
312.113342 402.694305 
314.674988 322.344971 
226.535583 196.563721 
343.951355 265.633392 
305.882050 430.395264 
214.771454 321.084808 
295.153442 356.782043 
326.861237 343.023041 
364.862457 211.546967 
396.527100 154.873657 
242.291000 367.070435 
289.468079 299.842896 
235.638306 342.015289 
375.720215 253.364182 
325.653717 409.318146 
279.264923 391.652863 
377.993530 75.255074 
292.656372 404.405518 
367.948059 212.978714 
228.269501 410.786163 
263.932648 408.852844 
318.265259 374.294891 
316.172821 367.244568 
228.269501 410.786163 
318.222351 386.139069 
262.588196 404.464935 
314.360199 402.161011 
271.647797 347.168640 
320.912659 407.040283 
227.179733 355.724945 
356.299255 187.394531 
290.015076 439.537201 
304.111847 382.791016 
324.787354 335.997314 
404.188934 148.658676 
335.634430 275.510376 
303.480652 374.212585 
240.417221 371.781158 
311.323944 379.961090 
313.528564 325.462585 
379.106476 229.001770 
313.528564 325.462585 
402.251465 149.966537 
261.401642 133.713562 
250.821091 325.230499 
402.251465 149.966537 
90.337326 324.404480 
268.658905 367.021545 
270.731293 389.476685 
324.787354 335.997314 
420.844940 19.615730 
318.222351 386.139069 
304.121033 346.024719 
290.733582 248.276428 
195.808228 11.756601 
381.138702 87.913048 
413.784546 149.294128 
278.630402 391.413910 
384.998230 159.131485 
314.360199 402.161011 
289.691742 389.485657 
258.212433 142.852966 
381.207733 257.175293 
472.394958 260.137207 
361.287415 157.597351 
361.287415 157.597351 
206.730682 32.674210 
313.571564 398.247192 
112.752632 300.566986 
281.835815 82.431961 
297.429901 207.190720 
313.571564 398.247192 
283.414276 353.642517 
261.662628 322.958008 
250.821091 325.230499 
256.933594 420.034607 
309.713959 378.780518 
242.291000 367.070435 
202.161209 396.159729 
271.647797 347.168640 
420.183716 212.568558 
318.222351 386.139069 
242.291000 367.070435 
260.691010 92.316818 
271.647797 347.168640 
384.219177 256.503174 
375.218170 73.309517 
472.394958 260.137207 
349.378845 210.454926 
213.089127 456.620636 
295.190247 382.373718 
229.302338 192.856674 
305.040100 258.605408 
250.129715 389.089600 
403.596283 187.700378 
286.746033 389.734680 
388.778595 156.546921 
235.074005 150.230438 
324.787354 335.997314 
227.179733 355.724945 
250.129715 389.089600 
261.662628 322.958008 
331.354614 248.389252 
317.684204 405.377472 
373.247620 166.284454 
313.889282 342.404297 
255.358932 373.678253 
250.188660 312.851257 
307.462463 205.876953 
305.063721 392.225647 
434.255096 208.314682 
420.989044 210.254517 
328.278168 284.154877 
191.600510 382.915497 
287.197937 377.650818 
274.038574 318.559296 
347.225616 263.302795 
429.581390 207.398758 
168.310822 361.745331 
259.713989 172.007919 
274.038574 318.559296 
375.720215 253.364182 
336.122864 376.612885 
213.964401 17.982054 
213.964401 17.982054 
369.987335 73.190048 
296.665039 392.757904 
434.255096 208.314682 
395.238342 179.794739 
361.287415 157.597351 
312.670807 254.899353 
386.720490 152.014191 
242.291000 367.070435 
251.471954 131.879791 
381.138702 87.913048 
304.111847 382.791016 
401.597107 191.414169 
426.933502 213.222946 
212.313644 27.966925 
380.717865 83.465225 
218.350479 318.216736 
389.322052 248.235672 
296.665039 392.757904 
296.665039 392.757904 
197.013992 334.991394 
403.140350 154.540237 
399.058563 151.260605 
296.665039 392.757904 
290.541901 339.908173 
259.934723 144.422562 
336.627747 350.734436 
91.090729 319.926208 
300.230988 389.379456 
406.720734 145.933228 
268.658905 367.021545 
276.186981 245.768265 
149.502548 274.744965 
326.760132 284.416687 
334.350677 358.852173 
432.735687 209.925278 
242.186554 365.333252 
149.502548 274.744965 
367.265808 197.217239 
384.219177 256.503174 
401.256805 75.788437 
404.598053 230.393127 
140.964142 444.750031 
309.713959 378.780518 
304.111847 382.791016 
289.060394 300.708954 
245.524246 197.542419 
399.058563 151.260605 
309.713959 378.780518 
370.580780 223.279602 
242.291000 367.070435 
242.291000 367.070435 
242.291000 367.070435 
293.623627 299.965485 
