500
249.401489 352.201294 
423.328369 353.558228 
423.328369 353.558228 
473.912048 47.799732 
480.733673 63.691288 
204.038132 341.906189 
227.130737 334.153625 
197.519043 346.695374 
214.972458 358.103455 
90.026100 156.739487 
214.972458 358.103455 
209.357346 360.529541 
211.378082 358.626099 
195.361832 358.140228 
204.038132 341.906189 
392.846802 365.751221 
195.361832 358.140228 
214.322357 325.457153 
139.989456 145.639801 
247.811020 346.066437 
358.976624 212.603333 
211.378082 358.626099 
90.026100 156.739487 
208.449051 357.538574 
347.969727 296.081329 
358.976624 212.603333 
139.989456 145.639801 
197.237656 366.032166 
221.298874 319.958649 
308.142944 202.701782 
129.920090 270.652130 
214.972458 358.103455 
373.971741 249.656921 
252.039749 333.976410 
214.972458 358.103455 
247.811020 346.066437 
295.224426 231.681183 
338.111877 257.463715 
127.916985 273.867096 
226.043060 344.273041 
204.020432 353.573578 
514.134888 44.861580 
381.321411 293.984344 
234.309052 340.126099 
226.043060 344.273041 
400.951202 243.867905 
214.972458 358.103455 
396.850098 247.951340 
124.531326 330.091034 
226.043060 344.273041 
233.364471 355.148285 
224.840973 358.997070 
203.915848 341.252441 
195.361832 358.140228 
260.890076 329.453583 
142.058182 260.852478 
257.683594 336.380096 
224.411728 341.674927 
203.915848 341.252441 
247.811020 346.066437 
224.840973 358.997070 
224.411728 341.674927 
233.364471 355.148285 
180.701645 267.007874 
347.969727 296.081329 
252.039749 333.976410 
233.364471 355.148285 
244.358459 327.494720 
226.043060 344.273041 
233.364471 355.148285 
243.926025 169.408646 
235.302628 335.832367 
224.840973 358.997070 
408.695526 286.514496 
309.953583 116.585342 
416.304382 242.297180 
416.304382 242.297180 
266.338104 256.818420 
246.920090 315.261566 
93.097549 160.524582 
252.039749 333.976410 
297.996307 279.017548 
249.401489 352.201294 
224.411728 341.674927 
195.361832 358.140228 
247.811020 346.066437 
336.704254 257.959991 
206.541199 327.834381 
400.951202 243.867905 
247.811020 346.066437 
420.925018 243.247482 
420.925018 243.247482 
257.683594 336.380096 
227.130737 334.153625 
203.915848 341.252441 
206.541199 327.834381 
206.541199 327.834381 
417.412933 253.290955 
223.202103 341.476990 
180.701645 267.007874 
276.488922 144.387817 
480.733673 63.691288 
134.426987 263.381805 
276.127289 146.794617 
212.015472 365.291992 
199.025528 348.067474 
247.811020 346.066437 
199.025528 348.067474 
226.043060 344.273041 
178.648621 352.764771 
179.619781 309.086090 
224.840973 358.997070 
247.811020 346.066437 
365.724823 8.688852 
139.989456 145.639801 
130.108521 280.197479 
224.411728 341.674927 
252.039749 333.976410 
422.333740 252.606857 
358.976624 212.603333 
188.167282 239.568832 
188.167282 239.568832 
130.108521 280.197479 
258.098389 322.748230 
179.619781 309.086090 
370.674347 263.734619 
163.873398 356.648560 
129.920090 270.652130 
285.378998 164.919937 
424.326782 237.821136 
247.811020 346.066437 
199.025528 348.067474 
143.438232 266.084900 
383.870392 289.373993 
138.740921 269.296936 
309.953583 116.585342 
226.043060 344.273041 
195.814255 357.875732 
203.915848 341.252441 
199.025528 348.067474 
180.350067 328.916412 
235.890900 336.413361 
233.364471 355.148285 
381.666992 222.453339 
212.015472 365.291992 
92.424652 350.005035 
256.058411 336.317352 
130.108521 280.197479 
258.098389 322.748230 
226.043060 344.273041 
226.727402 270.307648 
174.732086 269.098206 
166.106461 332.754700 
216.658997 308.852264 
358.976624 212.603333 
233.292328 297.621826 
137.577652 275.416260 
208.720154 354.211121 
260.890076 329.453583 
411.419281 282.725616 
210.641876 342.121063 
195.361832 358.140228 
200.898666 376.533813 
251.031921 152.051224 
215.600189 339.121704 
256.058411 336.317352 
416.662170 282.452637 
417.412933 253.290955 
90.026100 156.739487 
420.235535 217.644104 
361.874176 261.165283 
358.976624 212.603333 
227.130737 334.153625 
307.157837 140.583435 
139.989456 145.639801 
309.042603 201.118439 
372.197479 269.598328 
208.720154 354.211121 
181.711914 238.420166 
208.060822 324.752380 
142.058182 260.852478 
396.850098 247.951340 
360.972687 253.936447 
75.128220 155.252533 
75.128220 155.252533 
185.716217 368.529602 
203.915848 341.252441 
204.038132 341.906189 
224.411728 341.674927 
223.202103 341.476990 
419.165039 248.433044 
140.514954 258.434265 
223.202103 341.476990 
215.600189 339.121704 
385.670990 236.992188 
199.025528 348.067474 
261.835175 316.316162 
195.361832 358.140228 
413.461304 256.268036 
553.733215 134.183472 
224.411728 341.674927 
224.566284 350.273621 
214.972458 358.103455 
124.531326 330.091034 
131.884262 266.661438 
340.501709 256.855377 
211.378082 358.626099 
419.165039 248.433044 
333.677002 215.708099 
309.042603 201.118439 
140.514954 258.434265 
421.096191 286.548523 
224.840973 358.997070 
311.804840 116.998047 
215.600189 339.121704 
270.913391 157.247208 
174.732086 269.098206 
335.787079 115.403801 
382.436951 286.350067 
179.591858 287.044342 
163.120239 362.371887 
257.659332 266.705414 
384.393402 288.740479 
217.037933 309.299744 
395.090973 211.079483 
211.378082 358.626099 
366.306030 8.595860 
366.306030 8.595860 
358.337097 293.989441 
343.545868 121.232872 
215.600189 339.121704 
214.997162 331.967712 
132.686722 283.245178 
247.811020 346.066437 
185.158188 285.445862 
185.158188 285.445862 
369.529999 260.690338 
260.890076 329.453583 
204.522736 363.897186 
224.566284 350.273621 
188.167282 239.568832 
203.915848 341.252441 
182.945801 146.159119 
218.916840 250.976440 
137.577652 275.416260 
366.306030 8.595860 
414.745392 249.834274 
167.242661 156.929504 
144.155045 262.169708 
426.106506 220.081436 
204.522736 363.897186 
258.098389 322.748230 
257.071411 323.681946 
202.180496 336.963074 
384.393402 288.740479 
215.600189 339.121704 
214.739243 270.527313 
361.874176 261.165283 
358.337097 293.989441 
204.522736 363.897186 
335.459076 125.607185 
385.282501 204.083038 
215.600189 339.121704 
125.009857 333.745880 
514.134888 44.861580 
215.600189 339.121704 
215.600189 339.121704 
219.924133 294.393250 
212.015472 365.291992 
226.043060 344.273041 
226.043060 344.273041 
191.144119 357.334717 
385.282501 204.083038 
261.835175 316.316162 
178.779297 287.700134 
359.660187 255.098038 
228.602463 317.872772 
226.221802 313.299469 
349.472321 294.343781 
166.106461 332.754700 
276.127289 146.794617 
67.873779 361.614441 
227.590714 269.603088 
227.590714 269.603088 
414.745392 249.834274 
404.251343 203.709351 
223.202103 341.476990 
182.945801 146.159119 
182.945801 146.159119 
215.600189 339.121704 
204.522736 363.897186 
211.378082 358.626099 
247.811020 346.066437 
187.592133 234.698792 
213.952072 368.359833 
190.480118 263.804230 
308.671783 275.052612 
350.513214 99.853485 
174.732086 269.098206 
97.077148 153.757004 
306.658752 205.974655 
124.531326 330.091034 
187.555588 277.697723 
259.391571 162.711746 
197.237656 366.032166 
211.378082 358.626099 
372.454437 218.864822 
248.751694 299.979645 
127.896957 281.131348 
127.896957 281.131348 
276.127289 146.794617 
180.350067 328.916412 
211.591202 280.461456 
178.779297 287.700134 
140.238266 312.041687 
233.842529 270.758240 
140.238266 312.041687 
224.566284 350.273621 
371.027649 247.900711 
181.343414 298.130188 
213.961456 291.448822 
180.350067 328.916412 
181.343414 298.130188 
270.913391 157.247208 
304.949921 139.063126 
151.009933 102.096313 
258.312805 266.339783 
224.949463 299.069275 
512.480347 193.824188 
178.779297 287.700134 
323.463013 275.415771 
226.043060 344.273041 
140.238266 312.041687 
296.930481 278.240417 
209.431412 330.576874 
216.938293 314.471802 
404.251343 203.709351 
475.417389 41.483257 
203.915848 341.252441 
343.545868 121.232872 
373.971741 249.656921 
203.915848 341.252441 
226.221802 313.299469 
209.461929 297.077881 
440.197510 224.313232 
200.952744 298.417694 
465.234283 144.150040 
291.946899 227.139069 
213.154037 356.943726 
258.533722 305.589111 
415.747162 257.616730 
166.106461 332.754700 
140.238266 312.041687 
181.343414 298.130188 
210.641876 342.121063 
139.989456 145.639801 
179.619781 309.086090 
218.770020 304.023956 
212.131760 303.875641 
233.842529 270.758240 
203.915848 341.252441 
309.953583 116.585342 
215.600189 339.121704 
313.127563 279.893921 
412.923737 243.325012 
265.664154 294.806824 
223.202103 341.476990 
332.204224 205.853699 
332.204224 205.853699 
435.400970 217.375717 
199.025528 348.067474 
436.446991 231.806671 
193.069839 348.383820 
427.671997 215.423645 
376.394653 177.643631 
404.251343 203.709351 
404.251343 203.709351 
257.659332 266.705414 
203.915848 341.252441 
203.915848 341.252441 
361.328461 236.229980 
440.197510 224.313232 
373.575958 8.487741 
195.361832 358.140228 
218.916840 250.976440 
208.060822 324.752380 
249.396667 313.799377 
321.605194 275.031525 
129.389481 284.037964 
197.614578 74.729881 
249.214462 314.755096 
424.925354 246.007523 
440.197510 224.313232 
261.767303 300.535034 
261.767303 300.535034 
338.111877 257.463715 
178.779297 287.700134 
280.674957 145.813736 
178.779297 287.700134 
222.869812 339.718262 
125.009857 333.745880 
427.671997 215.423645 
392.199890 94.585831 
211.591202 280.461456 
203.915848 341.252441 
420.235535 217.644104 
150.244736 102.236580 
261.767303 300.535034 
174.732086 269.098206 
215.600189 339.121704 
181.834335 86.691612 
421.096191 286.548523 
171.538193 308.516449 
200.952744 298.417694 
121.732895 328.076569 
204.038132 341.906189 
89.311707 343.878296 
198.822739 303.996918 
417.412933 253.290955 
423.328369 353.558228 
235.931183 302.117157 
323.374603 254.035858 
464.682343 167.080963 
249.779434 294.376617 
325.765961 275.249146 
200.952744 298.417694 
244.545654 353.827209 
261.767303 300.535034 
372.454437 218.864822 
234.942535 353.681519 
195.361832 358.140228 
351.782959 111.614601 
297.996307 279.017548 
219.924133 294.393250 
200.952744 298.417694 
211.591202 280.461456 
211.591202 280.461456 
202.180496 336.963074 
203.915848 341.252441 
321.605194 275.031525 
362.037079 282.534698 
436.446991 231.806671 
235.931183 302.117157 
425.659729 289.454834 
404.251343 203.709351 
213.961456 291.448822 
236.107697 358.620331 
420.235535 217.644104 
211.591202 280.461456 
224.566284 350.273621 
291.946899 227.139069 
412.889862 254.049469 
178.779297 287.700134 
129.920090 270.652130 
474.413391 163.698517 
421.829834 231.371307 
211.591202 280.461456 
203.915848 341.252441 
203.915848 341.252441 
355.942932 104.704239 
218.916840 250.976440 
465.234283 144.150040 
174.428467 291.126099 
391.205627 286.722443 
209.461929 297.077881 
171.538193 308.516449 
208.060822 324.752380 
407.938660 217.637451 
420.459198 269.459198 
372.197479 269.598328 
213.961456 291.448822 
376.318420 281.163666 
282.689087 216.165115 
304.530334 246.425552 
415.049500 256.437500 
332.204224 205.853699 
323.374603 254.035858 
178.779297 287.700134 
178.779297 287.700134 
178.779297 287.700134 
222.869812 339.718262 
180.350067 328.916412 
106.612206 337.741180 
150.244736 102.236580 
349.153076 296.600769 
437.248505 222.463623 
290.925446 159.777786 
218.916840 250.976440 
309.535248 250.022614 
71.710838 350.181671 
75.128220 155.252533 
427.600433 221.059738 
499.373383 73.941017 
501.274597 201.473358 
427.671997 215.423645 
376.394653 177.643631 
404.251343 203.709351 
411.523956 191.382980 
203.915848 341.252441 
130.128967 266.878754 
