977
188.614029 365.124237 
203.540833 354.981079 
173.410156 364.247314 
196.275101 339.447235 
203.540833 354.981079 
172.891205 358.413605 
176.935669 351.312073 
199.382248 344.516083 
201.568298 338.065369 
188.401260 341.544525 
280.874847 70.293045 
280.874847 70.293045 
181.530258 358.035736 
178.330460 354.713074 
281.653320 70.328102 
193.315414 365.245697 
281.653320 70.328102 
185.523407 344.276337 
180.383835 337.507690 
199.382248 344.516083 
170.401672 363.783966 
201.568298 338.065369 
181.530258 358.035736 
186.954254 358.632782 
185.523407 344.276337 
192.035858 332.774384 
196.275101 339.447235 
196.275101 339.447235 
186.954254 358.632782 
173.077560 369.048401 
280.874847 70.293045 
193.334061 370.088440 
175.334061 270.219147 
199.390396 340.783325 
173.106079 363.660492 
451.781647 308.655762 
191.491562 329.200623 
206.041122 282.702393 
206.041122 282.702393 
185.523407 344.276337 
188.401260 341.544525 
393.572876 280.597565 
185.523407 344.276337 
173.077560 369.048401 
178.330460 354.713074 
200.774567 353.228119 
197.459061 328.117157 
396.568787 340.431061 
459.680023 317.428650 
172.675507 368.795074 
424.512573 374.959381 
201.598541 296.467896 
178.772705 267.748932 
172.675507 368.795074 
199.382248 344.516083 
196.743423 363.056732 
424.407562 298.137177 
276.549561 362.790741 
199.624985 301.418335 
169.172119 362.872742 
396.838867 311.420227 
173.077560 369.048401 
411.876495 277.084076 
201.598541 296.467896 
183.064468 356.112274 
184.355316 339.080200 
458.750275 316.247162 
283.917542 227.073502 
186.954254 358.632782 
343.604675 339.532654 
457.904510 311.447968 
289.563507 243.020096 
195.105438 335.027283 
188.012619 342.023560 
184.355316 339.080200 
195.105438 335.027283 
393.230164 367.276276 
198.492783 294.263153 
199.251999 269.741577 
447.213226 294.139252 
191.325439 332.402588 
199.251999 269.741577 
441.320862 308.283813 
203.540833 354.981079 
433.212006 313.159149 
206.366653 358.893402 
249.274582 301.516846 
475.645233 352.246277 
219.965027 232.853500 
277.866913 336.059448 
184.182343 342.550110 
462.746277 317.059662 
264.600189 326.637543 
192.035858 332.774384 
259.551025 322.143005 
249.857849 394.390015 
469.054993 319.375092 
267.062103 69.412514 
111.774857 397.134399 
318.928101 232.322876 
289.123901 241.596329 
411.876495 277.084076 
184.182343 342.550110 
393.572876 280.597565 
393.572876 280.597565 
343.604675 339.532654 
249.764511 299.714569 
270.175415 358.435669 
249.857849 394.390015 
386.312592 332.730164 
433.212006 313.159149 
447.213226 294.139252 
275.417755 335.940216 
400.391632 303.677399 
454.288605 312.520050 
310.165863 352.088409 
446.189789 310.470428 
428.359833 280.946716 
424.407562 298.137177 
405.134583 299.386017 
257.763336 342.738861 
219.965027 232.853500 
203.540833 354.981079 
181.530258 358.035736 
289.123901 241.596329 
181.257278 371.123688 
455.626434 339.855316 
428.359833 280.946716 
386.990417 286.049042 
480.030701 351.810608 
304.487976 223.624222 
283.917542 227.073502 
448.200592 294.213623 
431.698669 306.464172 
461.171906 298.417938 
432.662231 372.655945 
458.022614 324.108673 
266.581360 346.246582 
203.903610 299.792847 
198.788727 270.860657 
276.549561 362.790741 
429.532104 306.057159 
194.697174 339.824097 
191.491562 329.200623 
411.876495 277.084076 
431.555603 310.563049 
429.532104 306.057159 
289.434692 236.149017 
180.383835 337.507690 
208.818817 356.065918 
429.532104 306.057159 
206.662430 270.668152 
175.960449 319.275757 
525.390015 352.038605 
198.788727 270.860657 
278.498352 342.559906 
187.539642 372.849182 
378.313324 351.932251 
465.251221 363.548340 
185.523407 344.276337 
249.764511 299.714569 
397.768066 289.976959 
275.417755 335.940216 
429.532104 306.057159 
199.251999 269.741577 
199.251999 269.741577 
192.035858 332.774384 
206.041122 282.702393 
417.743011 316.582001 
264.600189 326.637543 
431.555603 310.563049 
184.683990 334.350616 
295.605225 320.820374 
454.288605 312.520050 
277.857758 342.979309 
411.020599 301.093292 
417.743011 316.582001 
194.697174 339.824097 
457.904510 311.447968 
425.170593 304.456818 
425.170593 304.456818 
422.771637 300.641815 
409.230835 298.070190 
289.557800 238.928925 
422.505219 336.209625 
266.581360 346.246582 
393.850647 287.919556 
323.937225 224.407913 
286.448608 243.823669 
191.491562 329.200623 
200.206024 340.865997 
200.239929 297.326355 
263.030945 344.081635 
348.440308 352.468353 
606.288208 241.028931 
402.475983 368.646942 
454.288605 312.520050 
433.212006 313.159149 
457.728363 310.044403 
190.175125 373.128998 
389.336853 367.502472 
389.336853 367.502472 
431.698669 306.464172 
278.498352 342.559906 
191.491562 329.200623 
172.675507 368.795074 
198.788727 270.860657 
259.272675 340.154633 
203.540833 354.981079 
429.532104 306.057159 
274.985291 355.260010 
431.555603 310.563049 
177.899902 290.523193 
266.581360 346.246582 
266.581360 346.246582 
404.718506 322.800751 
196.065369 272.074097 
469.054993 319.375092 
271.983063 314.170563 
181.257278 371.123688 
175.960449 319.275757 
409.190308 373.369080 
409.190308 373.369080 
323.937225 224.407913 
178.642151 266.009552 
271.983063 314.170563 
431.555603 310.563049 
192.035858 332.774384 
199.251999 269.741577 
198.349396 309.210907 
454.288605 312.520050 
294.650024 242.897110 
321.796173 225.418610 
193.315414 365.245697 
417.743011 316.582001 
386.312592 332.730164 
271.476166 309.660614 
131.167084 227.659653 
274.985291 355.260010 
277.449219 312.085480 
198.492783 294.263153 
462.746277 317.059662 
459.048157 296.423676 
448.200592 294.213623 
396.568787 340.431061 
429.189728 262.876953 
198.623932 331.540985 
429.532104 306.057159 
247.922760 315.851837 
208.242661 274.321167 
452.986023 361.919037 
247.922760 315.851837 
457.728363 310.044403 
411.876495 277.084076 
404.718506 322.800751 
254.160187 384.064941 
191.491562 329.200623 
175.960449 319.275757 
400.310669 318.848358 
186.648376 369.311707 
421.014984 326.275543 
409.230835 298.070190 
272.413330 305.773651 
299.260834 248.548920 
203.903610 299.792847 
318.928101 232.322876 
264.600189 326.637543 
262.803009 332.920990 
264.600189 326.637543 
310.165863 352.088409 
195.105438 335.027283 
389.557739 292.946045 
251.805435 299.585754 
384.927704 362.333679 
397.684113 365.701782 
390.992249 359.616791 
469.054993 319.375092 
191.325439 332.402588 
417.743011 316.582001 
428.777435 276.446381 
268.256836 345.023346 
197.938004 284.682922 
197.938004 284.682922 
469.102631 322.570038 
429.532104 306.057159 
210.555969 365.399078 
268.100037 317.971497 
202.967697 358.771545 
202.967697 358.771545 
201.568298 338.065369 
263.149902 330.613281 
181.900116 268.155853 
270.863129 302.470490 
175.363098 315.417511 
409.230835 298.070190 
431.698669 306.464172 
447.540833 277.355621 
461.721375 362.862366 
451.781647 308.655762 
388.654541 366.934265 
409.190308 373.369080 
461.683685 333.470306 
461.683685 333.470306 
270.175415 358.435669 
305.912018 234.453049 
434.576630 323.197723 
434.576630 323.197723 
202.467545 333.923981 
447.213226 294.139252 
199.251999 269.741577 
384.927704 362.333679 
296.656067 227.861221 
411.876495 277.084076 
206.366653 358.893402 
181.530258 358.035736 
447.213226 294.139252 
411.876495 277.084076 
203.903610 299.792847 
321.723572 233.882187 
198.788727 270.860657 
411.876495 277.084076 
465.251221 363.548340 
296.656067 227.861221 
206.310989 382.770691 
297.692444 328.654175 
258.435486 329.587341 
196.743423 363.056732 
444.666565 310.573547 
201.733871 328.067474 
455.701294 285.782593 
199.624985 301.418335 
201.568298 338.065369 
186.954254 358.632782 
429.093842 275.693298 
279.640778 299.378235 
268.100037 317.971497 
266.208038 316.816711 
475.645233 352.246277 
475.645233 352.246277 
409.230835 298.070190 
392.960114 367.858917 
344.507233 337.275848 
248.326492 67.445297 
447.213226 294.139252 
428.777435 276.446381 
417.743011 316.582001 
319.023010 231.702789 
465.693054 355.290344 
285.433014 302.281097 
186.648376 369.311707 
198.349396 309.210907 
403.593628 275.355988 
98.029327 225.779724 
194.360397 376.473938 
186.648376 369.311707 
397.768066 289.976959 
183.064468 356.112274 
405.645660 364.533661 
191.491562 329.200623 
448.200592 294.213623 
269.669037 290.760010 
442.905090 317.986755 
199.251999 269.741577 
397.684113 365.701782 
397.684113 365.701782 
402.475983 368.646942 
462.719116 369.445557 
184.683990 334.350616 
181.257278 371.123688 
255.439789 328.749603 
255.439789 328.749603 
447.213226 294.139252 
206.041122 282.702393 
263.149902 330.613281 
411.876495 277.084076 
195.987854 372.496521 
375.356598 348.945251 
479.862305 341.051422 
454.994080 339.620575 
113.192001 396.569031 
197.812637 298.292297 
449.473663 374.648407 
394.745697 291.548157 
202.902878 331.447906 
412.102325 275.996704 
548.230103 148.662918 
417.743011 316.582001 
201.097092 282.268616 
386.123871 363.962738 
291.120361 245.386292 
429.532104 306.057159 
183.461380 271.335022 
469.054993 319.375092 
186.954254 358.632782 
306.224091 72.287346 
396.769104 304.326416 
422.771637 300.641815 
422.771637 300.641815 
287.873627 360.513824 
210.555969 365.399078 
190.038696 311.715576 
457.497803 368.097656 
441.320862 308.283813 
416.733917 321.513367 
390.354431 335.045746 
310.165863 352.088409 
201.733871 328.067474 
322.885498 288.041168 
321.796173 225.418610 
441.320862 308.283813 
416.733917 321.513367 
411.020599 301.093292 
386.123871 363.962738 
386.520203 291.799255 
173.217514 319.072845 
416.733917 321.513367 
200.774567 353.228119 
202.902878 331.447906 
417.743011 316.582001 
452.158875 311.272278 
258.435486 329.587341 
447.213226 294.139252 
251.805435 299.585754 
251.805435 299.585754 
184.683990 334.350616 
400.391632 303.677399 
400.391632 303.677399 
391.780029 302.702972 
195.987854 372.496521 
449.444580 371.962067 
270.175415 358.435669 
172.292816 319.880951 
282.204834 303.058838 
409.190308 373.369080 
199.251999 269.741577 
178.642151 266.009552 
411.876495 277.084076 
206.310989 382.770691 
429.532104 306.057159 
462.746277 317.059662 
449.444580 371.962067 
258.270813 316.143005 
274.773071 354.960236 
412.102325 275.996704 
291.120361 245.386292 
447.700714 365.223755 
452.158875 311.272278 
467.221283 317.165070 
458.022614 324.108673 
319.023010 231.702789 
202.346390 324.490631 
461.171906 298.417938 
427.931702 336.201172 
375.356598 348.945251 
465.251221 363.548340 
452.986023 361.919037 
283.917542 227.073502 
207.093170 383.342468 
272.406586 68.963440 
195.987854 372.496521 
306.224091 72.287346 
272.406586 68.963440 
399.788605 304.546997 
173.106079 363.660492 
171.848618 305.330383 
433.212006 313.159149 
320.208344 235.409973 
284.667267 305.972260 
277.121307 335.883972 
444.700653 275.492462 
258.435486 329.587341 
393.850647 287.919556 
171.080124 229.665955 
265.386444 365.224365 
287.057495 320.201569 
444.666565 310.573547 
296.615814 235.327576 
429.532104 306.057159 
280.225464 358.551819 
455.701294 285.782593 
296.927216 253.966583 
475.813538 303.808929 
429.532104 306.057159 
370.215973 340.451874 
198.123627 305.477814 
198.123627 305.477814 
444.700653 275.492462 
208.737869 290.746338 
467.221283 317.165070 
390.893341 299.163696 
393.850647 287.919556 
206.072876 269.174164 
272.413330 305.773651 
416.035248 289.319305 
416.035248 289.319305 
416.035248 289.319305 
194.360397 376.473938 
397.768066 289.976959 
293.705017 235.704590 
205.868530 323.370728 
178.055740 304.694061 
465.251221 363.548340 
208.234283 272.094208 
280.225464 358.551819 
284.208527 303.713623 
274.985291 355.260010 
281.548004 302.654449 
465.696564 245.705444 
181.594131 304.134949 
198.765991 293.675812 
447.700714 365.223755 
405.134583 299.386017 
198.788727 270.860657 
322.885498 288.041168 
389.336853 367.502472 
341.931519 335.485626 
458.143250 315.741028 
175.565308 327.861786 
198.349396 309.210907 
329.624420 343.319244 
291.859589 320.069183 
190.812759 340.908661 
437.112457 288.789490 
454.994080 339.620575 
201.733871 328.067474 
198.075180 362.179993 
198.075180 362.179993 
266.208038 316.816711 
299.057007 367.375092 
429.093842 275.693298 
451.781647 308.655762 
195.374908 316.855194 
413.237061 327.583466 
258.985443 369.588745 
296.656067 227.861221 
208.737869 290.746338 
255.856461 413.531067 
186.648376 369.311707 
198.765991 293.675812 
408.273651 376.450134 
197.123596 283.199707 
181.802673 286.302032 
283.563324 405.463104 
430.993408 338.789032 
358.799591 76.830826 
258.435486 329.587341 
416.733917 321.513367 
391.780029 302.702972 
205.868530 323.370728 
303.736847 393.082275 
417.743011 316.582001 
253.792618 385.604156 
436.695953 317.111084 
458.834290 321.019867 
405.134583 299.386017 
322.885498 288.041168 
467.221283 317.165070 
386.520203 291.799255 
386.520203 291.799255 
202.346390 324.490631 
283.563324 405.463104 
300.264832 331.472626 
274.176636 384.581635 
420.097290 302.159088 
251.805435 299.585754 
399.788605 304.546997 
266.208038 316.816711 
424.199829 381.617645 
284.208527 303.713623 
194.142822 321.235168 
276.549561 362.790741 
441.538452 381.486694 
429.532104 306.057159 
417.775909 272.493591 
252.524033 391.849670 
403.493134 365.423950 
405.134583 299.386017 
412.102325 275.996704 
258.435486 329.587341 
206.041122 282.702393 
398.883301 314.580292 
442.905090 317.986755 
315.998749 300.931091 
399.788605 304.546997 
393.607117 338.851013 
451.432465 307.886169 
171.848618 305.330383 
429.532104 306.057159 
451.005646 360.958527 
489.900635 355.631012 
441.320862 308.283813 
198.788727 270.860657 
268.230743 235.254807 
409.289185 380.637756 
267.062103 69.412514 
252.524033 391.849670 
261.652618 298.772125 
457.497803 368.097656 
186.365738 377.484070 
416.733917 321.513367 
458.022614 324.108673 
190.175125 373.128998 
272.406586 68.963440 
191.127914 375.252258 
426.817230 313.219635 
173.217514 319.072845 
199.624985 301.418335 
261.077820 311.010254 
391.780029 302.702972 
439.491150 329.333160 
259.551025 322.143005 
274.773071 354.960236 
441.320862 308.283813 
138.555588 397.377808 
412.786774 286.234283 
243.960464 325.516663 
274.176636 384.581635 
247.922760 315.851837 
390.893341 299.163696 
196.393890 385.490326 
321.723572 233.882187 
437.112457 288.789490 
192.687576 288.647644 
194.360397 376.473938 
284.208527 303.713623 
129.380112 394.437653 
386.312592 332.730164 
408.772919 382.514404 
197.123596 283.199707 
299.886536 308.791382 
299.886536 308.791382 
606.163391 240.490540 
346.031219 342.213531 
197.123596 283.199707 
279.640778 299.378235 
413.237061 327.583466 
186.260406 380.610870 
281.548004 302.654449 
206.041122 282.702393 
396.838867 311.420227 
202.902878 331.447906 
259.031464 318.943726 
398.883301 314.580292 
398.883301 314.580292 
448.200592 294.213623 
447.213226 294.139252 
178.055740 304.694061 
606.288208 241.028931 
392.960114 367.858917 
329.624420 343.319244 
280.225464 358.551819 
525.390015 352.038605 
431.698669 306.464172 
219.965027 232.853500 
390.893341 299.163696 
327.539703 347.241699 
251.417221 342.462006 
415.069458 343.856842 
449.444580 371.962067 
98.029327 225.779724 
386.123871 363.962738 
62.652515 456.611298 
447.213226 294.139252 
405.134583 299.386017 
451.781647 308.655762 
452.986023 361.919037 
409.289185 380.637756 
396.568787 340.431061 
150.862701 393.753723 
284.667267 305.972260 
300.474945 375.268982 
437.112457 288.789490 
442.905090 317.986755 
411.197845 303.686462 
393.230164 367.276276 
479.862305 341.051422 
399.788605 304.546997 
304.487976 223.624222 
194.360397 376.473938 
432.662231 372.655945 
98.029327 225.779724 
199.382248 344.516083 
393.896118 313.204346 
433.089325 315.922546 
422.505219 336.209625 
412.786774 286.234283 
433.347961 323.419312 
207.093170 383.342468 
469.102631 322.570038 
412.786774 286.234283 
285.391724 244.434494 
249.274582 301.516846 
469.054993 319.375092 
404.713470 288.750916 
486.685944 346.202606 
345.032745 338.331329 
211.058838 382.977020 
230.835953 277.607635 
389.336853 367.502472 
280.225464 358.551819 
255.439789 328.749603 
404.713470 288.750916 
283.563324 405.463104 
300.474945 375.268982 
469.054993 319.375092 
386.123871 363.962738 
404.713470 288.750916 
403.493134 365.423950 
207.093170 383.342468 
203.903610 299.792847 
458.143250 315.741028 
285.433014 302.281097 
390.992249 359.616791 
281.548004 302.654449 
186.365738 377.484070 
429.189728 262.876953 
421.014984 326.275543 
291.163025 405.882507 
477.106812 354.814270 
297.692444 328.654175 
424.512573 374.959381 
451.005646 360.958527 
292.657013 320.696442 
292.657013 320.696442 
412.786774 286.234283 
323.997162 349.944611 
253.570358 366.145020 
255.974686 288.641541 
186.648376 369.311707 
272.205750 388.065369 
358.388000 342.642609 
173.217514 319.072845 
125.542656 394.281769 
299.979218 246.066147 
178.055740 304.694061 
261.077820 311.010254 
155.742264 385.420166 
422.771637 300.641815 
287.526947 302.019501 
318.928101 232.322876 
297.947266 293.307526 
296.615814 235.327576 
201.483063 306.549377 
201.483063 306.549377 
205.868530 323.370728 
288.490021 275.812378 
288.490021 275.812378 
284.687531 317.476196 
197.123596 283.199707 
179.657944 270.515869 
208.242661 274.321167 
247.059296 341.244690 
206.160767 323.851349 
289.432861 276.908325 
396.769104 304.326416 
296.656067 227.861221 
291.163025 405.882507 
171.848618 305.330383 
219.965027 232.853500 
267.559479 256.750610 
108.794418 396.222168 
255.439789 328.749603 
186.576126 310.445679 
229.460892 399.487091 
266.559967 296.929138 
278.310516 356.338348 
197.938004 284.682922 
412.786774 286.234283 
405.134583 299.386017 
434.576630 323.197723 
171.848618 305.330383 
290.531830 316.533295 
290.531830 316.533295 
207.634903 309.609955 
171.848618 305.330383 
604.982178 400.982544 
174.542130 286.229950 
174.542130 286.229950 
170.338333 301.253540 
251.417221 342.462006 
390.893341 299.163696 
390.893341 299.163696 
259.031464 318.943726 
277.121307 335.883972 
265.847412 402.274933 
111.799377 398.314453 
251.417221 342.462006 
417.193176 344.145905 
193.665253 384.748810 
294.650024 242.897110 
279.640778 299.378235 
405.134583 299.386017 
253.570358 366.145020 
35.556587 327.901733 
291.841125 372.286438 
327.539703 347.241699 
186.365738 377.484070 
396.769104 304.326416 
291.163025 405.882507 
291.163025 405.882507 
186.576126 310.445679 
396.568787 340.431061 
327.539703 347.241699 
316.241913 304.516357 
300.474945 375.268982 
193.665253 384.748810 
203.299438 395.001984 
206.160767 323.851349 
270.150696 405.135406 
290.266541 315.231567 
400.391632 303.677399 
431.698669 306.464172 
191.127914 375.252258 
191.127914 375.252258 
170.338333 301.253540 
260.220825 278.578552 
228.139465 348.831085 
433.089325 315.922546 
289.201660 311.733765 
202.427353 266.747803 
208.234283 272.094208 
205.726944 381.617462 
251.417221 342.462006 
439.491150 329.333160 
378.390320 299.537354 
261.541321 292.466736 
270.150696 405.135406 
300.264832 331.472626 
280.225464 358.551819 
206.072876 269.174164 
206.072876 269.174164 
201.097092 282.268616 
431.698669 306.464172 
272.205750 388.065369 
310.165863 352.088409 
283.735199 248.660080 
283.563324 405.463104 
437.112457 288.789490 
62.652515 456.611298 
251.417221 342.462006 
396.769104 304.326416 
295.605225 320.820374 
318.928101 232.322876 
206.310989 382.770691 
197.812637 298.292297 
273.244171 294.687317 
396.769104 304.326416 
172.292816 319.880951 
403.820190 368.367279 
270.579132 386.873199 
327.539703 347.241699 
278.498352 342.559906 
477.106812 354.814270 
449.003326 410.683807 
186.576126 310.445679 
469.054993 319.375092 
203.540833 354.981079 
187.539642 372.849182 
243.960464 325.516663 
320.641937 306.579712 
320.641937 306.579712 
208.242661 274.321167 
334.689667 292.435059 
274.176483 300.620758 
396.769104 304.326416 
261.077820 311.010254 
384.462830 408.670837 
278.498352 342.559906 
204.233170 321.513672 
269.085754 302.209656 
370.215973 340.451874 
437.112457 288.789490 
377.815247 319.196991 
174.612976 338.091522 
364.426727 307.755249 
208.737869 290.746338 
208.737869 290.746338 
247.922760 315.851837 
321.723572 233.882187 
388.909546 309.548798 
281.548004 302.654449 
197.123596 283.199707 
298.042358 294.738647 
380.777130 298.042267 
384.927704 362.333679 
274.773071 354.960236 
247.922760 315.851837 
364.128937 116.620056 
286.768005 266.382111 
320.641937 306.579712 
467.221283 317.165070 
190.175125 373.128998 
431.698669 306.464172 
293.705017 235.704590 
299.260834 248.548920 
315.170319 301.540771 
191.574142 382.322052 
243.960464 325.516663 
291.841125 372.286438 
384.927704 362.333679 
274.176636 384.581635 
283.994537 259.783966 
269.752197 406.059082 
319.214844 332.773834 
175.565308 327.861786 
262.084625 404.616699 
322.346558 341.616364 
168.640549 333.124176 
291.163025 405.882507 
274.773071 354.960236 
375.356598 348.945251 
289.201660 311.733765 
383.236053 414.101837 
283.563324 405.463104 
283.563324 405.463104 
277.183319 333.202393 
309.465363 250.547043 
364.426727 307.755249 
206.041122 282.702393 
413.492615 350.109711 
176.206360 296.141815 
193.707626 311.537079 
190.175125 373.128998 
309.465363 250.547043 
309.465363 250.547043 
446.207489 368.595367 
206.041122 282.702393 
480.030701 351.810608 
191.574142 382.322052 
437.112457 288.789490 
196.393890 385.490326 
396.769104 304.326416 
138.555588 397.377808 
421.014984 326.275543 
421.014984 326.275543 
283.932831 400.181366 
403.493134 365.423950 
197.792938 309.058868 
449.003326 410.683807 
243.960464 325.516663 
317.621796 338.584869 
488.181396 338.406006 
187.539642 372.849182 
190.175125 373.128998 
315.170319 301.540771 
259.551025 322.143005 
190.038696 311.715576 
206.041122 282.702393 
201.324402 376.371552 
262.088470 385.391418 
178.055740 304.694061 
194.360397 376.473938 
166.936890 333.227600 
131.167084 227.659653 
296.615814 235.327576 
315.061768 329.774994 
173.077560 369.048401 
186.648376 369.311707 
309.465363 250.547043 
206.310989 382.770691 
254.250778 382.126831 
203.299438 395.001984 
201.603729 308.288971 
173.077560 369.048401 
230.835953 277.607635 
334.689667 292.435059 
175.565308 327.861786 
278.648590 254.186218 
247.922760 315.851837 
206.041122 282.702393 
306.224091 72.287346 
197.123596 283.199707 
323.937225 224.407913 
209.408813 336.373962 
206.041122 282.702393 
206.041122 282.702393 
414.995178 376.861511 
