977
181.868027 379.921478 
249.225815 213.345612 
200.768799 292.602478 
199.712631 286.979919 
180.997238 380.169769 
183.632339 355.054443 
202.676834 375.157257 
125.999420 205.937637 
224.274246 211.492310 
538.579956 314.598175 
200.517227 291.422241 
198.365494 354.511353 
182.874222 355.016663 
104.836060 205.032104 
180.883301 381.634216 
202.395096 255.003830 
173.164322 252.191177 
203.768799 376.767090 
516.309753 261.452545 
302.809814 346.797028 
302.863983 348.238770 
159.221039 395.460907 
163.755371 256.605042 
181.158264 389.984711 
158.829666 396.187866 
535.632324 307.560699 
163.245468 391.380615 
201.333313 350.262390 
160.345123 395.225372 
169.977524 350.174988 
201.282669 375.245148 
458.237488 272.069641 
197.184402 257.421356 
279.363434 358.855042 
198.509735 284.473358 
161.907791 395.606842 
558.413696 376.076324 
193.816223 354.726898 
538.814575 392.784027 
477.048706 225.815979 
485.098236 334.633820 
192.148315 354.137360 
201.888580 354.233765 
209.615204 263.466705 
171.636795 394.991089 
200.850998 297.995422 
202.363617 251.693817 
200.080215 346.461395 
544.868530 345.077454 
169.958832 376.653381 
359.179047 281.462372 
524.361450 228.061569 
196.869995 287.657501 
490.087280 278.698853 
360.646637 203.801315 
542.838684 229.676620 
480.406738 282.743805 
493.195679 335.871918 
278.660339 356.914581 
528.193359 308.473206 
168.572586 376.126648 
173.089111 396.060486 
461.989990 283.880219 
175.502731 381.847687 
167.028854 374.535309 
190.591644 354.470978 
447.992340 345.598450 
350.989594 193.332977 
200.052658 351.488525 
547.741821 328.474060 
453.488281 280.163544 
163.909729 369.471100 
199.626495 373.185028 
530.053833 269.188812 
293.838654 356.901581 
540.970825 345.080536 
462.534180 346.868927 
545.198608 292.697449 
174.419403 345.434204 
171.577621 379.685272 
179.221786 359.498108 
477.754333 288.252106 
302.385498 383.952545 
462.701599 389.266815 
191.100616 354.087341 
174.182266 376.029114 
493.226562 282.593628 
493.738495 282.562714 
493.691772 282.230225 
496.788574 291.432190 
464.487915 284.557831 
160.827820 381.101807 
179.408066 353.061859 
525.289490 329.960663 
477.999786 287.720093 
160.423859 380.283936 
208.831757 264.638397 
581.368042 231.676773 
533.523865 307.657440 
157.012070 387.452881 
302.966125 384.556915 
194.720718 265.985870 
194.546417 265.415344 
454.161621 293.757721 
173.082108 390.358002 
178.155548 360.511444 
160.151596 387.487640 
200.285370 356.698517 
186.762543 350.413666 
536.987244 307.300537 
459.156311 312.292664 
177.418442 360.858734 
546.609192 302.119934 
198.043503 253.709579 
203.858719 250.371140 
203.093811 250.644318 
477.996124 282.977570 
478.343048 282.956635 
519.693420 227.801132 
180.794983 350.023132 
192.884583 387.481995 
539.145569 289.658173 
498.406921 328.166870 
208.447617 379.361450 
202.429230 384.633728 
365.021667 193.103058 
561.391541 380.204620 
185.172913 350.618103 
362.448975 202.785675 
484.659363 278.271454 
303.551971 382.685303 
469.259705 269.627106 
296.899780 300.271332 
266.388153 419.723541 
208.459732 374.194183 
524.078674 283.131042 
462.100830 294.873108 
156.752762 388.181458 
530.359070 270.616394 
364.309570 197.567810 
73.311050 439.890350 
532.026062 332.387939 
177.039337 351.302063 
482.353210 342.935394 
173.712006 345.247986 
543.028442 311.349976 
85.088257 353.340271 
183.804382 377.802979 
367.059875 195.885941 
265.753174 419.654785 
179.002838 364.950348 
186.348297 338.851410 
196.409622 289.873962 
196.337479 276.523071 
187.551010 344.203644 
169.273087 353.420441 
174.476807 349.716766 
521.277893 287.738129 
469.763214 270.156525 
190.838470 342.802856 
186.276199 380.225006 
359.727631 198.760193 
196.032974 370.930084 
514.676697 355.265228 
480.827911 265.544861 
211.739410 265.708649 
359.842957 206.500015 
528.551208 337.200348 
196.267441 342.129486 
449.739746 285.839966 
304.839050 376.757233 
477.752960 263.266876 
541.723694 399.872711 
186.060150 351.417023 
208.257889 260.801544 
390.725159 348.300720 
449.789673 367.648254 
176.932510 351.835083 
473.899048 301.085358 
522.541870 332.069672 
202.059738 346.940918 
460.279541 280.140533 
259.648285 213.720947 
486.332153 328.304382 
448.672821 311.609650 
519.077759 350.295258 
531.125000 335.378967 
195.909119 261.480438 
185.373810 348.322510 
457.449005 374.951508 
183.479706 343.360809 
211.637604 280.851013 
211.739471 280.157379 
521.654175 348.042450 
550.396667 349.237976 
291.455963 360.577271 
291.860840 360.849792 
209.802780 259.489807 
156.999069 300.645813 
548.110596 312.541138 
506.643402 334.260437 
519.161255 266.997955 
202.460617 345.597168 
559.052917 300.534943 
164.655273 379.780823 
552.641724 316.244537 
538.613098 288.811890 
555.471252 290.700012 
557.380615 313.975159 
172.625870 370.221771 
559.481934 296.630829 
176.212692 356.503204 
195.103592 337.777863 
177.760849 343.293030 
301.284180 343.066772 
210.760025 261.463196 
452.687103 279.085419 
191.414062 279.617004 
208.093811 283.974884 
184.602325 346.087341 
515.809387 349.456818 
515.067871 349.304108 
525.413696 337.508789 
534.635559 337.099609 
196.845337 359.792511 
277.255371 336.856079 
272.602936 215.143494 
329.975708 411.493195 
297.562469 379.483734 
514.530396 297.815033 
368.655060 194.946747 
263.872406 354.684052 
518.410645 314.693176 
547.377747 286.696747 
550.574463 314.404694 
172.903305 362.880463 
486.992340 263.576508 
447.995270 314.875092 
556.989563 316.592377 
518.357117 294.367889 
194.913788 338.580383 
548.977905 346.747040 
449.022522 311.919434 
198.793396 302.439758 
515.024719 333.234497 
553.304443 356.538239 
548.859497 383.947235 
576.719055 365.609222 
359.733185 210.484207 
495.552032 367.083832 
470.893616 272.218872 
505.661285 227.629257 
496.638458 292.655731 
207.012894 381.209381 
488.023163 334.553619 
460.824005 390.926025 
452.334412 286.276825 
540.956482 389.334015 
182.744095 339.049500 
192.294357 351.590057 
514.935181 312.957581 
273.199127 387.691528 
162.194977 258.093964 
562.974426 346.941772 
271.851074 403.388794 
157.778366 207.640167 
545.897400 315.361938 
515.455200 312.822479 
200.412537 266.300018 
520.114258 266.452606 
203.767548 380.091431 
203.172989 380.504730 
313.848724 380.366699 
155.944214 388.196075 
451.936371 386.173920 
451.690521 386.103485 
490.830627 309.933472 
195.391769 281.940857 
197.124451 289.713379 
489.460846 297.373260 
507.146576 368.876740 
501.183105 359.122498 
270.645325 386.012085 
482.074890 332.348633 
567.938171 380.690063 
271.421143 405.232269 
556.884705 317.222900 
284.692566 314.142059 
514.054932 227.733063 
560.171204 380.292999 
467.869904 279.556061 
467.018433 286.964874 
528.584778 333.499786 
501.032990 332.473358 
197.552124 359.992523 
555.299744 330.196533 
185.250427 402.430756 
460.522552 278.664246 
461.120819 389.296661 
201.786728 336.422485 
558.116577 322.292480 
467.381409 301.939606 
509.460083 268.605713 
478.164337 292.183441 
207.855713 272.154144 
474.121368 295.375366 
565.744873 324.374298 
503.416656 302.529114 
514.551636 305.240082 
541.819519 388.480530 
506.321259 333.776276 
515.873230 307.686890 
479.054901 292.332031 
488.698273 304.384155 
138.638763 206.981781 
195.587753 304.932343 
195.989532 304.487701 
332.521667 422.342896 
510.019135 264.681396 
448.873016 307.497253 
484.635132 335.609222 
462.659210 272.822968 
520.489319 312.060913 
196.355286 258.197662 
366.937500 203.012894 
198.701157 252.965958 
282.230713 397.554718 
176.060760 364.254974 
254.870300 292.937744 
527.580688 306.266083 
570.059265 310.555939 
49.399094 201.638535 
201.526642 429.741425 
502.686035 324.949341 
451.870667 430.174744 
289.791473 319.039124 
184.491959 334.448120 
558.245239 305.731476 
553.408020 316.637115 
570.937500 377.076233 
570.937500 377.076233 
221.701996 279.322998 
524.711243 307.460297 
157.011246 300.340118 
521.813843 325.134918 
272.170898 338.729584 
272.195892 338.123199 
281.733368 393.495026 
295.843689 308.087433 
363.162964 205.974564 
522.477966 330.620667 
485.729736 315.459747 
518.677429 324.513702 
312.858368 390.075867 
195.042206 401.890198 
578.995056 333.696899 
516.271729 307.000885 
453.224670 387.675110 
178.037811 264.899841 
178.492279 264.390869 
521.714905 370.648193 
540.975342 329.908325 
198.803955 391.750549 
441.052887 324.908142 
305.816620 202.085938 
389.037689 348.524292 
555.930237 394.466492 
204.225266 300.773621 
450.235565 309.449524 
264.688568 358.433502 
285.931610 360.696991 
309.073151 202.467117 
263.559875 353.434570 
512.198730 302.841400 
502.249542 323.968506 
296.255585 430.913391 
485.893829 267.233704 
541.859009 395.301849 
320.858948 214.290421 
487.581360 398.584991 
548.755554 313.117950 
571.385620 375.599854 
168.495102 382.492676 
572.083191 300.782593 
392.231140 352.359894 
498.528412 314.649719 
199.487564 306.960999 
261.916199 297.711670 
499.619965 320.581146 
509.629150 266.972565 
439.632355 333.567688 
454.228973 342.563385 
275.041779 339.700165 
494.741730 272.743286 
500.909607 322.078278 
266.347992 329.140106 
507.034668 301.998077 
181.080353 400.959503 
273.557129 412.606506 
477.282532 386.552673 
512.967896 369.261597 
269.481415 325.801392 
180.610840 396.054596 
441.251495 323.943268 
455.068207 342.446716 
86.982155 423.640289 
209.589966 420.424896 
327.231140 406.795563 
163.334000 278.401306 
474.766357 351.184387 
562.428528 344.024872 
562.259949 344.792511 
448.539886 382.464722 
263.562897 352.746063 
510.572418 333.098267 
499.319489 323.631927 
534.549194 329.336273 
303.061859 374.894043 
288.611359 386.222809 
316.424469 321.664734 
257.503571 265.589172 
452.572968 306.987457 
201.955811 430.920227 
568.023193 313.103760 
280.700745 342.307861 
534.361267 330.081726 
355.964935 210.166534 
279.599792 338.320068 
179.912018 393.532990 
309.367981 198.391495 
470.403229 296.697723 
468.205139 313.451752 
513.681946 315.752075 
470.068878 304.825745 
470.155945 304.150879 
195.504593 322.834503 
563.814270 381.771240 
202.793594 430.201752 
203.727066 297.429047 
312.676270 216.725601 
474.036407 304.229034 
498.584503 311.097015 
466.472961 316.522003 
299.435486 433.082214 
549.998108 382.531158 
195.273880 398.559998 
202.160141 341.720398 
186.935898 335.294678 
457.026154 276.129120 
457.787231 276.459534 
446.377167 312.300629 
194.754288 258.837006 
510.776062 271.176941 
461.089996 390.836792 
475.254456 386.338928 
517.467224 320.901947 
186.931931 337.723816 
299.879425 372.439148 
296.716064 309.901398 
197.434952 298.728546 
453.886230 313.093323 
311.385437 391.512451 
213.559555 296.116730 
206.539841 253.316330 
519.201660 314.002838 
572.695068 324.107269 
465.602142 296.245972 
465.081177 296.840515 
209.743393 269.855560 
209.038452 269.856384 
213.245132 342.539124 
514.224548 280.379608 
300.291931 372.402863 
320.927490 223.781845 
333.292114 421.455170 
561.728699 322.653961 
178.558807 403.528168 
280.509460 338.538574 
524.702271 263.425262 
509.277832 348.205536 
509.889465 348.201660 
315.694305 325.307129 
263.045868 324.102814 
291.584259 215.609833 
459.466431 297.095734 
193.315857 334.868958 
288.076385 324.305969 
539.075989 269.316986 
539.075989 269.316986 
278.127197 391.002258 
190.361221 388.850861 
94.140450 449.884033 
289.819122 240.111160 
204.296188 296.565155 
494.224548 299.526001 
494.784760 299.830414 
285.012909 402.313507 
471.264404 354.164520 
306.924774 201.599106 
582.487061 356.526642 
523.782837 326.378265 
179.355804 410.265076 
122.519402 445.117096 
464.935486 315.241455 
290.680328 215.710876 
542.795898 290.435638 
453.839203 322.093750 
177.674316 414.385742 
482.510895 343.609894 
470.793762 353.647064 
584.738770 337.865021 
520.358765 306.772552 
434.849060 362.149506 
203.131088 341.229279 
256.227417 297.765015 
482.918396 386.171448 
483.776428 297.085144 
193.090088 278.128113 
211.249359 277.259979 
361.970825 282.961395 
322.232208 439.788818 
486.719543 264.110687 
594.905029 232.519562 
462.408356 314.443207 
178.578644 414.625488 
512.185120 398.725433 
560.752747 296.053986 
325.512695 315.523987 
509.953796 333.327087 
180.897537 400.162384 
339.352386 195.888489 
101.446259 442.046234 
345.556000 331.604950 
571.662415 319.818909 
395.748199 365.117493 
494.467926 399.976746 
504.141541 298.975586 
504.859497 298.310822 
214.554794 407.465332 
387.824127 344.577026 
462.619904 269.344116 
526.260803 331.862030 
255.614761 296.702026 
271.337677 410.932343 
511.768127 304.803101 
288.995392 361.093323 
437.878540 369.146790 
470.158081 303.190948 
331.843506 405.944702 
283.196686 324.972687 
518.837036 349.679932 
192.577454 277.673584 
513.533142 318.491119 
194.855255 310.794128 
326.242249 316.422302 
195.595612 386.532471 
195.243118 386.197174 
207.616882 425.186951 
464.430786 319.227570 
494.503082 308.622070 
163.884628 258.304474 
357.260345 292.783173 
185.385498 303.293243 
481.349854 331.716522 
481.517792 331.256134 
213.455841 356.465485 
195.296082 294.608124 
376.569946 286.120117 
269.946106 297.108307 
175.775696 263.662720 
567.878845 328.529175 
433.343628 361.052307 
319.551178 426.731506 
571.215515 340.807800 
541.649414 397.372406 
272.700836 393.736053 
169.212494 249.745560 
517.132935 396.834839 
332.944672 411.514008 
332.801910 411.054047 
267.323853 297.677490 
332.402893 414.422760 
515.264465 354.914703 
285.117981 391.818054 
265.282379 294.911743 
436.691467 364.147919 
235.315353 268.818359 
191.929260 397.405365 
188.026352 411.415131 
71.133209 433.812592 
502.657562 254.309906 
169.044754 310.329712 
287.635406 397.298431 
159.730469 304.958466 
184.167877 411.283752 
304.272308 259.718628 
317.529205 438.264343 
320.853699 440.602478 
282.059631 322.392487 
457.051300 330.355560 
202.110046 332.266571 
185.732254 333.145477 
177.124054 268.703888 
213.827927 341.977936 
136.782425 453.367249 
497.760468 259.411041 
498.468292 313.247833 
177.996399 391.154114 
254.847610 296.306915 
289.377197 324.677979 
299.128632 395.387878 
165.345901 254.273209 
306.122528 383.709808 
292.982513 319.882507 
580.440186 351.613251 
274.996063 340.355743 
105.562988 419.477081 
214.700989 417.165466 
325.435455 327.725830 
290.874329 362.101471 
294.061462 320.415741 
139.069458 421.967621 
456.320587 311.359680 
299.591553 318.963135 
502.771088 359.404449 
403.268372 286.543488 
306.463654 372.563263 
480.614899 295.508026 
441.576202 325.631622 
491.339050 298.349640 
506.692047 315.524017 
283.558105 284.576019 
249.381805 333.310455 
136.266876 424.822479 
294.294678 426.527710 
287.227783 419.822113 
554.730469 229.782669 
543.391968 385.752625 
136.399475 425.475098 
208.599670 414.559601 
167.135605 299.416718 
327.201660 402.569733 
209.108170 414.135101 
322.502716 438.021240 
322.502716 438.021240 
532.497559 307.673096 
160.485764 309.705933 
210.740921 376.483551 
545.264709 389.454437 
559.704834 321.954803 
575.864685 307.943573 
440.370941 334.175507 
162.554840 207.805939 
315.614746 305.908264 
332.484070 221.821442 
181.750580 410.411835 
581.405823 351.928497 
331.777313 197.267883 
269.477570 290.306305 
303.494263 392.783783 
276.867004 343.953705 
557.849243 391.742737 
189.001144 396.599426 
474.436798 321.238678 
477.312103 322.228333 
93.227867 450.101532 
178.483704 417.453949 
333.719757 403.121338 
197.357285 423.126007 
363.733704 220.189041 
266.750610 364.840179 
280.627563 350.480499 
442.583282 23.108503 
499.791748 299.755981 
190.876373 326.326599 
385.153229 364.441833 
190.028885 393.956909 
502.801239 303.006897 
543.422668 390.355499 
323.928558 437.169678 
325.406158 223.706680 
57.039146 201.771988 
389.279327 345.645355 
270.471191 413.089661 
266.129883 365.330811 
271.309570 290.744659 
351.029694 215.364517 
212.271072 284.331146 
137.051910 453.875793 
565.120789 309.982361 
473.922363 320.152893 
189.035736 408.461060 
300.743073 404.350800 
214.522583 387.401184 
214.958603 414.549103 
322.743042 211.819534 
561.933228 378.480377 
92.865646 203.878372 
263.450470 328.985168 
464.706879 336.633240 
292.532990 324.062286 
298.678955 397.948364 
541.272949 403.735229 
284.593933 339.160004 
456.565735 295.529541 
316.083160 300.957153 
447.289856 317.134735 
314.277557 298.756317 
286.906677 419.195740 
216.024338 341.983063 
280.642456 351.040771 
264.395050 320.882385 
312.642639 433.740997 
312.575348 433.108093 
500.619720 305.240814 
183.512589 335.194336 
448.397797 298.738068 
265.733582 300.721344 
161.971680 207.934555 
553.520081 391.185333 
363.438477 192.878647 
243.246964 268.896545 
461.645782 311.371552 
319.299957 219.564270 
429.843414 347.948853 
299.498810 432.951935 
186.583939 393.278198 
277.000549 288.033264 
501.032593 299.844025 
321.310455 218.747070 
479.876190 399.671783 
489.402588 303.076050 
264.036102 318.581207 
183.076126 414.700531 
183.265244 414.157593 
537.761108 309.063141 
107.780365 415.767090 
297.931244 303.176758 
517.793884 338.445709 
236.276718 295.845520 
554.465637 293.059845 
143.767914 452.611481 
251.220215 333.195404 
124.783806 421.554718 
241.189438 347.787079 
456.180206 296.611328 
179.347992 390.358124 
190.885788 368.159210 
306.653809 348.085876 
285.558502 340.716431 
581.761292 364.646423 
310.793060 442.004639 
204.595459 327.896881 
300.393951 298.153351 
269.801544 408.481781 
172.895874 399.676056 
502.266144 299.929718 
292.909515 235.315582 
366.843384 200.945435 
308.748901 352.003510 
146.904221 207.467468 
481.418854 394.304474 
319.632202 398.349213 
429.161072 348.395569 
196.027237 321.232452 
223.793396 282.388855 
381.448608 16.085155 
138.920944 449.252869 
372.859070 438.753754 
354.078949 213.683594 
242.200409 267.745758 
196.119431 423.509308 
125.606995 430.824738 
346.152222 28.241970 
477.561066 400.109558 
333.923065 396.482208 
265.952911 288.692596 
284.879242 343.579193 
308.067291 439.754364 
195.526535 432.585663 
474.885437 353.741058 
334.167511 395.467773 
169.511398 253.709763 
144.908279 452.366669 
474.367645 387.665833 
268.417328 290.666290 
198.588745 434.691010 
484.477295 400.278473 
171.487595 304.300354 
183.013611 407.979828 
523.500122 263.011658 
332.099182 416.306732 
480.328644 390.466766 
480.584259 390.971680 
314.344727 206.209061 
169.848358 313.273499 
481.346436 390.984283 
293.556274 392.784668 
498.572784 403.195923 
416.637878 308.065582 
416.586273 308.204834 
474.362030 427.629395 
299.316589 368.779327 
300.044861 408.341003 
186.152847 414.383911 
307.359253 370.434509 
269.088470 300.470184 
280.869049 315.357422 
314.277802 299.474457 
253.275955 338.047882 
222.123428 270.703125 
290.413452 413.067474 
451.189453 314.228241 
345.714081 195.919144 
256.842041 326.984558 
492.382843 401.500732 
537.020874 405.409760 
309.836761 440.233490 
254.765427 321.425476 
270.057617 293.641144 
270.766876 293.853149 
324.038208 219.097580 
273.768005 308.895020 
442.943817 325.905212 
297.692444 318.352325 
135.817154 425.652039 
99.179321 449.021729 
257.303619 266.712982 
301.795898 405.706451 
299.652802 401.885590 
312.036591 302.144135 
116.671814 432.955872 
201.580658 307.229980 
201.131287 307.597595 
332.800995 313.102264 
307.688324 296.655243 
213.882736 444.618164 
490.291565 324.301453 
470.465546 265.535034 
275.723419 316.765076 
247.915955 280.966248 
227.959442 274.280640 
227.998886 274.992035 
270.033539 416.565704 
192.358047 401.524689 
148.703903 441.921143 
320.191071 221.153259 
304.062836 370.836365 
286.118561 340.096344 
360.742859 282.296753 
254.039825 267.633850 
299.484833 304.955994 
87.661926 450.504913 
321.726318 206.732849 
276.464691 395.940552 
283.620392 265.348602 
319.788513 441.440308 
269.561829 385.259186 
166.325424 339.046387 
152.760437 450.591675 
152.417679 450.531830 
217.072968 284.205719 
226.054779 276.532104 
326.782715 208.350510 
315.921814 301.940887 
282.542969 413.592377 
479.330475 327.188324 
253.330185 293.602478 
286.161072 311.822052 
302.918884 434.837677 
297.507965 248.573486 
523.796631 312.501801 
275.134735 410.469666 
277.507690 395.894714 
277.541168 395.987305 
523.190918 409.424469 
191.887314 322.429291 
194.364914 426.563934 
535.370117 267.639801 
328.318420 320.452087 
214.029007 444.993988 
93.765846 204.160385 
495.305328 405.371582 
193.027039 313.052979 
249.146561 280.756287 
383.222839 292.896729 
325.016083 314.775299 
186.687515 410.716522 
430.928162 365.284393 
356.470459 279.721924 
162.623062 352.046753 
140.821381 439.412903 
189.755585 324.101044 
182.870926 300.263428 
289.577972 293.997711 
192.063553 403.168976 
516.849426 310.924561 
170.986099 300.907043 
194.149384 417.139954 
300.866455 393.436462 
286.797485 332.866150 
443.885986 294.760956 
134.924637 449.987000 
129.646439 453.991180 
485.610596 300.746155 
298.501953 369.856262 
306.631317 439.629333 
298.278625 247.830750 
169.105042 251.152176 
146.688889 445.676025 
177.223557 259.137817 
191.778580 310.178650 
320.012054 437.942322 
189.923172 209.850204 
181.054855 288.486237 
317.283112 295.867432 
533.997437 433.497101 
211.130768 285.344818 
287.962921 291.435059 
470.635681 323.566223 
316.055908 24.558363 
306.863464 379.436829 
278.073425 317.581116 
293.947510 416.522369 
197.991074 404.327301 
204.533768 330.653076 
168.018875 303.080902 
362.989655 220.374298 
354.470123 214.270065 
305.330627 428.214142 
102.206055 441.702515 
325.687042 396.964935 
150.732254 446.603638 
172.496490 307.581970 
307.856873 384.944977 
296.039551 295.662750 
287.513031 295.920502 
354.296661 212.637711 
330.148621 220.912628 
296.718994 312.426849 
429.193329 21.030390 
333.879333 225.136627 
443.615570 272.108002 
287.248627 333.433868 
153.607513 451.019928 
308.396729 296.834686 
238.305923 337.960663 
206.395432 329.689331 
569.143860 327.323059 
269.146790 391.533875 
265.871216 310.962708 
491.515015 401.419373 
223.064362 443.149902 
80.888748 429.683472 
219.168365 282.716858 
69.326477 423.874847 
209.050186 409.428192 
367.910828 372.562012 
134.699310 452.405731 
166.450623 338.339783 
164.502243 291.950409 
160.496109 423.018097 
134.146698 450.464935 
161.850586 423.576324 
134.147903 429.569672 
134.479172 429.011108 
145.994873 442.248138 
208.832123 309.789978 
280.643250 329.541107 
501.470917 404.573090 
244.852631 280.144897 
146.080673 441.549683 
274.223297 359.796112 
368.543579 374.070892 
308.165558 428.338593 
285.704681 325.407593 
362.307587 283.370697 
