977
186.154709 367.767670 
413.035431 338.772675 
184.178162 349.486420 
187.215317 338.966187 
201.664825 348.375214 
428.769196 347.787415 
184.178162 349.486420 
173.728989 366.171326 
197.815506 363.250122 
183.652252 371.395782 
177.805054 365.705933 
428.923462 306.040161 
182.739197 349.865082 
178.268524 347.407227 
165.779068 369.409668 
502.476379 371.687653 
181.336624 347.559113 
182.258972 369.485657 
199.800491 344.640381 
169.617722 360.882935 
436.324585 332.412811 
174.319092 345.404236 
200.349869 341.997925 
412.750519 338.722015 
169.288483 265.274109 
277.678558 350.967316 
162.640854 376.024567 
264.861969 350.655853 
445.829376 288.414093 
445.829376 288.414093 
445.829376 288.414093 
418.149719 282.717285 
200.349869 341.997925 
165.849319 381.937164 
403.558289 322.473877 
199.107727 297.073181 
175.560898 368.853790 
186.063904 341.212769 
467.815918 312.037109 
500.939697 319.875671 
445.236755 333.726440 
173.728989 366.171326 
165.849319 381.937164 
196.756119 380.067505 
432.932648 378.531311 
417.731537 312.568542 
407.918427 316.317780 
385.712250 54.699799 
499.256287 381.951630 
199.107727 297.073181 
460.132507 277.496704 
165.849319 381.937164 
169.288483 265.274109 
197.277451 348.658569 
196.655563 352.353668 
424.715210 336.166412 
188.094803 335.154510 
289.423584 219.510529 
425.937103 315.028351 
503.241547 370.372772 
189.121872 383.425415 
502.476379 371.687653 
186.063904 341.212769 
171.748703 364.697144 
510.705200 330.524109 
165.307083 375.444214 
182.739197 349.865082 
500.390076 297.503082 
165.849319 381.937164 
117.248398 407.460571 
255.384537 301.208893 
451.250427 321.268219 
385.712250 54.699799 
196.591934 302.138733 
196.655563 352.353668 
457.029877 303.100861 
288.774811 349.655457 
261.169830 310.364655 
288.677185 374.659851 
196.655563 352.353668 
479.950531 322.858429 
187.215317 338.966187 
466.352600 313.198486 
206.661530 269.132629 
501.315826 298.205872 
300.876587 367.998169 
191.253754 223.570358 
487.734222 310.562561 
428.022583 278.207306 
178.334183 344.096588 
340.960358 221.134766 
406.201660 312.763336 
418.500183 341.974396 
385.712250 54.699799 
461.386749 279.186646 
412.990234 376.504059 
412.990234 376.504059 
178.268524 347.407227 
191.152725 347.608917 
165.285507 380.758362 
511.864868 367.939301 
191.358322 375.998596 
289.423584 219.510529 
415.457306 378.891418 
182.739197 349.865082 
208.111237 274.053436 
196.970612 294.099121 
428.022583 278.207306 
208.111237 274.053436 
288.774811 349.655457 
165.779068 369.409668 
427.376007 277.754242 
433.781891 288.284332 
317.575226 404.401611 
483.467773 310.090546 
466.352600 313.198486 
199.107727 297.073181 
458.616791 307.043915 
457.518524 305.394684 
195.387802 283.013580 
187.210205 380.323242 
254.363983 303.028870 
171.075119 334.936218 
179.043274 346.328613 
281.859314 356.728821 
497.070465 311.990051 
175.560898 368.853790 
170.520813 335.332153 
311.673309 409.450684 
483.821991 340.154388 
257.363647 300.211365 
161.615112 375.397705 
400.369873 358.138367 
385.712250 54.699799 
497.070465 311.990051 
196.307770 266.759918 
182.660461 382.715942 
489.398987 311.321716 
461.163879 273.632416 
192.739258 284.742096 
457.029877 303.100861 
433.781891 288.284332 
191.358322 375.998596 
502.118286 297.647064 
334.757355 226.434021 
184.823212 338.218933 
255.384537 301.208893 
176.475403 381.948029 
500.939697 319.875671 
523.245178 334.918274 
264.861969 350.655853 
191.152725 347.608917 
505.559143 319.251831 
461.163879 273.632416 
192.739258 284.742096 
168.493698 318.720184 
198.381058 377.565918 
446.207245 358.853760 
206.661530 269.132629 
309.365540 218.123001 
467.815918 312.037109 
458.616791 307.043915 
303.615234 227.509583 
260.100769 357.755524 
419.121277 379.306702 
483.467773 310.090546 
432.603149 293.725128 
204.829971 280.363892 
204.829971 280.363892 
502.159271 367.934204 
486.459076 330.903076 
432.603149 293.725128 
302.515930 238.230362 
254.573746 312.068268 
441.306213 331.813416 
287.409790 369.118439 
191.152725 347.608917 
178.185532 266.935638 
457.518524 305.394684 
494.000885 317.870209 
300.558533 217.646652 
461.163879 273.632416 
499.081207 321.290741 
451.250427 321.268219 
175.618118 385.430328 
260.731262 398.691498 
451.250427 321.268219 
430.493011 380.340240 
186.063904 341.212769 
456.535065 302.109741 
491.098480 315.243927 
500.262451 381.445068 
189.510010 287.279541 
178.393402 343.530640 
461.008972 276.134979 
451.250427 321.268219 
288.298584 361.980469 
499.081207 321.290741 
433.781891 288.284332 
270.900513 336.467682 
427.376007 277.754242 
243.798782 332.809601 
481.770142 310.450317 
407.918427 316.317780 
300.558533 217.646652 
434.979919 378.605072 
178.393402 343.530640 
441.653290 272.658295 
491.054474 381.044495 
257.695282 323.734497 
407.603973 317.037231 
451.250427 321.268219 
434.501465 271.718994 
271.022156 336.634705 
403.558289 322.473877 
183.652252 371.395782 
433.781891 288.284332 
409.726685 360.466095 
385.712250 54.699799 
113.002151 404.743256 
284.911011 365.225464 
498.854095 366.959137 
461.163879 273.632416 
187.215317 338.966187 
451.250427 321.268219 
279.536530 309.977814 
288.298584 361.980469 
260.859375 334.879730 
260.859375 334.879730 
445.829376 288.414093 
175.560898 368.853790 
479.950531 322.858429 
311.673309 409.450684 
192.359055 345.759277 
284.911011 365.225464 
190.987488 358.940369 
456.535065 302.109741 
398.547455 356.481140 
197.423248 335.662231 
262.845947 355.159760 
337.783112 211.437134 
270.717834 353.690491 
241.360321 325.929138 
182.660461 382.715942 
438.458649 284.351074 
456.535065 302.109741 
184.857529 376.186493 
499.403351 375.039673 
194.939743 334.372009 
475.535553 272.046570 
320.371521 226.115524 
340.406036 214.215408 
265.138428 334.773071 
259.060944 394.009735 
199.048401 274.849274 
466.440430 308.679138 
269.655792 335.418884 
184.823212 338.218933 
425.819427 305.930054 
176.475403 381.948029 
166.361938 303.457458 
311.837219 239.484070 
411.031677 290.768677 
477.760498 311.346436 
483.821991 340.154388 
511.754272 314.379211 
272.243652 258.237183 
259.060944 394.009735 
158.306229 338.684357 
182.660461 382.715942 
199.319733 308.943054 
199.319733 308.943054 
414.807709 300.581848 
289.423584 219.510529 
407.918427 316.317780 
479.950531 322.858429 
247.864624 273.973206 
191.152725 347.608917 
308.537415 227.011688 
227.100433 334.891479 
504.308899 308.216675 
184.178162 349.486420 
428.769196 347.787415 
301.790283 234.858337 
409.266357 312.905243 
481.770142 310.450317 
288.298584 361.980469 
178.951416 340.868164 
197.815506 363.250122 
302.515930 238.230362 
252.586304 320.266205 
491.174133 372.790894 
300.876587 367.998169 
252.586304 320.266205 
198.973022 345.575409 
173.641052 347.043823 
334.757355 226.434021 
460.490143 387.148499 
465.454590 384.724792 
469.708618 239.157104 
458.475983 331.070953 
456.535065 302.109741 
272.241180 331.263580 
501.885101 339.714661 
501.885101 339.714661 
193.433334 344.521240 
432.932648 378.531311 
432.932648 378.531311 
281.859314 356.728821 
499.256287 381.951630 
337.999176 215.618011 
162.470367 303.412811 
192.479218 386.456238 
287.409790 369.118439 
486.977264 382.875549 
291.113251 347.428741 
196.970612 294.099121 
201.045715 369.382599 
201.045715 369.382599 
183.696732 347.972687 
511.754272 314.379211 
461.163879 273.632416 
497.618500 294.880951 
490.744049 291.392944 
456.535065 302.109741 
451.250427 321.268219 
475.907867 329.657166 
457.029877 303.100861 
303.023834 232.563980 
271.022156 336.634705 
196.307770 266.759918 
400.369873 358.138367 
438.648010 326.623016 
511.754272 314.379211 
192.359055 345.759277 
195.387802 283.013580 
340.406036 214.215408 
191.735382 388.760559 
456.535065 302.109741 
456.535065 302.109741 
176.475403 381.948029 
310.764771 394.304260 
460.371094 316.288513 
197.060059 302.997040 
479.950531 322.858429 
259.912872 227.606003 
342.231201 213.300476 
198.025604 308.770508 
469.708618 239.157104 
262.935455 337.687927 
502.159271 367.934204 
196.307770 266.759918 
196.307770 266.759918 
194.438126 278.128845 
194.438126 278.128845 
405.133057 298.569641 
275.693817 353.590424 
275.693817 353.590424 
261.833984 317.364563 
199.800491 344.640381 
413.102997 297.601074 
426.006561 377.510590 
320.739014 213.117905 
461.204956 344.418304 
188.094803 335.154510 
440.475555 306.826324 
461.163879 273.632416 
258.334442 350.768860 
428.022583 278.207306 
494.293762 348.068695 
197.815506 363.250122 
282.579315 324.613770 
259.292450 295.424835 
208.111237 274.053436 
189.565552 368.348969 
191.253754 223.570358 
197.815506 363.250122 
500.211731 341.026123 
441.768829 324.403595 
469.708618 239.157104 
452.068512 305.671906 
452.068512 305.671906 
418.500183 341.974396 
290.977478 421.825806 
204.829971 280.363892 
491.174133 372.790894 
269.655792 335.418884 
270.900513 336.467682 
299.891266 273.301971 
299.891266 273.301971 
439.763855 393.504852 
165.285507 380.758362 
511.864868 367.939301 
186.063904 341.212769 
329.693512 231.069504 
193.039459 386.701599 
504.937408 373.127747 
444.805145 269.864136 
445.430176 287.765991 
340.491730 218.829987 
411.600433 374.729675 
414.807709 300.581848 
280.232605 303.711243 
194.918121 298.453278 
443.954468 301.783173 
508.599213 312.586945 
185.864410 386.150482 
285.205780 314.575348 
257.695282 323.734497 
445.829376 288.414093 
179.371628 276.714111 
421.236877 315.211731 
425.937103 315.028351 
172.569305 371.149780 
456.535065 302.109741 
281.450592 318.484467 
438.458649 284.351074 
269.655792 335.418884 
260.417572 377.676025 
282.090515 415.242035 
241.648102 317.720062 
265.996033 335.146729 
308.441254 379.950775 
407.918427 316.317780 
482.710785 311.021271 
427.402618 304.978210 
494.000885 317.870209 
284.436707 317.412140 
498.778320 385.774536 
456.753876 342.694550 
505.559143 319.251831 
440.255249 391.335541 
265.996033 335.146729 
418.936157 304.716309 
290.977478 421.825806 
264.127960 317.860077 
510.705200 330.524109 
196.307770 266.759918 
504.308899 308.216675 
385.712250 54.699799 
503.019165 318.376007 
496.147797 345.019714 
443.954468 301.783173 
169.288483 265.274109 
178.054718 351.276917 
272.241180 331.263580 
362.898193 345.068176 
288.298584 361.980469 
438.458649 284.351074 
204.343750 368.923828 
204.343750 368.923828 
191.735382 388.760559 
477.760498 311.346436 
438.833832 396.543976 
195.242554 307.916779 
195.242554 307.916779 
247.151825 332.353333 
329.693512 231.069504 
416.166931 300.373840 
188.094803 335.154510 
466.440430 308.679138 
282.090515 415.242035 
479.950531 322.858429 
328.694641 227.891693 
201.034210 337.351471 
251.839539 344.942566 
421.833954 316.420593 
196.307770 266.759918 
100.980408 410.646210 
334.168121 223.272842 
112.294022 429.147736 
167.597809 346.024902 
230.721588 335.973999 
478.170319 327.293335 
358.033142 340.755859 
483.467773 310.090546 
507.267059 327.388855 
296.373505 236.564713 
303.023834 232.563980 
192.479218 386.456238 
288.179718 406.827209 
282.579315 324.613770 
451.250427 321.268219 
290.977478 421.825806 
483.821991 340.154388 
261.968842 393.047852 
196.591934 302.138733 
425.937103 315.028351 
164.669403 314.409515 
461.163879 273.632416 
491.119385 314.524963 
257.363647 300.211365 
257.363647 300.211365 
232.374161 340.966797 
475.804108 310.020447 
243.798782 332.809601 
199.048401 274.849274 
481.770142 310.450317 
185.864410 386.150482 
305.443512 324.920288 
305.443512 324.920288 
175.560898 368.853790 
511.864868 367.939301 
503.236115 368.371887 
209.467331 392.201416 
285.325378 343.934357 
440.475555 306.826324 
226.098938 345.630890 
438.648010 326.623016 
425.951324 348.497681 
209.467331 392.201416 
433.420105 386.979614 
473.632355 395.338104 
431.935913 282.108337 
438.458649 284.351074 
418.815125 372.162659 
197.423248 335.662231 
434.979919 378.605072 
361.495605 345.526154 
288.774811 349.655457 
362.898193 345.068176 
279.536530 309.977814 
285.325378 343.934357 
438.648010 326.623016 
307.082153 227.119583 
165.779068 369.409668 
500.939697 319.875671 
288.104706 370.050659 
389.025696 297.506165 
392.781769 346.864105 
92.755562 217.714737 
469.708618 239.157104 
299.514618 372.203400 
196.307770 266.759918 
196.307770 266.759918 
284.196289 290.746002 
507.267059 327.388855 
193.039459 386.701599 
495.011200 369.611206 
168.478333 332.971405 
428.022583 278.207306 
294.192047 425.607605 
406.201660 312.763336 
421.833954 316.420593 
103.811859 430.430573 
257.695282 323.734497 
428.735046 345.021484 
302.027069 420.112671 
334.168121 223.272842 
364.689117 52.452065 
274.923401 298.061249 
206.661530 269.132629 
243.798782 332.809601 
486.445831 384.833557 
240.315735 334.078308 
288.677185 374.659851 
162.470367 303.412811 
252.101791 341.154572 
424.715210 336.166412 
334.168121 223.272842 
197.815506 363.250122 
310.764771 394.304260 
309.521667 398.266510 
206.650116 399.456207 
230.721588 335.973999 
408.233002 303.149323 
168.493698 318.720184 
475.804108 310.020447 
392.781769 346.864105 
436.324585 332.412811 
469.708618 239.157104 
303.771606 270.980072 
271.280945 383.933014 
272.506866 322.657684 
412.182800 290.859497 
320.739014 213.117905 
241.648102 317.720062 
193.755081 312.908844 
453.878052 350.894165 
500.211731 341.026123 
425.937103 315.028351 
479.950531 322.858429 
310.764771 394.304260 
310.764771 394.304260 
189.510010 287.279541 
508.599213 312.586945 
321.222168 328.834503 
92.779526 441.084106 
439.695831 300.476868 
418.815125 372.162659 
303.023834 232.563980 
241.360321 325.929138 
204.343750 368.923828 
272.268921 404.419586 
437.096802 387.504303 
317.439392 341.035431 
361.495605 345.526154 
309.521667 398.266510 
166.361938 303.457458 
484.861053 391.972656 
402.828308 323.247620 
503.241547 370.372772 
257.363647 300.211365 
288.179718 406.827209 
425.819427 305.930054 
425.819427 305.930054 
197.609573 320.920593 
262.708862 419.544403 
334.168121 223.272842 
433.420105 386.979614 
522.853455 344.958862 
407.603973 317.037231 
309.365540 218.123001 
309.365540 218.123001 
188.615997 324.135040 
266.206726 414.044159 
283.886322 363.541260 
302.491089 404.457611 
445.940674 386.893585 
301.790283 234.858337 
498.778320 385.774536 
498.778320 385.774536 
241.648102 317.720062 
309.365540 218.123001 
469.708618 239.157104 
275.693817 353.590424 
504.308899 308.216675 
209.467331 392.201416 
209.467331 392.201416 
432.932648 378.531311 
448.977722 355.686127 
279.108734 422.486633 
287.519897 415.489166 
200.349869 341.997925 
147.814728 221.606369 
461.386749 279.186646 
306.772186 265.066772 
199.048401 274.849274 
281.450592 318.484467 
425.937103 315.028351 
403.453003 299.734406 
444.805145 269.864136 
175.720230 305.460907 
281.223633 421.886536 
168.312439 290.269135 
196.591934 302.138733 
328.059448 337.184753 
481.770142 310.450317 
439.695831 300.476868 
308.537415 227.011688 
287.928375 412.150970 
260.859375 334.879730 
443.954468 301.783173 
531.539795 242.164902 
275.693817 353.590424 
301.431183 410.924103 
424.715210 336.166412 
424.715210 336.166412 
272.243652 258.237183 
428.735046 345.021484 
226.098938 345.630890 
288.104706 370.050659 
304.187744 316.231110 
308.537415 227.011688 
257.695282 323.734497 
306.530457 318.438416 
424.744324 362.431122 
98.882172 412.580872 
415.811829 293.135162 
174.960098 302.449127 
285.325378 343.934357 
306.225433 392.591736 
225.187714 345.505310 
440.933472 385.850494 
456.753876 342.694550 
306.351135 386.052917 
281.701630 251.664230 
411.600433 374.729675 
483.821991 340.154388 
424.715210 336.166412 
180.963058 391.899963 
250.265320 329.368164 
288.298584 361.980469 
178.896408 268.144165 
183.136917 386.508911 
166.140762 323.346893 
311.976990 236.263336 
266.206726 414.044159 
278.562439 405.508179 
450.192566 330.120117 
461.204956 344.418304 
267.254120 401.009521 
428.923462 306.040161 
412.182800 290.859497 
480.831085 393.438446 
209.467331 392.201416 
450.192566 330.120117 
282.822510 398.682770 
475.907867 329.657166 
446.550873 330.321747 
302.275452 385.711426 
197.423248 335.662231 
281.514679 294.914368 
287.519897 415.489166 
208.336426 285.048248 
208.336426 285.048248 
260.417572 377.676025 
477.760498 311.346436 
325.188934 361.627594 
462.064056 343.914185 
462.064056 343.914185 
328.059448 337.184753 
165.504471 323.639221 
194.939743 334.372009 
193.732544 282.454224 
299.750183 233.775650 
199.497101 309.143097 
325.188934 361.627594 
278.562439 405.508179 
199.186478 333.421967 
261.541504 288.093781 
182.660461 382.715942 
433.781891 288.284332 
191.253754 223.570358 
475.907867 329.657166 
279.108734 422.486633 
321.642639 355.468292 
108.557968 429.775391 
86.339531 447.372803 
194.438126 278.128845 
395.397888 313.676086 
262.708862 419.544403 
194.748169 320.190765 
309.365540 218.123001 
254.771729 407.079956 
164.669403 314.409515 
178.185532 266.935638 
178.185532 266.935638 
321.228363 232.962814 
270.861237 259.036316 
324.484711 297.368317 
473.050110 330.795166 
241.648102 317.720062 
510.705200 330.524109 
331.558685 301.542084 
179.787674 272.384399 
293.291962 325.658783 
303.686737 260.944061 
479.950531 322.858429 
234.450790 275.040863 
207.651245 366.269775 
280.868652 259.532532 
272.268921 404.419586 
334.973938 330.402069 
336.897522 353.111938 
302.027069 420.112671 
279.957458 313.849487 
169.288483 265.274109 
400.369873 358.138367 
284.436707 317.412140 
397.775726 360.854187 
254.771729 407.079956 
449.263947 394.119751 
282.822510 398.682770 
254.363983 303.028870 
438.648010 326.623016 
311.236359 302.331665 
117.248398 407.460571 
475.804108 310.020447 
262.708862 419.544403 
424.715210 336.166412 
308.469147 322.913086 
262.935455 337.687927 
108.557968 429.775391 
226.984253 339.530060 
332.917633 306.151978 
300.278839 272.598022 
191.253754 223.570358 
243.830536 297.885040 
311.117371 402.479553 
469.708618 239.157104 
437.547272 331.616028 
233.230392 338.581787 
263.067688 337.089050 
179.828598 317.623474 
436.324585 332.412811 
436.324585 332.412811 
191.276398 312.130707 
261.936554 378.532043 
203.497787 310.947113 
264.127960 317.860077 
312.155182 387.912048 
314.463593 337.911774 
180.407669 388.567017 
486.445831 384.833557 
298.709839 45.848225 
338.076813 310.782837 
468.237000 293.071350 
299.538940 424.212097 
340.525757 308.435181 
270.250427 424.692841 
424.715210 336.166412 
332.917633 306.151978 
332.917633 306.151978 
517.144470 329.657867 
302.027069 420.112671 
259.912872 227.606003 
196.933289 304.983063 
180.407669 388.567017 
168.448257 284.611389 
503.241547 370.372772 
288.298584 361.980469 
272.243652 258.237183 
299.885040 341.080505 
306.351135 386.052917 
180.042908 285.662537 
305.410980 310.716034 
195.019577 311.774506 
195.019577 311.774506 
481.707245 356.907776 
171.788681 222.474457 
166.140762 323.346893 
309.690765 226.970383 
262.708862 419.544403 
193.732544 282.454224 
183.562683 394.496185 
183.562683 394.496185 
181.309616 396.473999 
305.410980 310.716034 
300.876587 367.998169 
416.832550 428.414307 
200.329453 329.774170 
331.273193 296.217438 
204.001892 327.743622 
279.536530 309.977814 
283.101227 300.600433 
315.907196 339.884460 
284.157288 393.225006 
307.587738 239.307007 
498.854095 366.959137 
260.417572 377.676025 
424.715210 336.166412 
450.407562 321.506592 
192.479218 386.456238 
412.990234 376.504059 
320.739014 213.117905 
302.027069 420.112671 
302.027069 420.112671 
304.187744 316.231110 
254.573746 312.068268 
300.408875 223.788879 
167.597809 346.024902 
199.048401 274.849274 
511.864868 367.939301 
287.519897 415.489166 
309.031647 325.851990 
315.907196 339.884460 
258.305298 401.568848 
439.695831 300.476868 
326.851501 331.038422 
456.759735 312.322784 
193.732544 282.454224 
283.612732 404.026733 
243.830536 297.885040 
435.316925 299.241821 
483.467773 310.090546 
288.104706 370.050659 
361.369019 342.402039 
456.759735 312.322784 
208.336426 285.048248 
209.981110 299.930725 
182.975998 388.136749 
425.674622 414.972839 
206.683105 311.806976 
179.828598 317.623474 
283.207855 249.190567 
287.519897 415.489166 
209.463196 381.980499 
447.807892 352.181000 
184.423798 393.094452 
272.243652 258.237183 
295.533539 306.471405 
194.748169 320.190765 
196.006683 389.086609 
454.900940 396.192841 
181.010056 393.973633 
297.295074 323.772919 
311.778229 397.936920 
438.458649 284.351074 
435.290039 389.920441 
464.646576 269.354645 
334.168121 223.272842 
310.414185 333.807922 
183.136917 386.508911 
342.704834 292.041656 
269.912018 324.869690 
324.060791 230.577499 
209.463196 381.980499 
205.703888 396.934326 
257.695282 323.734497 
171.718582 302.084198 
334.168121 223.272842 
397.068787 323.582275 
296.066528 307.906006 
282.090515 415.242035 
289.403778 402.882141 
453.878052 350.894165 
294.640656 302.338318 
430.163391 303.740021 
204.001892 327.743622 
86.784607 421.597473 
240.315735 334.078308 
283.309570 255.488541 
347.939209 288.536438 
336.897522 353.111938 
334.431152 301.500671 
275.998993 405.335144 
275.998993 405.335144 
169.819031 296.276825 
263.957550 292.622284 
206.650116 399.456207 
184.664017 332.313599 
495.011200 369.611206 
404.989136 430.955292 
296.066528 307.906006 
275.998993 405.335144 
165.229279 314.315155 
447.638214 389.327637 
446.207245 358.853760 
290.934509 319.624207 
453.878052 350.894165 
308.246338 423.259735 
507.267059 327.388855 
186.640823 392.636475 
298.524506 256.461456 
293.291962 325.658783 
265.553833 356.496613 
164.669403 314.409515 
250.721191 341.467743 
441.306702 273.427124 
441.306702 273.427124 
302.027069 420.112671 
166.361938 303.457458 
195.019577 311.774506 
268.842224 300.477478 
428.411102 322.669800 
428.411102 322.669800 
251.839539 344.942566 
202.414200 326.348907 
246.855988 342.643158 
281.514679 294.914368 
283.818451 392.081696 
397.775726 360.854187 
317.439392 341.035431 
421.236877 315.211731 
252.090744 348.782135 
312.531555 305.479675 
301.275940 423.135620 
302.768738 319.595612 
250.265320 329.368164 
83.100159 413.171143 
199.048401 274.849274 
451.776917 329.634369 
244.882736 282.944031 
218.789856 275.954315 
306.441284 410.274048 
304.187744 316.231110 
436.324585 332.412811 
83.100159 413.171143 
301.855988 32.534386 
428.022583 278.207306 
401.230713 331.012512 
334.109344 357.032013 
296.983307 299.377960 
344.379822 355.224640 
282.675995 407.048187 
83.100159 413.171143 
