500
93.125542 312.620483 
43.104763 347.265991 
436.563263 178.632843 
473.853546 176.087723 
487.472534 199.996902 
530.106506 135.762344 
286.648590 109.533501 
438.998138 200.919327 
440.333740 200.796509 
299.278595 110.299019 
473.226471 191.528610 
472.971191 192.587036 
392.253265 390.279602 
462.495209 187.076187 
442.756683 209.873672 
492.143829 193.491501 
469.046783 193.166885 
248.890060 105.679253 
452.510681 184.218277 
455.625458 219.855743 
360.331085 204.406891 
234.488846 103.716522 
92.511772 313.093292 
485.265594 194.785385 
315.344543 216.925217 
484.797760 193.085327 
488.659576 197.813354 
488.975403 194.954147 
428.048187 186.232880 
476.886200 185.914627 
483.046143 210.592773 
441.131744 198.994675 
476.095398 181.783798 
424.241974 192.043777 
278.191437 204.248642 
496.137543 184.266739 
163.096436 95.963226 
422.429169 188.994843 
440.862640 201.382996 
475.469971 194.861237 
455.405304 200.519882 
459.326447 192.087021 
480.698212 198.632751 
422.377289 195.807526 
342.628479 214.159790 
311.549316 177.664429 
498.182983 310.788849 
476.079529 184.352997 
452.859650 178.872452 
484.442871 312.539062 
444.737213 196.528961 
440.915924 189.734283 
447.103516 193.067688 
342.228333 213.336273 
437.614716 186.050339 
350.660736 218.050522 
476.164917 183.115250 
483.461273 190.355270 
494.584747 183.104095 
287.881500 161.794983 
413.988464 190.716995 
262.176422 209.362427 
419.711548 201.916061 
264.771454 210.830200 
448.416779 310.961243 
482.839203 191.689438 
487.801453 307.548828 
457.462158 212.850571 
447.424133 196.111877 
445.156433 195.985825 
444.152191 217.529251 
415.893463 206.184464 
476.443207 210.209229 
265.538574 236.212158 
454.966095 201.647659 
258.718750 195.151413 
454.004517 197.295837 
429.767059 202.466522 
321.234406 336.869720 
359.670715 218.735321 
435.014587 183.570938 
436.197662 185.156250 
450.317719 186.563080 
314.019531 217.237885 
415.594452 209.087570 
499.224030 213.309479 
424.809631 183.752151 
283.415741 335.672760 
236.434601 178.818359 
282.158936 164.509048 
493.707550 182.000778 
309.479492 341.615753 
423.488770 190.728790 
452.242096 180.824448 
460.489410 206.868530 
263.407043 351.104950 
469.155701 214.632385 
475.378906 211.698151 
437.175903 191.928864 
459.509827 220.808990 
472.969604 189.549072 
469.019379 211.364059 
290.416107 188.581863 
416.611938 192.561844 
439.715118 206.709900 
328.449921 168.414185 
85.591255 314.312164 
310.561890 342.239441 
340.156311 279.749146 
452.379303 210.324860 
511.643127 241.435455 
322.834015 336.758362 
347.521667 214.713257 
506.246124 213.313507 
427.357513 267.696564 
416.711823 193.745270 
514.719055 217.582260 
460.693756 221.403214 
460.952057 221.133881 
183.070358 329.747833 
444.037384 192.521576 
287.646698 109.720177 
512.616333 268.227478 
512.920471 268.299927 
444.916168 284.736786 
451.627289 182.800873 
498.542267 299.490753 
428.378082 302.627380 
428.527954 302.306549 
360.613831 215.802948 
266.267609 139.225967 
266.794281 139.591690 
472.496033 238.946793 
433.092773 216.191467 
294.897858 201.270309 
279.952209 208.148148 
505.231506 298.982269 
328.258392 165.703430 
51.317047 311.106567 
433.529907 183.404251 
580.952148 268.621552 
307.286835 341.231964 
418.733673 228.432098 
443.766174 179.342789 
269.056030 149.507660 
467.175232 239.234482 
359.360962 207.432922 
438.820221 223.463730 
521.098816 436.673004 
385.506989 388.852295 
349.419922 337.304108 
456.580750 212.277695 
415.159454 199.998611 
291.116333 186.837341 
222.881027 182.005325 
419.208984 232.677444 
227.082504 189.261261 
310.490570 269.410095 
258.733765 155.791290 
511.889191 239.668869 
311.194824 213.866119 
421.994202 232.669220 
417.463348 229.224258 
509.031677 208.939148 
251.949646 196.152786 
448.063782 223.600327 
499.006378 212.602310 
460.244781 269.729584 
460.160126 269.354584 
228.370865 181.848770 
280.849182 331.136444 
388.035309 260.475006 
479.391998 207.700485 
292.807129 200.391083 
438.124786 218.982147 
478.496979 207.500641 
453.532776 219.568619 
265.508423 352.481445 
422.419647 213.563156 
304.278687 172.631882 
450.497864 227.566467 
418.688660 232.780334 
417.569427 195.231064 
248.618805 179.863693 
463.117126 220.887161 
313.912750 364.059143 
426.187927 267.344818 
541.445129 255.873413 
267.910004 144.536240 
412.948944 222.443085 
527.138489 233.871750 
309.483643 345.343719 
416.836914 261.113037 
416.237305 261.594849 
514.521362 215.660385 
416.611420 212.894913 
66.301460 330.230743 
424.614136 234.329758 
477.616577 200.449936 
260.980621 154.895264 
535.774902 263.669952 
507.211823 297.588684 
256.873901 197.485184 
244.444305 224.728958 
525.083252 236.773621 
35.489822 353.293671 
246.188156 181.979462 
522.760193 233.210480 
419.756073 298.180908 
445.319153 214.910843 
204.949081 192.177109 
256.950317 148.536880 
482.200562 208.129578 
440.574432 311.511627 
415.355957 212.548492 
448.348572 216.112732 
411.226440 298.855438 
430.991577 222.423874 
311.756226 322.241821 
338.360077 211.904373 
410.081940 198.691895 
471.862610 210.279297 
245.524445 227.177521 
359.480835 213.171799 
502.442902 276.652527 
304.012665 110.733940 
238.871078 327.525055 
412.924469 229.103012 
495.669281 216.525818 
454.447449 243.365128 
247.075500 177.787308 
486.983704 253.691315 
395.746338 217.423294 
506.526459 299.599945 
405.927979 207.468094 
332.347473 206.930939 
477.733826 228.211914 
402.699066 208.518265 
197.745178 99.763084 
197.236649 99.932396 
466.145966 207.142761 
408.516357 227.614761 
521.948303 289.023529 
221.606827 181.985123 
428.612762 300.985748 
217.147476 245.951736 
511.662964 242.092026 
313.881561 174.472549 
412.498444 297.045227 
472.706482 219.916321 
483.727081 309.583801 
203.508667 191.379761 
466.228546 274.259338 
416.721466 199.691833 
319.754364 95.937675 
319.661346 95.796295 
406.017578 226.780914 
460.109894 223.441711 
471.390228 217.741226 
262.757385 348.520966 
322.303009 341.533569 
461.142151 288.183105 
247.564331 178.685577 
267.437561 155.548752 
487.734802 230.163132 
523.171631 279.425781 
419.486359 305.191406 
400.218170 237.097610 
426.391754 218.945129 
311.098297 278.970520 
477.420166 250.447815 
438.222473 312.612915 
455.690308 243.086426 
207.356964 193.788300 
486.680603 261.664093 
407.924438 201.230774 
304.817841 182.851562 
65.506805 330.715607 
268.198914 146.101501 
409.130341 226.773300 
453.614594 285.089844 
508.143158 300.768555 
433.909882 243.415894 
222.885727 206.522629 
246.267273 187.612473 
69.210281 326.064392 
502.595276 214.078186 
219.839111 206.212524 
446.061829 239.059998 
205.847992 344.573761 
465.853638 271.246643 
482.965668 204.144958 
472.887054 175.807159 
255.229416 208.354950 
420.224854 228.400513 
248.242371 331.843353 
336.647644 210.054214 
454.216064 202.652359 
238.754730 183.500412 
499.867218 298.485077 
401.723145 209.547394 
449.409027 281.476318 
484.324890 255.572250 
478.835693 334.513428 
418.791931 303.623016 
447.259308 224.446945 
472.051117 269.949310 
432.838196 223.042953 
469.757233 260.276428 
429.653961 221.737976 
453.839996 277.710266 
394.284607 229.703232 
473.180206 233.610489 
424.399963 298.752716 
460.400543 224.241867 
534.733276 260.395813 
149.909515 241.834595 
202.568741 183.517029 
309.510864 180.676666 
218.060318 203.691299 
495.019745 238.501221 
475.441101 245.267715 
419.101959 300.872528 
388.617706 242.273865 
484.597961 314.025482 
436.332794 226.580765 
158.321884 244.900146 
402.499420 291.485138 
402.332275 291.567352 
429.029053 222.890533 
449.728516 207.182205 
185.139893 330.367493 
313.609283 181.475815 
400.301025 236.820160 
205.011581 181.080399 
278.889557 208.209000 
443.379181 221.279144 
254.694489 207.872330 
491.950867 268.080566 
268.604980 226.826324 
309.960236 270.835297 
256.686829 195.607056 
402.895203 236.330093 
491.574768 247.817764 
487.964142 233.269318 
405.495544 200.001221 
401.303070 220.344070 
487.452209 253.028503 
424.011810 269.842285 
464.767517 224.417969 
403.544800 229.720947 
402.649292 259.199219 
253.056992 329.753937 
477.390442 227.550339 
407.555786 229.525131 
469.825623 224.688889 
419.731842 299.375549 
419.169769 299.256226 
443.335907 220.590134 
485.245789 248.577927 
237.224060 182.103546 
418.532318 299.344330 
514.523560 245.769791 
153.054504 237.520538 
53.364643 318.776611 
268.208344 107.741394 
436.631714 234.182556 
498.888885 270.644104 
187.347031 318.746155 
491.947266 231.499207 
400.891785 205.119644 
257.836914 149.130630 
505.428192 239.228439 
471.397339 316.405701 
475.863342 253.342041 
221.067032 207.892120 
480.066711 231.884491 
496.405548 234.997147 
500.560760 309.590607 
326.548431 341.158569 
418.860779 304.812012 
270.992432 332.340576 
280.938660 202.224579 
243.310181 174.943420 
505.023224 240.162720 
485.081207 308.809601 
444.661041 176.707947 
536.146851 257.160156 
471.837097 238.041641 
343.155396 242.046066 
90.325943 309.339233 
408.675995 257.622620 
396.727997 246.010208 
538.750854 244.507172 
405.744080 231.668915 
511.354248 245.172775 
394.972443 222.497009 
494.158020 238.724655 
252.013290 210.896667 
293.725952 207.161118 
426.050293 298.880707 
349.027679 250.185608 
208.493225 190.537430 
265.331665 230.575470 
403.990906 201.044083 
479.827209 253.257080 
385.376678 251.718582 
455.071899 242.241531 
336.078064 263.015656 
433.457458 240.750488 
287.366882 198.124771 
306.998871 178.043091 
509.712402 256.410950 
409.823242 257.302277 
473.690613 348.636841 
473.615479 348.122345 
50.703453 340.091034 
455.863495 279.359741 
424.107605 388.581940 
469.780518 233.442810 
174.709518 325.050964 
471.290375 273.976135 
454.286255 253.191605 
436.453400 252.579132 
298.077087 336.358917 
441.384216 247.557892 
506.726135 189.606094 
291.446747 267.140533 
497.127869 183.458618 
497.624939 183.065628 
497.624939 183.065628 
203.799118 346.088409 
504.181641 296.532776 
253.284683 144.549728 
227.957962 197.168549 
409.789520 256.887695 
388.214417 248.434021 
480.371521 260.497803 
438.664948 254.334351 
322.777039 177.062225 
267.652130 136.707382 
124.314796 151.877319 
450.449097 228.160751 
436.342041 250.411713 
241.950378 190.879517 
335.565430 203.847122 
469.286804 270.763550 
258.415588 138.795425 
274.147919 267.414581 
472.622803 248.342728 
214.753464 207.627533 
465.590759 224.269592 
436.167358 251.901321 
356.598206 219.583649 
315.625214 276.738953 
255.144089 177.760757 
486.379242 306.525238 
405.923157 214.109802 
363.554626 219.903809 
144.550644 240.222076 
439.229095 312.864929 
212.991806 206.734222 
313.052399 175.205338 
413.144165 285.468048 
473.364471 346.486115 
337.346588 264.702881 
217.597763 201.334381 
390.149139 267.183411 
460.045197 256.502319 
232.588531 349.782196 
272.889160 242.952789 
462.919373 254.995239 
340.176147 280.404053 
487.824249 229.451370 
276.777985 265.656036 
422.766235 270.293579 
139.388260 278.842712 
340.748169 206.664093 
402.172668 214.032516 
501.057495 237.635727 
273.790741 155.310440 
238.560867 182.934814 
217.751556 227.601089 
452.556030 247.821045 
241.297592 266.091553 
283.830902 336.298309 
480.709290 256.877594 
288.943878 151.986130 
210.673325 196.873795 
346.210571 209.843353 
465.665558 270.771729 
82.408714 292.985931 
303.755005 172.485596 
434.975006 260.079742 
256.683990 263.601013 
155.918762 253.701309 
62.515888 302.346313 
415.834503 280.617767 
440.381012 334.603577 
483.702820 229.438843 
