500
172.859894 50.335365 
418.239258 328.572083 
449.385437 156.856094 
449.385437 156.856094 
413.621033 372.679138 
419.727722 365.233215 
455.940430 189.940079 
417.390778 377.906494 
419.727722 365.233215 
418.058197 366.999908 
421.047211 354.451111 
418.058197 366.999908 
419.300934 369.594177 
421.047211 354.451111 
403.609314 341.978394 
422.601288 371.870605 
433.593567 383.428833 
421.047211 354.451111 
299.836945 196.881561 
411.308960 373.585114 
417.888153 357.380127 
416.492950 370.193359 
327.154083 295.922150 
422.601288 371.870605 
400.230377 338.614868 
396.437653 343.300995 
401.120453 339.916321 
408.658600 345.991577 
281.338531 245.125809 
419.727722 365.233215 
424.717163 368.354034 
380.442474 222.468735 
412.587738 385.375305 
381.268646 160.769714 
299.836945 196.881561 
422.152344 335.672516 
401.120453 339.916321 
413.300476 406.019928 
204.035858 358.846893 
400.230377 338.614868 
421.047211 354.451111 
196.263260 228.611923 
328.767242 176.952896 
298.430054 363.768555 
298.430054 363.768555 
230.440826 275.557343 
408.658600 345.991577 
204.035858 358.846893 
412.552429 353.350891 
404.266479 317.059204 
383.809418 188.792053 
421.047211 354.451111 
417.888153 357.380127 
187.759628 386.808899 
364.135315 332.504425 
412.552429 353.350891 
403.434326 351.324585 
393.026093 329.540863 
380.442474 222.468735 
411.308960 373.585114 
419.886505 336.442383 
419.727722 365.233215 
411.308960 373.585114 
380.796173 343.496979 
403.434326 351.324585 
403.434326 351.324585 
340.122040 219.060333 
411.308960 373.585114 
381.082703 324.872406 
417.390778 377.906494 
418.401672 344.518402 
374.400604 447.334106 
422.750977 342.986694 
220.471634 266.865662 
415.433533 343.113708 
417.390778 377.906494 
230.440826 275.557343 
354.699341 268.587189 
401.120453 339.916321 
311.097717 416.980743 
432.534302 362.732880 
349.854584 139.811935 
296.426636 344.627869 
374.400604 447.334106 
403.434326 351.324585 
411.308960 373.585114 
396.520538 320.783386 
418.239258 328.572083 
404.266479 317.059204 
340.390015 226.710571 
403.140778 352.906830 
327.459839 434.381775 
48.979500 10.624787 
421.047211 354.451111 
396.643585 347.272308 
106.176384 150.688843 
378.681915 353.773407 
364.506897 389.927979 
290.213379 272.653290 
419.886505 336.442383 
427.990601 367.220245 
196.263260 228.611923 
327.459839 434.381775 
322.815247 425.307587 
415.113953 332.646942 
374.759338 448.330902 
404.279205 379.033539 
335.524078 329.237396 
335.524078 329.237396 
364.506897 389.927979 
421.047211 354.451111 
123.882866 156.492218 
313.447571 176.197433 
407.680481 414.009460 
106.176384 150.688843 
456.460999 190.241470 
175.661362 322.418976 
218.275986 266.224945 
385.814514 358.915924 
404.279205 379.033539 
409.435516 380.019836 
338.938354 145.699203 
338.938354 145.699203 
299.836945 196.881561 
393.472443 353.237823 
283.954193 247.010941 
385.489380 363.376404 
385.489380 363.376404 
393.472443 353.237823 
382.092224 337.319519 
407.381378 397.902130 
404.562317 343.839203 
392.980225 374.113434 
310.357483 425.926788 
381.436829 402.694519 
422.750977 342.986694 
348.361938 200.598831 
179.757065 165.231949 
329.907471 432.217010 
134.665436 153.316513 
181.599319 390.775787 
336.378265 136.851166 
309.806122 418.583374 
380.532410 354.435547 
400.327789 372.024017 
302.640686 391.498077 
366.085724 366.684906 
48.979500 10.624787 
48.979500 10.624787 
316.076569 431.619415 
326.084747 374.808777 
151.606720 36.455559 
329.907471 432.217010 
222.311234 268.745361 
415.113953 332.646942 
392.980225 374.113434 
412.587738 385.375305 
385.489380 363.376404 
299.156158 150.493790 
299.836945 196.881561 
400.230377 338.614868 
378.524567 151.748489 
344.577850 392.439880 
322.815247 425.307587 
218.107758 306.311401 
310.357483 425.926788 
424.717163 368.354034 
354.807434 244.480789 
350.095123 146.372681 
413.358795 369.383728 
424.717163 368.354034 
320.978973 372.768799 
422.750977 342.986694 
288.426636 221.713943 
288.426636 221.713943 
393.061493 375.106537 
218.107758 306.311401 
399.092865 359.806274 
422.601288 371.870605 
308.441010 184.535614 
424.717163 368.354034 
380.532410 354.435547 
413.358795 369.383728 
383.765686 365.388031 
393.472443 353.237823 
322.815247 425.307587 
181.599319 390.775787 
299.836945 196.881561 
422.750977 342.986694 
385.431274 310.512573 
379.453186 154.235855 
278.707581 144.550919 
393.472443 353.237823 
335.524078 329.237396 
385.431274 310.512573 
374.490997 362.960449 
393.472443 353.237823 
352.134674 150.886932 
268.618622 173.791443 
380.532410 354.435547 
393.472443 353.237823 
422.152344 335.672516 
423.471771 376.993500 
340.343536 381.103302 
340.343536 381.103302 
433.593567 383.428833 
433.593567 383.428833 
433.593567 383.428833 
317.560883 423.186646 
344.577850 392.439880 
403.127625 319.371399 
376.543945 208.954254 
385.431274 310.512573 
305.320435 160.600372 
352.134674 150.886932 
335.505096 306.034637 
368.102020 401.388611 
377.823517 305.876801 
353.606750 269.605255 
403.434326 351.324585 
384.915802 148.935181 
339.291718 188.221786 
307.176117 420.331970 
319.965912 435.074219 
424.717163 368.354034 
383.765686 365.388031 
404.279205 379.033539 
210.886688 192.715088 
365.291962 320.158142 
382.259491 332.600433 
359.769531 429.728546 
352.291687 251.488205 
328.767242 176.952896 
399.092865 359.806274 
386.352448 359.646545 
418.058197 366.999908 
418.058197 366.999908 
331.168152 324.024261 
383.881256 371.150116 
338.245911 161.376617 
203.879532 358.665222 
203.879532 358.665222 
417.734039 343.665863 
341.709381 166.347565 
381.436829 402.694519 
359.769531 429.728546 
326.399384 170.173767 
342.489990 141.212585 
344.577850 392.439880 
222.311234 268.745361 
151.533081 52.411827 
331.102631 350.094055 
359.940338 195.229187 
335.505096 306.034637 
240.240616 260.946747 
353.606750 269.605255 
352.291687 251.488205 
199.839020 202.692657 
328.767242 176.952896 
344.669647 151.067337 
374.400604 447.334106 
399.092865 359.806274 
427.990601 367.220245 
314.773102 421.071625 
114.156059 10.189545 
343.559418 137.934097 
336.655182 191.277832 
355.547821 242.886597 
365.291962 320.158142 
456.460999 190.241470 
404.562317 343.839203 
399.092865 359.806274 
399.092865 359.806274 
326.580170 433.828674 
343.559418 137.934097 
348.732147 194.695694 
353.606750 269.605255 
391.500763 155.538788 
172.859894 50.335365 
355.833832 240.372055 
335.524078 329.237396 
318.481567 136.718201 
381.436829 402.694519 
359.769531 429.728546 
297.653870 144.375626 
400.230377 338.614868 
185.316513 276.624115 
185.316513 276.624115 
406.022644 350.252380 
204.035858 358.846893 
424.717163 368.354034 
423.471771 376.993500 
411.308960 373.585114 
344.577850 392.439880 
425.357880 387.540619 
403.434326 351.324585 
385.814514 358.915924 
326.084747 374.808777 
399.092865 359.806274 
422.750977 342.986694 
422.601288 371.870605 
308.441010 184.535614 
341.709381 166.347565 
254.090805 78.833908 
407.716400 322.288116 
339.291718 188.221786 
307.176117 420.331970 
307.176117 420.331970 
361.239594 390.159454 
335.524078 329.237396 
268.618622 173.791443 
212.685242 231.234528 
419.300934 369.594177 
368.381470 306.264038 
367.115692 264.281219 
334.900421 189.587769 
406.022644 350.252380 
342.489990 141.212585 
342.489990 141.212585 
308.441010 184.535614 
363.159607 365.375244 
310.357483 425.926788 
421.669495 417.648224 
401.120453 339.916321 
361.325226 343.748993 
368.381470 306.264038 
406.962158 402.285675 
354.163147 199.807617 
368.381470 306.264038 
353.520782 148.809738 
396.520538 320.783386 
196.263260 228.611923 
325.986328 114.352081 
342.520386 388.266479 
299.156158 150.493790 
321.005615 372.038757 
377.823517 305.876801 
221.880478 233.235001 
404.562317 343.839203 
399.092865 359.806274 
352.244232 257.155457 
378.805878 220.546967 
340.122040 219.060333 
344.577850 392.439880 
412.587738 385.375305 
354.699341 268.587189 
367.115692 264.281219 
374.510590 339.849457 
381.436829 402.694519 
359.769531 429.728546 
359.769531 429.728546 
298.688293 361.928650 
207.070282 195.922333 
348.439270 355.825470 
391.021393 143.254379 
400.327789 372.024017 
211.522400 375.905060 
403.140778 352.906830 
286.614532 242.112473 
313.154297 341.499481 
327.271088 121.433922 
386.190704 389.452942 
399.383545 339.835999 
359.769531 429.728546 
354.243347 354.470551 
386.190704 389.452942 
374.759338 448.330902 
369.470215 308.038116 
404.562317 343.839203 
399.092865 359.806274 
241.792542 298.807465 
406.758423 288.767944 
338.938354 145.699203 
383.881256 371.150116 
376.108582 331.520569 
403.140778 352.906830 
386.083893 373.846069 
385.643860 382.654633 
339.227661 161.934341 
401.349976 353.244598 
302.735138 265.253296 
432.847351 382.577179 
361.513611 370.692505 
365.291962 320.158142 
326.399384 170.173767 
378.531372 448.456146 
190.864136 131.279007 
359.769531 429.728546 
331.679352 304.041016 
280.659790 244.456558 
426.657959 377.555237 
456.460999 190.241470 
189.200699 143.451004 
323.542633 121.906219 
313.154297 341.499481 
370.152374 386.536774 
393.061493 375.106537 
370.152374 386.536774 
422.389008 377.354126 
200.576767 187.935562 
370.152374 386.536774 
370.152374 386.536774 
179.757065 165.231949 
419.886505 336.442383 
325.986328 114.352081 
399.092865 359.806274 
220.348099 262.295258 
283.954193 247.010941 
401.409790 365.447693 
255.196121 76.569267 
416.496460 365.238861 
419.886505 336.442383 
318.916229 115.729279 
196.263260 228.611923 
318.481567 136.718201 
384.824188 150.644089 
326.084747 374.808777 
335.505096 306.034637 
341.767365 203.799255 
386.190704 389.452942 
323.324707 198.519485 
103.810478 10.642205 
422.750977 342.986694 
218.728333 237.925781 
353.622070 370.930908 
319.947876 131.822784 
361.239594 390.159454 
449.385437 156.856094 
378.382965 201.299835 
374.510590 339.849457 
356.695679 367.653137 
329.048370 137.689774 
211.924911 307.219940 
403.870148 317.798889 
302.735138 265.253296 
313.318085 431.597443 
382.383575 311.401825 
413.128479 387.035309 
254.090805 78.833908 
399.383545 339.835999 
378.423553 178.463409 
361.770874 398.289185 
339.347961 371.392975 
348.439270 355.825470 
357.145477 403.309601 
325.816925 111.469376 
350.645569 150.542953 
230.287216 226.587112 
129.774963 90.574982 
313.154297 341.499481 
352.134674 150.886932 
409.435516 380.019836 
406.022644 350.252380 
379.226440 185.179550 
212.450821 205.085464 
290.213379 272.653290 
403.810822 313.911469 
343.559418 137.934097 
286.614532 242.112473 
357.374603 266.053864 
196.263260 228.611923 
323.743774 255.615524 
251.078201 79.963493 
326.899780 346.155029 
401.349976 353.244598 
355.547821 242.886597 
356.695679 367.653137 
353.606750 269.605255 
348.439270 355.825470 
344.577850 392.439880 
338.727203 302.745972 
268.618622 173.791443 
361.770874 398.289185 
329.226868 117.085800 
344.577850 392.439880 
348.439270 355.825470 
348.439270 355.825470 
325.831940 115.551918 
196.271240 445.243866 
206.560257 449.201874 
288.637421 220.600830 
210.687027 89.919594 
201.534744 275.844971 
365.291962 320.158142 
342.520386 388.266479 
299.156158 150.493790 
403.140778 352.906830 
367.234528 335.334473 
204.035858 358.846893 
348.732147 194.695694 
397.831879 160.422470 
422.152344 335.672516 
357.314148 253.492081 
220.460556 299.779266 
342.520386 388.266479 
379.372284 211.121002 
103.810478 10.642205 
350.095123 146.372681 
406.758423 288.767944 
205.949707 449.896545 
