500
176.104248 329.619659 
378.545563 381.851807 
378.545563 381.851807 
162.844101 327.645233 
162.844101 327.645233 
329.360168 261.946350 
176.005981 295.833252 
346.059357 382.487061 
200.317963 297.554626 
531.275513 129.881210 
177.037888 315.080353 
203.419662 305.467529 
177.037888 315.080353 
203.419662 305.467529 
161.346832 327.307526 
306.534454 271.866791 
177.037888 315.080353 
572.061584 214.729584 
177.037888 315.080353 
346.059357 382.487061 
176.005981 295.833252 
203.419662 305.467529 
175.805847 321.031189 
132.230713 83.234962 
175.101456 312.270294 
287.883636 282.325165 
203.419662 305.467529 
175.805847 321.031189 
215.862610 315.040192 
210.608810 298.929108 
365.861938 227.335999 
272.829102 147.175293 
177.037888 315.080353 
175.101456 312.270294 
176.511856 315.233063 
177.037888 315.080353 
569.158752 122.606117 
365.861938 227.335999 
175.805847 321.031189 
200.173431 281.584442 
208.266815 323.953156 
215.862610 315.040192 
149.496155 323.178070 
132.230713 83.234962 
346.059357 382.487061 
172.222397 306.357239 
175.101456 312.270294 
132.676758 313.963928 
196.289413 305.789642 
578.944153 210.968964 
381.257599 315.664642 
175.805847 321.031189 
301.755402 268.088776 
321.647980 201.282074 
173.308395 217.619934 
175.101456 312.270294 
143.804703 200.505539 
208.233704 300.283783 
205.123489 304.808502 
167.851440 299.596863 
196.289413 305.789642 
358.464294 311.814606 
219.436783 296.475983 
137.210526 198.625793 
196.289413 305.789642 
189.521713 318.852081 
200.565613 322.383911 
175.101456 312.270294 
301.755402 268.088776 
179.268402 316.572968 
176.526459 324.299774 
189.521713 318.852081 
394.523773 271.318237 
215.862610 315.040192 
391.291901 273.184082 
195.420151 302.758606 
175.805847 321.031189 
300.334595 145.874069 
173.308395 217.619934 
175.805847 321.031189 
143.804703 200.505539 
175.805847 321.031189 
195.420151 302.758606 
128.930603 215.837250 
224.399109 304.152527 
335.716888 263.049103 
210.608810 298.929108 
155.896408 305.035248 
264.657043 237.859619 
215.862610 315.040192 
132.230713 83.234962 
413.836670 277.307678 
413.836670 277.307678 
329.360168 261.946350 
300.334595 145.874069 
213.307465 315.279449 
103.088081 257.955566 
215.862610 315.040192 
175.805847 321.031189 
167.851440 299.596863 
200.317963 297.554626 
167.851440 299.596863 
389.288300 273.796021 
175.805847 321.031189 
136.723282 210.775314 
532.353210 127.828407 
210.608810 298.929108 
311.882263 135.263351 
310.838593 137.311905 
536.787842 128.237137 
175.101456 312.270294 
148.646744 297.591736 
407.088715 285.911987 
137.210526 198.625793 
158.331741 325.689789 
200.565613 322.383911 
215.862610 315.040192 
147.242538 200.224670 
237.661072 289.194580 
215.862610 315.040192 
387.484711 314.017029 
155.192810 313.893158 
308.322693 275.086426 
176.511856 315.233063 
365.861938 227.335999 
185.954300 282.838654 
185.954300 282.838654 
133.354126 296.755280 
145.776886 204.120911 
190.448685 284.827576 
324.031586 207.287140 
167.851440 299.596863 
313.299561 157.720779 
196.661560 263.106293 
167.851440 299.596863 
133.215317 213.893707 
307.649139 100.431793 
221.168823 198.490646 
203.419662 305.467529 
172.222397 306.357239 
434.067932 67.833420 
434.067932 67.833420 
409.710419 274.873352 
409.710419 274.873352 
162.329987 304.710114 
383.656128 244.721451 
286.449951 269.320435 
387.152496 125.531815 
207.926575 302.069427 
215.862610 315.040192 
127.063034 213.679398 
185.954300 282.838654 
60.542377 266.554718 
324.031586 207.287140 
549.844727 110.793198 
145.843246 198.992371 
365.861938 227.335999 
188.550903 275.996674 
407.088715 285.911987 
358.972961 285.532013 
233.633316 296.599518 
536.787842 128.237137 
205.042587 51.620796 
307.649139 100.431793 
218.633820 264.366699 
353.493103 120.198631 
574.483154 220.697067 
187.769089 297.097168 
365.861938 227.335999 
175.805847 321.031189 
203.064041 197.759125 
203.064041 197.759125 
200.317963 297.554626 
132.676758 313.963928 
223.516632 105.177963 
198.633530 319.116974 
196.289413 305.789642 
187.769089 297.097168 
382.988159 259.824219 
187.667252 328.134857 
187.667252 328.134857 
613.475098 207.832886 
212.112915 222.432465 
195.420151 302.758606 
241.657654 258.157990 
175.805847 321.031189 
319.703217 202.887268 
194.104279 302.183319 
137.210526 198.625793 
144.834381 195.777313 
218.003601 267.832520 
187.769089 297.097168 
237.718582 277.457275 
172.270615 308.861511 
286.449951 269.320435 
128.930603 215.837250 
404.516022 283.326996 
106.833618 257.329285 
195.420151 302.758606 
233.633316 296.599518 
135.220200 211.791718 
172.222397 306.357239 
387.977478 258.352325 
377.906830 128.501953 
419.096497 281.521912 
213.323471 283.971436 
221.535339 236.538010 
195.420151 302.758606 
185.954300 282.838654 
389.370728 323.615936 
352.603363 273.980103 
195.420151 302.758606 
192.701035 311.388794 
125.837662 245.432938 
180.188339 218.020279 
363.737427 307.820160 
203.419662 305.467529 
167.851440 299.596863 
354.883087 121.495750 
379.263733 381.510712 
157.731506 317.306763 
187.769089 297.097168 
298.460480 140.652206 
533.633667 106.578812 
210.003876 231.593719 
241.657654 258.157990 
203.419662 305.467529 
180.150269 329.639191 
125.837662 245.432938 
189.191864 290.631714 
337.734711 303.936890 
359.344574 275.597046 
176.511856 315.233063 
412.908264 279.421204 
407.088715 285.911987 
287.883636 282.325165 
387.977478 258.352325 
192.701035 311.388794 
177.867661 236.127335 
177.867661 236.127335 
151.210663 262.265076 
197.461075 265.728180 
214.315277 228.638382 
132.072906 200.695129 
353.661255 121.670715 
176.511856 315.233063 
215.862610 315.040192 
575.089172 86.313423 
255.402328 158.536133 
104.524734 260.981232 
214.315277 228.638382 
335.983063 296.798981 
442.724213 267.681427 
239.283585 291.965302 
187.769089 297.097168 
187.769089 297.097168 
203.064041 197.759125 
207.565323 281.822357 
363.737427 307.820160 
175.805847 321.031189 
125.837662 245.432938 
352.228912 268.185883 
177.066956 309.511292 
337.734711 303.936890 
161.346832 327.307526 
161.346832 327.307526 
161.346832 327.307526 
132.072906 200.695129 
187.769089 297.097168 
209.846024 228.955322 
209.846024 228.955322 
541.075928 222.975616 
278.419220 131.521729 
133.476273 91.681496 
289.737061 146.337967 
187.769089 297.097168 
133.009659 302.411560 
177.066956 309.511292 
209.846024 228.955322 
127.242348 206.880829 
127.242348 206.880829 
37.364628 268.643066 
171.167053 235.927612 
170.635910 236.464966 
233.633316 296.599518 
169.401321 247.159576 
187.769089 297.097168 
223.516632 105.177963 
214.315277 228.638382 
203.419662 305.467529 
203.419662 305.467529 
177.037888 315.080353 
409.392059 281.494415 
583.013977 76.698502 
168.594971 234.056824 
176.144745 266.668335 
218.003601 267.832520 
203.419662 305.467529 
170.635910 236.464966 
426.275787 259.587646 
196.661560 263.106293 
310.838593 137.311905 
438.687103 265.251953 
186.762527 285.899628 
376.478638 238.140366 
138.869812 265.873383 
237.661072 289.194580 
177.037888 315.080353 
404.960236 117.853722 
187.769089 297.097168 
383.266052 139.140060 
203.419662 305.467529 
436.432190 258.020844 
489.460663 199.895401 
166.938156 317.728058 
310.838593 137.311905 
152.964508 273.845703 
162.844101 327.645233 
179.268402 316.572968 
203.419662 305.467529 
407.088715 285.911987 
190.274704 218.233536 
239.283585 291.965302 
150.842682 265.353149 
128.930603 215.837250 
228.573349 239.470383 
196.827438 255.720642 
186.182892 252.826294 
435.463135 268.718292 
214.315277 228.638382 
252.891266 243.283600 
187.091095 261.759583 
196.289413 305.789642 
105.654320 257.514435 
569.020935 94.384529 
516.194458 262.632141 
175.305420 329.691589 
203.419662 305.467529 
309.886292 274.580475 
489.460663 199.895401 
194.104279 302.183319 
388.922089 130.886139 
187.769089 297.097168 
390.669434 325.686066 
192.701035 311.388794 
197.538300 274.273651 
388.922089 130.886139 
157.107498 279.136932 
168.594971 234.056824 
422.542114 256.796753 
176.526459 324.299774 
411.261780 234.965561 
152.964508 273.845703 
170.635910 236.464966 
407.088715 285.911987 
585.404785 69.434151 
541.075928 222.975616 
186.182892 252.826294 
178.306641 291.438232 
435.463135 268.718292 
488.587402 219.924500 
403.722504 288.840973 
149.058029 272.494080 
365.499176 127.703392 
125.837662 245.432938 
403.560455 322.728821 
194.104279 302.183319 
187.769089 297.097168 
404.960236 117.853722 
192.701035 311.388794 
487.756775 209.511337 
132.745514 276.147888 
166.026001 237.448654 
187.091095 261.759583 
306.534454 271.866791 
163.259506 278.799835 
230.547867 296.420135 
417.645416 114.866180 
179.741608 313.550537 
162.329987 304.710114 
394.274689 200.525269 
585.566345 210.410172 
585.566345 210.410172 
139.745438 204.889603 
166.062363 272.656250 
127.242348 206.880829 
442.724213 267.681427 
137.210526 198.625793 
339.372192 141.417130 
132.086685 271.944977 
365.206635 264.958984 
489.460663 199.895401 
377.737976 382.264099 
217.773727 270.145782 
185.153259 250.491043 
286.449951 269.320435 
172.270615 308.861511 
296.531982 132.104218 
319.703217 202.887268 
170.635910 236.464966 
395.555115 235.025146 
437.382660 127.986084 
316.331635 137.947113 
327.894104 303.040283 
156.074219 326.137085 
186.182892 252.826294 
231.560562 287.604523 
197.461075 265.728180 
185.153259 250.491043 
596.566040 209.293228 
180.150269 329.639191 
221.058899 216.177979 
167.851440 299.596863 
296.531982 132.104218 
377.737976 382.264099 
176.005981 295.833252 
156.538483 253.449509 
157.107498 279.136932 
173.308395 217.619934 
418.935059 267.055664 
376.478638 238.140366 
572.061584 214.729584 
598.635559 60.579391 
598.635559 60.579391 
171.142807 259.592285 
171.142807 259.592285 
171.167053 235.927612 
380.204407 126.248924 
403.560455 322.728821 
439.530365 277.416199 
246.676804 282.937042 
194.617188 300.236176 
207.926575 302.069427 
239.283585 291.965302 
373.436035 137.598969 
480.643616 221.420563 
190.274704 218.233536 
186.182892 252.826294 
532.353210 127.828407 
575.884399 87.237793 
167.851440 299.596863 
432.201813 272.502014 
156.538483 253.449509 
228.573349 239.470383 
336.007172 301.711426 
200.152924 309.369232 
209.968948 322.144928 
202.936935 252.149506 
182.401779 227.571869 
403.722504 288.840973 
391.291901 273.184082 
170.635910 236.464966 
320.130005 154.374756 
319.703217 202.887268 
246.676804 282.937042 
203.419662 305.467529 
221.058899 216.177979 
308.797577 219.664658 
545.277832 145.382065 
152.801697 248.772003 
407.088715 285.911987 
488.587402 219.924500 
399.448517 240.651825 
158.868423 251.609772 
404.622925 302.339386 
598.635559 60.579391 
402.878723 286.523773 
371.290131 140.361008 
338.546509 140.705704 
438.582916 266.485657 
196.827438 255.720642 
202.936935 252.149506 
409.710419 274.873352 
202.840607 326.436768 
425.571625 280.970886 
488.587402 219.924500 
156.538483 253.449509 
136.991638 82.213646 
200.565613 322.383911 
489.460663 199.895401 
389.370728 323.615936 
142.315857 258.317383 
502.527618 228.793091 
400.455139 239.133408 
358.972961 285.532013 
85.869118 258.955536 
583.119202 66.160126 
202.936935 252.149506 
246.676804 282.937042 
186.182892 252.826294 
170.635910 236.464966 
344.883148 294.430756 
344.883148 294.430756 
358.530762 298.563782 
136.991638 82.213646 
341.686096 143.606979 
302.489868 240.636185 
200.565613 322.383911 
194.617188 300.236176 
394.274689 200.525269 
