500
440.504761 289.679840 
467.690918 316.711609 
116.959503 112.083977 
118.905006 112.267273 
455.573242 325.985809 
264.618408 405.063568 
452.753021 317.654175 
360.317291 239.790909 
456.714661 323.487305 
49.397377 94.453583 
426.180969 286.236694 
457.492279 326.429169 
454.280823 322.734772 
430.914734 146.360657 
447.277252 295.785126 
454.280823 322.734772 
453.924286 333.527313 
441.648560 342.790070 
441.648560 342.790070 
455.074493 329.252167 
319.916992 143.473389 
462.045929 324.534882 
361.805908 256.104736 
455.074493 329.252167 
447.277252 295.785126 
453.917450 313.343170 
264.618408 405.063568 
264.618408 405.063568 
463.397400 322.369415 
438.730713 314.372711 
285.269836 257.909882 
463.395569 339.239532 
453.917450 313.343170 
205.282913 320.481415 
462.045929 324.534882 
305.611298 176.221359 
462.045929 324.534882 
446.966827 297.181519 
456.714661 323.487305 
465.440826 364.157227 
310.053040 159.859192 
438.730713 314.372711 
438.730713 314.372711 
427.811615 311.273407 
463.397400 322.369415 
462.751556 448.124786 
448.794769 294.959473 
428.707611 325.441772 
445.292969 314.384216 
451.953461 334.736908 
369.532684 414.146881 
438.730713 314.372711 
314.335968 162.846542 
454.280823 322.734772 
350.230194 144.412674 
356.834167 248.334763 
445.292969 314.384216 
362.721283 169.943619 
438.730713 314.372711 
289.920868 192.045578 
360.317291 239.790909 
445.292969 314.384216 
389.459625 414.437592 
235.655090 299.228363 
335.401245 271.064209 
436.312927 315.273285 
453.917450 313.343170 
205.282913 320.481415 
441.965149 416.264191 
262.398987 325.116180 
412.572205 316.363403 
419.319977 298.912659 
394.893921 416.741608 
418.341583 282.896576 
438.730713 314.372711 
438.730713 314.372711 
438.730713 314.372711 
319.916992 143.473389 
436.312927 315.273285 
441.648560 342.790070 
310.053040 159.859192 
290.767029 252.019104 
199.749634 270.758636 
467.598785 341.445496 
451.953461 334.736908 
328.106567 198.456528 
462.364746 452.037170 
451.953461 334.736908 
463.395569 339.239532 
465.401855 312.184875 
465.401855 312.184875 
419.983398 289.628937 
428.707611 325.441772 
363.021576 337.737610 
363.021576 337.737610 
319.916992 143.473389 
355.743530 388.624054 
434.072296 301.132874 
233.192749 299.258911 
212.091751 366.326691 
451.953461 334.736908 
427.836304 321.468567 
310.577728 271.331787 
463.395569 339.239532 
451.953461 334.736908 
441.416046 294.585846 
426.180969 286.236694 
460.376099 311.452942 
303.985474 280.113953 
412.639526 365.325043 
428.707611 325.441772 
441.416046 294.585846 
426.180969 286.236694 
447.277252 295.785126 
462.045929 324.534882 
442.437164 289.622101 
451.808868 297.061188 
313.371399 134.731857 
452.753021 317.654175 
316.768616 188.028183 
292.125977 182.491714 
340.260803 183.606216 
429.147583 327.361176 
58.732166 96.229965 
366.287292 326.704803 
162.296616 217.202942 
447.295044 342.011810 
455.573242 325.985809 
447.295044 342.011810 
305.611298 176.221359 
248.391769 304.769043 
222.783127 272.211456 
248.391769 304.769043 
412.639526 365.325043 
233.657928 294.651825 
370.158356 202.969757 
438.730713 314.372711 
213.349945 430.396545 
333.814117 218.991562 
441.416046 294.585846 
305.488342 144.512848 
305.488342 144.512848 
205.282913 320.481415 
370.158356 202.969757 
358.203613 233.172699 
310.577728 271.331787 
172.953674 41.563225 
108.786133 228.568817 
108.786133 228.568817 
377.965057 411.766632 
200.081528 268.885193 
427.836304 321.468567 
190.997894 235.464569 
421.499481 330.777344 
421.499481 330.777344 
438.730713 314.372711 
299.841125 137.854782 
455.573242 325.985809 
415.916199 326.887726 
441.416046 294.585846 
374.362762 417.983917 
371.003937 372.367950 
374.362762 417.983917 
199.749634 270.758636 
369.532684 414.146881 
366.037445 363.343231 
467.598785 341.445496 
456.059479 345.455719 
462.045929 324.534882 
316.768616 188.028183 
455.552856 359.560486 
190.997894 235.464569 
467.598785 341.445496 
333.312653 193.670364 
455.856934 344.871887 
345.985413 137.270203 
341.574036 361.685516 
341.574036 361.685516 
428.064911 306.583313 
333.372711 194.999008 
435.598358 325.359619 
311.990601 269.806488 
438.730713 314.372711 
475.182709 334.291229 
396.988129 313.636444 
301.075226 126.554947 
397.889099 290.601227 
397.889099 290.601227 
388.088043 423.684937 
348.709473 131.825806 
467.598785 341.445496 
233.657928 294.651825 
427.836304 321.468567 
248.719727 164.532043 
436.714600 298.975525 
345.985413 137.270203 
436.312927 315.273285 
372.146942 409.546326 
394.893921 416.741608 
388.184753 365.227203 
388.184753 365.227203 
418.341583 282.896576 
357.270844 296.800690 
462.045929 324.534882 
440.887695 336.138123 
409.448578 402.381470 
427.836304 321.468567 
415.916199 326.887726 
314.335968 162.846542 
420.170105 374.248871 
376.283905 409.373169 
448.794769 294.959473 
391.485443 335.827301 
366.111115 340.743378 
371.350525 411.495331 
418.341583 282.896576 
436.312927 315.273285 
405.067413 284.029846 
364.056488 251.265930 
471.145142 449.408966 
396.491119 420.076996 
89.249771 233.497879 
369.532684 414.146881 
425.667267 284.473358 
371.003937 372.367950 
441.965149 416.264191 
377.965057 411.766632 
354.369019 239.887344 
301.075226 126.554947 
390.412994 299.841888 
422.320038 404.593719 
462.045929 324.534882 
448.948822 305.322449 
398.543549 282.465057 
441.416046 294.585846 
424.639069 341.274200 
355.743530 388.624054 
251.579391 391.064362 
251.579391 391.064362 
194.765121 57.096016 
391.781525 299.589050 
396.491119 420.076996 
418.341583 282.896576 
465.088043 338.711700 
447.295044 342.011810 
342.154388 184.320938 
422.320038 404.593719 
194.347031 245.753281 
320.663513 184.750641 
361.805908 256.104736 
290.765045 192.421310 
290.767029 252.019104 
307.419617 139.090897 
398.543549 282.465057 
438.730713 314.372711 
354.369019 239.887344 
394.036102 422.172882 
409.448578 402.381470 
368.106689 339.499603 
357.611847 229.571548 
454.280823 322.734772 
418.341583 282.896576 
282.634766 143.210785 
282.845795 121.007172 
384.741394 345.617279 
29.947510 89.830826 
29.947510 89.830826 
319.916992 143.473389 
428.707611 325.441772 
433.216644 372.049866 
278.381378 176.531036 
206.768524 107.126038 
399.413818 364.252625 
306.599976 177.866547 
398.543549 282.465057 
347.949005 336.741211 
94.468811 78.472855 
409.733337 367.029785 
89.249771 233.497879 
396.988129 313.636444 
423.342316 280.920471 
282.845795 121.007172 
390.412994 299.841888 
393.520782 420.143066 
439.730774 330.746246 
353.495087 228.148590 
422.523590 328.251068 
422.320038 404.593719 
394.893921 416.741608 
409.448578 402.381470 
429.147583 327.361176 
389.459625 414.437592 
421.499481 330.777344 
431.879822 145.892105 
357.270844 296.800690 
385.289520 339.034210 
372.321411 246.429428 
24.104218 86.870331 
350.302307 127.338020 
264.618408 405.063568 
396.988129 313.636444 
361.805908 256.104736 
29.947510 89.830826 
469.251099 342.442383 
251.037643 225.204742 
429.147583 327.361176 
378.065247 366.596161 
354.318878 230.185974 
439.730774 330.746246 
358.703979 136.418198 
394.402832 323.222443 
390.887848 414.776459 
391.781525 299.589050 
357.570221 168.428238 
445.292969 314.384216 
306.149658 140.142410 
306.149658 140.142410 
306.310242 132.921112 
392.519226 420.022888 
392.519226 420.022888 
462.937195 332.256561 
216.453476 268.609039 
356.501648 244.677490 
288.733978 258.912476 
320.663513 184.750641 
433.216644 372.049866 
463.395569 339.239532 
206.866348 244.009796 
288.230743 113.104416 
474.909027 336.182037 
386.357727 413.438599 
394.402832 323.222443 
455.074493 329.252167 
282.542786 119.751694 
289.920868 192.045578 
374.004059 412.215820 
368.438660 201.538147 
27.762300 87.745544 
460.376099 311.452942 
391.766907 371.440033 
432.545990 367.334808 
365.343964 319.412445 
453.924286 333.527313 
439.730774 330.746246 
216.888641 438.145996 
457.304504 362.564728 
434.710297 318.229584 
422.320038 404.593719 
422.320038 404.593719 
469.395630 319.480682 
383.128876 357.090302 
371.003937 372.367950 
409.448578 402.381470 
411.159851 328.792267 
366.037445 363.343231 
315.532074 145.187210 
440.887695 336.138123 
305.488342 144.512848 
391.623779 315.375336 
422.320038 404.593719 
194.765121 57.096016 
440.887695 336.138123 
398.543549 282.465057 
206.768524 107.126038 
414.919250 321.396576 
351.026825 243.599411 
433.329559 357.620728 
112.039772 68.443398 
383.128876 357.090302 
65.552383 86.941048 
346.847504 128.705994 
310.577728 271.331787 
319.916992 143.473389 
282.634766 143.210785 
163.371536 192.273407 
426.970337 336.213379 
244.708511 308.362427 
348.709473 131.825806 
378.635773 339.670410 
436.312927 315.273285 
200.572220 270.247559 
429.068970 356.471191 
456.059479 345.455719 
316.768616 188.028183 
221.149536 314.424683 
404.788574 295.982574 
288.230743 113.104416 
49.397377 94.453583 
454.000153 324.739899 
462.364746 452.037170 
162.296616 217.202942 
438.730713 314.372711 
417.217285 360.522949 
408.869934 367.658203 
384.741394 345.617279 
399.413818 364.252625 
435.302612 318.076843 
436.312927 315.273285 
422.320038 404.593719 
431.879822 145.892105 
391.781525 299.589050 
393.583710 282.394318 
446.966827 297.181519 
467.598785 341.445496 
390.412994 299.841888 
453.924286 333.527313 
290.765045 192.421310 
372.321411 246.429428 
436.866669 289.244110 
326.975525 197.624634 
462.937195 332.256561 
417.217285 360.522949 
417.217285 360.522949 
355.743530 388.624054 
438.730713 314.372711 
435.240967 341.965149 
357.570221 168.428238 
417.217285 360.522949 
353.912689 161.819550 
389.449188 310.316620 
439.730774 330.746246 
454.280823 322.734772 
371.003937 372.367950 
244.608963 344.445496 
451.953461 334.736908 
383.128876 357.090302 
82.585587 227.285507 
282.128448 138.634857 
383.128876 357.090302 
286.525055 121.406921 
434.072296 301.132874 
383.128876 357.090302 
456.059479 345.455719 
441.930573 387.020660 
433.329559 357.620728 
334.880188 185.642670 
361.650085 183.721634 
190.997894 235.464569 
112.849442 87.058739 
384.741394 345.617279 
386.988647 355.452332 
409.448578 402.381470 
356.787140 296.085938 
316.469482 141.574554 
112.039772 68.443398 
428.707611 325.441772 
292.997925 140.223312 
451.808868 297.061188 
451.808868 297.061188 
451.808868 297.061188 
235.066544 296.559540 
357.270844 296.800690 
409.448578 402.381470 
411.159851 328.792267 
399.401062 295.938629 
319.916992 143.473389 
385.633881 336.036163 
198.601120 237.147430 
344.359619 138.479065 
282.977539 233.916397 
433.216644 372.049866 
82.585587 227.285507 
176.583832 46.627998 
403.532898 362.412933 
413.623383 118.674049 
417.909271 375.763397 
447.295044 342.011810 
289.920868 192.045578 
347.949005 336.741211 
456.059479 345.455719 
366.037445 363.343231 
204.611496 244.812073 
398.898621 346.901520 
278.724335 171.071198 
224.726669 272.246460 
293.985657 417.097168 
281.185669 116.749001 
477.062958 472.713470 
389.876495 286.784271 
116.959503 112.083977 
353.088562 282.543579 
212.325851 99.154930 
423.342316 280.920471 
303.985474 280.113953 
248.678757 195.597641 
200.572220 270.247559 
364.056488 251.265930 
384.741394 345.617279 
90.456886 165.740463 
225.105713 267.086609 
379.385956 422.313568 
378.065247 366.596161 
384.741394 345.617279 
454.898132 441.928589 
453.390533 297.981110 
309.298462 199.750107 
409.448578 402.381470 
435.302612 318.076843 
283.544769 124.360451 
383.128876 357.090302 
