500
392.253265 390.279602 
473.853546 176.087723 
472.971191 192.587036 
462.495209 187.076187 
315.344543 216.925217 
485.265594 194.785385 
484.797760 193.085327 
469.046783 193.166885 
248.890060 105.679253 
452.510681 184.218277 
492.143829 193.491501 
488.975403 194.954147 
442.756683 209.873672 
476.095398 181.783798 
455.625458 219.855743 
483.046143 210.592773 
258.718750 195.151413 
286.648590 109.533501 
311.549316 177.664429 
234.488846 103.716522 
507.211823 297.588684 
476.886200 185.914627 
459.326447 192.087021 
488.659576 197.813354 
424.241974 192.043777 
498.182983 310.788849 
262.176422 209.362427 
322.834015 336.758362 
264.771454 210.830200 
453.614594 285.089844 
163.096436 95.963226 
452.859650 178.872452 
247.075500 177.787308 
482.839203 191.689438 
469.155701 214.632385 
472.969604 189.549072 
309.483643 345.343719 
321.234406 336.869720 
416.711823 193.745270 
247.564331 178.685577 
476.079529 184.352997 
419.711548 201.916061 
437.614716 186.050339 
487.472534 199.996902 
265.538574 236.212158 
287.646698 109.720177 
415.594452 209.087570 
440.915924 189.734283 
448.416779 310.961243 
486.379242 306.525238 
283.415741 335.672760 
299.278595 110.299019 
359.670715 218.735321 
498.542267 299.490753 
290.416107 188.581863 
183.070358 329.747833 
256.686829 195.607056 
476.443207 210.209229 
473.226471 191.528610 
322.303009 341.533569 
436.197662 185.156250 
443.335907 220.590134 
314.019531 217.237885 
415.893463 206.184464 
480.698212 198.632751 
437.175903 191.928864 
454.966095 201.647659 
269.776886 153.949295 
469.019379 211.364059 
422.377289 195.807526 
483.727081 309.583801 
451.627289 182.800873 
499.224030 213.309479 
447.103516 193.067688 
328.449921 168.414185 
438.998138 200.919327 
461.142151 288.183105 
310.561890 342.239441 
530.106506 135.762344 
440.862640 201.382996 
332.347473 206.930939 
251.949646 196.152786 
426.050293 298.880707 
496.137543 184.266739 
475.378906 211.698151 
476.164917 183.115250 
450.317719 186.563080 
479.391998 207.700485 
478.496979 207.500641 
439.715118 206.709900 
294.897858 201.270309 
143.783813 93.795677 
429.767059 202.466522 
459.509827 220.808990 
185.139893 330.367493 
441.131744 198.994675 
427.357513 267.696564 
511.643127 241.435455 
460.693756 221.403214 
460.952057 221.133881 
340.156311 279.749146 
309.479492 341.615753 
452.242096 180.824448 
423.488770 190.728790 
483.461273 190.355270 
455.405304 200.519882 
506.246124 213.313507 
428.378082 302.627380 
428.527954 302.306549 
444.661041 176.707947 
509.031677 208.939148 
288.355774 194.537415 
456.580750 212.277695 
506.526459 299.599945 
410.081940 198.691895 
248.618805 179.863693 
433.092773 216.191467 
475.469971 194.861237 
268.208344 107.741394 
512.616333 268.227478 
512.920471 268.299927 
491.947266 231.499207 
440.333740 200.796509 
411.226440 298.855438 
428.048187 186.232880 
418.733673 228.432098 
438.820221 223.463730 
484.442871 312.539062 
521.098816 436.673004 
417.463348 229.224258 
482.200562 208.129578 
422.419647 213.563156 
415.159454 199.998611 
535.774902 263.669952 
487.801453 307.548828 
435.014587 183.570938 
407.924438 201.230774 
444.916168 284.736786 
514.719055 217.582260 
424.399963 298.752716 
444.737213 196.528961 
511.889191 239.668869 
349.419922 337.304108 
337.346588 264.702881 
402.699066 208.518265 
504.181641 296.532776 
477.616577 200.449936 
374.126892 331.895782 
416.836914 261.113037 
416.237305 261.594849 
454.004517 197.295837 
447.424133 196.111877 
499.006378 212.602310 
257.836914 149.130630 
292.807129 200.391083 
541.445129 255.873413 
416.611938 192.561844 
263.407043 351.104950 
307.286835 341.231964 
260.980621 154.895264 
258.733765 155.791290 
523.171631 279.425781 
527.138489 233.871750 
256.950317 148.536880 
480.066711 231.884491 
246.188156 181.979462 
482.965668 204.144958 
416.611420 212.894913 
525.083252 236.773621 
412.948944 222.443085 
228.370865 181.848770 
267.910004 144.536240 
250.281219 175.976105 
262.757385 348.520966 
460.244781 269.729584 
460.160126 269.354584 
471.390228 217.741226 
402.649292 259.199219 
453.532776 219.568619 
287.366882 198.124771 
445.156433 195.985825 
514.521362 215.660385 
294.626099 208.357193 
466.228546 274.259338 
417.569427 195.231064 
445.319153 214.910843 
469.757233 260.276428 
505.231506 298.982269 
534.733276 260.395813 
204.949081 192.177109 
436.563263 178.632843 
65.506805 330.715607 
283.830902 336.298309 
444.152191 217.529251 
457.462158 212.850571 
480.371521 260.497803 
338.360077 211.904373 
487.452209 253.028503 
415.355957 212.548492 
502.442902 276.652527 
203.799118 346.088409 
477.733826 228.211914 
466.145966 207.142761 
210.208527 182.888443 
454.447449 243.365128 
313.609283 181.475815 
419.756073 298.180908 
433.909882 243.415894 
469.286804 270.763550 
448.348572 216.112732 
217.147476 245.951736 
511.662964 242.092026 
475.441101 245.267715 
311.194824 213.866119 
444.037384 192.521576 
360.613831 215.802948 
495.669281 216.525818 
313.881561 174.472549 
448.063782 223.600327 
536.146851 257.160156 
400.218170 237.097610 
405.927979 207.468094 
486.983704 253.691315 
428.612762 300.985748 
436.332794 226.580765 
521.948303 289.023529 
207.356964 193.788300 
256.873901 197.485184 
335.565430 203.847122 
426.187927 267.344818 
187.347031 318.746155 
265.508423 352.481445 
203.508667 191.379761 
222.885727 206.522629 
238.871078 327.525055 
244.346237 339.794830 
416.721466 199.691833 
400.301025 236.820160 
472.051117 269.949310 
502.595276 214.078186 
395.746338 217.423294 
452.379303 210.324860 
291.446747 267.140533 
432.838196 223.042953 
438.124786 218.982147 
522.760193 233.210480 
483.702820 229.438843 
311.098297 278.970520 
230.992279 228.521759 
484.597961 314.025482 
422.429169 188.994843 
460.489410 206.868530 
238.754730 183.500412 
509.712402 256.410950 
499.867218 298.485077 
304.817841 182.851562 
336.647644 210.054214 
538.750854 244.507172 
35.489822 353.293671 
433.457458 240.750488 
471.837097 238.041641 
396.727997 246.010208 
291.116333 186.837341 
43.104763 347.265991 
433.529907 183.404251 
282.265472 334.434967 
401.723145 209.547394 
419.101959 300.872528 
221.067032 207.892120 
340.748169 206.664093 
487.964142 233.269318 
402.895203 236.330093 
409.823242 257.302277 
254.908752 176.865677 
218.060318 203.691299 
407.555786 229.525131 
401.303070 220.344070 
474.772491 349.903595 
420.224854 228.400513 
406.017578 226.780914 
257.983459 224.956467 
473.690613 348.636841 
473.615479 348.122345 
326.548431 341.158569 
446.061829 239.059998 
66.301460 330.230743 
282.158936 164.509048 
322.777039 177.062225 
191.149261 316.523529 
486.680603 261.664093 
408.675995 257.622620 
438.222473 312.612915 
472.496033 238.946793 
394.284607 229.703232 
514.523560 245.769791 
455.071899 242.241531 
297.323303 272.483673 
467.175232 239.234482 
487.824249 229.451370 
485.245789 248.577927 
419.486359 305.191406 
455.690308 243.086426 
233.652771 228.438461 
424.011810 269.842285 
214.453979 204.319733 
405.744080 231.668915 
412.498444 297.045227 
473.364471 346.486115 
280.849182 331.136444 
153.054504 237.520538 
440.574432 311.511627 
471.862610 210.279297 
459.515350 255.202072 
295.071320 272.213715 
268.604980 226.826324 
450.497864 227.566467 
505.428192 239.228439 
402.499420 291.485138 
402.332275 291.567352 
403.544800 229.720947 
429.029053 222.890533 
449.728516 207.182205 
400.891785 205.119644 
227.957962 197.168549 
495.019745 238.501221 
309.510864 180.676666 
426.391754 218.945129 
141.856400 221.528839 
208.493225 190.537430 
213.125015 189.625305 
234.962738 186.864227 
234.052368 186.844788 
491.574768 247.817764 
485.081207 308.809601 
496.405548 234.997147 
205.847992 344.573761 
443.766174 179.342789 
430.991577 222.423874 
465.665558 270.771729 
453.839996 277.710266 
460.109894 223.441711 
478.835693 334.513428 
238.560867 182.934814 
315.625214 276.738953 
216.487518 101.692818 
241.297592 266.091553 
279.952209 208.148148 
465.853638 271.246643 
475.863342 253.342041 
248.242371 331.843353 
158.321884 244.900146 
447.259308 224.446945 
498.888885 270.644104 
343.155396 242.046066 
349.027679 250.185608 
469.825623 224.688889 
315.020966 176.432098 
408.516357 227.614761 
251.032196 144.085281 
477.390442 227.550339 
471.290375 273.976135 
497.127869 183.458618 
497.624939 183.065628 
497.624939 183.065628 
505.023224 240.162720 
419.731842 299.375549 
419.169769 299.256226 
313.052399 175.205338 
405.495544 200.001221 
197.745178 99.763084 
197.236649 99.932396 
174.709518 325.050964 
394.972443 222.497009 
472.622803 248.342728 
328.258392 165.703430 
487.734802 230.163132 
403.990906 201.044083 
418.791931 303.623016 
418.532318 299.344330 
291.362885 271.535370 
418.860779 304.812012 
309.284515 185.201736 
236.434601 178.818359 
409.130341 226.773300 
508.143158 300.768555 
424.107605 388.581940 
491.950867 268.080566 
438.886658 253.850357 
472.706482 219.916321 
390.149139 267.183411 
484.324890 255.572250 
249.909653 173.271591 
229.880875 334.217041 
298.077087 336.358917 
265.331665 230.575470 
422.766235 270.293579 
438.664948 254.334351 
293.725952 207.161118 
460.400543 224.241867 
454.216064 202.652359 
289.978851 308.051697 
500.560760 309.590607 
385.506989 388.852295 
436.631714 234.182556 
512.354248 245.743256 
463.117126 220.887161 
274.147919 267.414581 
219.839111 206.212524 
450.449097 228.160751 
429.653961 221.737976 
413.144165 285.468048 
289.654449 165.507187 
202.568741 183.517029 
460.045197 256.502319 
374.269623 252.218948 
356.598206 219.583649 
405.923157 214.109802 
243.324478 268.911346 
336.958557 320.503540 
258.415588 138.795425 
402.172668 214.032516 
193.616302 200.926468 
391.873352 273.743988 
473.180206 233.610489 
465.590759 224.269592 
53.364643 318.776611 
412.924469 229.103012 
471.397339 316.405701 
511.354248 245.172775 
477.420166 250.447815 
237.224060 182.103546 
222.881027 182.005325 
339.992523 238.847870 
439.229095 312.864929 
272.889160 242.952789 
464.767517 224.417969 
217.597763 201.334381 
140.137543 235.660950 
469.780518 233.442810 
273.790741 155.310440 
363.554626 219.903809 
192.113556 231.016312 
441.384216 247.557892 
137.202728 216.591888 
232.588531 349.782196 
248.387451 184.722076 
267.437561 155.548752 
243.310181 174.943420 
480.591888 244.550018 
330.808289 213.296997 
409.789520 256.887695 
421.994202 232.669220 
501.057495 237.635727 
415.834503 280.617767 
464.033386 339.470825 
424.614136 234.329758 
434.975006 260.079742 
411.187164 282.964722 
146.209671 242.334015 
144.072876 234.656677 
443.379181 221.279144 
419.208984 232.677444 
436.167358 251.901321 
507.156189 241.176178 
347.521667 214.713257 
308.236206 172.560974 
265.369873 211.902954 
93.125542 312.620483 
288.636597 165.905716 
268.198914 146.101501 
304.278687 172.631882 
267.826630 240.537384 
313.334686 180.378937 
215.882553 188.698410 
223.787094 229.705475 
251.569397 330.376740 
124.314796 151.877319 
50.703453 340.091034 
428.754822 181.767380 
237.476105 189.229248 
237.628998 189.552307 
494.158020 238.724655 
418.688660 232.780334 
148.199783 300.612213 
306.998871 178.043091 
366.280121 249.027237 
321.196320 175.709213 
506.897339 316.366211 
208.481903 201.934921 
309.960236 270.835297 
62.557743 306.039185 
148.930527 299.392853 
62.515888 302.346313 
232.870010 213.045731 
256.683990 263.601013 
304.012665 110.733940 
479.827209 253.257080 
475.498718 333.624512 
147.708893 293.711029 
155.385910 239.941483 
