500
465.823883 428.981903 
482.841797 424.718506 
223.507034 109.806648 
222.111847 122.619865 
299.609985 253.289429 
220.272278 114.766777 
235.720779 100.966476 
183.539001 289.758545 
222.609207 102.093521 
220.272278 114.766777 
220.272278 114.766777 
184.059570 290.059937 
220.272278 114.766777 
227.447571 126.649101 
213.342056 102.444763 
220.272278 114.766777 
227.447571 126.649101 
227.447571 126.649101 
215.072952 113.506432 
236.390686 138.021606 
222.111847 122.619865 
220.272278 114.766777 
215.072952 113.506432 
231.056839 145.162949 
551.055969 306.984070 
409.559174 204.442657 
217.847656 144.327484 
255.517273 291.015320 
231.056839 145.162949 
255.933319 313.276154 
300.772339 318.065674 
243.562363 136.699005 
184.059570 290.059937 
409.559174 204.442657 
218.952774 125.548882 
238.879547 140.083679 
311.232758 303.047089 
298.290619 313.652435 
235.437668 136.160812 
591.020508 469.375214 
215.072952 113.506432 
359.340210 235.543442 
323.858612 327.922943 
233.977371 129.747604 
215.072952 113.506432 
214.210495 139.232346 
239.672226 107.975983 
316.675293 281.480499 
233.977371 129.747604 
428.477600 104.094933 
233.977371 129.747604 
239.672226 107.975983 
220.113480 143.557602 
356.045807 232.989059 
215.072952 113.506432 
329.642517 54.073223 
247.018585 121.586784 
281.736786 285.935272 
343.573364 135.372147 
233.977371 129.747604 
310.092529 47.782982 
300.772339 318.065674 
337.359314 88.501892 
299.609985 253.289429 
329.642517 54.073223 
224.493942 154.743530 
505.589020 327.092743 
505.589020 327.092743 
270.104156 126.378876 
246.973892 150.459152 
465.823883 428.981903 
256.027435 132.044464 
233.977371 129.747604 
236.565689 128.675400 
551.055969 306.984070 
221.198563 128.087463 
218.952774 125.548882 
220.272278 114.766777 
220.113480 143.557602 
232.524658 102.799644 
234.650711 103.120941 
232.524658 102.799644 
215.072952 113.506432 
215.807449 141.308578 
223.507034 109.806648 
184.059570 290.059937 
289.925659 333.651062 
207.152634 97.422813 
328.902283 63.019268 
312.578339 185.158722 
419.528351 213.134369 
303.344818 288.722168 
515.973511 323.336700 
421.723999 213.775055 
238.590210 114.552307 
211.177689 123.841721 
211.177689 123.841721 
239.672226 107.975983 
314.388000 52.526482 
451.657867 91.133621 
284.058655 223.245651 
259.868744 325.888733 
225.328354 97.069550 
224.886032 147.353058 
267.901886 29.284216 
321.518433 343.281799 
289.844940 340.902008 
222.111847 122.619865 
207.152634 97.422813 
349.786621 207.346725 
341.569946 116.231453 
341.569946 116.231453 
234.650711 103.120941 
319.021027 107.231201 
419.651886 217.704712 
224.886032 147.353058 
232.283585 157.711868 
224.886032 147.353058 
235.720779 100.966476 
287.029785 229.291534 
220.272278 114.766777 
226.871536 92.964676 
235.437668 136.160812 
312.638977 43.682049 
323.858612 327.922943 
330.193878 61.416622 
226.871536 92.964676 
234.650711 103.120941 
231.977798 61.233181 
274.590240 150.233063 
207.152634 97.422813 
232.524658 102.799644 
291.638062 279.401154 
311.232758 303.047089 
253.876038 115.675484 
253.876038 115.675484 
434.050293 30.103441 
289.925659 333.651062 
329.642517 54.073223 
287.029785 229.291534 
351.928589 238.712830 
591.020508 469.375214 
591.020508 469.375214 
239.672226 107.975983 
422.738037 253.170181 
451.657867 91.133621 
246.938492 104.893456 
274.590240 150.233063 
464.338654 157.581039 
253.876038 115.675484 
228.691025 106.414894 
261.833374 116.634293 
238.879547 140.083679 
260.416382 327.579071 
248.785675 164.981400 
442.505829 252.349548 
217.249023 137.013306 
238.879547 140.083679 
298.290619 313.652435 
337.264862 214.746704 
227.447571 126.649101 
227.447571 126.649101 
330.193878 61.416622 
591.020508 469.375214 
222.111847 122.619865 
304.475922 150.762604 
283.304321 112.346855 
256.027435 132.044464 
226.703552 110.668198 
419.651886 217.704712 
226.871536 92.964676 
263.476776 164.772217 
233.977371 129.747604 
239.672226 107.975983 
474.271942 439.395691 
248.785675 164.981400 
236.565689 128.675400 
319.021027 107.231201 
255.084198 331.064819 
351.928589 238.712830 
285.241791 101.310349 
232.524658 102.799644 
235.437668 136.160812 
253.876038 115.675484 
263.456055 271.045746 
332.823883 59.668034 
304.494904 173.965347 
236.565689 128.675400 
254.568741 169.487427 
278.461517 144.479309 
314.168060 364.448090 
245.196213 73.299408 
258.394897 142.087112 
261.628693 277.963013 
291.980438 330.563416 
298.573151 277.374878 
442.665253 253.215500 
248.785675 164.981400 
215.072952 113.506432 
254.510605 116.623611 
236.753250 126.115860 
314.388000 52.526482 
299.656464 98.896706 
299.656464 98.896706 
303.602539 363.685791 
297.479614 91.733528 
270.903076 274.239349 
231.056839 145.162949 
268.582764 77.587486 
190.614578 323.143921 
321.518433 343.281799 
238.590210 114.552307 
227.447571 126.649101 
289.925659 333.651062 
260.773560 294.820465 
299.609985 253.289429 
254.878555 100.749504 
215.072952 113.506432 
317.184723 54.692432 
419.804230 245.356598 
424.609650 189.484528 
209.056534 82.202568 
304.475922 150.762604 
304.475922 150.762604 
313.100220 133.844955 
261.867004 265.760468 
215.072952 113.506432 
265.599396 32.665894 
323.923431 48.380585 
337.359314 88.501892 
314.168060 364.448090 
341.014221 117.422287 
240.907150 120.193733 
280.497467 236.767059 
266.681122 265.566315 
296.682312 345.009277 
256.190552 291.207947 
215.072952 113.506432 
259.879883 268.470123 
238.590210 114.552307 
323.923431 48.380585 
330.193878 61.416622 
297.479614 91.733528 
232.283585 157.711868 
286.377930 109.069092 
313.100220 133.844955 
330.193878 61.416622 
217.766327 104.342415 
238.590210 114.552307 
286.377930 109.069092 
261.468628 31.543844 
356.045807 232.989059 
239.672226 107.975983 
236.872360 160.628586 
265.660736 77.884079 
259.203827 136.503021 
291.267853 285.304321 
207.152634 97.422813 
314.168060 364.448090 
217.766327 104.342415 
265.660736 77.884079 
238.590210 114.552307 
238.590210 114.552307 
297.479614 91.733528 
222.609207 102.093521 
260.773560 294.820465 
286.189148 232.087952 
259.237610 27.953974 
238.590210 114.552307 
211.035645 132.529770 
282.625397 213.946152 
294.700134 335.359528 
278.911591 137.777023 
440.160980 277.307343 
313.100220 133.844955 
238.879547 140.083679 
249.145569 322.722778 
207.415985 96.061279 
238.650009 126.755402 
254.568741 169.487427 
281.736786 285.935272 
259.879883 268.470123 
280.002869 113.611664 
223.507034 109.806648 
282.854523 76.690399 
399.759369 219.053253 
259.203827 136.503021 
227.447571 126.649101 
235.437668 136.160812 
325.226898 58.928368 
268.782104 102.848877 
269.847626 93.463226 
313.600616 309.826233 
488.466919 427.588165 
238.590210 114.552307 
249.145569 322.722778 
388.921814 400.036499 
222.111847 122.619865 
222.111847 122.619865 
278.911591 137.777023 
277.558197 88.061577 
429.113312 287.284912 
361.292419 335.449097 
238.590210 114.552307 
238.879547 140.083679 
515.857117 463.620361 
272.884308 215.718781 
238.879547 140.083679 
227.447571 126.649101 
227.447571 126.649101 
314.388000 52.526482 
326.552429 303.802582 
316.718506 91.873108 
261.576447 301.536591 
442.665253 253.215500 
315.882141 353.904602 
284.452179 237.113403 
331.558990 295.464386 
328.902283 63.019268 
533.019104 328.203857 
451.657867 91.133621 
398.207458 181.192535 
309.363586 101.960510 
238.590210 114.552307 
308.244843 140.646042 
304.605103 149.943375 
329.642517 54.073223 
313.100220 133.844955 
216.859268 97.429565 
278.674805 136.250992 
241.226059 129.297470 
371.122589 395.722504 
285.756653 125.529449 
238.590210 114.552307 
268.582764 77.587486 
262.397919 102.617676 
297.479614 91.733528 
252.973007 86.053452 
379.761993 399.709259 
270.529785 171.961868 
227.447571 126.649101 
388.921814 400.036499 
421.271698 242.074234 
286.377930 109.069092 
321.153076 347.931183 
371.122589 395.722504 
236.129852 162.201111 
331.812439 437.620789 
295.422150 87.560120 
255.040573 329.220398 
422.738037 253.170181 
289.925659 333.651062 
343.573364 135.372147 
343.573364 135.372147 
269.847626 93.463226 
286.479218 331.190277 
515.973511 323.336700 
220.113480 143.557602 
238.590210 114.552307 
280.230469 50.271442 
238.650009 126.755402 
298.103821 350.870667 
340.843842 329.506226 
236.859222 127.093163 
257.804535 68.045540 
270.529785 171.961868 
239.672226 107.975983 
304.494904 173.965347 
235.437668 136.160812 
254.568741 169.487427 
421.845490 240.108490 
264.725677 119.535950 
451.657867 91.133621 
227.447571 126.649101 
450.531128 337.032990 
297.479614 91.733528 
287.544830 126.235382 
238.590210 114.552307 
291.980438 330.563416 
254.568741 169.487427 
297.479614 91.733528 
322.261749 357.646576 
371.381378 306.208557 
236.129852 162.201111 
252.909698 335.519775 
222.265961 136.334137 
235.437668 136.160812 
206.406448 96.571159 
234.650711 103.120941 
343.937927 310.360565 
287.544830 126.235382 
334.679565 319.399628 
222.609207 102.093521 
358.661438 234.874191 
239.672226 107.975983 
238.879547 140.083679 
331.558990 295.464386 
298.232635 276.200745 
259.237610 27.953974 
237.495392 126.539764 
270.529785 171.961868 
278.760406 89.840561 
258.668884 157.199188 
388.921814 400.036499 
304.494904 173.965347 
343.937927 310.360565 
331.558990 295.464386 
275.638092 113.144585 
297.479614 91.733528 
286.377930 109.069092 
248.373764 163.590561 
238.590210 114.552307 
257.765076 161.222656 
227.447571 126.649101 
310.691528 341.643555 
394.355042 244.563950 
272.765442 144.665527 
247.019775 105.886574 
439.423218 292.064484 
258.973145 258.712524 
248.978607 336.745605 
326.792938 138.336685 
303.621735 343.148834 
310.773102 362.914185 
422.738037 253.170181 
231.056839 145.162949 
227.087296 153.707291 
485.120026 97.562225 
277.558197 88.061577 
283.823059 110.035515 
264.585724 174.914352 
429.789062 274.894897 
321.153076 347.931183 
420.053070 226.348709 
285.241791 101.310349 
274.708038 159.841873 
286.377930 109.069092 
289.925659 333.651062 
392.533447 195.847794 
297.479614 91.733528 
474.271942 439.395691 
252.909698 335.519775 
422.738037 253.170181 
285.241791 101.310349 
261.833374 116.634293 
304.494904 173.965347 
313.100220 133.844955 
287.865326 329.113068 
458.003143 88.041451 
297.479614 91.733528 
239.672226 107.975983 
536.189514 469.357788 
372.798523 447.757812 
442.505829 252.349548 
284.166168 239.627945 
443.638794 31.310093 
460.242950 314.768066 
284.166168 239.627945 
239.672226 107.975983 
403.912048 225.453522 
255.732727 110.342270 
335.766113 217.404434 
237.495392 126.539764 
252.620758 111.903915 
272.765442 144.665527 
295.330353 328.932678 
224.493942 154.743530 
224.493942 154.743530 
224.493942 154.743530 
272.765442 144.665527 
429.113312 287.284912 
237.495392 126.539764 
285.241791 101.310349 
371.381378 306.208557 
385.909180 401.166107 
261.628693 277.963013 
331.558990 295.464386 
209.056534 82.202568 
286.377930 109.069092 
423.739838 158.372955 
460.242950 314.768066 
326.792938 138.336685 
304.494904 173.965347 
286.377930 109.069092 
551.055969 306.984070 
285.241791 101.310349 
351.362579 259.399170 
454.683472 203.375885 
311.654449 228.431534 
388.921814 400.036499 
287.654968 275.157806 
371.122589 395.722504 
321.518433 343.281799 
538.482910 332.596985 
275.453491 177.003906 
326.681915 48.402580 
310.122681 192.703827 
534.151733 477.575928 
287.755768 222.844528 
286.377930 109.069092 
