500
287.064056 90.533890 
287.086761 90.585007 
93.125542 312.620483 
473.853546 176.087723 
462.495209 187.076187 
472.971191 192.587036 
440.333740 200.796509 
473.226471 191.528610 
286.648590 109.533501 
438.998138 200.919327 
483.461273 190.355270 
469.046783 193.166885 
488.975403 194.954147 
392.253265 390.279602 
349.419922 337.304108 
484.797760 193.085327 
487.472534 199.996902 
488.659576 197.813354 
452.510681 184.218277 
476.079529 184.352997 
360.331085 204.406891 
476.886200 185.914627 
272.845428 240.291275 
580.952148 268.621552 
273.473755 245.118408 
234.488846 103.716522 
455.625458 219.855743 
423.488770 190.728790 
476.164917 183.115250 
311.549316 177.664429 
475.469971 194.861237 
485.265594 194.785385 
422.429169 188.994843 
287.646698 109.720177 
440.915924 189.734283 
424.241974 192.043777 
416.611938 192.561844 
454.966095 201.647659 
472.969604 189.549072 
492.143829 193.491501 
287.881500 161.794983 
256.686829 195.607056 
437.614716 186.050339 
441.131744 198.994675 
480.698212 198.632751 
238.560867 182.934814 
267.437561 155.548752 
496.137543 184.266739 
444.152191 217.529251 
436.631714 234.182556 
456.580750 212.277695 
258.718750 195.151413 
476.443207 210.209229 
264.771454 210.830200 
452.859650 178.872452 
290.416107 188.581863 
328.449921 168.414185 
473.690613 348.636841 
473.615479 348.122345 
476.095398 181.783798 
247.564331 178.685577 
459.326447 192.087021 
428.048187 186.232880 
415.594452 209.087570 
487.801453 307.548828 
374.269623 252.218948 
310.561890 342.239441 
457.462158 212.850571 
451.627289 182.800873 
506.246124 213.313507 
440.862640 201.382996 
453.614594 285.089844 
429.767059 202.466522 
455.405304 200.519882 
299.278595 110.299019 
452.242096 180.824448 
442.756683 209.873672 
483.046143 210.592773 
444.737213 196.528961 
422.377289 195.807526 
447.103516 193.067688 
505.231506 298.982269 
437.175903 191.928864 
466.145966 207.142761 
439.715118 206.709900 
436.197662 185.156250 
309.483643 345.343719 
315.344543 216.925217 
482.839203 191.689438 
205.847992 344.573761 
454.004517 197.295837 
499.224030 213.309479 
440.574432 311.511627 
248.890060 105.679253 
433.092773 216.191467 
270.722290 238.181274 
340.178741 277.021362 
332.347473 206.930939 
479.391998 207.700485 
342.628479 214.159790 
416.711823 193.745270 
478.496979 207.500641 
461.142151 288.183105 
475.378906 211.698151 
460.489410 206.868530 
506.526459 299.599945 
435.014587 183.570938 
448.063782 223.600327 
450.317719 186.563080 
459.509827 220.808990 
163.096436 95.963226 
53.364643 318.776611 
416.836914 261.113037 
416.237305 261.594849 
447.424133 196.111877 
415.893463 206.184464 
66.301460 330.230743 
428.378082 302.627380 
428.527954 302.306549 
227.082504 189.261261 
507.211823 297.588684 
311.098297 278.970520 
443.335907 220.590134 
291.383606 162.534088 
491.947266 231.499207 
514.719055 217.582260 
424.399963 298.752716 
443.766174 179.342789 
417.569427 195.231064 
446.061829 239.059998 
477.616577 200.449936 
473.364471 346.486115 
412.948944 222.443085 
469.155701 214.632385 
460.109894 223.441711 
248.618805 179.863693 
448.416779 310.961243 
433.529907 183.404251 
498.542267 299.490753 
471.862610 210.279297 
482.965668 204.144958 
340.748169 206.664093 
269.576904 237.892120 
482.200562 208.129578 
424.107605 388.581940 
448.348572 216.112732 
471.390228 217.741226 
450.497864 227.566467 
322.834015 336.758362 
416.611420 212.894913 
427.357513 267.696564 
237.476105 189.229248 
237.628998 189.552307 
310.490570 269.410095 
445.156433 195.985825 
273.146515 244.093445 
350.660736 218.050522 
469.019379 211.364059 
463.117126 220.887161 
263.407043 351.104950 
509.031677 208.939148 
292.807129 200.391083 
444.916168 284.736786 
474.772491 349.903595 
486.379242 306.525238 
478.835693 334.513428 
337.346588 264.702881 
342.228333 213.336273 
262.176422 209.362427 
466.228546 274.259338 
422.419647 213.563156 
92.511772 313.093292 
527.138489 233.871750 
268.208344 107.741394 
460.693756 221.403214 
460.952057 221.133881 
415.159454 199.998611 
247.075500 177.787308 
499.006378 212.602310 
491.950867 268.080566 
65.506805 330.715607 
460.400543 224.241867 
360.613831 215.802948 
535.774902 263.669952 
530.106506 135.762344 
472.706482 219.916321 
418.688660 232.780334 
244.444305 224.728958 
445.319153 214.910843 
484.597961 314.025482 
385.506989 388.852295 
262.757385 348.520966 
495.669281 216.525818 
265.331665 230.575470 
289.654449 165.507187 
294.072021 253.359009 
438.222473 312.612915 
280.849182 331.136444 
469.757233 260.276428 
444.661041 176.707947 
405.927979 207.468094 
406.017578 226.780914 
409.789520 256.887695 
438.820221 223.463730 
447.259308 224.446945 
359.670715 218.735321 
486.680603 261.664093 
439.229095 312.864929 
311.756226 322.241821 
487.964142 233.269318 
245.524445 227.177521 
415.355957 212.548492 
486.983704 253.691315 
197.745178 99.763084 
197.236649 99.932396 
401.723145 209.547394 
291.116333 186.837341 
411.226440 298.855438 
454.216064 202.652359 
521.948303 289.023529 
498.182983 310.788849 
452.379303 210.324860 
460.244781 269.729584 
460.160126 269.354584 
432.838196 223.042953 
484.442871 312.539062 
326.548431 341.158569 
428.612762 300.985748 
502.442902 276.652527 
438.124786 218.982147 
426.050293 298.880707 
419.756073 298.180908 
408.516357 227.614761 
388.035309 260.475006 
265.508423 352.481445 
426.391754 218.945129 
514.521362 215.660385 
480.066711 231.884491 
495.019745 238.501221 
410.081940 198.691895 
321.234406 336.869720 
288.636597 165.905716 
534.733276 260.395813 
402.649292 259.199219 
143.783813 93.795677 
525.083252 236.773621 
400.301025 236.820160 
412.498444 297.045227 
267.910004 144.536240 
407.924438 201.230774 
256.950317 148.536880 
256.873901 197.485184 
356.598206 219.583649 
444.037384 192.521576 
523.171631 279.425781 
536.146851 257.160156 
498.888885 270.644104 
426.187927 267.344818 
485.081207 308.809601 
374.126892 331.895782 
453.839996 277.710266 
107.054947 218.905670 
416.721466 199.691833 
309.479492 341.615753 
297.782135 254.489594 
402.699066 208.518265 
244.346237 339.794830 
360.434418 201.950577 
246.188156 181.979462 
394.972443 222.497009 
287.366882 198.124771 
508.143158 300.768555 
247.427948 235.573318 
420.224854 228.400513 
471.397339 316.405701 
309.960236 270.835297 
294.632996 205.969742 
464.767517 224.417969 
409.130341 226.773300 
238.754730 183.500412 
248.242371 331.843353 
407.555786 229.525131 
433.909882 243.415894 
222.885727 206.522629 
436.563263 178.632843 
417.463348 229.224258 
248.764053 236.464432 
307.286835 341.231964 
408.818359 173.546967 
473.180206 233.610489 
363.554626 219.903809 
522.760193 233.210480 
471.837097 238.041641 
265.369873 211.902954 
322.777039 177.062225 
341.087158 203.426559 
511.643127 241.435455 
317.758575 130.700211 
278.889557 208.209000 
402.499420 291.485138 
402.332275 291.567352 
401.303070 220.344070 
430.991577 222.423874 
502.595276 214.078186 
298.077087 336.358917 
394.284607 229.703232 
236.434601 178.818359 
266.322754 229.384552 
424.011810 269.842285 
388.617706 242.273865 
251.949646 196.152786 
475.441101 245.267715 
472.051117 269.949310 
472.496033 238.946793 
207.356964 193.788300 
485.245789 248.577927 
538.750854 244.507172 
483.727081 309.583801 
322.303009 341.533569 
265.538574 236.212158 
400.218170 237.097610 
449.728516 207.182205 
156.323822 256.482849 
90.779564 329.365723 
436.332794 226.580765 
266.319733 143.737717 
405.923157 214.109802 
217.597763 201.334381 
260.980621 154.895264 
521.098816 436.673004 
477.390442 227.550339 
396.727997 246.010208 
505.023224 240.162720 
499.867218 298.485077 
233.652771 228.438461 
400.891785 205.119644 
334.189667 207.894043 
454.447449 243.365128 
487.824249 229.451370 
487.734802 230.163132 
496.405548 234.997147 
385.376678 251.718582 
315.625214 276.738953 
469.825623 224.688889 
150.424469 245.650299 
455.690308 243.086426 
257.983459 224.956467 
237.224060 182.103546 
248.387451 184.722076 
282.265472 334.434967 
511.662964 242.092026 
485.523224 177.531418 
395.746338 217.423294 
319.754364 95.937675 
319.661346 95.796295 
418.733673 228.432098 
359.360962 207.432922 
512.616333 268.227478 
512.920471 268.299927 
252.947998 148.655426 
149.909515 241.834595 
215.607285 191.404312 
505.428192 239.228439 
234.962738 186.864227 
234.052368 186.844788 
347.521667 214.713257 
402.895203 236.330093 
484.324890 255.572250 
315.711670 130.612549 
309.510864 180.676666 
24.693386 360.296051 
233.482452 335.916534 
453.532776 219.568619 
450.449097 228.160751 
455.071899 242.241531 
403.544800 229.720947 
511.889191 239.668869 
203.508667 191.379761 
519.484314 249.740601 
241.297592 266.091553 
405.495544 200.001221 
405.744080 231.668915 
156.859680 235.825073 
497.127869 183.458618 
497.624939 183.065628 
497.624939 183.065628 
402.172668 214.032516 
509.712402 256.410950 
43.104763 347.265991 
433.457458 240.750488 
229.880875 334.217041 
281.928375 223.974426 
390.149139 267.183411 
212.991806 206.734222 
465.853638 271.246643 
514.523560 245.769791 
208.481903 201.934921 
491.574768 247.817764 
243.310181 174.943420 
310.554474 263.249756 
487.452209 253.028503 
471.290375 273.976135 
250.281219 175.976105 
409.823242 257.302277 
429.029053 222.890533 
313.052399 175.205338 
229.387512 340.233215 
204.949081 192.177109 
145.217224 246.788361 
403.990906 201.044083 
232.246918 190.523453 
465.665558 270.771729 
218.060318 203.691299 
419.486359 305.191406 
418.860779 304.812012 
297.973572 313.367767 
249.066437 184.639572 
391.235626 338.290131 
389.558838 263.833923 
504.181641 296.532776 
62.515888 302.346313 
408.675995 257.622620 
221.067032 207.892120 
245.896713 231.918381 
294.897858 201.270309 
214.753464 207.627533 
338.097382 267.024475 
501.057495 237.635727 
418.791931 303.623016 
469.780518 233.442810 
438.664948 254.334351 
141.537201 229.929520 
159.760101 231.792145 
475.863342 253.342041 
228.370865 181.848770 
480.371521 260.497803 
500.560760 309.590607 
261.754883 137.618652 
255.144089 177.760757 
469.286804 270.763550 
459.515350 255.202072 
494.158020 238.724655 
246.308411 239.274460 
477.420166 250.447815 
50.703453 340.091034 
139.388260 278.842712 
512.354248 245.743256 
441.384216 247.557892 
483.702820 229.438843 
146.427399 253.477539 
232.588531 349.782196 
82.408714 292.985931 
419.101959 300.872528 
218.976822 235.717819 
330.808289 213.296997 
436.167358 251.901321 
136.541428 283.195679 
429.653961 221.737976 
475.633148 254.822800 
465.590759 224.269592 
146.605087 251.137436 
51.317047 311.106567 
124.314796 151.877319 
154.279572 259.523224 
138.865860 287.339478 
339.992523 238.847870 
419.208984 232.677444 
193.616302 200.926468 
346.210571 209.843353 
303.078644 183.588104 
303.812622 183.273132 
438.886658 253.850357 
511.354248 245.172775 
187.347031 318.746155 
472.622803 248.342728 
388.214417 248.434021 
335.565430 203.847122 
253.284683 144.549728 
477.733826 228.211914 
158.360550 227.694397 
219.839111 206.212524 
241.950378 190.879517 
137.202728 216.591888 
480.591888 244.550018 
308.236206 172.560974 
216.487518 101.692818 
436.453400 252.579132 
413.144165 285.468048 
467.175232 239.234482 
249.909653 173.271591 
422.766235 270.293579 
136.771866 302.987122 
412.924469 229.103012 
419.711548 201.916061 
321.196320 175.709213 
386.381042 244.344025 
35.489822 353.293671 
411.187164 282.964722 
243.324478 268.911346 
436.342041 250.411713 
