500
470.193146 168.843094 
256.741272 104.422462 
271.623291 86.039795 
269.589813 88.774261 
296.809723 246.080673 
272.169739 107.132889 
288.963226 80.795059 
489.273804 391.968567 
270.801544 85.639404 
484.381378 212.730728 
272.736328 102.759338 
269.589813 88.774261 
289.659821 116.515640 
290.948914 221.614288 
272.736328 102.759338 
290.155579 89.058220 
468.848877 149.811005 
269.589813 88.774261 
324.690094 287.908081 
272.169739 107.132889 
272.736328 102.759338 
269.589813 88.774261 
272.136871 76.349266 
484.381378 212.730728 
297.293915 210.340195 
272.136871 76.349266 
377.810608 53.426628 
270.790863 91.011696 
278.029541 83.219261 
269.589813 88.774261 
416.849121 237.843170 
290.155579 89.058220 
287.977051 225.877213 
270.790863 91.011696 
425.049500 250.724838 
263.902924 107.001526 
290.615234 296.937988 
489.273804 391.968567 
272.736328 102.759338 
242.604980 266.482605 
416.849121 237.843170 
263.902924 107.001526 
290.615234 296.937988 
431.647156 289.117706 
279.023773 120.273514 
259.673615 115.450005 
263.902924 107.001526 
264.919434 98.642700 
324.690094 287.908081 
264.919434 98.642700 
276.539032 308.669434 
312.383423 295.695984 
298.309662 100.561707 
265.027588 85.370483 
388.760925 103.541405 
292.452393 104.475807 
263.902924 107.001526 
259.818054 127.175713 
286.735077 100.569527 
268.344696 268.943054 
376.685699 56.732231 
290.155579 89.058220 
502.657867 83.786201 
389.617462 77.235573 
296.809723 246.080673 
378.477173 150.307281 
266.880829 325.235657 
266.880829 325.235657 
287.870239 80.704842 
265.027588 85.370483 
489.273804 391.968567 
266.016815 84.235649 
282.449158 131.436813 
259.673615 115.450005 
266.016815 84.235649 
286.735077 100.569527 
284.197449 117.460526 
271.623291 86.039795 
280.854218 106.054016 
262.202759 68.525635 
276.539032 308.669434 
421.117493 238.695343 
499.439545 403.756287 
288.215576 280.708649 
359.756775 250.566788 
272.736328 102.759338 
431.647156 289.117706 
379.695160 62.572620 
270.790863 91.011696 
422.246918 246.928604 
265.027588 85.370483 
279.023773 120.273514 
285.178131 81.543961 
279.023773 120.273514 
475.942352 385.103790 
348.239471 48.499565 
285.178131 81.543961 
286.735077 100.569527 
272.736328 102.759338 
366.495392 106.159966 
255.589478 91.750999 
255.589478 91.750999 
286.735077 100.569527 
256.280426 112.061371 
391.206055 76.097801 
286.577759 338.300446 
410.322540 375.663330 
266.016815 84.235649 
264.775024 124.709526 
299.176971 107.490471 
270.790863 91.011696 
348.239471 48.499565 
348.239471 48.499565 
352.160797 250.065765 
359.669739 220.166122 
416.694702 239.353424 
421.745178 253.405457 
350.865448 250.192093 
299.176971 107.490471 
299.176971 107.490471 
280.102509 107.354385 
264.775024 124.709526 
290.413666 108.764496 
336.838318 24.720905 
299.176971 107.490471 
270.790863 91.011696 
265.027588 85.370483 
274.512573 272.497589 
382.692810 132.452835 
382.692810 132.452835 
280.603943 267.534668 
264.775024 124.709526 
389.991638 73.823685 
267.766327 139.158707 
415.468597 277.519592 
294.999329 213.667099 
285.178131 81.543961 
269.103210 120.671768 
264.775024 124.709526 
283.868835 72.792717 
308.461670 140.479065 
414.045135 212.456375 
348.239471 48.499565 
256.629730 250.074249 
263.902924 107.001526 
364.672485 116.223297 
497.067474 126.010796 
388.743134 60.088417 
295.457184 128.030762 
324.690094 287.908081 
283.143127 70.159988 
286.888794 94.787590 
234.521042 302.055237 
324.690094 287.908081 
298.309662 100.561707 
348.224854 133.242950 
267.766327 139.158707 
259.673615 115.450005 
286.735077 100.569527 
224.915482 294.381836 
366.495392 106.159966 
308.561646 148.373444 
280.464569 83.264854 
297.399170 117.672691 
318.299805 67.634956 
317.356201 49.934555 
272.736328 102.759338 
391.206055 76.097801 
273.125183 110.589645 
345.214355 222.735413 
271.850006 66.091682 
421.745178 253.405457 
285.178131 81.543961 
278.128052 72.426567 
268.344696 268.943054 
286.735077 100.569527 
335.204437 98.285759 
294.999329 213.667099 
270.010803 54.638893 
287.740997 268.654877 
234.701965 299.585938 
293.018921 43.504494 
402.786499 248.051086 
313.950256 117.267235 
428.188354 289.915375 
386.983246 71.344360 
285.178131 81.543961 
280.854218 106.054016 
272.736328 102.759338 
318.299805 67.634956 
376.685699 56.732231 
326.130524 103.399651 
349.968414 133.646774 
379.695160 62.572620 
245.729218 271.006775 
272.550049 355.313385 
254.456207 246.835464 
286.577759 338.300446 
260.030273 318.491241 
269.380127 137.063904 
259.673615 115.450005 
306.569885 87.132996 
389.593384 61.645107 
269.380127 137.063904 
283.352753 151.997589 
348.239471 48.499565 
299.176971 107.490471 
348.835876 100.898315 
348.835876 100.898315 
298.309662 100.561707 
280.854218 106.054016 
272.169739 107.132889 
389.593384 61.645107 
271.850006 66.091682 
261.592621 246.346375 
346.423889 320.233063 
350.347961 138.392715 
281.030457 266.596649 
271.810730 87.035828 
324.690094 287.908081 
421.990417 236.411270 
346.621216 134.161423 
296.809723 246.080673 
459.246948 357.317291 
286.735077 100.569527 
386.151672 74.841560 
294.257263 203.351929 
266.016815 84.235649 
287.039459 227.904785 
391.206055 76.097801 
348.239471 48.499565 
391.336121 121.195976 
262.712311 351.432220 
340.364044 26.029362 
330.092499 84.603828 
382.692810 132.452835 
339.396545 91.273354 
275.201019 303.049591 
434.344604 218.276306 
300.426056 115.158417 
270.886993 78.235550 
278.380585 273.580658 
265.027588 85.370483 
262.415649 331.096893 
298.309662 100.561707 
266.016815 84.235649 
417.323242 276.082794 
263.078217 126.088509 
336.838318 24.720905 
350.347961 138.392715 
388.760925 103.541405 
284.388580 223.924377 
270.886993 78.235550 
262.202759 68.525635 
272.550049 355.313385 
333.410828 106.323586 
286.888794 94.787590 
344.578979 267.152496 
286.735077 100.569527 
260.030273 318.491241 
333.410828 106.323586 
264.775024 124.709526 
286.735077 100.569527 
245.729218 271.006775 
269.380127 137.063904 
420.532379 316.632446 
228.209442 303.918549 
272.550049 355.313385 
324.982086 69.567039 
270.886993 78.235550 
286.888794 94.787590 
270.790863 91.011696 
272.736328 102.759338 
262.615021 255.642914 
259.947357 250.098190 
408.968689 320.231995 
444.109283 247.233353 
258.130371 325.053680 
263.309662 316.038666 
286.888794 94.787590 
258.546600 314.515381 
350.154358 94.490654 
499.439545 403.756287 
326.484344 344.420898 
349.968414 133.646774 
349.968414 133.646774 
309.933228 331.394348 
303.700745 148.893845 
376.685699 56.732231 
319.369568 94.147453 
263.357452 67.790550 
360.915649 111.556763 
263.566650 322.218933 
308.007782 45.116184 
350.347961 138.392715 
272.169739 107.132889 
317.075836 128.856247 
349.968414 133.646774 
282.750732 106.728798 
386.151672 74.841560 
350.154358 94.490654 
274.560394 85.148552 
244.490448 278.586426 
224.449509 308.460114 
270.790863 91.011696 
286.888794 94.787590 
312.383423 295.695984 
317.075836 128.856247 
284.511322 342.383911 
286.735077 100.569527 
304.758575 302.669556 
263.359711 357.992767 
296.111755 127.714912 
286.888794 94.787590 
210.552536 245.108047 
210.552536 245.108047 
350.347961 138.392715 
270.312042 76.417526 
268.257690 138.578125 
381.062317 53.372780 
381.062317 53.372780 
319.271393 78.932259 
410.322540 375.663330 
313.407135 91.571236 
345.024963 268.956421 
286.888794 94.787590 
270.801544 85.639404 
332.827942 58.955925 
315.110840 404.395996 
298.309662 100.561707 
349.553436 88.969147 
426.678192 358.907166 
333.410828 106.323586 
229.067764 302.130554 
320.485168 106.016464 
263.905121 72.905418 
300.153290 422.519379 
280.854218 106.054016 
412.456299 279.701660 
319.271393 78.932259 
297.001709 159.818756 
263.078217 126.088509 
415.641998 332.838562 
315.110840 404.395996 
327.127350 121.313934 
313.262421 92.256348 
259.673615 115.450005 
235.037064 287.503693 
282.750732 106.728798 
348.239471 48.499565 
296.802856 158.264328 
268.257690 138.578125 
286.888794 94.787590 
326.367737 57.479065 
297.001709 159.818756 
286.888794 94.787590 
276.739929 116.340370 
287.338043 267.094910 
335.465179 77.536980 
385.573792 68.884506 
344.578979 267.152496 
310.838684 409.754822 
228.900620 292.103027 
263.359711 357.992767 
272.136871 76.349266 
289.399139 214.809677 
312.383423 295.695984 
349.553436 88.969147 
358.637878 248.909134 
311.869843 69.767456 
290.948914 221.614288 
319.271393 78.932259 
324.532501 80.634781 
257.225739 115.657982 
257.225739 115.657982 
257.225739 115.657982 
335.319855 93.482941 
341.329285 74.723618 
295.467712 147.200043 
276.539032 308.669434 
311.869843 69.767456 
257.629272 314.463318 
224.824509 307.365906 
286.735077 100.569527 
263.309662 316.038666 
279.762634 145.700165 
341.932251 24.054420 
426.678192 358.907166 
339.396545 91.273354 
329.136414 123.200844 
273.125183 110.589645 
341.329285 74.723618 
282.750732 106.728798 
294.999329 213.667099 
329.136414 123.200844 
225.646805 294.066681 
319.271393 78.932259 
522.502502 197.385406 
262.472626 84.264679 
241.566010 272.888306 
258.546600 314.515381 
333.410828 106.323586 
332.737091 73.482414 
281.976562 106.146904 
286.888794 94.787590 
265.385254 325.448914 
388.290985 270.410675 
319.271393 78.932259 
308.112579 110.616753 
431.647156 289.117706 
335.319855 93.482941 
273.125183 110.589645 
269.853485 352.953491 
270.854370 359.759430 
381.062317 53.372780 
286.735077 100.569527 
282.474121 351.896149 
284.511322 342.383911 
524.614258 163.500778 
312.407654 116.672485 
411.625092 310.618622 
419.272919 261.923370 
286.888794 94.787590 
300.385834 117.014259 
263.078217 126.088509 
414.072144 276.741943 
361.148712 147.446732 
335.465179 77.536980 
335.204437 98.285759 
286.735077 100.569527 
333.410828 106.323586 
170.544891 273.768524 
272.736328 102.759338 
333.410828 106.323586 
247.572662 99.909973 
305.088013 149.626892 
256.891907 237.424835 
272.736328 102.759338 
335.204437 98.285759 
403.663239 223.742004 
312.383423 295.695984 
276.969788 332.925720 
317.816803 415.438721 
270.315857 146.663254 
271.810730 87.035828 
454.281311 120.588623 
431.647156 289.117706 
254.456207 246.835464 
257.629272 314.463318 
350.347961 138.392715 
271.810730 87.035828 
271.810730 87.035828 
224.824509 307.365906 
272.169739 107.132889 
270.863708 348.173309 
311.869843 69.767456 
290.182465 298.508881 
484.381378 212.730728 
341.329285 74.723618 
497.777527 396.420776 
386.151672 74.841560 
332.737091 73.482414 
270.010803 54.638893 
300.153290 422.519379 
310.838684 409.754822 
261.941254 337.218201 
258.684601 238.890747 
293.224487 229.333054 
329.677002 212.514404 
310.838684 409.754822 
317.816803 415.438721 
311.869843 69.767456 
312.604980 296.482880 
259.947357 250.098190 
333.410828 106.323586 
270.370972 322.818024 
270.370972 322.818024 
415.641998 332.838562 
343.534912 269.873047 
333.410828 106.323586 
263.078217 126.088509 
341.329285 74.723618 
335.204437 98.285759 
290.948914 221.614288 
317.816803 415.438721 
287.843658 214.850739 
270.370972 322.818024 
235.037064 287.503693 
294.106934 324.414551 
286.577759 338.300446 
371.845886 418.930939 
312.383423 295.695984 
258.906097 117.768799 
262.857178 127.415634 
283.691772 338.469360 
258.546600 314.515381 
315.110840 404.395996 
327.489410 192.795166 
333.410828 106.323586 
309.933228 331.394348 
