500
392.253265 390.279602 
473.853546 176.087723 
472.971191 192.587036 
484.797760 193.085327 
315.344543 216.925217 
447.103516 193.067688 
483.046143 210.592773 
286.648590 109.533501 
485.265594 194.785385 
248.890060 105.679253 
447.424133 196.111877 
488.975403 194.954147 
442.756683 209.873672 
338.360077 211.904373 
445.156433 195.985825 
469.155701 214.632385 
530.106506 135.762344 
488.659576 197.813354 
273.473755 245.118408 
459.326447 192.087021 
444.737213 196.528961 
472.969604 189.549072 
487.472534 199.996902 
163.096436 95.963226 
350.660736 218.050522 
492.143829 193.491501 
507.211823 297.588684 
462.495209 187.076187 
469.046783 193.166885 
482.839203 191.689438 
322.834015 336.758362 
469.019379 211.364059 
334.189667 207.894043 
473.226471 191.528610 
309.483643 345.343719 
452.510681 184.218277 
262.176422 209.362427 
234.488846 103.716522 
441.131744 198.994675 
287.881500 161.794983 
321.234406 336.869720 
437.614716 186.050339 
264.771454 210.830200 
263.407043 351.104950 
429.767059 202.466522 
452.859650 178.872452 
424.241974 192.043777 
440.915924 189.734283 
272.845428 240.291275 
437.175903 191.928864 
256.686829 195.607056 
265.538574 236.212158 
444.152191 217.529251 
483.461273 190.355270 
448.416779 310.961243 
443.335907 220.590134 
436.197662 185.156250 
328.449921 168.414185 
457.462158 212.850571 
290.416107 188.581863 
498.542267 299.490753 
475.378906 211.698151 
287.646698 109.720177 
486.379242 306.525238 
314.019531 217.237885 
411.226440 298.855438 
234.962738 186.864227 
234.052368 186.844788 
476.443207 210.209229 
422.377289 195.807526 
299.278595 110.299019 
476.886200 185.914627 
415.893463 206.184464 
416.711823 193.745270 
476.079529 184.352997 
460.489410 206.868530 
433.092773 216.191467 
480.698212 198.632751 
454.966095 201.647659 
496.137543 184.266739 
251.949646 196.152786 
322.303009 341.533569 
268.208344 107.741394 
279.952209 208.148148 
311.098297 278.970520 
455.405304 200.519882 
265.508423 352.481445 
487.801453 307.548828 
475.469971 194.861237 
310.561890 342.239441 
476.164917 183.115250 
439.715118 206.709900 
479.391998 207.700485 
440.862640 201.382996 
143.783813 93.795677 
511.643127 241.435455 
478.496979 207.500641 
452.379303 210.324860 
454.004517 197.295837 
453.614594 285.089844 
486.464722 176.301102 
486.049286 176.907928 
440.333740 200.796509 
444.661041 176.707947 
484.597961 314.025482 
222.885727 206.522629 
183.070358 329.747833 
451.627289 182.800873 
423.488770 190.728790 
455.625458 219.855743 
506.246124 213.313507 
512.616333 268.227478 
512.920471 268.299927 
310.490570 269.410095 
340.156311 279.749146 
320.210510 336.834473 
309.479492 341.615753 
309.960236 270.835297 
460.693756 221.403214 
460.952057 221.133881 
438.998138 200.919327 
428.048187 186.232880 
456.580750 212.277695 
535.774902 263.669952 
459.509827 220.808990 
450.317719 186.563080 
476.095398 181.783798 
288.355774 194.537415 
428.378082 302.627380 
428.527954 302.306549 
292.807129 200.391083 
416.611938 192.561844 
438.222473 312.612915 
494.584747 183.104095 
283.415741 335.672760 
342.628479 214.159790 
482.200562 208.129578 
514.719055 217.582260 
435.014587 183.570938 
482.965668 204.144958 
418.733673 228.432098 
349.419922 337.304108 
511.889191 239.668869 
311.549316 177.664429 
452.242096 180.824448 
444.916168 284.736786 
53.364643 318.776611 
484.442871 312.539062 
426.391754 218.945129 
273.146515 244.093445 
495.669281 216.525818 
466.145966 207.142761 
258.733765 155.791290 
270.722290 238.181274 
448.063782 223.600327 
466.228546 274.259338 
493.707550 182.000778 
498.182983 310.788849 
438.124786 218.982147 
267.910004 144.536240 
461.142151 288.183105 
417.463348 229.224258 
422.419647 213.563156 
432.838196 223.042953 
491.947266 231.499207 
499.224030 213.309479 
444.037384 192.521576 
440.574432 311.511627 
412.948944 222.443085 
337.346588 264.702881 
509.031677 208.939148 
307.286835 341.231964 
477.616577 200.449936 
499.006378 212.602310 
291.116333 186.837341 
463.117126 220.887161 
454.447449 243.365128 
342.228333 213.336273 
424.809631 183.752151 
294.626099 208.357193 
260.980621 154.895264 
514.521362 215.660385 
311.756226 322.241821 
436.631714 234.182556 
262.757385 348.520966 
419.756073 298.180908 
471.390228 217.741226 
445.319153 214.910843 
454.216064 202.652359 
487.964142 233.269318 
505.231506 298.982269 
455.690308 243.086426 
427.357513 267.696564 
483.727081 309.583801 
289.654449 165.507187 
204.949081 192.177109 
313.881561 174.472549 
221.067032 207.892120 
247.564331 178.685577 
405.927979 207.468094 
410.081940 198.691895 
477.733826 228.211914 
433.529907 183.404251 
506.526459 299.599945 
402.699066 208.518265 
502.442902 276.652527 
453.532776 219.568619 
460.244781 269.729584 
460.160126 269.354584 
438.820221 223.463730 
448.348572 216.112732 
415.594452 209.087570 
443.766174 179.342789 
523.171631 279.425781 
313.609283 181.475815 
241.297592 266.091553 
409.823242 257.302277 
294.897858 201.270309 
415.355957 212.548492 
269.576904 237.892120 
326.548431 341.158569 
426.187927 267.344818 
311.194824 213.866119 
216.487518 101.692818 
471.862610 210.279297 
424.399963 298.752716 
360.613831 215.802948 
415.159454 199.998611 
332.347473 206.930939 
508.143158 300.768555 
511.662964 242.092026 
439.229095 312.864929 
210.208527 182.888443 
417.569427 195.231064 
433.909882 243.415894 
412.498444 297.045227 
475.441101 245.267715 
258.718750 195.151413 
521.098816 436.673004 
436.332794 226.580765 
522.760193 233.210480 
287.366882 198.124771 
416.721466 199.691833 
228.370865 181.848770 
460.109894 223.441711 
527.138489 233.871750 
283.830902 336.298309 
521.948303 289.023529 
536.146851 257.160156 
408.675995 257.622620 
428.612762 300.985748 
335.565430 203.847122 
499.867218 298.485077 
407.924438 201.230774 
207.356964 193.788300 
459.515350 255.202072 
486.680603 261.664093 
291.446747 267.140533 
487.734802 230.163132 
248.618805 179.863693 
455.071899 242.241531 
422.429169 188.994843 
472.706482 219.916321 
288.636597 165.905716 
400.891785 205.119644 
244.346237 339.794830 
256.950317 148.536880 
203.508667 191.379761 
480.066711 231.884491 
525.083252 236.773621 
460.400543 224.241867 
406.017578 226.780914 
502.595276 214.078186 
304.817841 182.851562 
309.510864 180.676666 
238.871078 327.525055 
313.912750 364.059143 
236.434601 178.818359 
246.188156 181.979462 
447.259308 224.446945 
247.075500 177.787308 
465.665558 270.771729 
478.835693 334.513428 
217.147476 245.951736 
416.836914 261.113037 
416.237305 261.594849 
230.992279 228.521759 
416.611420 212.894913 
504.181641 296.532776 
471.837097 238.041641 
401.723145 209.547394 
453.839996 277.710266 
238.754730 183.500412 
402.895203 236.330093 
402.649292 259.199219 
400.301025 236.820160 
429.653961 221.737976 
424.011810 269.842285 
430.991577 222.423874 
426.050293 298.880707 
469.757233 260.276428 
400.218170 237.097610 
282.158936 164.509048 
251.032196 144.085281 
401.303070 220.344070 
491.950867 268.080566 
268.604980 226.826324 
449.728516 207.182205 
214.453979 204.319733 
495.019745 238.501221 
257.983459 224.956467 
202.568741 183.517029 
429.029053 222.890533 
486.983704 253.691315 
197.745178 99.763084 
197.236649 99.932396 
422.766235 270.293579 
394.284607 229.703232 
419.486359 305.191406 
402.499420 291.485138 
402.332275 291.567352 
505.023224 240.162720 
185.139893 330.367493 
467.175232 239.234482 
291.362885 271.535370 
498.888885 270.644104 
403.544800 229.720947 
464.767517 224.417969 
153.054504 237.520538 
450.497864 227.566467 
487.452209 253.028503 
205.847992 344.573761 
460.045197 256.502319 
257.836914 149.130630 
446.061829 239.059998 
534.733276 260.395813 
141.856400 221.528839 
505.428192 239.228439 
280.849182 331.136444 
483.702820 229.438843 
419.711548 201.916061 
405.495544 200.001221 
229.880875 334.217041 
158.321884 244.900146 
433.457458 240.750488 
472.496033 238.946793 
390.149139 267.183411 
273.790741 155.310440 
469.825623 224.688889 
496.405548 234.997147 
419.101959 300.872528 
395.746338 217.423294 
491.574768 247.817764 
509.712402 256.410950 
418.791931 303.623016 
471.290375 273.976135 
408.516357 227.614761 
293.725952 207.161118 
477.390442 227.550339 
485.081207 308.809601 
295.071320 272.213715 
146.237244 223.127777 
269.056030 149.507660 
205.011581 181.080399 
396.727997 246.010208 
346.718689 208.824356 
265.331665 230.575470 
472.051117 269.949310 
315.625214 276.738953 
420.224854 228.400513 
336.647644 210.054214 
501.057495 237.635727 
475.863342 253.342041 
497.127869 183.458618 
497.624939 183.065628 
497.624939 183.065628 
469.286804 270.763550 
477.420166 250.447815 
512.354248 245.743256 
256.873901 197.485184 
412.924469 229.103012 
243.310181 174.943420 
252.255768 144.357269 
494.158020 238.724655 
238.560867 182.934814 
418.860779 304.812012 
500.560760 309.590607 
124.314796 151.877319 
472.622803 248.342728 
436.453400 252.579132 
407.555786 229.525131 
484.324890 255.572250 
487.824249 229.451370 
347.521667 214.713257 
436.342041 250.411713 
268.198914 146.101501 
507.156189 241.176178 
65.506805 330.715607 
394.972443 222.497009 
424.107605 388.581940 
249.909653 173.271591 
438.664948 254.334351 
485.245789 248.577927 
514.523560 245.769791 
465.590759 224.269592 
237.224060 182.103546 
289.978851 308.051697 
480.371521 260.497803 
443.379181 221.279144 
232.588531 349.782196 
473.180206 233.610489 
409.789520 256.887695 
208.493225 190.537430 
193.616302 200.926468 
391.873352 273.743988 
441.384216 247.557892 
208.481903 201.934921 
218.060318 203.691299 
66.301460 330.230743 
450.449097 228.160751 
248.242371 331.843353 
298.077087 336.358917 
465.853638 271.246643 
424.614136 234.329758 
403.990906 201.044083 
282.265472 334.434967 
413.144165 285.468048 
475.633148 254.822800 
462.919373 254.995239 
436.167358 251.901321 
438.886658 253.850357 
258.415588 138.795425 
409.130341 226.773300 
434.975006 260.079742 
408.818359 173.546967 
511.354248 245.172775 
321.196320 175.709213 
405.923157 214.109802 
452.556030 247.821045 
336.958557 320.503540 
272.889160 242.952789 
227.957962 197.168549 
140.137543 235.660950 
538.750854 244.507172 
418.532318 299.344330 
304.012665 110.733940 
224.616959 346.472870 
313.052399 175.205338 
255.144089 177.760757 
415.834503 280.617767 
419.731842 299.375549 
419.169769 299.256226 
253.284683 144.549728 
405.744080 231.668915 
213.125015 189.625305 
421.994202 232.669220 
265.369873 211.902954 
43.104763 347.265991 
480.709290 256.877594 
288.943878 151.986130 
471.397339 316.405701 
469.780518 233.442810 
433.728546 179.700241 
137.202728 216.591888 
150.315872 225.613251 
222.881027 182.005325 
322.777039 177.062225 
330.808289 213.296997 
349.027679 250.185608 
147.011581 224.228897 
144.072876 234.656677 
419.208984 232.677444 
266.322754 229.384552 
313.334686 180.378937 
480.591888 244.550018 
237.476105 189.229248 
237.628998 189.552307 
233.482452 335.916534 
290.602478 264.308136 
457.034637 252.933212 
492.860779 313.468048 
479.827209 253.257080 
453.380463 231.897324 
337.942261 204.963791 
146.209671 242.334015 
346.210571 209.843353 
241.950378 190.879517 
267.437561 155.548752 
237.705139 214.002701 
219.839111 206.212524 
147.708893 293.711029 
267.826630 240.537384 
428.754822 181.767380 
497.513397 311.306702 
222.061600 203.756821 
250.281219 175.976105 
155.385910 239.941483 
366.280121 249.027237 
440.225250 235.719254 
226.979614 225.443069 
