977
207.880478 342.474823 
183.424194 354.265381 
206.386719 341.265594 
192.059006 347.749603 
195.298355 346.475281 
183.424194 354.265381 
192.059006 347.749603 
183.424194 354.265381 
195.298355 346.475281 
183.424194 354.265381 
183.424194 354.265381 
185.593002 339.877258 
384.433502 288.360687 
399.231445 292.744598 
188.918350 328.068054 
211.159668 278.000824 
207.880478 342.474823 
188.068298 347.183990 
183.473297 350.144135 
211.159668 278.000824 
248.351532 378.764740 
188.265945 342.809937 
195.298355 346.475281 
188.869019 343.164276 
382.707123 286.203430 
207.880478 342.474823 
185.593002 339.877258 
248.351532 378.764740 
183.618515 345.601532 
203.614609 331.942902 
188.869019 343.164276 
203.614609 331.942902 
183.618515 345.601532 
399.214905 315.985748 
368.334442 281.058838 
196.381638 331.134644 
382.384460 319.326599 
194.763306 333.709564 
196.381638 331.134644 
195.298355 346.475281 
408.329712 274.765869 
401.476135 312.152679 
211.682175 276.126495 
193.481216 329.215332 
413.341858 326.417816 
282.637390 109.054550 
262.994446 241.468674 
193.481216 329.215332 
282.637390 109.054550 
194.763306 333.709564 
194.763306 333.709564 
194.763306 333.709564 
199.708282 355.315613 
185.593002 339.877258 
382.707123 286.203430 
211.682175 276.126495 
203.614609 331.942902 
188.068298 347.183990 
211.682175 276.126495 
410.902771 302.339172 
280.042450 248.638580 
306.371185 235.057358 
288.045746 373.351318 
288.045746 373.351318 
399.231445 292.744598 
183.424194 354.265381 
410.902771 302.339172 
210.281952 346.664642 
210.281952 346.664642 
210.281952 346.664642 
417.927094 331.081909 
262.994446 241.468674 
399.214905 315.985748 
399.231445 292.744598 
308.680023 234.172241 
203.614609 331.942902 
363.632446 299.928345 
306.371185 235.057358 
194.763306 333.709564 
382.707123 286.203430 
189.921112 356.896271 
383.586395 277.862091 
580.102844 268.149811 
188.702377 356.648621 
183.424194 354.265381 
413.341858 326.417816 
183.926254 273.591827 
374.336823 282.034546 
399.231445 292.744598 
374.975891 287.049652 
275.746063 301.908752 
310.392761 233.424850 
384.433502 288.360687 
384.433502 288.360687 
384.433502 288.360687 
374.336823 282.034546 
264.556152 305.684601 
388.487244 319.362671 
409.854858 292.408813 
374.336823 282.034546 
210.281952 346.664642 
198.398499 327.365723 
383.586395 277.862091 
401.476135 312.152679 
428.094513 312.024231 
404.562012 306.480225 
322.450470 341.378143 
580.102844 268.149811 
211.682175 276.126495 
188.918350 328.068054 
360.406616 324.568359 
399.231445 292.744598 
384.433502 288.360687 
202.243317 329.613617 
400.213684 319.925629 
375.523743 288.871490 
211.159668 278.000824 
273.378357 237.522995 
192.292786 332.779694 
201.606689 326.828247 
198.398499 327.365723 
185.593002 339.877258 
213.083115 289.739838 
268.421600 382.421997 
288.045746 373.351318 
382.707123 286.203430 
307.335358 243.148529 
419.839355 314.383881 
374.975891 287.049652 
382.707123 286.203430 
399.231445 292.744598 
399.231445 292.744598 
180.731522 298.431610 
382.707123 286.203430 
420.059784 326.717529 
386.688019 317.890717 
413.341858 326.417816 
383.586395 277.862091 
399.110992 319.880188 
181.479645 302.209015 
188.702377 356.648621 
404.562012 306.480225 
183.618515 345.601532 
374.336823 282.034546 
197.280930 358.288483 
197.620712 324.158081 
197.294540 319.836761 
198.399124 331.940430 
413.341858 326.417816 
275.746063 301.908752 
180.644821 350.798004 
383.586395 277.862091 
291.938995 377.397064 
421.204834 312.347473 
183.473297 350.144135 
397.420563 316.919281 
384.433502 288.360687 
203.462799 275.479004 
219.519272 280.317841 
413.341858 326.417816 
280.042450 248.638580 
374.975891 287.049652 
203.614609 331.942902 
439.344391 339.370697 
377.972198 296.275879 
280.042450 248.638580 
374.975891 287.049652 
206.386719 341.265594 
198.399124 331.940430 
415.832733 307.509674 
264.556152 305.684601 
360.406616 324.568359 
275.957489 302.434021 
282.637390 109.054550 
197.294540 319.836761 
197.294540 319.836761 
280.045807 378.314545 
415.832733 307.509674 
194.763306 333.709564 
207.880478 342.474823 
201.606689 326.828247 
198.399124 331.940430 
413.341858 326.417816 
219.024506 281.025055 
369.404358 300.851959 
192.292786 332.779694 
211.159668 278.000824 
580.102844 268.149811 
353.852966 340.425690 
388.487244 319.362671 
282.637390 109.054550 
383.586395 277.862091 
358.473389 298.077606 
203.462799 275.479004 
188.068298 347.183990 
400.213684 319.925629 
400.213684 319.925629 
187.657288 310.817200 
374.336823 282.034546 
377.972198 296.275879 
260.692902 311.117126 
377.972198 296.275879 
211.682175 276.126495 
282.637390 109.054550 
198.399124 331.940430 
192.292786 332.779694 
382.707123 286.203430 
204.178772 280.431976 
409.854858 292.408813 
41.683449 367.586304 
202.243317 329.613617 
282.637390 109.054550 
363.632446 299.928345 
306.371185 235.057358 
281.908813 251.850449 
386.609924 310.924225 
353.295898 339.920746 
473.761963 251.776443 
441.370880 330.641907 
382.384460 319.326599 
428.094513 312.024231 
203.215012 285.832153 
203.064728 286.782196 
413.341858 326.417816 
381.106506 283.700348 
282.637390 109.054550 
393.524506 327.559998 
393.524506 327.559998 
383.586395 277.862091 
201.658310 344.671875 
273.378357 237.522995 
400.213684 319.925629 
186.961197 321.517242 
124.826103 330.166504 
211.159668 278.000824 
211.159668 278.000824 
374.336823 282.034546 
413.341858 326.417816 
396.279480 282.391815 
384.433502 288.360687 
211.159668 278.000824 
413.341858 326.417816 
201.257462 321.477722 
268.421600 382.421997 
194.062317 361.053375 
374.336823 282.034546 
228.911148 239.523468 
377.053741 308.509766 
211.682175 276.126495 
198.398499 327.365723 
201.658310 344.671875 
353.295898 339.920746 
251.527847 241.312210 
353.852966 340.425690 
197.620712 324.158081 
307.335358 243.148529 
211.682175 276.126495 
428.094513 312.024231 
351.077759 337.729279 
351.077759 337.729279 
181.479645 302.209015 
353.852966 340.425690 
410.902771 302.339172 
287.101410 369.642853 
263.441010 373.221954 
381.106506 283.700348 
228.911148 239.523468 
363.632446 299.928345 
214.133514 296.241882 
194.605316 354.796356 
188.068298 347.183990 
353.295898 339.920746 
374.336823 282.034546 
410.902771 302.339172 
299.738434 246.651062 
421.204834 312.347473 
271.738434 237.634323 
203.064728 286.782196 
214.135147 287.966522 
214.135147 287.966522 
277.061615 360.557159 
268.265686 381.893463 
419.272614 285.762787 
282.637390 109.054550 
369.412598 311.270386 
380.352051 275.600342 
413.341858 326.417816 
264.258911 370.203369 
204.079376 305.785889 
399.231445 292.744598 
399.231445 292.744598 
369.404358 300.851959 
369.404358 300.851959 
374.975891 287.049652 
211.682175 276.126495 
194.062317 361.053375 
413.341858 326.417816 
421.204834 312.347473 
374.336823 282.034546 
410.902771 302.339172 
382.707123 286.203430 
299.695953 245.279099 
204.178772 280.431976 
204.178772 280.431976 
413.341858 326.417816 
380.319214 304.154602 
381.106506 283.700348 
201.658310 344.671875 
377.972198 296.275879 
410.902771 302.339172 
428.094513 312.024231 
360.276215 349.445007 
210.281952 346.664642 
363.632446 299.928345 
187.657288 310.817200 
428.094513 312.024231 
204.013596 348.633453 
280.042450 248.638580 
358.473389 298.077606 
356.278564 296.179504 
382.384460 319.326599 
252.782990 334.428040 
182.234802 301.952362 
264.556152 305.684601 
386.688019 317.890717 
284.075378 360.590607 
380.319214 304.154602 
401.687836 317.037567 
406.326050 304.443024 
194.101547 351.964447 
386.688019 317.890717 
210.281952 346.664642 
307.335358 243.148529 
267.399994 368.344543 
363.632446 299.928345 
383.586395 277.862091 
374.975891 287.049652 
211.159668 278.000824 
211.159668 278.000824 
360.406616 324.568359 
351.077759 337.729279 
382.384460 319.326599 
359.982178 324.985718 
377.972198 296.275879 
382.707123 286.203430 
357.652191 308.200623 
394.055267 299.590912 
575.404053 389.681366 
264.556152 305.684601 
399.231445 292.744598 
259.301849 373.575958 
280.045807 378.314545 
388.487244 319.362671 
282.637390 109.054550 
183.926254 273.591827 
400.213684 319.925629 
400.213684 319.925629 
274.078796 240.191467 
197.294540 319.836761 
383.586395 277.862091 
359.982178 324.985718 
366.574524 354.133331 
203.614609 331.942902 
204.079376 305.785889 
382.384460 319.326599 
256.018188 370.070831 
360.406616 324.568359 
402.599823 317.721863 
400.213684 319.925629 
382.384460 319.326599 
399.231445 292.744598 
375.523743 288.871490 
399.231445 292.744598 
183.180283 331.834656 
194.062317 361.053375 
374.975891 287.049652 
353.295898 339.920746 
399.231445 292.744598 
203.064728 286.782196 
399.110992 319.880188 
370.088165 290.671753 
397.867737 357.078766 
369.404358 300.851959 
188.702377 356.648621 
267.399994 368.344543 
184.930878 310.596649 
374.975891 287.049652 
288.581482 367.155823 
377.972198 296.275879 
383.586395 277.862091 
164.837341 377.556763 
183.180283 331.834656 
413.341858 326.417816 
287.101410 369.642853 
359.982178 324.985718 
421.204834 312.347473 
258.069397 323.683472 
218.553925 286.618591 
201.658310 344.671875 
323.084625 292.484467 
428.094513 312.024231 
282.637390 109.054550 
410.902771 302.339172 
197.280930 358.288483 
129.687347 380.881256 
262.553375 373.466217 
183.926254 273.591827 
275.746063 301.908752 
388.487244 319.362671 
193.044678 326.007172 
397.867737 357.078766 
580.102844 268.149811 
230.943039 278.855804 
207.801056 375.719147 
374.336823 282.034546 
267.525696 357.270569 
399.231445 292.744598 
183.424194 354.265381 
359.982178 324.985718 
394.055267 299.590912 
401.687836 317.037567 
196.381638 331.134644 
282.637390 109.054550 
377.972198 296.275879 
182.234802 301.952362 
323.084625 292.484467 
421.204834 312.347473 
265.051270 310.710815 
394.055267 299.590912 
192.292786 332.779694 
375.523743 288.871490 
282.039398 302.170502 
371.470520 300.454498 
226.924957 278.882538 
280.042450 248.638580 
211.159668 278.000824 
400.213684 319.925629 
250.340027 363.328979 
250.340027 363.328979 
183.180283 331.834656 
267.525696 357.270569 
597.866028 395.491577 
399.231445 292.744598 
440.319366 336.109741 
258.069397 323.683472 
399.231445 292.744598 
399.231445 292.744598 
287.197754 354.988159 
351.077759 337.729279 
351.077759 337.729279 
402.599823 317.721863 
402.599823 317.721863 
389.776154 299.351196 
380.319214 304.154602 
204.178772 280.431976 
258.069397 323.683472 
265.021271 300.595001 
362.950867 306.053345 
428.094513 312.024231 
318.957062 282.201569 
412.071564 289.177216 
399.231445 292.744598 
210.281952 346.664642 
265.021271 300.595001 
194.062317 361.053375 
191.612900 273.365265 
580.999634 359.866150 
262.553375 373.466217 
262.553375 373.466217 
183.926254 273.591827 
194.826370 366.372284 
258.069397 323.683472 
415.832733 307.509674 
284.961243 364.600220 
197.280930 358.288483 
383.586395 277.862091 
401.476135 312.152679 
401.476135 312.152679 
252.782990 334.428040 
597.866028 395.491577 
597.866028 395.491577 
195.298355 346.475281 
266.927399 349.324219 
363.632446 299.928345 
211.307327 305.914032 
401.476135 312.152679 
261.542023 305.150787 
204.178772 280.431976 
254.596420 331.132446 
374.975891 287.049652 
137.548981 390.813019 
374.975891 287.049652 
360.406616 324.568359 
265.051270 310.710815 
206.683975 294.855194 
404.562012 306.480225 
211.682175 276.126495 
266.281677 360.148499 
375.523743 288.871490 
275.957489 302.434021 
251.527847 241.312210 
187.558807 299.066071 
207.801056 375.719147 
203.462799 275.479004 
192.466888 280.635406 
204.677933 312.127686 
211.682175 276.126495 
413.341858 326.417816 
397.420563 316.919281 
263.441010 373.221954 
580.102844 268.149811 
399.231445 292.744598 
286.511932 237.100037 
319.848267 289.891449 
377.972198 296.275879 
284.075378 360.590607 
473.761963 251.776443 
204.079376 305.785889 
556.844971 388.902527 
375.523743 288.871490 
288.045746 373.351318 
377.972198 296.275879 
381.106506 283.700348 
200.078110 367.590973 
254.596420 331.132446 
203.064728 286.782196 
288.381714 372.559631 
428.094513 312.024231 
200.078110 367.590973 
399.231445 292.744598 
195.298355 346.475281 
142.410049 378.320587 
39.163445 369.468811 
271.004852 305.126526 
422.188354 312.877167 
198.159073 371.983551 
200.078110 367.590973 
211.682175 276.126495 
265.730713 363.618958 
410.005432 354.465271 
267.525696 357.270569 
211.159668 278.000824 
182.234802 301.952362 
473.761963 251.776443 
181.479645 302.209015 
281.908813 251.850449 
167.489456 372.098572 
400.213684 319.925629 
238.885834 283.868500 
207.801056 375.719147 
194.595810 306.362976 
369.404358 300.851959 
357.652191 308.200623 
230.943039 278.855804 
404.562012 306.480225 
362.950867 306.053345 
207.801056 375.719147 
194.101547 351.964447 
396.279480 282.391815 
357.652191 308.200623 
286.511932 237.100037 
359.982178 324.985718 
281.697876 252.486481 
294.351868 317.718964 
386.688019 317.890717 
399.231445 292.744598 
137.548981 390.813019 
207.801056 375.719147 
426.008057 355.049622 
271.004852 305.126526 
160.910385 378.786896 
211.682175 276.126495 
284.388885 315.018768 
259.301849 373.575958 
219.519272 280.317841 
266.886688 343.022949 
187.518982 290.437317 
196.314072 365.941223 
196.314072 365.941223 
160.774582 385.665222 
413.867584 348.225739 
265.051270 310.710815 
258.602142 334.359711 
386.609924 310.924225 
282.039398 302.170502 
384.433502 288.360687 
200.078110 367.590973 
439.344391 339.370697 
367.245209 310.982788 
266.886688 343.022949 
258.069397 323.683472 
356.278564 296.179504 
252.710251 358.714661 
280.369934 387.257568 
181.479645 302.209015 
238.885834 283.868500 
192.292786 332.779694 
394.055267 299.590912 
307.335358 243.148529 
211.159668 278.000824 
226.924957 278.882538 
369.412598 311.270386 
570.389221 413.434845 
440.319366 336.109741 
219.519272 280.317841 
409.159119 272.035522 
384.433502 288.360687 
289.146301 378.950745 
350.567352 301.512970 
438.977264 332.822693 
374.975891 287.049652 
393.524506 327.559998 
183.618515 345.601532 
369.181427 308.486084 
188.068298 347.183990 
435.604034 298.814941 
275.957489 302.434021 
360.406616 324.568359 
383.586395 277.862091 
383.586395 277.862091 
191.612900 273.365265 
191.612900 273.365265 
349.087158 332.602753 
265.730713 363.618958 
183.618515 345.601532 
434.795563 342.881012 
182.575119 315.316589 
183.926254 273.591827 
194.826370 366.372284 
124.826103 330.166504 
27.920078 355.593781 
213.083115 289.739838 
377.972198 296.275879 
282.521820 235.315125 
556.524292 110.439026 
274.813049 385.566345 
274.813049 385.566345 
267.525696 357.270569 
374.975891 287.049652 
262.994446 241.468674 
284.520782 88.352257 
208.109131 355.350555 
194.186539 363.988312 
258.069397 323.683472 
238.885834 283.868500 
288.581482 367.155823 
194.186539 363.988312 
211.159668 278.000824 
226.924957 278.882538 
21.175022 360.379028 
199.598923 363.522095 
197.280930 358.288483 
258.069397 323.683472 
582.894653 387.943665 
124.826103 330.166504 
394.055267 299.590912 
605.994629 397.634064 
369.181427 308.486084 
207.880478 342.474823 
318.957062 282.201569 
266.927399 349.324219 
213.697891 288.917969 
395.550629 313.719238 
191.612900 273.365265 
191.612900 273.365265 
211.159668 278.000824 
382.707123 286.203430 
267.463379 306.120728 
580.102844 268.149811 
271.004852 305.126526 
258.069397 323.683472 
258.069397 323.683472 
438.977264 332.822693 
281.697876 252.486481 
238.885834 283.868500 
184.468262 290.013000 
238.885834 283.868500 
242.444992 318.300995 
206.526535 303.201782 
188.068298 347.183990 
286.174561 248.825409 
254.788574 371.821014 
167.489456 372.098572 
381.106506 283.700348 
131.359802 379.902283 
369.412598 311.270386 
294.876129 248.377930 
219.024506 281.025055 
396.807312 316.915527 
308.862183 237.977234 
267.734589 364.773865 
259.052917 308.855713 
266.927399 349.324219 
294.058380 242.721893 
288.528931 234.456238 
206.900070 312.115234 
299.738434 246.651062 
207.801056 375.719147 
396.807312 316.915527 
307.335358 243.148529 
275.576355 235.868103 
261.542023 305.150787 
582.894653 387.943665 
367.245209 310.982788 
184.946503 320.157776 
394.055267 299.590912 
386.609924 310.924225 
357.652191 308.200623 
194.826370 366.372284 
358.473389 298.077606 
238.885834 283.868500 
200.006714 288.808228 
275.957489 302.434021 
359.129791 305.124146 
412.071564 289.177216 
267.525696 357.270569 
238.885834 283.868500 
183.424194 354.265381 
278.819977 315.387360 
194.101547 351.964447 
196.314072 365.941223 
381.527588 362.417297 
167.489456 372.098572 
207.801056 375.719147 
351.505676 330.601868 
270.164001 333.290283 
183.424194 354.265381 
279.155029 306.232178 
275.746063 301.908752 
394.055267 299.590912 
279.526398 278.324982 
279.526398 278.324982 
203.215012 285.832153 
213.697891 288.917969 
204.013596 348.633453 
204.013596 348.633453 
271.004852 305.126526 
318.688629 291.697815 
367.245209 310.982788 
279.526398 278.324982 
267.525696 357.270569 
369.181427 308.486084 
194.101547 351.964447 
202.243317 329.613617 
307.335358 243.148529 
416.093292 347.910858 
267.820679 372.439484 
416.093292 347.910858 
256.273041 306.786621 
254.596420 331.132446 
271.004852 305.126526 
242.444992 318.300995 
380.352051 275.600342 
192.466888 280.635406 
211.682175 276.126495 
185.799911 294.661560 
178.723206 325.650330 
362.950867 306.053345 
167.489456 372.098572 
207.801056 375.719147 
204.178772 280.431976 
197.280930 358.288483 
357.652191 308.200623 
421.204834 312.347473 
374.336823 282.034546 
200.874649 312.457275 
363.064178 353.165100 
201.658310 344.671875 
207.801056 375.719147 
204.677933 312.127686 
183.424194 354.265381 
267.734589 364.773865 
291.938995 377.397064 
380.352051 275.600342 
286.511932 237.100037 
237.490112 316.037323 
206.526535 303.201782 
282.886719 352.229828 
438.977264 332.822693 
206.526535 303.201782 
206.526535 303.201782 
205.130447 311.897552 
211.682175 276.126495 
203.215012 285.832153 
277.666290 349.385254 
194.826370 366.372284 
267.525696 357.270569 
255.977982 291.045990 
228.911148 239.523468 
367.245209 310.982788 
244.516647 332.416992 
382.707123 286.203430 
206.683975 294.855194 
160.910385 378.786896 
264.556152 305.684601 
160.910385 378.786896 
211.682175 276.126495 
203.463577 274.913208 
248.693680 323.339661 
248.693680 323.339661 
203.064728 286.782196 
184.468262 290.013000 
211.682175 276.126495 
467.089050 22.693970 
211.682175 276.126495 
263.441010 373.221954 
392.639099 363.770905 
211.442184 275.258514 
351.077759 337.729279 
281.411865 314.496826 
214.133514 296.241882 
287.138702 249.933640 
288.042755 379.993225 
185.799911 294.661560 
185.799911 294.661560 
242.444992 318.300995 
397.420563 316.919281 
558.951660 246.427460 
359.335266 388.530029 
211.682175 276.126495 
208.109131 355.350555 
219.024506 281.025055 
167.489456 372.098572 
211.682175 276.126495 
271.059937 379.323608 
238.885834 283.868500 
369.181427 308.486084 
369.181427 308.486084 
211.442184 275.258514 
359.089874 296.477142 
265.021271 300.595001 
292.200592 233.478897 
211.682175 276.126495 
178.723206 325.650330 
422.188354 312.877167 
284.388885 315.018768 
287.197754 354.988159 
211.682175 276.126495 
244.539474 310.873535 
218.553925 286.618591 
359.982178 324.985718 
362.950867 306.053345 
275.957489 302.434021 
247.540512 335.275391 
421.204834 312.347473 
185.799911 294.661560 
289.857025 360.192322 
305.273102 239.649368 
184.468262 290.013000 
203.342926 358.915039 
289.857025 360.192322 
270.164001 333.290283 
267.399994 368.344543 
266.886688 343.022949 
204.677933 312.127686 
270.164001 333.290283 
309.639282 287.532867 
276.025787 240.414581 
211.159668 278.000824 
318.957062 282.201569 
187.518982 290.437317 
254.873810 382.653503 
207.801056 375.719147 
226.924957 278.882538 
250.402084 369.883881 
252.107971 313.211731 
185.799911 294.661560 
275.746063 301.908752 
211.307327 305.914032 
185.799911 294.661560 
185.799911 294.661560 
249.673676 371.795654 
160.910385 378.786896 
160.910385 378.786896 
207.801056 375.719147 
254.873810 382.653503 
203.215012 285.832153 
369.181427 308.486084 
421.204834 312.347473 
201.658310 344.671875 
402.001770 312.307983 
369.181427 308.486084 
235.322693 318.147003 
270.164001 333.290283 
261.932007 335.079010 
319.482910 288.862610 
242.444992 318.300995 
179.364014 370.106750 
274.813049 385.566345 
211.682175 276.126495 
359.982178 324.985718 
194.763306 333.709564 
179.364014 370.106750 
184.249664 289.278351 
238.885834 283.868500 
167.489456 372.098572 
246.076752 298.936462 
270.164001 333.290283 
359.982178 324.985718 
183.926254 273.591827 
284.520782 88.352257 
333.189789 334.433533 
251.527847 241.312210 
214.133514 296.241882 
268.421600 382.421997 
219.024506 281.025055 
219.024506 281.025055 
305.381012 240.441498 
270.302246 299.218140 
185.799911 294.661560 
293.634308 244.501175 
270.257355 382.465912 
274.813049 385.566345 
267.399994 368.344543 
358.473389 298.077606 
183.618515 345.601532 
401.476135 312.152679 
267.525696 357.270569 
213.083221 310.659851 
213.083221 310.659851 
219.024506 281.025055 
290.546539 325.910919 
353.295898 339.920746 
439.344391 339.370697 
268.421600 382.421997 
258.069397 323.683472 
210.418915 371.905487 
41.808075 371.400208 
203.342926 358.915039 
141.078384 390.380402 
202.087891 349.743195 
159.751312 378.701660 
279.621796 246.001511 
211.159668 278.000824 
167.489456 372.098572 
214.135147 287.966522 
359.982178 324.985718 
280.209320 310.596069 
581.807373 334.650940 
254.873810 382.653503 
200.078110 367.590973 
281.056946 246.899170 
308.862183 237.977234 
358.473389 298.077606 
422.188354 312.877167 
358.473389 298.077606 
358.473389 298.077606 
408.251648 365.358124 
178.723206 325.650330 
243.621216 313.830292 
211.159668 278.000824 
305.381012 240.441498 
580.102844 268.149811 
323.084625 292.484467 
179.364014 370.106750 
206.386719 341.265594 
258.069397 323.683472 
259.052917 308.855713 
206.683975 294.855194 
357.917389 291.458557 
367.245209 310.982788 
322.450470 341.378143 
357.652191 308.200623 
211.307327 305.914032 
261.932007 335.079010 
261.932007 335.079010 
287.138702 249.933640 
262.553375 373.466217 
207.801056 375.719147 
241.780365 322.669373 
374.975891 287.049652 
367.245209 310.982788 
268.421600 382.421997 
211.159668 278.000824 
204.178772 280.431976 
238.885834 283.868500 
369.181427 308.486084 
