977
180.997238 380.169769 
224.274246 211.492310 
179.347992 390.358124 
201.333313 350.262390 
202.676834 375.157257 
168.572586 376.126648 
180.883301 381.634216 
167.028854 374.535309 
186.348297 338.851410 
201.888580 354.233765 
182.874222 355.016663 
176.212692 356.503204 
169.977524 350.174988 
183.632339 355.054443 
125.999420 205.937637 
249.225815 213.345612 
190.591644 354.470978 
160.151596 387.487640 
178.155548 360.511444 
174.476807 349.716766 
187.551010 344.203644 
179.221786 359.498108 
160.827820 381.101807 
190.361221 388.850861 
177.039337 351.302063 
175.502731 381.847687 
179.002838 364.950348 
186.060150 351.417023 
203.768799 376.767090 
173.089111 396.060486 
185.732254 333.145477 
186.762543 350.413666 
192.148315 354.137360 
169.958832 376.653381 
208.447617 379.361450 
190.876373 326.326599 
160.423859 380.283936 
174.419403 345.434204 
163.245468 391.380615 
477.048706 225.815979 
163.909729 369.471100 
176.932510 351.835083 
198.365494 354.511353 
391.458282 296.668640 
181.868027 379.921478 
191.100616 354.087341 
451.936371 386.173920 
451.690521 386.103485 
174.182266 376.029114 
185.373810 348.322510 
159.221039 395.460907 
105.562988 419.477081 
196.869995 287.657501 
123.579735 422.217194 
196.662842 310.776093 
192.884583 387.481995 
279.363434 358.855042 
160.345123 395.225372 
158.829666 396.187866 
171.577621 379.685272 
179.408066 353.061859 
186.583939 393.278198 
251.082581 326.407837 
201.282669 375.245148 
184.602325 346.087341 
502.801239 303.006897 
200.285370 356.698517 
186.935898 335.294678 
177.996399 391.154114 
280.642456 351.040771 
161.907791 395.606842 
469.763214 270.156525 
164.204681 325.160828 
163.884628 258.304474 
169.044754 310.329712 
208.459732 374.194183 
180.794983 350.023132 
273.199127 387.691528 
433.343628 361.052307 
341.315002 416.208923 
197.490845 311.685486 
202.429230 384.633728 
494.224548 299.526001 
494.784760 299.830414 
193.816223 354.726898 
469.259705 269.627106 
280.627563 350.480499 
179.912018 393.532990 
496.788574 291.432190 
470.893616 272.218872 
305.476257 357.522644 
192.294357 351.590057 
176.060760 364.254974 
495.552032 367.083832 
524.361450 228.061569 
169.273087 353.420441 
203.131088 341.229279 
315.235016 304.772766 
201.786728 336.422485 
278.660339 356.914581 
359.842957 206.500015 
299.484833 304.955994 
360.646637 203.801315 
164.335724 318.672668 
570.937500 377.076233 
570.937500 377.076233 
177.418442 360.858734 
477.754333 288.252106 
200.768799 292.602478 
265.733582 300.721344 
511.768127 304.803101 
480.406738 282.743805 
164.655273 379.780823 
194.720718 265.985870 
194.546417 265.415344 
173.712006 345.247986 
195.504593 322.834503 
200.517227 291.422241 
485.893829 267.233704 
188.557144 325.170624 
302.809814 346.797028 
104.836060 205.032104 
506.321259 333.776276 
204.296188 296.565155 
506.643402 334.260437 
480.827911 265.544861 
477.752960 263.266876 
172.625870 370.221771 
85.088257 353.340271 
359.727631 198.760193 
208.599670 414.559601 
389.754944 296.323914 
522.477966 330.620667 
272.700836 393.736053 
395.748199 365.117493 
306.587921 355.731323 
490.087280 278.698853 
470.635681 323.566223 
199.626495 373.185028 
482.510895 343.609894 
562.974426 346.941772 
506.692047 315.524017 
515.873230 307.686890 
524.702271 263.425262 
200.052658 351.488525 
184.491959 334.448120 
211.739410 265.708649 
200.080215 346.461395 
182.744095 339.049500 
477.999786 287.720093 
186.931931 337.723816 
209.802780 259.489807 
479.330475 327.188324 
183.804382 377.802979 
520.358765 306.772552 
521.813843 325.134918 
171.636795 394.991089 
191.414062 279.617004 
496.638458 292.655731 
196.845337 359.792511 
556.989563 316.592377 
167.637939 319.117279 
195.909119 261.480438 
180.610840 396.054596 
505.661285 227.629257 
157.012070 387.452881 
180.897537 400.162384 
334.167511 395.467773 
285.558502 340.716431 
264.036102 318.581207 
302.863983 348.238770 
267.323853 297.677490 
286.797485 332.866150 
202.059738 346.940918 
207.012894 381.209381 
189.755585 324.101044 
270.645325 386.012085 
284.593933 339.160004 
306.040985 315.974823 
544.868530 345.077454 
474.036407 304.229034 
504.141541 298.975586 
504.859497 298.310822 
550.574463 314.404694 
556.884705 317.222900 
502.686035 324.949341 
206.539841 253.316330 
264.395050 320.882385 
269.946106 297.108307 
555.299744 330.196533 
486.719543 264.110687 
190.028885 393.956909 
183.479706 343.360809 
192.063553 403.168976 
538.814575 392.784027 
209.108170 414.135101 
280.056976 430.137604 
499.319489 323.631927 
162.862640 330.169159 
196.337479 276.523071 
567.938171 380.690063 
500.619720 305.240814 
434.849060 362.149506 
203.727066 297.429047 
156.752762 388.181458 
547.741821 328.474060 
73.311050 439.890350 
362.448975 202.785675 
297.931244 303.176758 
170.986099 300.907043 
477.996124 282.977570 
277.227539 437.621033 
518.410645 314.693176 
202.460617 345.597168 
515.809387 349.456818 
515.067871 349.304108 
576.719055 365.609222 
306.139313 298.609467 
457.026154 276.129120 
457.787231 276.459534 
499.619965 320.581146 
195.273880 398.559998 
278.690887 437.451965 
486.992340 263.576508 
278.127197 391.002258 
557.380615 313.975159 
386.040833 291.023132 
171.487595 304.300354 
172.903305 362.880463 
185.172913 350.618103 
478.343048 282.956635 
171.230103 300.073730 
498.528412 314.649719 
308.748901 352.003510 
204.225266 300.773621 
286.118561 340.096344 
173.082108 390.358002 
278.873627 436.069122 
281.733368 393.495026 
276.017365 436.552277 
172.527283 303.393860 
489.402588 303.076050 
285.117981 391.818054 
274.223297 359.796112 
493.226562 282.593628 
493.738495 282.562714 
493.691772 282.230225 
519.693420 227.801132 
548.110596 312.541138 
319.299957 219.564270 
185.250427 402.430756 
491.339050 298.349640 
196.409622 289.873962 
495.326324 366.771606 
515.024719 333.234497 
196.027237 321.232452 
213.559555 296.116730 
288.815277 339.099548 
321.310455 218.747070 
453.488281 280.163544 
359.733185 210.484207 
177.760849 343.293030 
523.782837 326.378265 
197.933212 309.423950 
509.953796 333.327087 
190.838470 342.802856 
288.611359 386.222809 
274.496979 418.195557 
484.659363 278.271454 
289.791473 319.039124 
460.522552 278.664246 
210.760025 261.463196 
203.767548 380.091431 
203.172989 380.504730 
500.909607 322.078278 
321.889679 225.185989 
521.277893 287.738129 
191.343353 404.540039 
550.396667 349.237976 
367.059875 195.885941 
166.450623 338.339783 
221.794724 421.718262 
519.201660 314.002838 
186.276199 380.225006 
168.495102 382.492676 
531.125000 335.378967 
197.124451 289.713379 
522.541870 332.069672 
299.128632 395.387878 
463.545105 335.878387 
303.551971 382.685303 
293.838654 356.901581 
165.345901 254.273209 
265.282379 294.911743 
320.858948 214.290421 
452.687103 279.085419 
490.830627 309.933472 
307.688324 296.655243 
502.249542 323.968506 
156.999069 300.645813 
363.162964 205.974564 
452.334412 286.276825 
366.937500 203.012894 
197.552124 359.992523 
309.073151 202.467117 
269.481415 325.801392 
299.316589 368.779327 
314.880890 303.536316 
525.289490 329.960663 
534.635559 337.099609 
488.023163 334.553619 
266.347992 329.140106 
261.916199 297.711670 
558.413696 376.076324 
526.260803 331.862030 
303.361328 310.436554 
204.533768 330.653076 
532.026062 332.387939 
514.530396 297.815033 
181.158264 389.984711 
49.399094 201.638535 
381.448608 16.085155 
514.551636 305.240082 
248.263855 324.232971 
449.739746 285.839966 
287.248627 333.433868 
485.729736 315.459747 
280.700745 342.307861 
494.741730 272.743286 
337.584778 194.960709 
166.325424 339.046387 
528.193359 308.473206 
195.296082 294.608124 
581.761292 364.646423 
460.824005 390.926025 
510.572418 333.098267 
580.440186 351.613251 
437.878540 369.146790 
54.224319 428.158142 
191.887314 322.429291 
513.533142 318.491119 
549.998108 382.531158 
195.103592 337.777863 
202.363617 251.693817 
548.977905 346.747040 
555.930237 394.466492 
209.589966 420.424896 
503.416656 302.529114 
478.164337 292.183441 
280.509460 338.538574 
178.558807 403.528168 
441.052887 324.908142 
563.814270 381.771240 
448.539886 382.464722 
521.714905 370.648193 
196.267441 342.129486 
207.855713 272.154144 
198.509735 284.473358 
263.450470 328.985168 
306.463654 372.563263 
546.609192 302.119934 
208.257889 260.801544 
317.529205 438.264343 
498.584503 311.097015 
489.460846 297.373260 
108.060860 419.468475 
501.032990 332.473358 
570.059265 310.555939 
528.584778 333.499786 
304.062836 370.836365 
493.195679 335.871918 
279.599792 338.320068 
175.775696 263.662720 
198.803955 391.750549 
518.357117 294.367889 
524.711243 307.460297 
462.701599 389.266815 
540.970825 345.080536 
273.557129 412.606506 
327.231140 406.795563 
552.641724 316.244537 
498.406921 328.166870 
273.633301 451.433990 
504.424225 354.603973 
319.551178 426.731506 
436.691467 364.147919 
202.160141 341.720398 
492.382843 401.500732 
509.629150 266.972565 
272.602936 215.143494 
276.867004 343.953705 
319.632202 398.349213 
485.098236 334.633820 
320.191071 221.153259 
479.054901 292.332031 
519.161255 266.997955 
284.879242 343.579193 
200.850998 297.995422 
324.038208 219.097580 
553.304443 356.538239 
305.816620 202.085938 
557.849243 391.742737 
486.332153 328.304382 
481.349854 331.716522 
481.517792 331.256134 
470.793762 353.647064 
538.613098 288.811890 
292.982513 319.882507 
366.843384 200.945435 
364.309570 197.567810 
308.792206 303.338867 
263.045868 324.102814 
478.061768 324.213776 
210.740921 376.483551 
200.412537 266.300018 
536.987244 307.300537 
307.359253 370.434509 
157.011246 300.340118 
571.385620 375.599854 
521.654175 348.042450 
548.755554 313.117950 
155.944214 388.196075 
195.391769 281.940857 
462.534180 346.868927 
188.026352 411.415131 
272.170898 338.729584 
272.195892 338.123199 
514.935181 312.957581 
545.897400 315.361938 
520.114258 266.452606 
169.511398 253.709763 
507.034668 301.998077 
329.975708 411.493195 
518.677429 324.513702 
490.291565 324.301453 
190.885788 368.159210 
317.749207 220.386383 
164.959274 317.300446 
197.434952 298.728546 
535.632324 307.560699 
157.778366 207.640167 
465.602142 296.245972 
465.081177 296.840515 
309.545044 303.414734 
210.692032 313.073364 
512.198730 302.841400 
189.001144 396.599426 
203.858719 250.371140 
203.093811 250.644318 
534.549194 329.336273 
510.019135 264.681396 
459.156311 312.292664 
179.179214 408.544830 
460.279541 280.140533 
462.659210 272.822968 
200.305283 320.946747 
442.583282 23.108503 
534.361267 330.081726 
350.989594 193.332977 
512.185120 398.725433 
513.681946 315.752075 
208.832123 309.789978 
297.692444 318.352325 
530.359070 270.616394 
365.021667 193.103058 
441.251495 323.943268 
194.754288 258.837006 
181.054855 288.486237 
461.089996 390.836792 
519.077759 350.295258 
515.455200 312.822479 
211.249359 277.259979 
363.438477 192.878647 
271.851074 403.388794 
530.053833 269.188812 
541.723694 399.872711 
199.712631 286.979919 
181.080353 400.959503 
169.848358 313.273499 
481.418854 394.304474 
301.284180 343.066772 
461.120819 389.296661 
501.032593 299.844025 
558.116577 322.292480 
214.700989 417.165466 
532.497559 307.673096 
541.272949 403.735229 
538.579956 314.598175 
562.428528 344.024872 
562.259949 344.792511 
520.489319 312.060913 
332.484070 221.821442 
202.395096 255.003830 
516.271729 307.000885 
467.018433 286.964874 
299.521271 411.254211 
584.738770 337.865021 
333.923065 396.482208 
354.078949 213.683594 
303.061859 374.894043 
256.842041 326.984558 
263.562897 352.746063 
467.869904 279.556061 
514.054932 227.733063 
482.074890 332.348633 
306.122528 383.709808 
320.204498 313.330658 
93.227867 450.101532 
338.844299 195.943146 
338.983459 195.592117 
269.561829 385.259186 
525.413696 337.508789 
265.871216 310.962708 
201.580658 307.229980 
201.131287 307.597595 
271.421143 405.232269 
299.643005 412.126221 
267.931366 349.788330 
438.389862 312.273163 
186.687515 410.716522 
565.744873 324.374298 
214.958603 414.549103 
197.184402 257.421356 
481.346436 390.984283 
257.303619 266.712982 
208.093811 283.974884 
312.036591 302.144135 
193.027039 313.052979 
271.309570 290.744659 
172.235138 251.284470 
306.924774 201.599106 
195.042206 401.890198 
190.831665 405.755981 
269.088470 300.470184 
198.701157 252.965958 
163.844086 311.186768 
533.523865 307.657440 
180.779221 413.167084 
453.886230 313.093323 
517.467224 320.901947 
474.766357 351.184387 
480.614899 295.508026 
209.615204 263.466705 
512.967896 369.261597 
283.620392 265.348602 
494.467926 399.976746 
558.245239 305.731476 
288.076385 324.305969 
185.385498 303.293243 
180.018692 412.772247 
447.995270 314.875092 
523.796631 312.501801 
542.838684 229.676620 
270.033539 416.565704 
206.795792 324.584229 
567.878845 328.529175 
191.929260 397.405365 
177.207626 279.599579 
254.039825 267.633850 
502.266144 299.929718 
196.032974 370.930084 
329.812714 389.488434 
539.145569 289.658173 
448.397797 298.738068 
448.672821 311.609650 
263.559875 353.434570 
509.460083 268.605713 
540.975342 329.908325 
449.022522 311.919434 
491.515015 401.419373 
207.616882 425.186951 
209.050186 409.428192 
167.135605 299.416718 
314.277802 299.474457 
501.183105 359.122498 
198.043503 253.709579 
328.318420 320.452087 
208.831757 264.638397 
163.755371 256.605042 
473.899048 301.085358 
312.700165 303.132477 
571.662415 319.818909 
454.903717 285.698639 
302.385498 383.952545 
482.353210 342.935394 
430.928162 365.284393 
543.422668 390.355499 
290.545807 438.077393 
285.931610 360.696991 
455.068207 342.446716 
561.728699 322.653961 
477.312103 322.228333 
307.537415 355.250427 
443.615570 272.108002 
293.947510 416.522369 
467.381409 301.939606 
484.635132 335.609222 
464.935486 315.241455 
291.392151 438.457886 
518.837036 349.679932 
206.387863 333.105774 
355.964935 210.166534 
300.743073 404.350800 
429.193329 21.030390 
537.761108 309.063141 
294.061462 320.415741 
482.918396 386.171448 
199.487564 306.960999 
510.776062 271.176941 
308.347778 369.033844 
527.580688 306.266083 
177.124054 268.703888 
138.638763 206.981781 
483.776428 297.085144 
304.839050 376.757233 
159.730469 304.958466 
202.110046 332.266571 
541.819519 388.480530 
578.995056 333.696899 
312.858368 390.075867 
499.791748 299.755981 
194.913788 338.580383 
507.146576 368.876740 
299.652802 401.885590 
387.245972 17.032087 
560.171204 380.292999 
498.468292 313.247833 
454.228973 342.563385 
135.817154 425.652039 
509.277832 348.205536 
509.889465 348.201660 
291.455963 360.577271 
291.860840 360.849792 
328.174866 211.111954 
454.161621 293.757721 
464.430786 319.227570 
483.884003 261.547516 
184.167877 411.283752 
204.743103 322.364441 
456.320587 311.359680 
197.357285 423.126007 
568.023193 313.103760 
462.100830 294.873108 
514.676697 355.265228 
300.393951 298.153351 
466.472961 316.522003 
474.885437 353.741058 
269.801544 408.481781 
446.377167 312.300629 
151.960083 340.786377 
447.992340 345.598450 
318.323761 307.485199 
162.623062 352.046753 
308.067291 439.754364 
432.645386 365.817261 
480.328644 390.466766 
480.584259 390.971680 
464.487915 284.557831 
300.291931 372.402863 
494.503082 308.622070 
309.836761 440.233490 
543.391968 385.752625 
52.177017 422.717560 
271.337677 410.932343 
209.532883 311.584442 
308.396729 296.834686 
346.521332 213.693893 
581.405823 351.928497 
429.161072 348.395569 
236.068588 349.220398 
485.610596 300.746155 
183.076126 414.700531 
183.265244 414.157593 
325.583679 385.537292 
516.849426 310.924561 
202.793594 430.201752 
261.532257 343.937225 
471.264404 354.164520 
296.899780 300.271332 
162.194977 258.093964 
325.406158 223.706680 
211.637604 280.851013 
211.739471 280.157379 
556.684082 281.576904 
262.618469 330.879578 
296.039551 295.662750 
277.255371 336.856079 
327.201660 402.569733 
206.758530 323.946045 
477.282532 386.552673 
146.904221 207.467468 
289.377197 324.677979 
537.020874 405.409760 
326.782715 208.350510 
474.121368 295.375366 
196.355286 258.197662 
325.512695 315.523987 
306.863464 379.436829 
299.498810 432.951935 
270.471191 413.089661 
209.743393 269.855560 
209.038452 269.856384 
189.035736 408.461060 
172.496490 307.581970 
223.956406 277.947876 
594.905029 232.519562 
211.841431 318.437775 
528.551208 337.200348 
470.158081 303.190948 
572.083191 300.782593 
214.522583 387.401184 
201.955811 430.920227 
464.706879 336.633240 
161.237396 324.587280 
553.408020 316.637115 
201.526642 429.741425 
264.644531 344.390686 
291.584259 215.609833 
354.470123 214.270065 
280.395844 429.618896 
487.249115 394.700409 
163.334000 278.401306 
198.793396 302.439758 
561.391541 380.204620 
502.771088 359.404449 
89.038635 423.762604 
543.028442 311.349976 
217.072968 284.205719 
213.455841 356.465485 
226.054779 276.532104 
168.018875 303.080902 
447.194214 281.476318 
603.690430 355.485077 
256.227417 297.765015 
298.501953 369.856262 
299.879425 372.439148 
290.680328 215.710876 
204.595459 327.896881 
217.695389 273.435364 
225.475693 338.791748 
470.403229 296.697723 
326.896515 211.342407 
530.694336 407.496643 
215.470749 285.193512 
293.556274 392.784668 
192.358047 401.524689 
461.989990 283.880219 
560.752747 296.053986 
312.642639 433.740997 
312.575348 433.108093 
331.843506 405.944702 
259.356995 330.986877 
136.266876 424.822479 
310.793060 442.004639 
274.996063 340.355743 
517.793884 338.445709 
541.649414 397.372406 
488.698273 304.384155 
316.083160 300.957153 
275.041779 339.700165 
296.255585 430.913391 
440.066193 301.285950 
299.007294 363.505493 
300.044861 408.341003 
515.264465 354.914703 
213.522629 404.705902 
495.305328 405.371582 
363.733704 220.189041 
306.402954 234.757385 
468.205139 313.451752 
255.614761 296.702026 
257.946320 290.608185 
439.632355 333.567688 
298.678955 397.948364 
541.859009 395.301849 
542.795898 290.435638 
581.368042 231.676773 
487.581360 398.584991 
475.254456 386.338928 
453.224670 387.675110 
572.695068 324.107269 
531.690674 443.500885 
450.235565 309.449524 
264.688568 358.433502 
186.152847 414.383911 
270.057617 293.641144 
270.766876 293.853149 
285.012909 402.313507 
470.068878 304.825745 
470.155945 304.150879 
517.132935 396.834839 
548.859497 383.947235 
451.870667 430.174744 
237.318100 349.167419 
295.843689 308.087433 
136.399475 425.475098 
459.466431 297.095734 
196.119431 423.509308 
233.742355 337.589813 
302.966125 384.556915 
561.933228 378.480377 
335.962524 220.662109 
212.796768 337.627930 
474.367645 387.665833 
320.927490 223.781845 
515.906799 310.612762 
429.542877 359.587219 
84.458191 426.572479 
260.846649 331.516693 
484.477295 400.278473 
514.224548 280.379608 
165.039734 296.747223 
457.449005 374.951508 
258.802368 288.270966 
265.410492 311.660065 
162.554840 207.805939 
208.096710 315.468262 
299.435486 433.082214 
314.277557 298.756317 
193.090088 278.128113 
555.471252 290.700012 
132.295013 431.088043 
195.587753 304.932343 
195.989532 304.487701 
306.631317 439.629333 
429.843414 347.948853 
86.982155 423.640289 
448.873016 307.497253 
553.520081 391.185333 
452.572968 306.987457 
163.079575 319.059357 
547.377747 286.696747 
306.089355 422.377563 
449.789673 367.648254 
559.052917 300.534943 
565.120789 309.982361 
370.300415 288.850372 
308.032196 377.103027 
254.847610 296.306915 
160.485764 309.705933 
324.906189 396.183594 
333.202362 338.368774 
326.242249 316.422302 
288.995392 361.093323 
318.668182 266.085480 
559.481934 296.630829 
297.562469 379.483734 
329.827332 210.920563 
474.362030 427.629395 
440.370941 334.175507 
294.294678 426.527710 
139.069458 421.967621 
169.212494 249.745560 
328.258698 254.854202 
177.223557 259.137817 
173.164322 252.191177 
334.350800 195.993576 
333.835602 222.560410 
304.272308 259.718628 
453.839203 322.093750 
183.013611 407.979828 
85.910782 426.558014 
353.163574 216.410904 
124.641273 444.148254 
524.078674 283.131042 
429.533539 356.810760 
540.956482 389.334015 
500.384827 362.626465 
126.588799 442.993439 
389.912567 294.489380 
320.555603 207.879929 
473.831451 387.493683 
292.532990 324.062286 
152.534454 340.631714 
294.943176 420.505280 
165.966766 309.447876 
194.149384 417.139954 
194.855255 310.794128 
138.920944 449.252869 
470.643188 388.053162 
457.051300 330.355560 
250.620911 277.173126 
315.921814 301.940887 
285.704681 325.407593 
251.305267 277.466980 
246.500458 271.778778 
313.848724 380.366699 
354.296661 212.637711 
317.283112 295.867432 
318.294678 200.133011 
278.073425 317.581116 
450.535950 277.540009 
280.780121 408.997803 
554.465637 293.059845 
259.648285 213.720947 
227.959442 274.280640 
227.998886 274.992035 
456.180206 296.611328 
545.198608 292.697449 
137.051910 453.875793 
290.413452 413.067474 
319.072845 298.921082 
458.237488 272.069641 
535.370117 267.639801 
216.849991 420.563690 
516.309753 261.452545 
378.868011 312.022156 
282.230713 397.554718 
102.206055 441.702515 
361.970825 282.961395 
181.750580 410.411835 
362.989655 220.374298 
416.077576 311.044952 
325.687042 396.964935 
257.503571 265.589172 
290.874329 362.101471 
340.112885 12.705709 
275.723419 316.765076 
213.443314 393.506622 
275.134735 410.469666 
326.057587 213.358978 
462.408356 314.443207 
318.946686 301.150879 
582.487061 356.526642 
188.409927 408.074860 
253.444550 267.113281 
193.315857 334.868958 
281.569550 416.167755 
178.037811 264.899841 
178.492279 264.390869 
278.087311 316.308167 
264.321228 345.092468 
294.650635 439.803802 
266.398834 342.569641 
359.676270 192.366440 
325.176361 403.829773 
300.866455 393.436462 
178.483704 417.453949 
350.263855 213.816696 
334.538696 285.122284 
441.576202 325.631622 
300.488037 418.526428 
254.870300 292.937744 
333.719757 403.121338 
473.922363 320.152893 
523.500122 263.011658 
571.215515 340.807800 
502.657562 254.309906 
575.864685 307.943573 
307.856873 384.944977 
195.595612 386.532471 
195.243118 386.197174 
539.075989 269.316986 
539.075989 269.316986 
456.565735 295.529541 
175.040222 275.547424 
472.288635 341.331757 
315.178711 375.852173 
87.661926 450.504913 
470.465546 265.535034 
288.122437 342.362915 
259.981110 314.193939 
320.534332 200.507141 
309.391724 362.486847 
325.435455 327.725830 
385.153229 364.441833 
144.908279 452.366669 
261.825073 338.208771 
308.803467 205.613037 
307.341370 380.114960 
254.765427 321.425476 
214.029007 444.993988 
107.780365 415.767090 
309.367981 198.391495 
469.763977 388.262512 
469.319275 388.326233 
92.865646 203.878372 
