977
192.996033 349.178009 
283.132141 89.318390 
191.912567 355.023163 
205.636200 331.080200 
206.994919 345.337585 
185.902634 346.087128 
192.996033 349.178009 
185.138870 345.678986 
196.941101 323.187500 
205.636200 331.080200 
194.805023 333.437988 
191.130844 336.711304 
186.639053 330.452759 
194.805023 333.437988 
283.132141 89.318390 
283.132141 89.318390 
199.731049 329.233704 
180.629471 353.509705 
191.130844 336.711304 
190.495834 331.540710 
196.882263 326.170868 
191.130844 336.711304 
180.609512 349.098236 
200.606140 352.933929 
190.495834 331.540710 
190.261963 349.463806 
191.130844 336.711304 
196.882263 326.170868 
206.994919 345.337585 
187.317673 360.381409 
195.321243 318.017487 
196.882263 326.170868 
200.487137 331.743225 
185.607330 350.242950 
209.251144 349.004608 
199.532166 313.440094 
180.356705 348.419495 
191.119095 327.699066 
180.088318 357.500397 
283.132141 89.318390 
182.105667 342.072968 
190.495834 331.540710 
203.947479 333.182800 
329.448486 294.874390 
192.811249 348.422150 
199.053131 331.796753 
367.790131 353.175537 
367.790131 353.175537 
185.138870 345.678986 
196.882263 326.170868 
180.088318 357.500397 
136.995682 382.244232 
197.893265 287.738464 
146.243134 385.792908 
202.157303 306.077454 
200.606140 352.933929 
254.640274 336.110199 
180.088318 357.500397 
180.088318 357.500397 
185.124847 351.258392 
190.495834 331.540710 
195.373520 356.495972 
237.351303 317.231323 
206.994919 345.337585 
196.941101 323.187500 
402.583221 302.401611 
205.636200 331.080200 
195.321243 318.017487 
191.912567 355.023163 
256.027588 332.614899 
180.088318 357.500397 
381.188782 280.544159 
181.066742 318.417908 
181.450485 272.095642 
185.618958 305.717529 
206.994919 345.337585 
191.119095 327.699066 
254.475037 358.411713 
359.553101 341.745758 
294.941132 379.798492 
202.157303 306.077454 
206.405991 348.577454 
393.257599 298.564758 
393.257599 298.564758 
199.053131 331.796753 
381.188782 280.544159 
256.027588 332.614899 
192.954071 358.543671 
393.868683 288.484589 
381.793579 281.411194 
271.881836 335.536041 
200.487137 331.743225 
191.130844 336.711304 
391.375885 340.921997 
283.132141 89.318390 
186.639053 330.452759 
205.182098 322.195526 
278.464844 302.733917 
205.182098 322.195526 
254.640274 336.110199 
308.874603 236.455948 
266.241638 305.154968 
308.874603 236.455948 
182.519531 310.443298 
370.404938 356.409637 
370.404938 356.409637 
191.130844 336.711304 
393.868683 288.484589 
205.222580 294.712708 
247.538483 298.285248 
402.583221 302.401611 
393.868683 288.484589 
185.124847 351.258392 
202.087769 280.013336 
202.087769 280.013336 
191.119095 327.699066 
199.532166 313.440094 
205.222580 294.712708 
391.478210 277.195862 
199.532166 313.440094 
270.095062 329.437714 
284.745178 100.729164 
393.990204 312.979614 
207.409286 297.372406 
393.990204 312.979614 
381.188782 280.544159 
375.534943 280.472656 
190.261963 349.463806 
436.634399 247.427338 
311.050873 231.416931 
209.706757 370.630829 
329.448486 294.874390 
412.496338 312.543854 
254.419800 362.575592 
328.950012 341.168854 
271.881836 335.536041 
393.868683 288.484589 
374.910065 312.282440 
205.039124 343.685577 
384.397736 321.401581 
433.354156 326.770813 
402.583221 302.401611 
402.583221 302.401611 
385.849884 275.292938 
205.636200 331.080200 
195.321243 318.017487 
210.415985 274.277374 
205.636200 331.080200 
193.515656 324.673218 
393.868683 288.484589 
196.941101 323.187500 
210.415985 274.277374 
380.464111 314.758087 
192.996033 349.178009 
412.496338 312.543854 
412.496338 312.543854 
187.317673 360.381409 
197.893265 287.738464 
393.257599 298.564758 
203.947479 333.182800 
430.539856 308.094696 
182.816101 316.032562 
202.087769 280.013336 
192.954071 358.543671 
238.052673 237.500626 
180.088318 357.500397 
192.954071 358.543671 
293.325348 362.127106 
259.485901 326.179962 
245.755539 311.266418 
270.095062 329.437714 
247.538483 298.285248 
260.670624 320.790802 
205.636200 331.080200 
209.251144 349.004608 
199.532166 313.440094 
254.475037 358.411713 
259.485901 326.179962 
272.136017 308.352875 
431.029510 328.891754 
389.189087 299.087708 
393.257599 298.564758 
393.257599 298.564758 
430.626587 309.728882 
436.297546 313.518158 
397.922150 320.435242 
209.789322 272.728210 
245.755539 311.266418 
247.538483 298.285248 
430.626587 309.728882 
391.478210 277.195862 
200.606140 352.933929 
193.515656 324.673218 
200.286148 362.402802 
420.385223 357.942902 
209.706757 370.630829 
256.245941 384.443085 
409.681885 318.304382 
181.066742 318.417908 
202.192215 283.875610 
444.992279 348.121216 
389.189087 299.087708 
360.217590 342.315430 
207.409286 297.372406 
180.088318 357.500397 
427.703979 333.955475 
283.132141 89.318390 
308.777161 237.064728 
266.241638 305.154968 
185.276443 298.304474 
393.868683 288.484589 
254.416855 390.257355 
400.713806 300.103424 
205.636200 331.080200 
403.557098 329.677338 
403.557098 329.677338 
444.992279 348.121216 
272.972412 299.079224 
451.079865 334.840698 
451.079865 334.840698 
397.922150 320.435242 
200.286148 362.402802 
254.416855 390.257355 
381.188782 280.544159 
256.391174 359.906067 
430.539856 308.094696 
329.448486 294.874390 
185.276443 298.304474 
189.092758 346.969391 
196.941101 323.187500 
393.868683 288.484589 
185.276443 298.304474 
393.990204 312.979614 
275.112885 333.892822 
207.409286 297.372406 
259.485901 326.179962 
187.317673 360.381409 
254.416855 390.257355 
256.391174 359.906067 
254.416855 390.257355 
185.276443 298.304474 
389.189087 299.087708 
256.391174 359.906067 
252.476440 336.820343 
393.868683 288.484589 
393.868683 288.484589 
393.868683 288.484589 
283.132141 89.318390 
430.626587 309.728882 
283.934692 246.353882 
195.119858 361.373291 
399.061584 299.558380 
198.963120 293.173676 
378.755035 330.725220 
409.681885 318.304382 
203.032059 313.289948 
209.147705 298.493408 
259.485901 326.179962 
283.934692 246.353882 
381.793579 281.411194 
309.159698 240.834015 
193.515656 324.673218 
412.496338 312.543854 
202.157303 306.077454 
393.990204 312.979614 
196.941101 323.187500 
261.733765 355.536591 
254.474274 378.435913 
393.868683 288.484589 
262.305298 312.081543 
381.188782 280.544159 
209.789322 272.728210 
209.251144 349.004608 
209.251144 349.004608 
393.990204 312.979614 
284.258667 250.032318 
393.868683 288.484589 
200.286148 362.402802 
427.703979 333.955475 
313.189392 230.660309 
184.241943 310.958221 
219.247070 383.821167 
393.990204 312.979614 
192.811249 348.422150 
180.609512 349.098236 
413.078857 319.569977 
205.222580 294.712708 
408.427460 318.251984 
269.538574 360.866943 
378.755035 330.725220 
273.202972 354.396057 
263.513153 337.254486 
181.450485 272.095642 
247.538483 298.285248 
283.243591 245.778290 
451.079865 334.840698 
393.990204 312.979614 
272.972412 299.079224 
397.922150 320.435242 
177.721390 307.476929 
309.159698 240.834015 
364.428619 300.478943 
312.113831 238.731110 
203.947479 333.182800 
276.481995 234.391251 
247.454071 317.703979 
268.222168 344.095001 
278.464844 302.733917 
391.092041 321.335266 
393.990204 312.979614 
391.092041 321.335266 
247.454071 317.703979 
246.799286 299.108734 
426.333649 351.907166 
393.990204 312.979614 
269.287415 306.879517 
205.182098 322.195526 
409.681885 318.304382 
393.868683 288.484589 
192.811249 348.422150 
238.052673 237.500626 
209.124268 270.911896 
402.583221 302.401611 
235.246887 315.512115 
451.079865 334.840698 
259.612213 324.485565 
393.257599 298.564758 
256.027588 332.614899 
390.120422 287.169861 
295.556854 228.669312 
184.241943 310.958221 
400.713806 300.103424 
198.963120 293.173676 
448.803864 347.010010 
436.737823 358.531830 
393.990204 312.979614 
451.079865 334.840698 
359.553101 341.745758 
104.931252 385.800873 
199.532166 313.440094 
393.990204 312.979614 
425.130188 351.734985 
201.290802 321.906647 
210.415985 274.277374 
429.013214 333.465729 
370.404938 356.409637 
209.706757 370.630829 
393.868683 288.484589 
386.735046 295.941376 
259.485901 326.179962 
191.631790 365.201080 
360.862946 314.926788 
373.784180 357.091675 
444.992279 348.121216 
391.920349 336.017578 
206.616516 325.054901 
202.087769 280.013336 
197.893265 287.738464 
244.840912 314.999207 
268.222168 344.095001 
430.539856 308.094696 
209.789322 272.728210 
283.511353 392.011688 
409.681885 318.304382 
393.868683 288.484589 
136.995682 382.244232 
406.993439 318.594727 
381.793579 281.411194 
384.950836 308.763062 
268.222168 344.095001 
384.156067 316.074310 
259.485901 326.179962 
189.978943 279.122833 
200.286148 362.402802 
393.868683 288.484589 
402.583221 302.401611 
370.404938 356.409637 
431.029510 328.891754 
251.185974 373.730988 
289.183136 373.840454 
432.556793 313.221497 
409.681885 318.304382 
253.688217 398.103333 
396.380707 335.958282 
282.212494 382.595490 
381.188782 280.544159 
206.616516 325.054901 
394.833984 364.801544 
391.478210 277.195862 
283.132141 89.318390 
256.027588 332.614899 
278.592377 362.670074 
384.950836 308.763062 
283.934692 246.353882 
393.868683 288.484589 
391.478210 277.195862 
259.485901 326.179962 
205.222580 294.712708 
283.934692 246.353882 
431.029510 328.891754 
276.481995 234.391251 
444.992279 348.121216 
384.156067 316.074310 
379.044342 310.557678 
379.044342 310.557678 
400.713806 300.103424 
393.868683 288.484589 
262.305298 312.081543 
209.789322 272.728210 
311.050873 231.416931 
272.972412 299.079224 
244.840912 314.999207 
380.464111 314.758087 
209.251144 349.004608 
202.087769 280.013336 
430.223480 306.917999 
268.222168 344.095001 
177.721390 307.476929 
359.553101 341.745758 
413.078857 319.569977 
430.626587 309.728882 
176.215179 352.446564 
202.192215 283.875610 
367.962097 326.472198 
199.122162 363.901093 
251.939621 325.089020 
251.939621 325.089020 
406.984253 306.868683 
430.223480 306.917999 
391.478210 277.195862 
181.450485 272.095642 
393.868683 288.484589 
289.183136 373.840454 
393.990204 312.979614 
389.189087 299.087708 
197.697495 340.280670 
283.934692 246.353882 
182.519531 310.443298 
198.963120 293.173676 
430.539856 308.094696 
163.572937 233.577423 
374.478546 310.134735 
374.478546 310.134735 
272.972412 299.079224 
209.502380 317.915344 
393.868683 288.484589 
200.606140 352.933929 
210.415985 274.277374 
210.415985 274.277374 
431.029510 328.891754 
391.478210 277.195862 
370.612396 307.490356 
191.930847 367.981384 
381.188782 280.544159 
374.751678 284.480072 
205.523712 313.220367 
188.094467 269.994873 
413.078857 319.569977 
311.050873 231.416931 
424.012817 363.275055 
402.583221 302.401611 
209.735626 305.997559 
266.948517 310.743866 
381.793579 281.411194 
308.874603 236.455948 
360.862946 314.926788 
210.415985 274.277374 
185.276443 298.304474 
444.992279 348.121216 
413.078857 319.569977 
406.984253 306.868683 
211.771255 284.793549 
308.777161 237.064728 
254.419800 362.575592 
381.188782 280.544159 
373.784180 357.091675 
197.893265 287.738464 
192.954071 358.543671 
184.241943 310.958221 
378.160919 355.272339 
270.095062 329.437714 
359.553101 341.745758 
400.713806 300.103424 
436.297546 313.518158 
213.038879 372.420593 
417.006866 305.318024 
370.404938 356.409637 
433.354156 326.770813 
425.130188 351.734985 
425.130188 351.734985 
406.984253 306.868683 
291.793488 248.145172 
210.415985 274.277374 
402.583221 302.401611 
390.120422 287.169861 
269.220245 372.477539 
452.259430 338.123535 
293.325348 362.127106 
309.159698 240.834015 
274.094147 348.794464 
244.840912 314.999207 
245.040375 334.732117 
381.793579 281.411194 
238.052673 237.500626 
384.156067 316.074310 
273.202972 354.396057 
282.005005 307.217316 
266.112183 239.211716 
329.448486 294.874390 
329.448486 294.874390 
254.475037 358.411713 
409.681885 318.304382 
245.755539 311.266418 
205.482758 303.784973 
205.482758 303.784973 
252.560028 368.534515 
269.220245 372.477539 
252.476440 336.820343 
357.037506 307.372162 
196.806534 368.632965 
432.556793 313.221497 
209.706757 370.630829 
202.087769 280.013336 
397.313690 364.736664 
284.738190 232.209335 
209.147705 298.493408 
275.885864 299.981720 
202.157303 306.077454 
248.946182 297.321198 
188.094467 269.994873 
276.481995 234.391251 
206.579697 358.867065 
200.286148 362.402802 
247.538483 298.285248 
209.789322 272.728210 
182.519531 310.443298 
436.297546 313.518158 
191.930847 367.981384 
426.333649 351.907166 
406.984253 306.868683 
400.713806 300.103424 
399.061584 299.558380 
210.415985 274.277374 
382.448364 335.968262 
294.941132 379.798492 
404.816559 280.035370 
436.297546 313.518158 
262.305298 312.081543 
188.548798 300.782654 
191.930847 367.981384 
436.297546 313.518158 
378.755035 330.725220 
571.612976 343.994720 
254.474274 378.435913 
208.167816 313.445404 
426.333649 351.907166 
202.370499 352.089050 
190.648499 286.397095 
284.738190 232.209335 
400.713806 300.103424 
205.039124 343.685577 
292.355743 357.043671 
436.297546 313.518158 
365.900848 297.911194 
436.297546 313.518158 
248.420120 337.532104 
391.478210 277.195862 
413.078857 319.569977 
436.297546 313.518158 
370.404938 356.409637 
213.038879 372.420593 
209.706757 370.630829 
185.276443 298.304474 
277.581299 299.912323 
413.078857 319.569977 
209.789322 272.728210 
286.839996 312.837250 
210.415985 274.277374 
181.450485 272.095642 
379.917877 300.840912 
272.972412 299.079224 
381.793579 281.411194 
449.080048 334.089783 
269.249573 352.288666 
384.950836 308.763062 
597.775085 393.326202 
423.670258 360.813507 
265.324677 390.543549 
255.885651 335.473938 
367.962097 326.472198 
432.556793 313.221497 
382.838593 318.663025 
271.881836 335.536041 
189.088120 272.529846 
266.066223 374.205200 
377.649780 301.087189 
384.397736 321.401581 
397.349182 299.792389 
265.324677 390.543549 
415.330048 318.285034 
209.502380 317.915344 
308.777161 237.064728 
267.778931 367.910583 
189.088120 272.529846 
417.006866 305.318024 
266.948517 310.743866 
393.868683 288.484589 
202.157303 306.077454 
372.860992 350.194153 
268.222168 344.095001 
432.556793 313.221497 
202.087769 280.013336 
522.777405 87.450027 
393.868683 288.484589 
274.094147 348.794464 
177.721390 307.476929 
206.616516 325.054901 
425.130188 351.734985 
373.784180 357.091675 
278.742737 354.796814 
400.713806 300.103424 
200.487137 331.743225 
409.681885 318.304382 
274.389862 363.181244 
278.669403 228.905457 
423.670258 360.813507 
399.061584 299.558380 
367.962097 326.472198 
165.307022 371.482208 
408.427460 318.251984 
408.427460 318.251984 
263.513153 337.254486 
263.513153 337.254486 
285.017456 241.360657 
373.441376 293.057739 
377.144318 311.251740 
581.526794 391.779419 
194.525513 369.445129 
205.523712 313.220367 
370.906952 306.547363 
208.858871 369.216797 
381.793579 281.411194 
393.868683 288.484589 
407.400513 330.215576 
268.715881 299.009857 
397.349182 299.792389 
400.713806 300.103424 
252.560028 368.534515 
360.862946 314.926788 
252.000336 371.651642 
377.649780 301.087189 
278.464844 302.733917 
181.648819 331.491577 
277.170990 391.337830 
597.775085 393.326202 
374.516083 356.514679 
374.516083 356.514679 
363.138458 302.459198 
268.222168 344.095001 
405.229919 314.457916 
277.170990 391.337830 
408.797821 362.123871 
125.230560 384.063873 
251.460495 375.651764 
209.502380 317.915344 
272.529602 297.841492 
298.138977 242.031708 
362.357880 296.830933 
354.822723 330.220276 
225.179184 333.432648 
397.349182 299.792389 
194.525513 369.445129 
194.525513 369.445129 
291.228882 357.632019 
394.177032 314.083069 
206.387634 380.434998 
237.351303 317.231323 
400.713806 300.103424 
267.114594 300.795593 
181.450485 272.095642 
287.751526 249.735184 
211.771255 284.793549 
211.771255 284.793549 
589.348877 393.769104 
242.678635 319.972687 
268.715881 299.009857 
259.612213 324.485565 
289.183136 373.840454 
208.167816 313.445404 
393.868683 288.484589 
163.572937 233.577423 
262.305298 312.081543 
448.803864 347.010010 
282.788849 241.060471 
374.478546 310.134735 
209.789322 272.728210 
285.995178 310.683899 
270.056244 348.392029 
269.560638 386.851440 
254.474274 378.435913 
202.087769 280.013336 
202.087769 280.013336 
196.806534 368.632965 
184.680344 299.128326 
344.292297 336.765839 
266.112183 239.211716 
209.502380 317.915344 
389.189087 299.087708 
378.755035 330.725220 
452.259430 338.123535 
212.351196 342.816650 
206.387634 380.434998 
377.144318 311.251740 
180.347702 313.972717 
432.556793 313.221497 
206.387634 380.434998 
252.476440 336.820343 
283.132141 89.318390 
309.159698 240.834015 
256.245941 384.443085 
378.160919 355.272339 
254.419800 362.575592 
205.222580 294.712708 
423.670258 360.813507 
406.993439 318.594727 
127.878441 383.728516 
400.713806 300.103424 
213.307343 298.131531 
177.721390 307.476929 
344.292297 336.765839 
184.680344 299.128326 
284.738190 232.209335 
159.635193 329.771576 
244.048904 297.688446 
268.222168 344.095001 
268.222168 344.095001 
436.634399 247.427338 
206.616516 325.054901 
218.389893 279.199890 
221.115540 329.890106 
386.735046 295.941376 
285.017456 241.360657 
417.960907 369.469269 
213.307343 298.131531 
256.391174 359.906067 
200.286148 362.402802 
360.862946 314.926788 
381.793579 281.411194 
278.435028 390.545013 
278.435028 390.545013 
288.586395 373.481445 
252.476440 336.820343 
165.307022 371.482208 
277.170990 391.337830 
251.939621 325.089020 
397.922150 320.435242 
423.670258 360.813507 
430.223480 306.917999 
272.529602 297.841492 
251.939621 325.089020 
269.560638 386.851440 
356.815796 308.131256 
268.222168 344.095001 
269.594025 368.624420 
409.681885 318.304382 
208.858871 369.216797 
410.263885 371.105530 
458.163696 345.795288 
309.919250 227.798889 
374.478546 310.134735 
244.048904 297.688446 
238.532349 294.568787 
357.274292 316.413971 
267.690369 363.966370 
373.784180 357.091675 
425.130188 351.734985 
325.825989 92.890350 
373.784180 357.091675 
408.797821 362.123871 
359.553101 341.745758 
360.217590 342.315430 
385.849884 275.292938 
393.868683 288.484589 
248.420120 337.532104 
199.122162 363.901093 
247.538483 298.285248 
247.538483 298.285248 
258.483002 373.169403 
379.917877 300.840912 
379.917877 300.840912 
393.868683 288.484589 
434.278503 329.502319 
117.533173 383.352722 
225.179184 333.432648 
266.241638 305.154968 
165.307022 371.482208 
377.649780 301.087189 
208.858871 369.216797 
225.587051 325.406158 
269.249573 352.288666 
425.130188 351.734985 
291.793488 248.145172 
212.524597 324.353302 
374.516083 356.514679 
284.460266 249.500031 
397.033569 336.082458 
597.775085 393.326202 
113.459137 384.849609 
252.476440 336.820343 
390.273804 365.372498 
393.868683 288.484589 
177.432831 299.223358 
393.868683 288.484589 
239.429367 294.732819 
245.755539 311.266418 
303.197815 91.378662 
205.482758 303.784973 
269.560638 386.851440 
276.529938 299.085724 
202.192215 283.875610 
369.224945 289.512939 
165.307022 371.482208 
198.963120 293.173676 
198.963120 293.173676 
277.170990 391.337830 
354.822723 330.220276 
150.269241 384.648743 
365.330200 307.747162 
444.992279 348.121216 
377.649780 301.087189 
182.519531 310.443298 
372.860992 350.194153 
273.867584 377.666840 
372.860992 350.194153 
436.297546 313.518158 
404.816559 280.035370 
324.250854 290.275848 
274.094147 348.794464 
244.048904 297.688446 
177.721390 307.476929 
284.831970 362.361145 
293.291809 326.734161 
285.995178 310.683899 
263.513153 337.254486 
283.676422 278.506897 
404.816559 280.035370 
269.249573 352.288666 
286.027527 240.550949 
156.753525 382.800171 
357.590729 332.526947 
273.255554 384.263062 
165.307022 371.482208 
184.727264 267.843842 
328.950012 341.168854 
450.721100 343.178436 
131.733322 395.927002 
310.534637 227.961136 
291.793488 248.145172 
589.348877 393.769104 
370.906952 306.547363 
196.806534 368.632965 
113.459137 384.849609 
309.159698 240.834015 
597.775085 393.326202 
393.868683 288.484589 
597.775085 393.326202 
434.278503 329.502319 
397.033569 336.082458 
597.775085 393.326202 
218.389893 279.199890 
282.788849 241.060471 
374.516083 356.514679 
268.715881 299.009857 
252.000336 371.651642 
266.066223 374.205200 
181.753281 305.574402 
208.858871 369.216797 
202.157303 306.077454 
209.789322 272.728210 
369.835419 355.898499 
370.906952 306.547363 
236.421082 283.760651 
276.529938 299.085724 
260.670624 320.790802 
236.421082 283.760651 
236.421082 283.760651 
274.094147 348.794464 
210.415985 274.277374 
273.796967 297.253296 
385.849884 275.292938 
257.680664 314.715820 
451.624481 340.812622 
258.483002 373.169403 
360.217590 342.315430 
574.393372 427.725861 
344.292297 336.765839 
344.292297 336.765839 
378.160919 355.272339 
393.868683 288.484589 
210.415985 274.277374 
266.066223 374.205200 
275.885864 299.981720 
340.380981 290.217407 
375.534943 280.472656 
243.574631 330.004303 
340.380981 290.217407 
351.160004 304.242035 
267.690369 363.966370 
440.700714 313.972900 
603.526184 397.509094 
194.525513 369.445129 
320.998840 393.324860 
279.797302 227.087524 
289.183136 373.840454 
589.348877 393.769104 
263.513153 337.254486 
363.560455 355.412781 
245.755539 311.266418 
184.337921 322.554993 
251.185974 373.730988 
285.017456 241.360657 
374.910065 312.282440 
281.094086 299.581879 
449.742249 346.731384 
196.806534 368.632965 
284.738190 232.209335 
195.321243 318.017487 
257.651642 375.740112 
363.560455 355.412781 
363.560455 355.412781 
257.680664 314.715820 
252.476440 336.820343 
266.971222 393.919617 
251.939621 325.089020 
296.342194 229.549088 
289.183136 373.840454 
256.391174 359.906067 
191.066467 371.302460 
308.777161 237.064728 
290.124176 291.972809 
359.931702 321.232635 
269.220245 372.477539 
244.048904 297.688446 
250.082169 374.860596 
374.910065 312.282440 
427.877563 279.326691 
436.297546 313.518158 
409.263123 256.054626 
452.259430 338.123535 
202.128647 272.808624 
200.606140 352.933929 
200.606140 352.933929 
264.272980 258.235657 
264.272980 258.235657 
356.815796 308.131256 
188.054367 285.560455 
379.917877 300.840912 
279.438324 349.514069 
266.112183 239.211716 
278.093140 233.008484 
260.670624 320.790802 
245.755539 311.266418 
385.849884 275.292938 
271.881836 335.536041 
284.335175 315.146393 
458.163696 345.795288 
360.217590 342.315430 
235.246887 315.512115 
210.415985 274.277374 
274.094147 348.794464 
237.351303 317.231323 
180.879669 292.261078 
209.124268 270.911896 
284.738190 232.209335 
369.835419 355.898499 
369.835419 355.898499 
188.094467 269.994873 
