500
92.511772 313.093292 
473.853546 176.087723 
436.563263 178.632843 
473.226471 191.528610 
438.998138 200.919327 
346.210571 209.843353 
392.253265 390.279602 
469.046783 193.166885 
66.301460 330.230743 
487.472534 199.996902 
483.461273 190.355270 
441.131744 198.994675 
315.344543 216.925217 
494.584747 183.104095 
452.510681 184.218277 
476.079529 184.352997 
442.756683 209.873672 
492.143829 193.491501 
273.473755 245.118408 
476.886200 185.914627 
483.046143 210.592773 
475.469971 194.861237 
455.625458 219.855743 
485.265594 194.785385 
43.104763 347.265991 
447.103516 193.067688 
469.019379 211.364059 
454.966095 201.647659 
472.971191 192.587036 
424.241974 192.043777 
476.095398 181.783798 
496.137543 184.266739 
286.648590 109.533501 
476.164917 183.115250 
484.797760 193.085327 
469.155701 214.632385 
514.521362 215.660385 
334.189667 207.894043 
493.707550 182.000778 
322.834015 336.758362 
163.096436 95.963226 
440.333740 200.796509 
262.176422 209.362427 
272.845428 240.291275 
488.659576 197.813354 
234.488846 103.716522 
440.862640 201.382996 
197.745178 99.763084 
197.236649 99.932396 
488.975403 194.954147 
248.890060 105.679253 
455.405304 200.519882 
484.442871 312.539062 
321.234406 336.869720 
287.881500 161.794983 
447.424133 196.111877 
256.686829 195.607056 
440.915924 189.734283 
236.434601 178.818359 
405.495544 200.001221 
453.614594 285.089844 
444.737213 196.528961 
310.490570 269.410095 
413.988464 190.716995 
310.561890 342.239441 
437.614716 186.050339 
462.495209 187.076187 
346.718689 208.824356 
475.378906 211.698151 
445.156433 195.985825 
265.538574 236.212158 
35.489822 353.293671 
294.626099 208.357193 
309.483643 345.343719 
429.767059 202.466522 
454.004517 197.295837 
476.443207 210.209229 
451.627289 182.800873 
462.832916 174.176483 
419.711548 201.916061 
415.893463 206.184464 
437.175903 191.928864 
444.661041 176.707947 
314.019531 217.237885 
263.407043 351.104950 
452.242096 180.824448 
461.142151 288.183105 
143.783813 93.795677 
439.715118 206.709900 
299.278595 110.299019 
448.416779 310.961243 
422.377289 195.807526 
251.949646 196.152786 
268.208344 107.741394 
436.197662 185.156250 
423.488770 190.728790 
499.006378 212.602310 
482.839203 191.689438 
433.092773 216.191467 
256.544312 221.066711 
328.258392 165.703430 
459.326447 192.087021 
266.267609 139.225967 
266.794281 139.591690 
472.496033 238.946793 
491.947266 231.499207 
183.070358 329.747833 
498.542267 299.490753 
258.718750 195.151413 
411.226440 298.855438 
309.479492 341.615753 
340.156311 279.749146 
530.106506 135.762344 
482.965668 204.144958 
460.693756 221.403214 
460.952057 221.133881 
416.836914 261.113037 
416.237305 261.594849 
472.969604 189.549072 
428.378082 302.627380 
428.527954 302.306549 
444.037384 192.521576 
278.460114 209.986755 
487.801453 307.548828 
347.521667 214.713257 
258.032715 226.228745 
459.509827 220.808990 
264.771454 210.830200 
480.698212 198.632751 
480.066711 231.884491 
479.391998 207.700485 
478.496979 207.500641 
385.506989 388.852295 
279.952209 208.148148 
415.355957 212.548492 
506.246124 213.313507 
467.175232 239.234482 
233.482452 335.916534 
270.722290 238.181274 
445.319153 214.910843 
438.820221 223.463730 
237.476105 189.229248 
237.628998 189.552307 
422.419647 213.563156 
224.376175 182.746857 
415.594452 209.087570 
416.611420 212.894913 
428.048187 186.232880 
415.159454 199.998611 
444.152191 217.529251 
457.462158 212.850571 
416.711823 193.745270 
314.637177 277.512238 
509.031677 208.939148 
504.181641 296.532776 
51.317047 311.106567 
292.807129 200.391083 
419.208984 232.677444 
448.063782 223.600327 
416.611938 192.561844 
452.859650 178.872452 
421.994202 232.669220 
507.211823 297.588684 
435.014587 183.570938 
248.618805 179.863693 
273.146515 244.093445 
227.082504 189.261261 
444.916168 284.736786 
527.138489 233.871750 
417.569427 195.231064 
265.508423 352.481445 
340.748169 206.664093 
247.564331 178.685577 
499.224030 213.309479 
418.688660 232.780334 
450.317719 186.563080 
388.035309 260.475006 
238.560867 182.934814 
287.646698 109.720177 
450.497864 227.566467 
269.576904 237.892120 
403.990906 201.044083 
304.278687 172.631882 
483.727081 309.583801 
419.756073 298.180908 
502.595276 214.078186 
205.847992 344.573761 
247.075500 177.787308 
432.838196 223.042953 
256.950317 148.536880 
307.286835 341.231964 
456.580750 212.277695 
448.348572 216.112732 
438.222473 312.612915 
460.489410 206.868530 
204.949081 192.177109 
525.083252 236.773621 
482.200562 208.129578 
460.244781 269.729584 
460.160126 269.354584 
349.419922 337.304108 
484.597961 314.025482 
469.757233 260.276428 
536.146851 257.160156 
452.379303 210.324860 
505.231506 298.982269 
217.147476 245.951736 
514.719055 217.582260 
502.442902 276.652527 
580.952148 268.621552 
438.124786 218.982147 
477.616577 200.449936 
506.526459 299.599945 
359.670715 218.735321 
229.880875 334.217041 
244.765274 226.597412 
405.923157 214.109802 
430.991577 222.423874 
265.331665 230.575470 
471.390228 217.741226 
409.130341 226.773300 
342.228333 213.336273 
311.194824 213.866119 
267.437561 155.548752 
511.662964 242.092026 
406.017578 226.780914 
221.606827 181.985123 
410.081940 198.691895 
408.516357 227.614761 
203.508667 191.379761 
313.881561 174.472549 
401.303070 220.344070 
466.145966 207.142761 
433.529907 183.404251 
416.721466 199.691833 
429.653961 221.737976 
427.357513 267.696564 
253.056992 329.753937 
309.960236 270.835297 
422.429169 188.994843 
412.948944 222.443085 
319.754364 95.937675 
319.661346 95.796295 
428.612762 300.985748 
315.020966 176.432098 
400.218170 237.097610 
280.938660 202.224579 
85.591255 314.312164 
440.574432 311.511627 
237.224060 182.103546 
495.669281 216.525818 
405.927979 207.468094 
487.452209 253.028503 
234.962738 186.864227 
234.052368 186.844788 
256.873901 197.485184 
535.774902 263.669952 
453.532776 219.568619 
262.757385 348.520966 
438.664948 254.334351 
498.182983 310.788849 
107.054947 218.905670 
486.983704 253.691315 
412.924469 229.103012 
521.948303 289.023529 
342.628479 214.159790 
443.766174 179.342789 
207.356964 193.788300 
291.446747 267.140533 
244.346237 339.794830 
466.228546 274.259338 
356.598206 219.583649 
426.187927 267.344818 
402.699066 208.518265 
246.267273 187.612473 
495.019745 238.501221 
245.524445 227.177521 
360.613831 215.802948 
523.171631 279.425781 
326.548431 341.158569 
93.125542 312.620483 
478.835693 334.513428 
487.964142 233.269318 
363.554626 219.903809 
407.924438 201.230774 
257.836914 149.130630 
472.051117 269.949310 
311.098297 278.970520 
407.555786 229.525131 
426.391754 218.945129 
149.909515 241.834595 
222.885727 206.522629 
433.909882 243.415894 
268.604980 226.826324 
471.862610 210.279297 
447.259308 224.446945 
222.881027 182.005325 
403.544800 229.720947 
521.098816 436.673004 
224.616959 346.472870 
436.332794 226.580765 
388.617706 242.273865 
218.060318 203.691299 
522.760193 233.210480 
228.370865 181.848770 
424.399963 298.752716 
248.242371 331.843353 
418.733673 228.432098 
402.895203 236.330093 
405.744080 231.668915 
185.139893 330.367493 
419.101959 300.872528 
233.652771 228.438461 
454.216064 202.652359 
322.303009 341.533569 
417.463348 229.224258 
402.499420 291.485138 
402.332275 291.567352 
241.950378 190.879517 
401.723145 209.547394 
439.229095 312.864929 
278.889557 208.209000 
278.191437 204.248642 
453.839996 277.710266 
429.029053 222.890533 
538.750854 244.507172 
486.680603 261.664093 
238.871078 327.525055 
512.616333 268.227478 
512.920471 268.299927 
400.891785 205.119644 
534.733276 260.395813 
418.532318 299.344330 
53.364643 318.776611 
385.376678 251.718582 
446.061829 239.059998 
511.643127 241.435455 
395.746338 217.423294 
485.245789 248.577927 
402.649292 259.199219 
394.284607 229.703232 
460.109894 223.441711 
65.506805 330.715607 
438.886658 253.850357 
419.731842 299.375549 
419.169769 299.256226 
463.117126 220.887161 
443.379181 221.279144 
420.224854 228.400513 
244.444305 224.728958 
409.823242 257.302277 
478.555328 176.818970 
475.441101 245.267715 
512.354248 245.743256 
295.071320 272.213715 
408.675995 257.622620 
232.588531 349.782196 
514.523560 245.769791 
424.614136 234.329758 
499.867218 298.485077 
487.734802 230.163132 
144.550644 240.222076 
332.347473 206.930939 
460.400543 224.241867 
246.188156 181.979462 
322.777039 177.062225 
471.397339 316.405701 
158.321884 244.900146 
412.498444 297.045227 
469.825623 224.688889 
487.824249 229.451370 
436.631714 234.182556 
339.481628 217.398972 
477.390442 227.550339 
464.767517 224.417969 
491.950867 268.080566 
243.310181 174.943420 
505.428192 239.228439 
483.028961 177.141296 
471.837097 238.041641 
472.706482 219.916321 
475.863342 253.342041 
153.054504 237.520538 
24.693386 360.296051 
266.322754 229.384552 
424.011810 269.842285 
349.027679 250.185608 
228.275467 335.456573 
396.727997 246.010208 
315.625214 276.738953 
336.078064 263.015656 
496.405548 234.997147 
465.665558 270.771729 
465.853638 271.246643 
394.972443 222.497009 
212.306519 197.018814 
480.371521 260.497803 
541.445129 255.873413 
147.708893 293.711029 
511.889191 239.668869 
498.888885 270.644104 
274.147919 267.414581 
293.725952 207.161118 
455.690308 243.086426 
418.791931 303.623016 
471.290375 273.976135 
254.931595 151.082367 
402.172668 214.032516 
50.703453 340.091034 
213.125015 189.625305 
221.067032 207.892120 
227.957962 197.168549 
400.301025 236.820160 
419.486359 305.191406 
255.727020 155.115356 
388.214417 248.434021 
509.712402 256.410950 
469.286804 270.763550 
203.799118 346.088409 
426.050293 298.880707 
508.143158 300.768555 
454.447449 243.365128 
455.071899 242.241531 
418.860779 304.812012 
484.324890 255.572250 
216.487518 101.692818 
62.515888 302.346313 
477.733826 228.211914 
257.983459 224.956467 
202.489990 197.819092 
422.766235 270.293579 
485.081207 308.809601 
454.286255 253.191605 
483.702820 229.438843 
339.992523 238.847870 
208.493225 190.537430 
253.284683 144.549728 
238.754730 183.500412 
408.818359 173.546967 
201.546738 196.004898 
428.754822 181.767380 
193.616302 200.926468 
337.346588 264.702881 
258.415588 138.795425 
413.144165 285.468048 
449.728516 207.182205 
505.023224 240.162720 
272.889160 242.952789 
311.756226 322.241821 
469.780518 233.442810 
310.100525 280.176117 
288.355774 194.537415 
473.180206 233.610489 
491.574768 247.817764 
340.176147 280.404053 
146.605087 251.137436 
250.281219 175.976105 
282.265472 334.434967 
477.420166 250.447815 
500.560760 309.590607 
465.590759 224.269592 
273.790741 155.310440 
313.052399 175.205338 
155.918762 253.701309 
229.387512 340.233215 
289.654449 165.507187 
251.569397 330.376740 
119.344109 367.901917 
139.388260 278.842712 
280.929840 265.861908 
440.381012 334.603577 
501.057495 237.635727 
443.860321 250.403015 
294.897858 201.270309 
174.709518 325.050964 
472.622803 248.342728 
327.712433 262.063629 
146.051941 256.534210 
391.873352 273.743988 
256.416321 155.375732 
283.415741 335.672760 
282.158936 164.509048 
433.457458 240.750488 
486.379242 306.525238 
232.870010 213.045731 
304.012665 110.733940 
251.032196 144.085281 
386.381042 244.344025 
336.647644 210.054214 
434.975006 260.079742 
298.077087 336.358917 
518.006653 298.934937 
365.034271 221.492889 
494.158020 238.724655 
411.187164 282.964722 
415.834503 280.617767 
511.354248 245.172775 
292.345306 176.609634 
210.673325 196.873795 
245.896713 231.918381 
