500
85.230339 189.476013 
465.395660 250.402374 
455.365601 245.358017 
477.883667 274.933807 
451.751221 265.205933 
358.123260 225.679520 
391.863037 114.523590 
477.488159 281.835327 
57.515427 190.687637 
485.000916 290.070160 
485.874298 277.573883 
451.751221 265.205933 
325.769806 215.715683 
452.288940 245.065094 
470.403168 262.817169 
482.075775 269.322601 
442.977539 275.230652 
483.413696 275.104675 
276.782043 219.716049 
482.075775 269.322601 
475.798553 292.767731 
477.586548 277.958588 
445.485626 287.197723 
479.754059 275.528137 
25.594482 193.325165 
449.276978 263.919128 
473.984528 288.815552 
451.751221 265.205933 
485.000916 290.070160 
482.848724 270.954102 
483.197510 268.450775 
495.776276 364.288147 
97.892166 92.326439 
482.075775 269.322601 
479.754059 275.528137 
473.984528 288.815552 
499.020905 306.547241 
348.447845 218.797501 
452.288940 245.065094 
273.100555 324.056641 
88.865921 313.736572 
451.751221 265.205933 
284.716644 184.351822 
276.782043 219.716049 
479.754059 275.528137 
97.892166 92.326439 
456.920044 269.341888 
116.988976 301.387329 
116.988976 301.387329 
479.754059 275.528137 
88.865921 313.736572 
456.920044 269.341888 
425.753784 386.277100 
273.100555 324.056641 
334.993561 156.790634 
451.751221 265.205933 
282.818970 167.472794 
470.403168 262.817169 
278.392639 144.090103 
426.968170 246.624863 
413.404663 346.901337 
456.920044 269.341888 
296.550720 261.290863 
460.126770 247.791855 
261.084717 324.481262 
470.403168 262.817169 
477.883667 274.933807 
358.123260 225.679520 
473.984528 288.815552 
463.088989 267.646790 
275.465668 205.227539 
13.794157 196.329620 
313.382385 198.141159 
258.782501 325.240723 
456.920044 269.341888 
456.920044 269.341888 
474.683990 291.720825 
482.075775 269.322601 
463.939636 248.792526 
423.673431 252.409653 
420.105255 258.192444 
449.456116 255.434525 
501.065704 279.026337 
325.769806 215.715683 
221.397308 310.399750 
482.075775 269.322601 
413.404663 346.901337 
262.113953 395.792145 
445.402283 269.942627 
239.550827 354.952057 
404.682709 367.742767 
449.456116 255.434525 
282.818970 167.472794 
88.865921 313.736572 
451.178192 250.917557 
451.178192 250.917557 
451.751221 265.205933 
482.848724 270.954102 
449.081146 279.332703 
274.077850 195.234314 
455.365601 245.358017 
449.276978 263.919128 
323.932373 125.137688 
323.932373 125.137688 
450.278961 326.516785 
469.794769 322.986328 
157.962158 250.108582 
441.613403 380.181641 
286.659607 168.831207 
369.082123 335.168091 
258.055176 321.066406 
318.505768 283.862213 
88.865921 313.736572 
474.592285 279.536865 
450.032471 292.556458 
450.032471 292.556458 
393.897278 317.175171 
393.897278 317.175171 
463.088989 267.646790 
382.202026 347.596436 
382.202026 347.596436 
463.088989 267.646790 
299.021027 192.438766 
451.172974 380.626190 
357.765930 234.666977 
274.077850 195.234314 
445.485626 287.197723 
284.716644 184.351822 
485.000916 290.070160 
469.794769 322.986328 
474.683990 291.720825 
474.683990 291.720825 
113.482307 103.559166 
301.651154 192.013031 
422.044983 267.666199 
485.000916 290.070160 
450.278961 326.516785 
198.068176 280.233032 
276.782043 219.716049 
449.081146 279.332703 
432.877655 280.326324 
273.790771 154.865158 
273.790771 154.865158 
430.182007 274.627594 
267.622101 142.571365 
451.751221 265.205933 
422.044983 267.666199 
451.178192 250.917557 
482.848724 270.954102 
433.255463 279.701416 
449.081146 279.332703 
451.652313 386.003632 
297.414673 268.906738 
489.045105 284.532440 
451.172974 380.626190 
52.643181 165.303543 
316.140625 191.557205 
405.691559 275.752136 
439.668823 288.617676 
451.178192 250.917557 
425.753784 386.277100 
405.691559 275.752136 
438.373474 380.294525 
451.178192 250.917557 
286.274109 151.223953 
276.782043 219.716049 
266.122406 150.904160 
405.214722 340.186218 
482.848724 270.954102 
482.848724 270.954102 
217.116287 309.743256 
349.392365 220.945938 
283.174255 148.543045 
488.851501 305.607819 
417.259552 282.992889 
463.758820 257.948517 
374.404663 280.688660 
274.462799 149.568527 
97.892166 92.326439 
439.668823 288.617676 
274.114838 208.280304 
426.968170 246.624863 
340.032867 173.073837 
451.172974 380.626190 
426.856232 381.418884 
451.751221 265.205933 
161.764938 268.520081 
287.129730 149.436981 
449.081146 279.332703 
311.140656 128.862122 
258.055176 321.066406 
449.081146 279.332703 
449.081146 279.332703 
427.017761 383.214935 
456.920044 269.341888 
243.883408 140.154999 
482.848724 270.954102 
474.683990 291.720825 
426.510101 334.523468 
426.510101 334.523468 
297.295380 340.684723 
453.225800 383.293304 
431.766785 338.921692 
426.968170 246.624863 
449.081146 279.332703 
444.757904 380.112885 
226.967087 193.287384 
449.456116 255.434525 
472.334320 359.708649 
521.354553 382.757782 
449.081146 279.332703 
485.203278 292.400421 
434.470245 245.538116 
364.615417 240.682053 
198.068176 280.233032 
257.908966 188.837921 
415.201324 252.113052 
452.912689 299.739136 
276.081207 205.563660 
474.683990 291.720825 
451.751221 265.205933 
352.299652 227.208176 
325.769806 215.715683 
315.653381 139.951050 
472.334320 359.708649 
451.751221 265.205933 
263.923279 139.727768 
451.652313 386.003632 
451.751221 265.205933 
243.883408 140.154999 
346.867310 179.796219 
414.876587 255.630905 
465.961426 290.629364 
453.225800 383.293304 
463.758820 257.948517 
422.869598 279.176727 
476.030487 284.147034 
215.304382 282.431427 
296.550720 261.290863 
453.025055 249.678192 
407.707794 271.537354 
307.573059 405.473602 
307.573059 405.473602 
404.682709 367.742767 
347.255981 182.185028 
382.631165 297.327393 
301.529877 187.724411 
460.126770 247.791855 
453.225800 383.293304 
272.084381 146.417435 
485.000916 290.070160 
486.695801 277.672791 
436.646362 340.870819 
274.462799 149.568527 
274.462799 149.568527 
288.398346 169.416046 
426.968170 246.624863 
430.182007 274.627594 
216.974075 308.357635 
409.745178 315.650696 
438.362610 391.083252 
139.805542 110.920181 
431.766785 338.921692 
405.691559 275.752136 
426.968170 246.624863 
352.299652 227.208176 
453.225800 383.293304 
243.883408 140.154999 
283.204926 247.067078 
203.980164 288.602692 
465.961426 290.629364 
364.615417 240.682053 
398.976349 315.755127 
494.818970 363.641785 
281.689789 156.061630 
472.334320 359.708649 
259.952667 192.208344 
365.405548 235.938385 
483.197510 268.450775 
278.429169 331.439880 
85.230339 189.476013 
88.865921 313.736572 
469.794769 322.986328 
364.615417 240.682053 
447.926880 247.551453 
312.248688 130.014771 
431.766785 338.921692 
293.553864 268.891144 
451.751221 265.205933 
451.751221 265.205933 
168.242355 153.198242 
252.692627 161.607025 
447.094360 329.469299 
275.465668 205.227539 
463.346130 283.820465 
463.346130 283.820465 
263.923279 139.727768 
451.751221 265.205933 
284.745636 363.768311 
176.383408 279.060638 
427.385773 286.064270 
374.404663 280.688660 
250.765503 157.314209 
482.848724 270.954102 
272.084381 146.417435 
477.586548 277.958588 
213.476273 283.981873 
483.977997 288.412872 
476.030487 284.147034 
451.751221 265.205933 
157.962158 250.108582 
423.673431 252.409653 
247.477554 186.776749 
456.920044 269.341888 
307.119934 404.971191 
483.977997 288.412872 
448.550049 389.070892 
448.550049 389.070892 
273.892639 155.381836 
497.914124 276.548492 
429.934204 383.416748 
299.954468 190.914291 
301.529877 187.724411 
418.881409 335.922974 
435.950073 284.777954 
426.637482 243.656052 
431.766785 338.921692 
206.782364 276.829346 
472.334320 359.708649 
472.334320 359.708649 
490.809692 274.400299 
495.776276 364.288147 
401.709808 260.109619 
52.643181 165.303543 
374.746979 276.287262 
431.083771 309.341675 
472.334320 359.708649 
439.343323 246.497665 
431.766785 338.921692 
379.907623 321.063171 
483.413696 275.104675 
449.081146 279.332703 
60.148220 188.287430 
409.745178 315.650696 
401.709808 260.109619 
401.709808 260.109619 
449.081146 279.332703 
454.702515 274.147614 
476.030487 284.147034 
259.952667 192.208344 
391.836945 322.502716 
487.829590 263.849854 
453.855164 334.426971 
413.277649 265.017639 
283.204926 247.067078 
391.836945 322.502716 
176.383408 279.060638 
490.455688 307.416443 
422.044983 267.666199 
482.848724 270.954102 
475.322723 323.226288 
168.242355 153.198242 
349.392365 220.945938 
463.346130 283.820465 
283.240784 152.601929 
352.403564 187.323914 
453.225800 383.293304 
180.882874 153.230270 
381.892639 346.886749 
456.649506 300.046631 
469.794769 322.986328 
413.335297 286.494049 
352.078003 228.249893 
466.815460 311.995697 
453.214233 298.839966 
465.961426 290.629364 
284.438507 144.151123 
455.535919 271.767548 
452.288940 245.065094 
450.278961 326.516785 
455.535919 271.767548 
456.303436 323.410461 
180.882874 153.230270 
139.805542 110.920181 
276.081207 205.563660 
409.656281 313.427002 
339.624634 262.188446 
198.068176 280.233032 
382.631165 297.327393 
293.553864 268.891144 
323.121521 270.540771 
472.334320 359.708649 
431.766785 338.921692 
431.766785 338.921692 
394.805817 259.084961 
249.406601 150.250824 
465.961426 290.629364 
509.448395 369.174500 
139.855209 195.105408 
451.751221 265.205933 
465.961426 290.629364 
64.712845 168.307571 
311.699951 197.809326 
445.927765 304.830414 
403.124054 260.829163 
463.346130 283.820465 
307.034851 129.853912 
474.875946 273.640076 
98.802498 81.197922 
250.280624 143.097916 
252.692627 161.607025 
260.477570 155.367325 
477.883667 274.933807 
400.464874 259.404022 
308.451294 135.596008 
374.404663 280.688660 
484.623627 336.202515 
439.936218 326.489319 
13.794157 196.329620 
404.682709 367.742767 
482.848724 270.954102 
445.927765 304.830414 
435.774506 309.633881 
400.464874 259.404022 
431.766785 338.921692 
95.597641 333.875793 
72.908852 166.768295 
422.869598 279.176727 
274.077850 195.234314 
239.023468 142.788101 
391.836945 322.502716 
444.757904 380.112885 
429.623627 318.255493 
466.815460 311.995697 
331.651917 244.970245 
247.990570 139.857559 
309.974457 123.875954 
272.084381 146.417435 
478.208344 247.655563 
239.023468 142.788101 
455.995850 247.927094 
241.864288 137.805618 
323.121521 270.540771 
366.581635 93.723503 
486.106201 292.824860 
453.708557 263.069153 
444.761871 270.046356 
275.465668 205.227539 
272.077209 307.290039 
440.066895 330.473358 
297.414673 268.906738 
315.171906 183.849716 
439.936218 326.489319 
463.346130 283.820465 
318.505768 283.862213 
164.041733 161.739426 
287.129730 149.436981 
240.571167 303.425262 
431.766785 338.921692 
439.490173 245.672989 
451.166504 334.244995 
321.948395 142.599289 
346.867310 179.796219 
171.395691 156.527664 
311.688843 361.811371 
330.358337 159.941498 
214.655914 283.544037 
71.772209 246.016251 
139.855209 195.105408 
64.712845 168.307571 
436.037262 382.661865 
425.828033 281.358093 
415.693176 311.063599 
316.140625 191.557205 
151.369049 239.569260 
453.488861 294.488403 
316.694061 261.318176 
159.998367 165.960129 
448.550049 389.070892 
308.451294 135.596008 
241.402267 303.831879 
325.120697 154.968643 
454.702515 274.147614 
479.754059 275.528137 
256.234924 174.951965 
365.146667 423.091217 
308.216125 122.013695 
373.696716 280.183746 
349.392365 220.945938 
415.693176 311.063599 
252.221237 314.164948 
85.230339 189.476013 
364.615417 240.682053 
475.322723 323.226288 
379.907623 321.063171 
379.907623 321.063171 
445.122223 265.351807 
327.356934 170.493469 
246.008850 143.525757 
256.601318 195.082687 
