500
436.563263 178.632843 
473.853546 176.087723 
287.064056 90.533890 
287.086761 90.585007 
438.998138 200.919327 
440.333740 200.796509 
392.253265 390.279602 
488.659576 197.813354 
488.975403 194.954147 
484.797760 193.085327 
437.175903 191.928864 
480.698212 198.632751 
473.226471 191.528610 
452.510681 184.218277 
476.079529 184.352997 
272.845428 240.291275 
492.143829 193.491501 
440.915924 189.734283 
476.886200 185.914627 
462.495209 187.076187 
483.461273 190.355270 
422.377289 195.807526 
485.265594 194.785385 
475.469971 194.861237 
273.473755 245.118408 
324.450684 176.054520 
499.885529 184.956970 
476.164917 183.115250 
311.098297 278.970520 
286.648590 109.533501 
287.881500 161.794983 
452.859650 178.872452 
476.095398 181.783798 
256.686829 195.607056 
413.988464 190.716995 
441.131744 198.994675 
310.490570 269.410095 
454.966095 201.647659 
424.241974 192.043777 
234.488846 103.716522 
311.194824 213.866119 
281.928375 223.974426 
415.893463 206.184464 
445.156433 195.985825 
469.046783 193.166885 
487.472534 199.996902 
260.980621 154.895264 
487.801453 307.548828 
405.495544 200.001221 
499.867218 298.485077 
479.391998 207.700485 
437.614716 186.050339 
478.496979 207.500641 
423.488770 190.728790 
477.616577 200.449936 
444.152191 217.529251 
496.137543 184.266739 
472.051117 269.949310 
456.580750 212.277695 
415.159454 199.998611 
415.594452 209.087570 
447.424133 196.111877 
453.614594 285.089844 
450.317719 186.563080 
476.443207 210.209229 
163.096436 95.963226 
328.449921 168.414185 
472.969604 189.549072 
324.199127 177.871887 
444.037384 192.521576 
444.737213 196.528961 
251.949646 196.152786 
442.756683 209.873672 
440.862640 201.382996 
263.407043 351.104950 
287.646698 109.720177 
483.046143 210.592773 
236.434601 178.818359 
451.627289 182.800873 
299.278595 110.299019 
457.462158 212.850571 
482.839203 191.689438 
455.405304 200.519882 
439.715118 206.709900 
482.200562 208.129578 
452.242096 180.824448 
428.048187 186.232880 
315.344543 216.925217 
429.767059 202.466522 
447.103516 193.067688 
270.722290 238.181274 
459.326447 192.087021 
461.142151 288.183105 
416.836914 261.113037 
416.237305 261.594849 
426.050293 298.880707 
314.637177 277.512238 
505.231506 298.982269 
436.197662 185.156250 
433.092773 216.191467 
416.611938 192.561844 
472.971191 192.587036 
328.258392 165.703430 
491.947266 231.499207 
499.224030 213.309479 
342.628479 214.159790 
506.526459 299.599945 
322.834015 336.758362 
428.378082 302.627380 
428.527954 302.306549 
460.489410 206.868530 
475.378906 211.698151 
507.211823 297.588684 
248.890060 105.679253 
309.483643 345.343719 
498.182983 310.788849 
484.442871 312.539062 
416.711823 193.745270 
460.693756 221.403214 
460.952057 221.133881 
258.733765 155.791290 
291.383606 162.534088 
454.004517 197.295837 
268.208344 107.741394 
514.719055 217.582260 
448.416779 310.961243 
462.832916 174.176483 
440.574432 311.511627 
402.699066 208.518265 
498.542267 299.490753 
342.228333 213.336273 
412.948944 222.443085 
480.066711 231.884491 
269.576904 237.892120 
258.718750 195.151413 
527.138489 233.871750 
486.983704 253.691315 
445.319153 214.910843 
237.476105 189.229248 
237.628998 189.552307 
506.246124 213.313507 
417.569427 195.231064 
422.429169 188.994843 
422.419647 213.563156 
265.508423 352.481445 
421.994202 232.669220 
435.014587 183.570938 
486.680603 261.664093 
459.509827 220.808990 
536.146851 257.160156 
469.155701 214.632385 
438.222473 312.612915 
535.774902 263.669952 
469.019379 211.364059 
466.228546 274.259338 
403.990906 201.044083 
450.497864 227.566467 
273.146515 244.093445 
424.399963 298.752716 
444.916168 284.736786 
248.618805 179.863693 
466.145966 207.142761 
499.006378 212.602310 
455.625458 219.855743 
290.416107 188.581863 
509.031677 208.939148 
416.611420 212.894913 
292.807129 200.391083 
415.355957 212.548492 
265.331665 230.575470 
472.706482 219.916321 
487.964142 233.269318 
197.745178 99.763084 
197.236649 99.932396 
43.104763 347.265991 
267.910004 144.536240 
265.369873 211.902954 
426.187927 267.344818 
432.838196 223.042953 
419.208984 232.677444 
460.244781 269.729584 
460.160126 269.354584 
409.789520 256.887695 
530.106506 135.762344 
495.669281 216.525818 
246.188156 181.979462 
448.348572 216.112732 
448.063782 223.600327 
436.631714 234.182556 
321.234406 336.869720 
438.820221 223.463730 
443.766174 179.342789 
452.379303 210.324860 
469.757233 260.276428 
294.072021 253.359009 
502.442902 276.652527 
85.591255 314.312164 
388.035309 260.475006 
484.597961 314.025482 
433.529907 183.404251 
311.756226 322.241821 
311.549316 177.664429 
525.083252 236.773621 
244.809769 266.665924 
438.124786 218.982147 
419.756073 298.180908 
486.379242 306.525238 
439.229095 312.864929 
511.662964 242.092026 
360.613831 215.802948 
238.754730 183.500412 
405.927979 207.468094 
410.081940 198.691895 
521.948303 289.023529 
262.757385 348.520966 
534.733276 260.395813 
401.723145 209.547394 
447.259308 224.446945 
453.532776 219.568619 
428.612762 300.985748 
411.226440 298.855438 
314.019531 217.237885 
406.017578 226.780914 
244.765274 226.597412 
523.171631 279.425781 
244.346237 339.794830 
471.862610 210.279297 
238.871078 327.525055 
247.075500 177.787308 
322.303009 341.533569 
408.516357 227.614761 
309.960236 270.835297 
313.881561 174.472549 
471.390228 217.741226 
237.224060 182.103546 
326.548431 341.158569 
485.081207 308.809601 
471.837097 238.041641 
402.499420 291.485138 
402.332275 291.567352 
407.924438 201.230774 
416.721466 199.691833 
66.301460 330.230743 
247.564331 178.685577 
319.754364 95.937675 
319.661346 95.796295 
427.357513 267.696564 
426.391754 218.945129 
514.521362 215.660385 
471.290375 273.976135 
495.019745 238.501221 
143.783813 93.795677 
388.617706 242.273865 
405.923157 214.109802 
407.555786 229.525131 
229.387512 340.233215 
267.437561 155.548752 
522.760193 233.210480 
280.938660 202.224579 
433.457458 240.750488 
216.487518 101.692818 
460.400543 224.241867 
149.909515 241.834595 
463.117126 220.887161 
409.130341 226.773300 
310.561890 342.239441 
521.098816 436.673004 
275.502258 337.885132 
491.950867 268.080566 
433.909882 243.415894 
460.109894 223.441711 
256.950317 148.536880 
420.224854 228.400513 
256.873901 197.485184 
464.767517 224.417969 
294.897858 201.270309 
402.649292 259.199219 
304.012665 110.733940 
215.882553 188.698410 
446.061829 239.059998 
424.614136 234.329758 
228.370865 181.848770 
443.335907 220.590134 
288.355774 194.537415 
266.322754 229.384552 
483.727081 309.583801 
424.011810 269.842285 
409.823242 257.302277 
145.664688 241.999344 
471.397339 316.405701 
502.595276 214.078186 
222.885727 206.522629 
419.486359 305.191406 
278.889557 208.209000 
322.777039 177.062225 
349.419922 337.304108 
511.643127 241.435455 
438.664948 254.334351 
429.653961 221.737976 
418.791931 303.623016 
401.303070 220.344070 
465.853638 271.246643 
512.616333 268.227478 
512.920471 268.299927 
394.284607 229.703232 
475.441101 245.267715 
485.245789 248.577927 
265.538574 236.212158 
402.895203 236.330093 
469.825623 224.688889 
454.447449 243.365128 
478.835693 334.513428 
477.390442 227.550339 
243.324478 268.911346 
453.839996 277.710266 
455.690308 243.086426 
243.310181 174.943420 
400.301025 236.820160 
408.675995 257.622620 
418.860779 304.812012 
403.544800 229.720947 
293.835876 265.149780 
293.072998 265.480408 
418.688660 232.780334 
212.306519 197.018814 
65.506805 330.715607 
394.972443 222.497009 
229.880875 334.217041 
340.156311 279.749146 
472.496033 238.946793 
334.189667 207.894043 
145.217224 246.788361 
203.508667 191.379761 
482.965668 204.144958 
278.191437 204.248642 
487.824249 229.451370 
405.744080 231.668915 
496.405548 234.997147 
400.218170 237.097610 
487.734802 230.163132 
238.150620 326.893646 
400.891785 205.119644 
248.242371 331.843353 
257.983459 224.956467 
144.550644 240.222076 
504.181641 296.532776 
467.175232 239.234482 
498.888885 270.644104 
477.420166 250.447815 
454.216064 202.652359 
213.125015 189.625305 
580.952148 268.621552 
340.748169 206.664093 
473.180206 233.610489 
217.597763 201.334381 
146.237244 223.127777 
491.574768 247.817764 
337.942261 204.963791 
428.754822 181.767380 
53.364643 318.776611 
415.834503 280.617767 
511.889191 239.668869 
310.100525 280.176117 
455.071899 242.241531 
449.728516 207.182205 
450.449097 228.160751 
396.727997 246.010208 
346.718689 208.824356 
257.836914 149.130630 
183.070358 329.747833 
146.209671 242.334015 
438.886658 253.850357 
412.924469 229.103012 
336.078064 263.015656 
261.754883 137.618652 
218.060318 203.691299 
483.702820 229.438843 
215.607285 191.404312 
436.332794 226.580765 
518.380188 200.094986 
208.481903 201.934921 
434.975006 260.079742 
508.143158 300.768555 
309.479492 341.615753 
429.029053 222.890533 
230.889572 337.555359 
465.665558 270.771729 
298.077087 336.358917 
514.523560 245.769791 
538.750854 244.507172 
487.452209 253.028503 
473.690613 348.636841 
473.615479 348.122345 
307.286835 341.231964 
412.498444 297.045227 
385.376678 251.718582 
279.952209 208.148148 
469.780518 233.442810 
260.292511 137.771927 
227.082504 189.261261 
509.712402 256.410950 
388.214417 248.434021 
480.371521 260.497803 
395.746338 217.423294 
204.949081 192.177109 
479.827209 253.257080 
477.733826 228.211914 
419.101959 300.872528 
469.286804 270.763550 
221.067032 207.892120 
402.172668 214.032516 
313.334686 180.378937 
229.199844 195.374512 
391.873352 273.743988 
422.766235 270.293579 
472.622803 248.342728 
419.711548 201.916061 
207.356964 193.788300 
339.992523 238.847870 
505.023224 240.162720 
484.324890 255.572250 
424.107605 388.581940 
238.560867 182.934814 
150.424469 245.650299 
282.158936 164.509048 
209.797958 203.800400 
494.158020 238.724655 
443.379181 221.279144 
232.588531 349.782196 
241.950378 190.879517 
289.776459 168.517517 
264.771454 210.830200 
436.342041 250.411713 
139.388260 278.842712 
277.118378 319.964813 
413.144165 285.468048 
291.446747 267.140533 
430.991577 222.423874 
500.560760 309.590607 
291.116333 186.837341 
252.255768 144.357269 
505.428192 239.228439 
459.515350 255.202072 
441.384216 247.557892 
465.590759 224.269592 
440.225250 235.719254 
253.056992 329.753937 
475.633148 254.822800 
480.709290 256.877594 
253.284683 144.549728 
474.772491 349.903595 
473.364471 346.486115 
468.920044 233.207108 
468.996887 233.351181 
244.444305 224.728958 
147.011581 224.228897 
93.125542 312.620483 
287.366882 198.124771 
315.625214 276.738953 
150.315872 225.613251 
332.347473 206.930939 
475.863342 253.342041 
512.354248 245.743256 
243.837662 262.257141 
321.196320 175.709213 
214.453979 204.319733 
387.227631 248.498947 
497.127869 183.458618 
497.624939 183.065628 
497.624939 183.065628 
176.211807 224.552322 
273.790741 155.310440 
210.673325 196.873795 
187.347031 318.746155 
436.453400 252.579132 
146.427399 253.477539 
462.919373 254.995239 
347.521667 214.713257 
205.847992 344.573761 
107.054947 218.905670 
359.360962 207.432922 
304.278687 172.631882 
313.052399 175.205338 
233.482452 335.916534 
224.616959 346.472870 
507.156189 241.176178 
139.104294 239.659805 
443.860321 250.403015 
453.380463 231.897324 
90.325943 309.339233 
250.281219 175.976105 
337.346588 264.702881 
253.690491 342.409698 
366.280121 249.027237 
256.683990 263.601013 
153.644501 228.653061 
274.147919 267.414581 
492.860779 313.468048 
232.870010 213.045731 
313.912750 364.059143 
