500
485.011414 223.930130 
306.785858 89.813499 
327.011993 78.591156 
320.253204 87.101913 
295.848907 237.066605 
325.639801 77.838989 
325.639801 77.838989 
333.819244 77.754425 
183.830109 191.214233 
312.450958 95.452957 
326.490692 66.060799 
325.639801 77.838989 
333.401306 112.778183 
315.448730 77.676720 
345.298584 106.551704 
343.613678 78.795868 
256.039276 283.182373 
406.678894 422.376526 
256.780212 226.953644 
406.678894 422.376526 
437.838776 83.840279 
322.315796 74.622536 
320.253204 87.101913 
325.639801 77.838989 
322.315796 74.622536 
445.838623 93.861412 
272.734222 282.782745 
411.909119 269.457489 
272.734222 282.782745 
409.091858 129.469437 
183.830109 191.214233 
445.838623 93.861412 
235.665466 287.738739 
322.315796 74.622536 
339.769012 90.620544 
325.639801 77.838989 
414.700775 285.309509 
411.909119 269.457489 
305.243744 112.463806 
235.665466 287.738739 
322.315796 74.622536 
314.281158 135.372864 
312.450958 95.452957 
330.542267 68.970268 
293.580811 289.901367 
544.898254 154.949585 
328.205597 143.718872 
322.315796 74.622536 
430.821991 134.912903 
440.586548 110.037483 
396.137299 306.917755 
406.678894 422.376526 
313.239838 195.583313 
435.676270 86.509506 
260.893524 250.998230 
357.373932 398.418884 
255.654694 285.414246 
343.613678 78.795868 
327.011993 78.591156 
415.268433 272.338409 
307.338562 111.860565 
340.487579 102.387787 
295.848907 237.066605 
322.317444 137.983780 
327.011993 78.591156 
314.090881 116.789276 
327.244690 101.472466 
221.483490 257.257935 
339.769012 90.620544 
322.315796 74.622536 
436.343872 93.172531 
334.229767 60.922867 
357.365753 59.901588 
316.645416 108.100876 
303.209717 101.093384 
325.021820 100.117836 
409.091858 129.469437 
412.867920 282.009705 
183.830109 191.214233 
327.244690 101.472466 
292.774384 216.697220 
255.619797 289.138428 
436.966522 95.269882 
324.002960 58.469292 
343.613678 78.795868 
315.448730 77.676720 
320.253204 87.101913 
341.188202 78.138214 
341.188202 78.138214 
327.244690 101.472466 
274.138062 250.995728 
418.766144 422.097321 
321.401642 124.629997 
345.298584 106.551704 
357.373932 398.418884 
325.021820 100.117836 
366.252594 160.890274 
411.730499 69.213829 
349.829224 101.945114 
349.829224 101.945114 
363.812988 234.231735 
410.990112 286.250458 
315.448730 77.676720 
307.338562 111.860565 
320.253204 87.101913 
327.244690 101.472466 
327.011993 78.591156 
415.903259 159.078400 
415.903259 159.078400 
303.520935 97.752357 
337.921967 60.247711 
265.554596 254.546494 
336.519348 105.787399 
305.649323 121.147842 
304.545654 104.840553 
235.665466 287.738739 
339.307190 117.317329 
327.011993 78.591156 
418.766144 422.097321 
411.730499 69.213829 
411.730499 69.213829 
367.364197 78.562180 
325.021820 100.117836 
446.114227 110.119560 
307.338562 111.860565 
342.451263 142.229721 
340.057404 121.878609 
442.635376 109.710815 
571.906006 118.694946 
340.266571 149.323135 
341.188202 78.138214 
322.635773 111.575157 
322.315796 74.622536 
409.606781 42.672901 
436.343872 93.172531 
307.338562 111.860565 
304.545654 104.840553 
404.361694 137.984726 
313.072021 109.809242 
436.966522 95.269882 
325.639801 77.838989 
411.730499 69.213829 
417.453278 246.492279 
349.266418 231.723572 
315.212646 144.002686 
436.343872 93.172531 
389.745148 167.201614 
422.930237 224.563965 
383.021820 153.931702 
383.021820 153.931702 
327.244690 101.472466 
327.244690 101.472466 
333.563507 69.318970 
213.069336 266.750580 
273.514557 251.443390 
410.351410 37.284679 
315.448730 77.676720 
406.910004 329.065643 
410.990112 286.250458 
217.910339 268.610260 
217.910339 268.610260 
334.229767 60.922867 
322.315796 74.622536 
211.704727 268.012695 
367.364197 78.562180 
239.281601 288.972870 
339.324554 69.606125 
325.092621 146.171204 
322.315796 74.622536 
321.777649 93.860939 
233.177475 305.533264 
211.310959 258.857910 
235.665466 287.738739 
404.925995 329.769562 
394.497620 118.925056 
394.497620 118.925056 
341.188202 78.138214 
389.745148 167.201614 
348.711700 103.837921 
269.419220 256.720398 
325.639801 77.838989 
361.054565 45.708118 
279.641541 255.326141 
382.678192 148.536911 
322.315796 74.622536 
327.244690 101.472466 
397.709015 112.929581 
435.676270 86.509506 
337.454224 47.371704 
235.811066 331.341339 
410.351410 37.284679 
519.918213 288.078644 
398.116791 308.818909 
336.519348 105.787399 
336.519348 105.787399 
399.582764 108.218849 
299.112366 212.617172 
399.582764 108.218849 
326.428375 81.752884 
411.730499 69.213829 
433.269318 447.325806 
359.496674 91.466850 
409.091858 129.469437 
227.848083 324.684265 
372.391968 118.059372 
262.642365 225.398346 
442.307953 106.771698 
382.261322 96.264221 
399.582764 108.218849 
328.676056 100.038910 
289.839569 339.807068 
411.730499 69.213829 
388.830383 106.431740 
295.848907 237.066605 
320.253204 87.101913 
308.217438 195.994904 
327.011993 78.591156 
255.780807 223.496811 
350.949219 98.672920 
409.606781 42.672901 
365.629639 167.876328 
308.127808 125.183472 
397.709015 112.929581 
430.821991 134.912903 
345.433990 136.724838 
305.649323 121.147842 
235.811066 331.341339 
256.039276 283.182373 
291.946655 211.903961 
380.973389 148.975922 
426.035614 462.017944 
406.415741 325.021240 
235.811066 331.341339 
255.001770 320.868530 
375.984192 345.059814 
387.801117 345.741180 
315.212646 144.002686 
321.777649 93.860939 
397.709015 112.929581 
411.730499 69.213829 
308.080688 139.115311 
327.244690 101.472466 
333.278473 273.296326 
328.676056 100.038910 
327.244690 101.472466 
322.315796 74.622536 
369.867218 80.786705 
352.977478 260.942352 
278.821991 321.892456 
334.229767 60.922867 
411.860748 45.306076 
327.244690 101.472466 
238.649078 297.053619 
388.061920 67.744583 
322.315796 74.622536 
260.455536 234.518890 
294.178497 215.498840 
321.275665 57.075851 
454.199524 439.881470 
355.522980 131.078690 
368.627838 101.867928 
343.687225 163.225098 
260.893524 250.998230 
433.267334 448.563141 
307.338562 111.860565 
395.830627 305.632904 
326.535248 57.235569 
326.471436 154.537430 
255.001770 320.868530 
292.291565 212.794495 
369.867218 80.786705 
330.082092 78.122360 
389.178894 154.769501 
235.665466 287.738739 
249.685303 323.587921 
321.777649 93.860939 
316.096497 87.904953 
444.191772 468.243408 
355.522980 131.078690 
321.777649 93.860939 
283.700745 292.605469 
426.035614 462.017944 
426.035614 462.017944 
451.545074 245.294388 
367.717163 116.616577 
544.218384 226.380112 
235.401947 249.606873 
261.430481 215.226013 
427.686340 452.033081 
397.709015 112.929581 
389.178894 154.769501 
421.649536 161.783249 
380.891510 81.762321 
320.946167 75.077866 
388.061920 67.744583 
375.369934 117.275902 
342.570099 272.809265 
364.225586 97.831940 
367.364197 78.562180 
397.709015 112.929581 
305.827576 126.413589 
372.391968 118.059372 
278.712585 322.402649 
384.357391 149.650864 
251.221390 323.453064 
321.777649 93.860939 
414.850494 159.777313 
426.035614 462.017944 
392.842743 308.256622 
258.861298 392.086945 
436.966522 95.269882 
412.820251 124.275055 
375.369934 117.275902 
333.278473 273.296326 
293.580811 289.901367 
356.585724 126.357491 
328.676056 100.038910 
421.649536 161.783249 
421.649536 161.783249 
333.563507 69.318970 
335.779327 125.423950 
344.051453 115.021172 
319.894867 74.145935 
247.408813 312.488678 
411.730499 69.213829 
256.780212 226.953644 
335.878967 133.975281 
238.743210 404.211578 
236.859650 325.459747 
236.859650 325.459747 
238.909088 300.928650 
238.909088 300.928650 
389.616028 106.304298 
439.392853 100.817589 
411.730499 69.213829 
379.308990 387.683105 
315.448730 77.676720 
321.734741 105.705101 
397.709015 112.929581 
404.361694 137.984726 
350.949219 98.672920 
416.411835 259.585052 
238.909088 300.928650 
352.977478 260.942352 
418.766144 422.097321 
317.633667 324.450317 
275.781189 266.834747 
397.709015 112.929581 
378.577606 91.061699 
380.169159 336.039185 
258.861298 392.086945 
335.888153 97.208984 
341.188202 78.138214 
334.959900 221.394608 
338.636505 216.011337 
341.188202 78.138214 
258.792267 222.824692 
325.021820 100.117836 
207.264313 270.074707 
386.128845 85.767159 
409.091858 129.469437 
303.209717 101.093384 
303.209717 101.093384 
303.209717 101.093384 
329.618774 100.134499 
314.281158 135.372864 
314.281158 135.372864 
256.780212 226.953644 
317.940155 151.317017 
406.678894 422.376526 
406.678894 422.376526 
354.315643 404.367676 
319.087341 72.959702 
388.830383 106.431740 
410.351410 37.284679 
336.519348 105.787399 
317.940155 151.317017 
325.524933 156.135559 
314.281158 135.372864 
333.218292 274.971832 
313.138794 136.976959 
264.279785 226.635803 
233.260925 297.320465 
321.777649 93.860939 
334.229767 60.922867 
234.706558 243.388672 
409.091858 129.469437 
368.352203 132.831360 
328.676056 100.038910 
305.243744 112.463806 
397.709015 112.929581 
235.665466 287.738739 
377.990479 356.599426 
405.388336 294.002686 
293.580811 289.901367 
389.178894 154.769501 
375.369934 117.275902 
279.515900 253.687973 
397.709015 112.929581 
328.676056 100.038910 
373.521240 291.345428 
415.773804 45.394894 
490.497467 205.255051 
353.966461 116.566498 
322.999268 139.386337 
336.519348 105.787399 
451.545074 245.294388 
255.001770 320.868530 
354.605682 120.845940 
331.479034 81.798523 
389.745148 167.201614 
239.251434 244.015152 
226.215439 330.705872 
375.369934 117.275902 
426.910858 23.379368 
313.239838 195.583313 
322.315796 74.622536 
317.633667 324.450317 
403.931763 252.808105 
167.605057 219.862778 
311.853943 97.837410 
232.681671 334.887024 
304.545654 104.840553 
384.641083 106.321739 
385.156860 82.301254 
281.397247 416.660767 
322.635773 111.575157 
445.838623 93.861412 
336.375061 149.375198 
397.709015 112.929581 
238.402878 288.585846 
231.298630 312.285187 
322.843445 227.629761 
421.649536 161.783249 
293.580811 289.901367 
411.730499 69.213829 
249.685303 323.587921 
257.330566 403.266418 
397.709015 112.929581 
223.467300 254.869278 
313.239838 195.583313 
271.910217 353.584229 
340.487579 102.387787 
238.743210 404.211578 
404.925995 329.769562 
238.402878 288.585846 
222.249039 261.349548 
231.210373 292.344482 
389.870300 90.910408 
298.388947 220.603699 
321.777649 93.860939 
321.734741 105.705101 
329.618774 100.134499 
389.178894 154.769501 
433.269318 447.325806 
325.092621 146.171204 
375.369934 117.275902 
389.745148 167.201614 
257.330566 403.266418 
257.330566 403.266418 
339.769012 90.620544 
321.734741 105.705101 
372.391968 118.059372 
329.618774 100.134499 
302.153564 210.523712 
256.780212 226.953644 
272.734222 282.782745 
299.757690 82.679932 
239.251434 244.015152 
211.310959 258.857910 
250.677963 231.764328 
293.580811 289.901367 
256.780212 226.953644 
236.859650 325.459747 
278.712585 322.402649 
380.169159 336.039185 
379.308990 387.683105 
426.232819 17.413448 
303.877136 103.387123 
244.761642 300.205261 
244.761642 300.205261 
336.519348 105.787399 
322.635773 111.575157 
317.084106 427.095978 
256.780212 226.953644 
342.806427 197.317780 
261.430481 215.226013 
453.439331 91.112373 
246.352112 331.660645 
345.016418 259.395538 
418.766144 422.097321 
317.084106 427.095978 
498.838867 36.751095 
266.752380 313.715546 
422.324646 281.257172 
485.499817 174.908890 
389.053223 88.049263 
454.303314 236.763748 
307.284882 425.226166 
258.861298 392.086945 
