500
436.563263 178.632843 
438.998138 200.919327 
287.064056 90.533890 
287.086761 90.585007 
349.419922 337.304108 
416.711823 193.745270 
484.797760 193.085327 
440.333740 200.796509 
483.461273 190.355270 
472.971191 192.587036 
492.143829 193.491501 
392.253265 390.279602 
488.975403 194.954147 
488.659576 197.813354 
473.226471 191.528610 
485.265594 194.785385 
476.079529 184.352997 
476.886200 185.914627 
272.845428 240.291275 
452.510681 184.218277 
265.331665 230.575470 
422.377289 195.807526 
480.698212 198.632751 
143.783813 93.795677 
483.046143 210.592773 
476.164917 183.115250 
234.488846 103.716522 
273.473755 245.118408 
469.046783 193.166885 
433.092773 216.191467 
247.075500 177.787308 
462.495209 187.076187 
475.469971 194.861237 
311.098297 278.970520 
271.679596 154.417725 
444.152191 217.529251 
286.648590 109.533501 
487.472534 199.996902 
424.241974 192.043777 
247.564331 178.685577 
483.727081 309.583801 
441.131744 198.994675 
246.188156 181.979462 
437.175903 191.928864 
415.893463 206.184464 
445.156433 195.985825 
494.584747 183.104095 
251.949646 196.152786 
197.745178 99.763084 
197.236649 99.932396 
472.969604 189.549072 
442.756683 209.873672 
440.862640 201.382996 
476.443207 210.209229 
428.048187 186.232880 
423.488770 190.728790 
437.614716 186.050339 
484.442871 312.539062 
447.424133 196.111877 
487.801453 307.548828 
498.182983 310.788849 
455.405304 200.519882 
440.915924 189.734283 
454.966095 201.647659 
444.737213 196.528961 
429.767059 202.466522 
258.718750 195.151413 
479.391998 207.700485 
415.594452 209.087570 
415.159454 199.998611 
452.859650 178.872452 
506.246124 213.313507 
478.496979 207.500641 
444.037384 192.521576 
496.137543 184.266739 
451.627289 182.800873 
507.211823 297.588684 
436.197662 185.156250 
322.834015 336.758362 
475.378906 211.698151 
477.616577 200.449936 
267.437561 155.548752 
452.242096 180.824448 
374.269623 252.218948 
482.839203 191.689438 
439.715118 206.709900 
459.326447 192.087021 
440.574432 311.511627 
454.004517 197.295837 
482.200562 208.129578 
493.707550 182.000778 
315.344543 216.925217 
410.081940 198.691895 
476.095398 181.783798 
505.231506 298.982269 
447.103516 193.067688 
266.322754 229.384552 
236.434601 178.818359 
270.722290 238.181274 
416.611420 212.894913 
287.646698 109.720177 
205.847992 344.573761 
426.050293 298.880707 
435.014587 183.570938 
268.208344 107.741394 
415.355957 212.548492 
237.476105 189.229248 
237.628998 189.552307 
328.258392 165.703430 
299.278595 110.299019 
469.155701 214.632385 
469.019379 211.364059 
385.506989 388.852295 
506.526459 299.599945 
332.347473 206.930939 
407.924438 201.230774 
530.106506 135.762344 
460.693756 221.403214 
460.952057 221.133881 
248.618805 179.863693 
342.628479 214.159790 
448.348572 216.112732 
466.145966 207.142761 
444.661041 176.707947 
309.479492 341.615753 
443.335907 220.590134 
448.063782 223.600327 
499.224030 213.309479 
256.686829 195.607056 
321.234406 336.869720 
416.611938 192.561844 
291.383606 162.534088 
448.416779 310.961243 
324.199127 177.871887 
324.450684 176.054520 
340.748169 206.664093 
263.407043 351.104950 
436.631714 234.182556 
417.569427 195.231064 
269.576904 237.892120 
412.948944 222.443085 
491.947266 231.499207 
422.419647 213.563156 
482.965668 204.144958 
342.228333 213.336273 
466.228546 274.259338 
471.390228 217.741226 
310.490570 269.410095 
309.483643 345.343719 
422.429169 188.994843 
459.509827 220.808990 
421.994202 232.669220 
509.031677 208.939148 
438.820221 223.463730 
258.733765 155.791290 
443.766174 179.342789 
460.109894 223.441711 
473.364471 346.486115 
444.916168 284.736786 
262.757385 348.520966 
473.690613 348.636841 
473.615479 348.122345 
499.006378 212.602310 
304.012665 110.733940 
478.835693 334.513428 
262.176422 209.362427 
265.538574 236.212158 
450.497864 227.566467 
227.082504 189.261261 
433.529907 183.404251 
250.281219 175.976105 
273.146515 244.093445 
409.823242 257.302277 
527.138489 233.871750 
53.364643 318.776611 
294.897858 201.270309 
495.669281 216.525818 
428.378082 302.627380 
428.527954 302.306549 
424.399963 298.752716 
460.489410 206.868530 
452.379303 210.324860 
438.124786 218.982147 
486.379242 306.525238 
360.613831 215.802948 
455.625458 219.855743 
426.391754 218.945129 
450.317719 186.563080 
447.259308 224.446945 
460.400543 224.241867 
429.029053 222.890533 
419.208984 232.677444 
187.347031 318.746155 
248.890060 105.679253 
485.081207 308.809601 
439.229095 312.864929 
265.508423 352.481445 
416.721466 199.691833 
487.964142 233.269318 
445.319153 214.910843 
66.301460 330.230743 
424.614136 234.329758 
432.838196 223.042953 
260.980621 154.895264 
402.699066 208.518265 
244.346237 339.794830 
411.226440 298.855438 
408.675995 257.622620 
457.462158 212.850571 
405.927979 207.468094 
256.873901 197.485184 
523.171631 279.425781 
311.756226 322.241821 
427.357513 267.696564 
412.924469 229.103012 
310.561890 342.239441 
514.719055 217.582260 
463.117126 220.887161 
504.181641 296.532776 
428.612762 300.985748 
422.766235 270.293579 
453.532776 219.568619 
289.776459 168.517517 
406.017578 226.780914 
307.286835 341.231964 
471.862610 210.279297 
293.835876 265.149780 
293.072998 265.480408 
408.516357 227.614761 
460.244781 269.729584 
460.160126 269.354584 
238.754730 183.500412 
438.222473 312.612915 
326.548431 341.158569 
401.723145 209.547394 
224.616959 346.472870 
388.035309 260.475006 
511.643127 241.435455 
419.756073 298.180908 
256.950317 148.536880 
480.066711 231.884491 
580.952148 268.621552 
502.442902 276.652527 
467.175232 239.234482 
405.923157 214.109802 
511.662964 242.092026 
148.430161 228.970596 
475.441101 245.267715 
525.083252 236.773621 
498.888885 270.644104 
163.096436 95.963226 
17.113176 366.469666 
254.908752 176.865677 
237.224060 182.103546 
521.098816 436.673004 
292.807129 200.391083 
409.130341 226.773300 
228.370865 181.848770 
426.187927 267.344818 
534.733276 260.395813 
238.560867 182.934814 
215.882553 188.698410 
279.952209 208.148148 
491.950867 268.080566 
400.891785 205.119644 
487.452209 253.028503 
484.597961 314.025482 
291.446747 267.140533 
407.555786 229.525131 
294.505798 190.120422 
456.580750 212.277695 
498.542267 299.490753 
514.521362 215.660385 
229.880875 334.217041 
322.303009 341.533569 
502.595276 214.078186 
454.216064 202.652359 
522.760193 233.210480 
471.837097 238.041641 
433.909882 243.415894 
402.649292 259.199219 
446.061829 239.059998 
472.496033 238.946793 
472.051117 269.949310 
278.889557 208.209000 
388.617706 242.273865 
401.303070 220.344070 
222.885727 206.522629 
486.983704 253.691315 
499.867218 298.485077 
232.588531 349.782196 
438.664948 254.334351 
309.960236 270.835297 
486.680603 261.664093 
203.508667 191.379761 
149.909515 241.834595 
436.332794 226.580765 
322.777039 177.062225 
315.625214 276.738953 
474.772491 349.903595 
288.355774 194.537415 
535.774902 263.669952 
538.750854 244.507172 
35.489822 353.293671 
419.711548 201.916061 
477.390442 227.550339 
212.306519 197.018814 
394.284607 229.703232 
294.632996 205.969742 
418.688660 232.780334 
455.690308 243.086426 
243.310181 174.943420 
471.397339 316.405701 
150.424469 245.650299 
420.224854 228.400513 
385.376678 251.718582 
238.871078 327.525055 
213.125015 189.625305 
453.839996 277.710266 
430.991577 222.423874 
315.020966 176.432098 
400.301025 236.820160 
403.544800 229.720947 
480.371521 260.497803 
282.265472 334.434967 
418.860779 304.812012 
472.706482 219.916321 
334.189667 207.894043 
495.019745 238.501221 
217.597763 201.334381 
512.616333 268.227478 
512.920471 268.299927 
257.983459 224.956467 
402.499420 291.485138 
402.332275 291.567352 
313.881561 174.472549 
487.824249 229.451370 
400.218170 237.097610 
453.614594 285.089844 
473.180206 233.610489 
505.023224 240.162720 
511.889191 239.668869 
402.895203 236.330093 
359.360962 207.432922 
405.744080 231.668915 
402.172668 214.032516 
469.825623 224.688889 
500.560760 309.590607 
433.457458 240.750488 
419.486359 305.191406 
469.757233 260.276428 
238.150620 326.893646 
491.574768 247.817764 
208.493225 190.537430 
505.428192 239.228439 
124.314796 151.877319 
419.101959 300.872528 
424.107605 388.581940 
469.286804 270.763550 
261.754883 137.618652 
522.839355 205.858078 
208.481903 201.934921 
216.487518 101.692818 
204.949081 192.177109 
455.071899 242.241531 
429.653961 221.737976 
349.027679 250.185608 
428.754822 181.767380 
247.427948 235.573318 
336.078064 263.015656 
509.712402 256.410950 
483.702820 229.438843 
249.909653 173.271591 
424.011810 269.842285 
394.972443 222.497009 
418.791931 303.623016 
408.818359 173.546967 
461.142151 288.183105 
508.143158 300.768555 
511.354248 245.172775 
295.071320 272.213715 
260.292511 137.771927 
183.070358 329.747833 
449.728516 207.182205 
248.764053 236.464432 
454.447449 243.365128 
396.727997 246.010208 
434.975006 260.079742 
298.077087 336.358917 
497.127869 183.458618 
497.624939 183.065628 
497.624939 183.065628 
514.523560 245.769791 
471.290375 273.976135 
218.060318 203.691299 
395.746338 217.423294 
475.863342 253.342041 
229.199844 195.374512 
496.405548 234.997147 
313.052399 175.205338 
485.245789 248.577927 
221.067032 207.892120 
405.495544 200.001221 
416.836914 261.113037 
416.237305 261.594849 
65.506805 330.715607 
438.886658 253.850357 
248.242371 331.843353 
321.196320 175.709213 
144.913086 222.805923 
203.799118 346.088409 
232.246918 190.523453 
459.515350 255.202072 
346.210571 209.843353 
232.870010 213.045731 
443.379181 221.279144 
403.990906 201.044083 
292.345306 176.609634 
152.880661 228.374283 
521.948303 289.023529 
374.126892 331.895782 
413.144165 285.468048 
436.342041 250.411713 
391.873352 273.743988 
304.278687 172.631882 
144.550644 240.222076 
251.569397 330.376740 
93.125542 312.620483 
501.057495 237.635727 
241.950378 190.879517 
464.767517 224.417969 
43.104763 347.265991 
274.147919 267.414581 
465.853638 271.246643 
415.834503 280.617767 
440.225250 235.719254 
92.511772 313.093292 
477.733826 228.211914 
465.590759 224.269592 
192.113556 231.016312 
288.943878 151.986130 
412.498444 297.045227 
51.317047 311.106567 
536.146851 257.160156 
409.789520 256.887695 
146.605087 251.137436 
268.604980 226.826324 
210.673325 196.873795 
303.078644 183.588104 
303.812622 183.273132 
487.734802 230.163132 
233.482452 335.916534 
336.647644 210.054214 
469.780518 233.442810 
492.860779 313.468048 
512.354248 245.743256 
450.449097 228.160751 
388.214417 248.434021 
287.366882 198.124771 
257.836914 149.130630 
436.453400 252.579132 
473.853546 176.087723 
314.019531 217.237885 
274.778198 270.887207 
480.591888 244.550018 
390.149139 267.183411 
387.227631 248.498947 
244.765274 226.597412 
290.602478 264.308136 
267.652130 136.707382 
467.837341 168.163971 
418.532318 299.344330 
306.998871 178.043091 
246.308411 239.274460 
507.156189 241.176178 
477.420166 250.447815 
207.356964 193.788300 
147.708893 293.711029 
275.393768 270.768066 
229.387512 340.233215 
139.104294 239.659805 
366.280121 249.027237 
280.849182 331.136444 
267.826630 240.537384 
340.178741 277.021362 
386.381042 244.344025 
443.860321 250.403015 
419.731842 299.375549 
419.169769 299.256226 
472.622803 248.342728 
252.255768 144.357269 
468.920044 233.207108 
468.996887 233.351181 
331.441345 231.310364 
138.865860 287.339478 
475.498718 333.624512 
465.665558 270.771729 
130.192596 172.848450 
217.751556 227.601089 
488.743103 315.306915 
