500
436.563263 178.632843 
473.853546 176.087723 
472.971191 192.587036 
315.344543 216.925217 
469.046783 193.166885 
438.998138 200.919327 
440.333740 200.796509 
530.106506 135.762344 
455.625458 219.855743 
447.424133 196.111877 
338.360077 211.904373 
488.659576 197.813354 
248.890060 105.679253 
484.797760 193.085327 
488.975403 194.954147 
473.226471 191.528610 
492.143829 193.491501 
445.156433 195.985825 
273.473755 245.118408 
483.046143 210.592773 
444.737213 196.528961 
487.472534 199.996902 
485.265594 194.785385 
258.718750 195.151413 
440.915924 189.734283 
424.241974 192.043777 
469.155701 214.632385 
476.886200 185.914627 
163.096436 95.963226 
264.771454 210.830200 
461.142151 288.183105 
452.510681 184.218277 
309.483643 345.343719 
437.175903 191.928864 
462.495209 187.076187 
287.881500 161.794983 
476.095398 181.783798 
453.614594 285.089844 
441.131744 198.994675 
321.234406 336.869720 
236.434601 178.818359 
475.469971 194.861237 
422.377289 195.807526 
322.834015 336.758362 
262.176422 209.362427 
415.594452 209.087570 
247.564331 178.685577 
476.079529 184.352997 
247.075500 177.787308 
469.019379 211.364059 
328.449921 168.414185 
272.845428 240.291275 
413.988464 190.716995 
332.347473 206.930939 
197.745178 99.763084 
197.236649 99.932396 
447.103516 193.067688 
256.686829 195.607056 
482.839203 191.689438 
494.584747 183.104095 
511.643127 241.435455 
287.646698 109.720177 
486.464722 176.301102 
486.049286 176.907928 
483.461273 190.355270 
467.175232 239.234482 
448.416779 310.961243 
493.707550 182.000778 
442.756683 209.873672 
314.019531 217.237885 
374.269623 252.218948 
457.462158 212.850571 
278.460114 209.986755 
263.407043 351.104950 
472.969604 189.549072 
286.648590 109.533501 
451.627289 182.800873 
322.303009 341.533569 
437.614716 186.050339 
476.164917 183.115250 
415.893463 206.184464 
486.379242 306.525238 
436.197662 185.156250 
460.489410 206.868530 
251.949646 196.152786 
311.098297 278.970520 
476.443207 210.209229 
484.597961 314.025482 
234.488846 103.716522 
454.966095 201.647659 
505.231506 298.982269 
444.152191 217.529251 
460.693756 221.403214 
460.952057 221.133881 
455.405304 200.519882 
491.947266 231.499207 
506.526459 299.599945 
340.156311 279.749146 
475.378906 211.698151 
498.542267 299.490753 
459.509827 220.808990 
452.379303 210.324860 
328.258392 165.703430 
499.224030 213.309479 
511.889191 239.668869 
512.616333 268.227478 
512.920471 268.299927 
454.004517 197.295837 
222.885727 206.522629 
429.767059 202.466522 
507.211823 297.588684 
444.916168 284.736786 
423.488770 190.728790 
480.698212 198.632751 
472.496033 238.946793 
248.618805 179.863693 
309.479492 341.615753 
456.580750 212.277695 
504.181641 296.532776 
498.182983 310.788849 
459.326447 192.087021 
299.278595 110.299019 
450.317719 186.563080 
428.048187 186.232880 
480.066711 231.884491 
233.482452 335.916534 
292.807129 200.391083 
452.242096 180.824448 
535.774902 263.669952 
392.253265 390.279602 
428.378082 302.627380 
428.527954 302.306549 
443.335907 220.590134 
374.126892 331.895782 
514.719055 217.582260 
311.549316 177.664429 
415.159454 199.998611 
496.137543 184.266739 
278.889557 208.209000 
265.508423 352.481445 
418.733673 228.432098 
478.496979 207.500641 
411.226440 298.855438 
479.391998 207.700485 
440.862640 201.382996 
273.146515 244.093445 
349.419922 337.304108 
270.722290 238.181274 
435.014587 183.570938 
66.301460 330.230743 
337.346588 264.702881 
417.463348 229.224258 
422.419647 213.563156 
534.733276 260.395813 
267.910004 144.536240 
502.442902 276.652527 
416.611938 192.561844 
487.964142 233.269318 
499.006378 212.602310 
538.750854 244.507172 
258.733765 155.791290 
183.070358 329.747833 
257.836914 149.130630 
432.838196 223.042953 
426.187927 267.344818 
511.662964 242.092026 
433.092773 216.191467 
438.124786 218.982147 
416.836914 261.113037 
416.237305 261.594849 
527.138489 233.871750 
444.037384 192.521576 
506.246124 213.313507 
509.031677 208.939148 
419.756073 298.180908 
440.574432 311.511627 
256.950317 148.536880 
453.532776 219.568619 
246.188156 181.979462 
483.727081 309.583801 
463.117126 220.887161 
310.561890 342.239441 
525.083252 236.773621 
418.688660 232.780334 
311.756226 322.241821 
514.521362 215.660385 
482.200562 208.129578 
307.286835 341.231964 
482.965668 204.144958 
405.927979 207.468094 
262.757385 348.520966 
454.216064 202.652359 
508.143158 300.768555 
460.244781 269.729584 
460.160126 269.354584 
523.171631 279.425781 
477.616577 200.449936 
291.362885 271.535370 
444.661041 176.707947 
205.847992 344.573761 
452.859650 178.872452 
388.035309 260.475006 
416.711823 193.745270 
427.357513 267.696564 
229.880875 334.217041 
85.591255 314.312164 
221.067032 207.892120 
433.529907 183.404251 
250.281219 175.976105 
269.576904 237.892120 
438.222473 312.612915 
204.949081 192.177109 
230.889572 337.555359 
326.548431 341.158569 
402.699066 208.518265 
417.569427 195.231064 
406.017578 226.780914 
415.355957 212.548492 
400.218170 237.097610 
428.612762 300.985748 
445.319153 214.910843 
227.082504 189.261261 
244.444305 224.728958 
471.390228 217.741226 
311.194824 213.866119 
522.760193 233.210480 
477.733826 228.211914 
443.766174 179.342789 
241.297592 266.091553 
485.081207 308.809601 
466.145966 207.142761 
471.862610 210.279297 
335.565430 203.847122 
416.721466 199.691833 
408.516357 227.614761 
313.881561 174.472549 
438.820221 223.463730 
412.498444 297.045227 
448.348572 216.112732 
495.669281 216.525818 
410.081940 198.691895 
521.948303 289.023529 
339.992523 238.847870 
291.383606 162.534088 
210.208527 182.888443 
430.991577 222.423874 
426.391754 218.945129 
313.609283 181.475815 
455.071899 242.241531 
207.356964 193.788300 
446.061829 239.059998 
450.497864 227.566467 
487.734802 230.163132 
487.801453 307.548828 
459.515350 255.202072 
416.611420 212.894913 
203.508667 191.379761 
439.715118 206.709900 
536.146851 257.160156 
409.823242 257.302277 
400.891785 205.119644 
394.972443 222.497009 
320.210510 336.834473 
217.147476 245.951736 
287.366882 198.124771 
433.457458 240.750488 
409.130341 226.773300 
472.706482 219.916321 
502.595276 214.078186 
360.613831 215.802948 
487.452209 253.028503 
238.560867 182.934814 
268.208344 107.741394 
455.690308 243.086426 
514.523560 245.769791 
408.675995 257.622620 
244.346237 339.794830 
433.909882 243.415894 
256.873901 197.485184 
260.980621 154.895264 
43.104763 347.265991 
422.429169 188.994843 
478.835693 334.513428 
471.837097 238.041641 
479.827209 253.257080 
238.871078 327.525055 
143.783813 93.795677 
495.019745 238.501221 
304.817841 182.851562 
477.420166 250.447815 
499.867218 298.485077 
412.948944 222.443085 
453.839996 277.710266 
234.962738 186.864227 
234.052368 186.844788 
407.924438 201.230774 
460.109894 223.441711 
214.453979 204.319733 
465.665558 270.771729 
313.912750 364.059143 
401.303070 220.344070 
401.723145 209.547394 
245.524445 227.177521 
496.405548 234.997147 
244.765274 226.597412 
203.799118 346.088409 
400.301025 236.820160 
402.895203 236.330093 
469.757233 260.276428 
268.198914 146.101501 
484.442871 312.539062 
282.158936 164.509048 
448.063782 223.600327 
216.487518 101.692818 
251.032196 144.085281 
257.983459 224.956467 
237.224060 182.103546 
420.224854 228.400513 
396.727997 246.010208 
436.332794 226.580765 
424.399963 298.752716 
388.617706 242.273865 
487.824249 229.451370 
254.908752 176.865677 
402.499420 291.485138 
402.332275 291.567352 
466.228546 274.259338 
280.849182 331.136444 
407.555786 229.525131 
419.486359 305.191406 
484.324890 255.572250 
436.631714 234.182556 
447.259308 224.446945 
291.446747 267.140533 
422.766235 270.293579 
475.441101 245.267715 
426.050293 298.880707 
394.284607 229.703232 
402.649292 259.199219 
153.054504 237.520538 
141.856400 221.528839 
424.011810 269.842285 
269.776886 153.949295 
460.045197 256.502319 
429.029053 222.890533 
222.881027 182.005325 
53.364643 318.776611 
443.379181 221.279144 
158.321884 244.900146 
439.229095 312.864929 
405.495544 200.001221 
403.544800 229.720947 
150.424469 245.650299 
228.275467 335.456573 
253.056992 329.753937 
395.746338 217.423294 
131.110336 184.489380 
486.983704 253.691315 
464.767517 224.417969 
295.071320 272.213715 
521.098816 436.673004 
405.744080 231.668915 
469.825623 224.688889 
202.489990 197.819092 
65.506805 330.715607 
497.127869 183.458618 
497.624939 183.065628 
497.624939 183.065628 
185.139893 330.367493 
412.924469 229.103012 
469.286804 270.763550 
336.647644 210.054214 
462.919373 254.995239 
486.680603 261.664093 
243.310181 174.943420 
475.863342 253.342041 
494.158020 238.724655 
477.390442 227.550339 
471.290375 273.976135 
460.400543 224.241867 
248.764053 236.464432 
273.790741 155.310440 
418.791931 303.623016 
35.489822 353.293671 
419.711548 201.916061 
215.607285 191.404312 
465.853638 271.246643 
472.051117 269.949310 
271.115631 330.809509 
276.389801 329.970612 
418.860779 304.812012 
202.568741 183.517029 
438.664948 254.334351 
505.428192 239.228439 
429.653961 221.737976 
454.447449 243.365128 
248.242371 331.843353 
491.950867 268.080566 
469.780518 233.442810 
247.427948 235.573318 
436.453400 252.579132 
212.991806 206.734222 
385.376678 251.718582 
509.712402 256.410950 
500.560760 309.590607 
322.777039 177.062225 
485.245789 248.577927 
480.371521 260.497803 
291.150818 273.884705 
193.616302 200.926468 
483.702820 229.438843 
450.449097 228.160751 
424.107605 388.581940 
505.023224 240.162720 
289.978851 308.051697 
473.180206 233.610489 
218.060318 203.691299 
436.342041 250.411713 
274.593597 330.095123 
449.728516 207.182205 
228.370865 181.848770 
391.873352 273.743988 
491.574768 247.817764 
511.354248 245.172775 
438.886658 253.850357 
388.214417 248.434021 
452.556030 247.821045 
441.384216 247.557892 
419.101959 300.872528 
498.888885 270.644104 
506.726135 189.606094 
512.354248 245.743256 
413.144165 285.468048 
258.415588 138.795425 
298.077087 336.358917 
403.990906 201.044083 
436.167358 251.901321 
227.957962 197.168549 
434.975006 260.079742 
249.909653 173.271591 
288.943878 151.986130 
472.622803 248.342728 
340.176147 280.404053 
238.754730 183.500412 
409.789520 256.887695 
480.709290 256.877594 
424.614136 234.329758 
323.109680 239.536102 
304.012665 110.733940 
418.532318 299.344330 
465.590759 224.269592 
419.731842 299.375549 
419.169769 299.256226 
336.958557 320.503540 
405.923157 214.109802 
421.994202 232.669220 
137.202728 216.591888 
266.322754 229.384552 
336.078064 263.015656 
392.465729 217.222748 
415.834503 280.617767 
248.387451 184.722076 
480.591888 244.550018 
471.397339 316.405701 
419.208984 232.677444 
265.369873 211.902954 
443.860321 250.403015 
140.137543 235.660950 
541.445129 255.873413 
390.149139 267.183411 
232.588531 349.782196 
492.860779 313.468048 
144.072876 234.656677 
146.051941 256.534210 
205.011581 181.080399 
237.476105 189.229248 
237.628998 189.552307 
349.027679 250.185608 
315.625214 276.738953 
146.209671 242.334015 
274.778198 270.887207 
506.897339 316.366211 
475.633148 254.822800 
93.125542 312.620483 
386.381042 244.344025 
468.920044 233.207108 
468.996887 233.351181 
313.052399 175.205338 
507.156189 241.176178 
457.034637 252.933212 
90.325943 309.339233 
248.240860 227.563034 
309.960236 270.835297 
224.616959 346.472870 
411.187164 282.964722 
309.284515 185.201736 
402.172668 214.032516 
237.705139 214.002701 
366.280121 249.027237 
497.513397 311.306702 
