977
181.158264 389.984711 
203.768799 376.767090 
160.151596 387.487640 
193.816223 354.726898 
202.676834 375.157257 
160.423859 380.283936 
163.909729 369.471100 
200.285370 356.698517 
201.888580 354.233765 
183.632339 355.054443 
224.274246 211.492310 
249.225815 213.345612 
171.577621 379.685272 
167.028854 374.535309 
519.693420 227.801132 
190.028885 393.956909 
524.361450 228.061569 
176.212692 356.503204 
169.977524 350.174988 
197.552124 359.992523 
156.752762 388.181458 
201.333313 350.262390 
175.502731 381.847687 
180.883301 381.634216 
179.221786 359.498108 
187.551010 344.203644 
191.100616 354.087341 
192.148315 354.137360 
180.997238 380.169769 
161.907791 395.606842 
125.999420 205.937637 
189.001144 396.599426 
165.345901 254.273209 
198.365494 354.511353 
160.827820 381.101807 
536.987244 307.300537 
186.348297 338.851410 
209.743393 269.855560 
209.038452 269.856384 
179.002838 364.950348 
182.874222 355.016663 
497.760468 259.411041 
178.155548 360.511444 
160.345123 395.225372 
168.572586 376.126648 
199.626495 373.185028 
195.103592 337.777863 
470.793762 353.647064 
561.728699 322.653961 
163.245468 391.380615 
512.185120 398.725433 
200.768799 292.602478 
169.511398 253.709763 
158.829666 396.187866 
196.845337 359.792511 
192.884583 387.481995 
511.768127 304.803101 
303.551971 382.685303 
198.793396 302.439758 
155.944214 388.196075 
470.635681 323.566223 
159.221039 395.460907 
485.893829 267.233704 
200.517227 291.422241 
169.958832 376.653381 
177.039337 351.302063 
559.704834 321.954803 
309.073151 202.467117 
174.182266 376.029114 
388.260101 347.961639 
557.380615 313.975159 
320.191071 221.153259 
190.838470 342.802856 
179.408066 353.061859 
174.476807 349.716766 
192.294357 351.590057 
462.701599 389.266815 
197.124451 289.713379 
202.363617 251.693817 
546.609192 302.119934 
183.479706 343.360809 
202.395096 255.003830 
518.410645 314.693176 
201.282669 375.245148 
515.873230 307.686890 
208.447617 379.361450 
265.733582 300.721344 
571.385620 375.599854 
477.048706 225.815979 
306.653809 348.085876 
176.060760 364.254974 
552.641724 316.244537 
287.248627 333.433868 
185.373810 348.322510 
280.643250 329.541107 
266.388153 419.723541 
571.215515 340.807800 
157.778366 207.640167 
69.326477 423.874847 
359.842957 206.500015 
321.310455 218.747070 
509.629150 266.972565 
176.932510 351.835083 
539.075989 269.316986 
539.075989 269.316986 
392.093048 351.228912 
265.282379 294.911743 
297.562469 379.483734 
265.753174 419.654785 
455.068207 342.446716 
516.271729 307.000885 
538.613098 288.811890 
302.809814 346.797028 
473.899048 301.085358 
548.110596 312.541138 
348.333771 373.165161 
527.580688 306.266083 
494.741730 272.743286 
502.801239 303.006897 
480.614899 295.508026 
278.660339 356.914581 
73.311050 439.890350 
202.429230 384.633728 
172.625870 370.221771 
319.299957 219.564270 
173.089111 396.060486 
544.868530 345.077454 
510.776062 271.176941 
447.194214 281.476318 
581.761292 364.646423 
339.352386 195.888489 
306.924774 201.599106 
521.277893 287.738129 
524.711243 307.460297 
547.377747 286.696747 
517.132935 396.834839 
548.977905 346.747040 
290.874329 362.101471 
204.296188 296.565155 
196.355286 258.197662 
306.122528 383.709808 
503.416656 302.529114 
190.591644 354.470978 
186.935898 335.294678 
510.019135 264.681396 
520.489319 312.060913 
519.201660 314.002838 
322.743042 211.819534 
169.273087 353.420441 
210.740921 376.483551 
514.530396 297.815033 
206.539841 253.316330 
167.637939 319.117279 
85.088257 353.340271 
198.701157 252.965958 
305.476257 357.522644 
181.080353 400.959503 
436.691467 364.147919 
541.723694 399.872711 
177.418442 360.858734 
267.323853 297.677490 
467.869904 279.556061 
302.863983 348.238770 
507.034668 301.998077 
203.858719 250.371140 
203.093811 250.644318 
186.762543 350.413666 
207.855713 272.154144 
506.321259 333.776276 
286.797485 332.866150 
514.935181 312.957581 
177.760849 343.293030 
331.470612 324.679108 
556.884705 317.222900 
306.587921 355.731323 
500.619720 305.240814 
499.619965 320.581146 
185.172913 350.618103 
556.989563 316.592377 
494.224548 299.526001 
494.784760 299.830414 
514.551636 305.240082 
479.054901 292.332031 
320.858948 214.290421 
498.406921 328.166870 
288.995392 361.093323 
470.893616 272.218872 
364.309570 197.567810 
317.749207 220.386383 
184.491959 334.448120 
200.052658 351.488525 
200.850998 297.995422 
285.931610 360.696991 
395.748199 365.117493 
93.227867 450.101532 
487.249115 394.700409 
547.741821 328.474060 
513.681946 315.752075 
535.632324 307.560699 
185.250427 402.430756 
451.936371 386.173920 
451.690521 386.103485 
506.692047 315.524017 
307.537415 355.250427 
186.931931 337.723816 
157.012070 387.452881 
208.257889 260.801544 
279.363434 358.855042 
208.459732 374.194183 
512.198730 302.841400 
300.291931 372.402863 
515.455200 312.822479 
167.984131 285.825531 
291.455963 360.577271 
291.860840 360.849792 
485.729736 315.459747 
194.754288 258.837006 
572.695068 324.107269 
292.532990 324.062286 
173.082108 390.358002 
164.204681 325.160828 
469.763977 388.262512 
469.319275 388.326233 
367.059875 195.885941 
169.105042 251.152176 
297.692444 318.352325 
517.467224 320.901947 
186.060150 351.417023 
197.184402 257.421356 
196.662842 310.776093 
550.574463 314.404694 
324.038208 219.097580 
359.727631 198.760193 
190.361221 388.850861 
506.643402 334.260437 
454.228973 342.563385 
296.716064 309.901398 
542.838684 229.676620 
299.879425 372.439148 
303.361328 310.436554 
196.409622 289.873962 
565.744873 324.374298 
545.198608 292.697449 
542.795898 290.435638 
474.885437 353.741058 
443.615570 272.108002 
196.267441 342.129486 
526.260803 331.862030 
264.395050 320.882385 
211.739410 265.708649 
562.974426 346.941772 
264.036102 318.581207 
538.579956 314.598175 
509.460083 268.605713 
490.291565 324.301453 
271.337677 410.932343 
184.602325 346.087341 
162.862640 330.169159 
478.061768 324.213776 
180.610840 396.054596 
485.098236 334.633820 
496.638458 292.655731 
297.931244 303.176758 
333.879333 225.136627 
204.225266 300.773621 
360.646637 203.801315 
288.815277 339.099548 
284.879242 343.579193 
284.593933 339.160004 
349.918671 368.981873 
194.913788 338.580383 
452.334412 286.276825 
269.946106 297.108307 
557.849243 391.742737 
474.367645 387.665833 
457.449005 374.951508 
539.145569 289.658173 
182.744095 339.049500 
498.528412 314.649719 
519.161255 266.997955 
293.838654 356.901581 
194.720718 265.985870 
194.546417 265.415344 
569.143860 327.323059 
518.677429 324.513702 
214.522583 387.401184 
288.076385 324.305969 
203.767548 380.091431 
203.172989 380.504730 
202.059738 346.940918 
285.558502 340.716431 
163.884628 258.304474 
296.899780 300.271332 
164.335724 318.672668 
478.164337 292.183441 
520.358765 306.772552 
470.465546 265.535034 
558.413696 376.076324 
545.897400 315.361938 
453.224670 387.675110 
470.643188 388.053162 
562.428528 344.024872 
562.259949 344.792511 
302.385498 383.952545 
342.095978 208.961304 
515.809387 349.456818 
515.067871 349.304108 
202.460617 345.597168 
480.406738 282.743805 
198.043503 253.709579 
437.878540 369.146790 
330.208221 200.824249 
469.259705 269.627106 
207.012894 381.209381 
164.655273 379.780823 
518.357117 294.367889 
469.763214 270.156525 
203.727066 297.429047 
359.733185 210.484207 
210.760025 261.463196 
460.522552 278.664246 
563.814270 381.771240 
324.572845 200.061707 
208.599670 414.559601 
332.650146 335.412720 
279.599792 338.320068 
186.276199 380.225006 
534.635559 337.099609 
204.533768 330.653076 
570.059265 310.555939 
197.434952 298.728546 
200.080215 346.461395 
181.868027 379.921478 
530.053833 269.188812 
306.139313 298.609467 
294.061462 320.415741 
289.791473 319.039124 
570.937500 377.076233 
570.937500 377.076233 
477.754333 288.252106 
461.089996 390.836792 
389.279327 345.645355 
514.054932 227.733063 
490.087280 278.698853 
520.114258 266.452606 
500.909607 322.078278 
362.448975 202.785675 
541.819519 388.480530 
316.083160 300.957153 
179.912018 393.532990 
197.490845 311.685486 
462.619904 269.344116 
57.039146 201.771988 
192.063553 403.168976 
180.897537 400.162384 
467.018433 286.964874 
172.903305 362.880463 
482.918396 386.171448 
185.732254 333.145477 
478.343048 282.956635 
294.104309 284.930115 
532.026062 332.387939 
209.615204 263.466705 
480.328644 390.466766 
480.584259 390.971680 
481.418854 394.304474 
567.938171 380.690063 
173.712006 345.247986 
171.636795 394.991089 
272.170898 338.729584 
272.195892 338.123199 
477.999786 287.720093 
208.831757 264.638397 
286.118561 340.096344 
480.827911 265.544861 
191.929260 397.405365 
433.343628 361.052307 
576.719055 365.609222 
550.396667 349.237976 
52.177017 422.717560 
195.296082 294.608124 
555.471252 290.700012 
464.487915 284.557831 
202.160141 341.720398 
452.687103 279.085419 
259.648285 213.720947 
502.686035 324.949341 
211.249359 277.259979 
460.824005 390.926025 
320.927490 223.781845 
496.788574 291.432190 
162.194977 258.093964 
558.116577 322.292480 
183.804382 377.802979 
92.865646 203.878372 
470.158081 303.190948 
504.141541 298.975586 
504.859497 298.310822 
319.945068 382.564819 
213.443314 393.506622 
186.585968 313.034058 
561.391541 380.204620 
543.028442 311.349976 
482.074890 332.348633 
462.534180 346.868927 
349.033691 371.150726 
201.786728 336.422485 
362.307587 283.370697 
350.989594 193.332977 
528.193359 308.473206 
488.023163 334.553619 
489.402588 303.076050 
434.849060 362.149506 
449.739746 285.839966 
164.959274 317.300446 
486.332153 328.304382 
196.032974 370.930084 
202.110046 332.266571 
502.249542 323.968506 
540.975342 329.908325 
280.509460 338.538574 
484.659363 278.271454 
270.057617 293.641144 
270.766876 293.853149 
174.419403 345.434204 
470.068878 304.825745 
470.155945 304.150879 
477.996124 282.977570 
192.358047 401.524689 
541.649414 397.372406 
302.966125 384.556915 
160.810959 324.649872 
315.921814 301.940887 
473.831451 387.493683 
209.802780 259.489807 
169.212494 249.745560 
453.488281 280.163544 
209.108170 414.135101 
513.533142 318.491119 
567.878845 328.529175 
560.171204 380.292999 
278.287842 320.781952 
303.061859 374.894043 
462.659210 272.822968 
325.406158 223.706680 
548.859497 383.947235 
533.523865 307.657440 
568.023193 313.103760 
531.125000 335.378967 
365.021667 193.103058 
200.305283 320.946747 
559.481934 296.630829 
521.654175 348.042450 
448.539886 382.464722 
487.581360 398.584991 
549.998108 382.531158 
305.816620 202.085938 
209.589966 420.424896 
161.971680 207.934555 
198.803955 391.750549 
93.765846 204.160385 
554.730469 229.782669 
483.776428 297.085144 
168.495102 382.492676 
157.011246 300.340118 
512.967896 369.261597 
366.937500 203.012894 
314.277557 298.756317 
301.284180 343.066772 
458.237488 272.069641 
280.700745 342.307861 
530.359070 270.616394 
505.661285 227.629257 
288.611359 386.222809 
325.435455 327.725830 
534.361267 330.081726 
326.896515 211.342407 
534.549194 329.336273 
307.341370 380.114960 
560.752747 296.053986 
327.798492 240.550064 
575.864685 307.943573 
490.830627 309.933472 
427.030579 349.962280 
195.587753 304.932343 
195.989532 304.487701 
516.309753 261.452545 
211.130768 285.344818 
553.304443 356.538239 
459.466431 297.095734 
460.279541 280.140533 
173.164322 252.191177 
299.484833 304.955994 
493.226562 282.593628 
493.738495 282.562714 
493.691772 282.230225 
191.343353 404.540039 
461.989990 283.880219 
327.132996 210.787033 
206.395432 329.689331 
173.795746 302.537537 
541.859009 395.301849 
304.169312 9.169800 
308.032196 377.103027 
314.277802 299.474457 
298.501953 369.856262 
308.396729 296.834686 
272.602936 215.143494 
174.700607 302.315521 
198.509735 284.473358 
540.956482 389.334015 
499.791748 299.755981 
200.412537 266.300018 
360.742859 282.296753 
555.930237 394.466492 
387.824127 344.577026 
537.761108 309.063141 
163.782257 336.331940 
197.933212 309.423950 
374.979523 354.111786 
326.033142 327.218719 
180.794983 350.023132 
524.078674 283.131042 
548.755554 313.117950 
203.131088 341.229279 
195.595612 386.532471 
195.243118 386.197174 
292.982513 319.882507 
329.812714 389.488434 
486.719543 264.110687 
528.584778 333.499786 
193.027039 313.052979 
509.953796 333.327087 
163.755371 256.605042 
332.821411 197.331131 
212.271072 284.331146 
273.633301 451.433990 
178.558807 403.528168 
195.391769 281.940857 
484.477295 400.278473 
196.337479 276.523071 
175.040222 275.547424 
308.067291 439.754364 
519.077759 350.295258 
104.836060 205.032104 
277.255371 336.856079 
493.195679 335.871918 
474.036407 304.229034 
209.303375 322.240479 
336.287079 419.537689 
499.319489 323.631927 
270.471191 413.089661 
523.796631 312.501801 
555.299744 330.196533 
501.032593 299.844025 
356.470459 279.721924 
558.245239 305.731476 
457.026154 276.129120 
457.787231 276.459534 
204.743103 322.364441 
309.836761 440.233490 
335.603729 339.201294 
299.643005 412.126221 
532.497559 307.673096 
269.088470 300.470184 
498.468292 313.247833 
289.377197 324.677979 
506.393677 407.255524 
314.880890 303.536316 
193.315857 334.868958 
304.839050 376.757233 
530.694336 407.496643 
498.584503 311.097015 
475.838135 263.489807 
269.812988 418.403992 
543.422668 390.355499 
491.339050 298.349640 
486.992340 263.576508 
275.041779 339.700165 
138.920944 449.252869 
453.886230 313.093323 
525.289490 329.960663 
357.898376 297.795990 
488.698273 304.384155 
482.353210 342.935394 
467.381409 301.939606 
159.730469 304.958466 
489.460846 297.373260 
477.282532 386.552673 
410.680176 19.153751 
553.408020 316.637115 
195.909119 261.480438 
594.905029 232.519562 
486.193085 404.450989 
146.904221 207.467468 
270.033539 416.565704 
282.516541 296.248260 
553.520081 391.185333 
179.355804 410.265076 
501.032990 332.473358 
540.970825 345.080536 
183.013611 407.979828 
162.554840 207.805939 
184.167877 411.283752 
501.183105 359.122498 
163.079575 319.059357 
199.487564 306.960999 
278.087311 316.308167 
454.161621 293.757721 
515.024719 333.234497 
285.704681 325.407593 
299.316589 368.779327 
528.551208 337.200348 
124.783806 421.554718 
559.052917 300.534943 
259.356995 330.986877 
299.521271 411.254211 
265.871216 310.962708 
474.121368 295.375366 
194.149384 417.139954 
363.162964 205.974564 
447.289856 317.134735 
191.778259 281.724396 
190.831665 405.755981 
315.235016 304.772766 
108.060860 419.468475 
471.264404 354.164520 
484.874603 410.612244 
199.712631 286.979919 
336.112396 308.052612 
336.248169 308.972778 
101.446259 442.046234 
392.231140 352.359894 
208.093811 283.974884 
308.792206 303.338867 
510.572418 333.098267 
178.483704 417.453949 
307.688324 296.655243 
137.051910 453.875793 
473.922363 320.152893 
204.595459 327.896881 
282.059631 322.392487 
481.349854 331.716522 
481.517792 331.256134 
514.224548 280.379608 
450.235565 309.449524 
172.496490 307.581970 
87.661926 450.504913 
461.120819 389.296661 
375.515900 354.004272 
306.863464 379.436829 
49.399094 201.638535 
523.782837 326.378265 
290.680328 215.710876 
456.565735 295.529541 
372.111298 361.187378 
264.321228 345.092468 
525.413696 337.508789 
538.814575 392.784027 
147.669342 207.304733 
578.995056 333.696899 
172.235138 251.284470 
462.100830 294.873108 
502.266144 299.929718 
522.541870 332.069672 
561.933228 378.480377 
485.624878 406.589600 
474.766357 351.184387 
128.866684 418.869232 
315.614746 305.908264 
331.843506 405.944702 
439.632355 333.567688 
521.714905 370.648193 
485.610596 300.746155 
491.515015 401.419373 
581.405823 351.928497 
452.572968 306.987457 
345.714081 195.919144 
195.273880 398.559998 
494.467926 399.976746 
189.923172 209.850204 
190.885788 368.159210 
462.408356 314.443207 
516.849426 310.924561 
514.676697 355.265228 
448.672821 311.609650 
518.837036 349.679932 
214.958603 414.549103 
464.935486 315.241455 
449.022522 311.919434 
315.357788 222.161194 
261.916199 297.711670 
571.662415 319.818909 
446.377167 312.300629 
450.535950 277.540009 
390.725159 348.300720 
214.554794 407.465332 
334.058960 10.580066 
541.272949 403.735229 
313.848724 380.366699 
276.867004 343.953705 
441.251495 323.943268 
306.631317 439.629333 
333.719757 403.121338 
545.264709 389.454437 
580.440186 351.613251 
441.052887 324.908142 
481.346436 390.984283 
209.050186 409.428192 
213.559555 296.116730 
466.472961 316.522003 
317.283112 295.867432 
449.789673 367.648254 
312.036591 302.144135 
178.578644 414.625488 
429.193329 21.030390 
484.635132 335.609222 
320.853699 440.602478 
537.020874 405.409760 
336.378296 339.963715 
475.254456 386.338928 
543.391968 385.752625 
328.846313 326.847015 
328.357910 326.275146 
447.995270 314.875092 
366.407532 360.356171 
270.645325 386.012085 
274.810974 282.573364 
177.996399 391.154114 
298.222137 416.374298 
408.917969 352.648743 
163.844086 311.186768 
105.562988 419.477081 
333.835602 222.560410 
168.018875 303.080902 
278.073425 317.581116 
137.768005 416.385956 
507.146576 368.876740 
318.946686 301.150879 
355.964935 210.166534 
329.788635 286.653412 
328.174866 211.111954 
201.580658 307.229980 
201.131287 307.597595 
210.014740 321.551453 
319.141602 264.443420 
319.487976 264.189209 
316.424469 321.664734 
191.414062 279.617004 
175.775696 263.662720 
366.843384 200.945435 
263.562897 352.746063 
211.841431 318.437775 
321.548218 265.474213 
463.545105 335.878387 
330.071442 204.361420 
322.232208 439.788818 
160.485764 309.705933 
291.584259 215.609833 
359.676270 192.366440 
451.870667 430.174744 
274.996063 340.355743 
180.187637 313.814545 
241.622116 424.119293 
282.042450 287.074371 
306.463654 372.563263 
177.124054 268.703888 
448.873016 307.497253 
470.403229 296.697723 
517.793884 338.445709 
161.608490 301.284515 
325.157227 322.733185 
325.141174 322.011932 
208.832123 309.789978 
156.999069 300.645813 
376.569946 286.120117 
277.507690 395.894714 
277.541168 395.987305 
164.502243 291.950409 
270.054138 358.831879 
465.602142 296.245972 
465.081177 296.840515 
283.196686 324.972687 
308.748901 352.003510 
280.395844 429.618896 
55.771786 427.951019 
264.644531 344.390686 
502.771088 359.404449 
190.101868 418.956146 
330.148621 220.912628 
309.545044 303.414734 
494.503082 308.622070 
273.199127 387.691528 
593.417480 347.889526 
319.632202 398.349213 
372.528442 364.297760 
177.674316 414.385742 
515.906799 310.612762 
322.502716 438.021240 
322.502716 438.021240 
187.361023 313.169434 
477.312103 322.228333 
373.349518 358.708679 
357.122040 302.020660 
333.923065 396.482208 
190.329208 416.857941 
207.616882 425.186951 
210.692032 313.073364 
291.392151 438.457886 
328.318420 320.452087 
472.288635 341.331757 
521.813843 325.134918 
183.076126 414.700531 
183.265244 414.157593 
164.746063 292.101074 
312.858368 390.075867 
331.186981 231.562454 
495.326324 366.771606 
325.016083 314.775299 
257.503571 265.589172 
310.261719 9.299962 
197.357285 423.126007 
267.931366 349.788330 
515.264465 354.914703 
439.062836 297.603271 
283.558105 284.576019 
290.545807 438.077393 
333.202362 338.368774 
315.178711 375.852173 
178.037811 264.899841 
178.492279 264.390869 
217.072968 284.205719 
482.510895 343.609894 
300.546661 424.079376 
347.870667 368.923981 
223.746735 271.044891 
310.793060 442.004639 
447.992340 345.598450 
442.583282 23.108503 
263.444702 348.855011 
474.436798 321.238678 
332.557800 327.896240 
363.438477 192.878647 
214.700989 417.165466 
196.869995 287.657501 
298.734955 290.688538 
461.645782 311.371552 
161.237396 324.587280 
456.180206 296.611328 
293.947510 416.522369 
373.506958 357.624512 
309.391724 362.486847 
429.161072 348.395569 
527.920349 438.978760 
184.246231 311.142273 
554.465637 293.059845 
169.044754 310.329712 
179.179214 408.544830 
260.846649 331.516693 
358.067352 304.412567 
358.923584 304.983704 
354.296661 212.637711 
370.300415 288.850372 
300.393951 298.153351 
451.189453 314.228241 
280.869049 315.357422 
445.104095 444.523285 
309.285614 352.340820 
208.096710 315.468262 
296.039551 295.662750 
427.386353 350.943481 
441.576202 325.631622 
438.389862 312.273163 
166.325424 339.046387 
363.733704 220.189041 
211.637604 280.851013 
211.739471 280.157379 
265.410492 311.660065 
354.078949 213.683594 
464.430786 319.227570 
312.700165 303.132477 
193.090088 278.128113 
332.384644 289.370941 
443.885986 294.760956 
492.382843 401.500732 
304.062836 370.836365 
275.723419 316.765076 
138.638763 206.981781 
316.524017 251.600220 
361.854614 305.354736 
565.120789 309.982361 
188.409927 408.074860 
522.477966 330.620667 
329.827332 210.920563 
533.997437 433.497101 
359.747345 301.226715 
188.026352 411.415131 
262.618469 330.879578 
271.309570 290.744659 
584.738770 337.865021 
300.488037 418.526428 
313.689453 244.082825 
294.650635 439.803802 
360.451385 342.087830 
162.623062 352.046753 
283.819061 437.899200 
365.663605 350.466187 
213.455841 356.465485 
323.928558 437.169678 
307.359253 370.434509 
215.470749 285.193512 
318.590576 315.461304 
446.712769 449.767426 
312.642639 433.740997 
312.575348 433.108093 
305.865784 344.582703 
226.054779 276.532104 
362.989655 220.374298 
136.782425 453.367249 
495.552032 367.083832 
165.039734 296.747223 
191.778580 310.178650 
181.750580 410.411835 
227.959442 274.280640 
227.998886 274.992035 
468.205139 313.451752 
146.080673 441.549683 
359.179047 281.462372 
186.152847 414.383911 
440.370941 334.175507 
196.119431 423.509308 
500.384827 362.626465 
123.579735 422.217194 
509.277832 348.205536 
509.889465 348.201660 
305.166443 432.201111 
479.330475 327.188324 
194.855255 310.794128 
251.082581 326.407837 
266.347992 329.140106 
360.245911 350.353241 
257.303619 266.712982 
180.018692 412.772247 
186.687515 410.716522 
355.642365 298.747711 
288.122437 342.362915 
184.347397 313.526428 
140.821381 439.412903 
197.991074 404.327301 
290.413452 413.067474 
172.527283 303.393860 
195.042206 401.890198 
152.534454 340.631714 
372.859070 438.753754 
327.740875 213.126343 
352.763885 340.862732 
160.496109 423.018097 
179.347992 390.358124 
223.956406 277.947876 
213.522629 404.705902 
276.464691 395.940552 
202.793594 430.201752 
209.532883 311.584442 
287.962921 291.435059 
222.123428 270.703125 
219.295700 272.840454 
160.086655 355.675140 
303.331573 235.605209 
266.398834 342.569641 
144.908279 452.366669 
80.888748 429.683472 
192.577454 277.673584 
368.655060 194.946747 
212.796768 337.627930 
143.767914 452.611481 
145.994873 442.248138 
498.572784 403.195923 
