500
287.064056 90.533890 
287.086761 90.585007 
473.853546 176.087723 
349.419922 337.304108 
484.797760 193.085327 
416.711823 193.745270 
485.265594 194.785385 
437.175903 191.928864 
488.975403 194.954147 
488.659576 197.813354 
392.253265 390.279602 
580.952148 268.621552 
480.698212 198.632751 
455.625458 219.855743 
476.886200 185.914627 
476.079529 184.352997 
286.648590 109.533501 
462.495209 187.076187 
423.488770 190.728790 
444.737213 196.528961 
472.971191 192.587036 
452.510681 184.218277 
447.103516 193.067688 
473.226471 191.528610 
492.143829 193.491501 
247.564331 178.685577 
440.915924 189.734283 
459.326447 192.087021 
324.450684 176.054520 
234.488846 103.716522 
483.046143 210.592773 
334.189667 207.894043 
476.164917 183.115250 
475.469971 194.861237 
429.767059 202.466522 
17.113176 366.469666 
256.686829 195.607056 
271.679596 154.417725 
311.549316 177.664429 
264.771454 210.830200 
461.142151 288.183105 
311.098297 278.970520 
258.718750 195.151413 
262.176422 209.362427 
350.660736 218.050522 
454.966095 201.647659 
476.443207 210.209229 
487.801453 307.548828 
428.378082 302.627380 
428.527954 302.306549 
472.969604 189.549072 
424.241974 192.043777 
487.472534 199.996902 
246.188156 181.979462 
441.131744 198.994675 
311.194824 213.866119 
416.611938 192.561844 
422.429169 188.994843 
496.137543 184.266739 
267.437561 155.548752 
440.862640 201.382996 
323.407074 183.852219 
456.580750 212.277695 
238.560867 182.934814 
479.391998 207.700485 
484.442871 312.539062 
290.416107 188.581863 
452.859650 178.872452 
455.405304 200.519882 
482.839203 191.689438 
415.893463 206.184464 
477.616577 200.449936 
478.496979 207.500641 
324.199127 177.871887 
444.037384 192.521576 
428.048187 186.232880 
197.745178 99.763084 
197.236649 99.932396 
437.614716 186.050339 
476.095398 181.783798 
475.378906 211.698151 
457.462158 212.850571 
451.627289 182.800873 
248.618805 179.863693 
453.614594 285.089844 
447.424133 196.111877 
469.046783 193.166885 
237.476105 189.229248 
237.628998 189.552307 
234.962738 186.864227 
234.052368 186.844788 
422.377289 195.807526 
442.756683 209.873672 
251.949646 196.152786 
452.242096 180.824448 
460.489410 206.868530 
287.646698 109.720177 
438.998138 200.919327 
374.269623 252.218948 
469.155701 214.632385 
415.159454 199.998611 
482.200562 208.129578 
342.228333 213.336273 
439.715118 206.709900 
310.561890 342.239441 
454.004517 197.295837 
436.197662 185.156250 
410.081940 198.691895 
469.019379 211.364059 
332.347473 206.930939 
315.344543 216.925217 
299.278595 110.299019 
268.208344 107.741394 
342.628479 214.159790 
450.317719 186.563080 
314.019531 217.237885 
452.379303 210.324860 
426.050293 298.880707 
224.376175 182.746857 
440.333740 200.796509 
535.774902 263.669952 
445.156433 195.985825 
466.145966 207.142761 
433.092773 216.191467 
506.246124 213.313507 
407.924438 201.230774 
440.574432 311.511627 
507.211823 297.588684 
263.407043 351.104950 
247.075500 177.787308 
416.836914 261.113037 
416.237305 261.594849 
340.156311 279.749146 
53.364643 318.776611 
435.014587 183.570938 
459.509827 220.808990 
417.569427 195.231064 
483.461273 190.355270 
499.224030 213.309479 
444.661041 176.707947 
416.721466 199.691833 
448.416779 310.961243 
321.234406 336.869720 
460.693756 221.403214 
460.952057 221.133881 
436.631714 234.182556 
527.138489 233.871750 
412.948944 222.443085 
424.399963 298.752716 
291.383606 162.534088 
309.483643 345.343719 
444.152191 217.529251 
491.947266 231.499207 
448.063782 223.600327 
421.994202 232.669220 
340.748169 206.664093 
504.181641 296.532776 
438.222473 312.612915 
498.542267 299.490753 
424.107605 388.581940 
322.834015 336.758362 
443.766174 179.342789 
227.082504 189.261261 
428.754822 181.767380 
495.669281 216.525818 
498.182983 310.788849 
267.910004 144.536240 
236.434601 178.818359 
416.611420 212.894913 
309.479492 341.615753 
438.124786 218.982147 
471.390228 217.741226 
230.992279 228.521759 
260.980621 154.895264 
482.965668 204.144958 
256.873901 197.485184 
415.594452 209.087570 
433.529907 183.404251 
499.006378 212.602310 
258.733765 155.791290 
280.849182 331.136444 
262.757385 348.520966 
265.331665 230.575470 
478.835693 334.513428 
419.756073 298.180908 
509.031677 208.939148 
438.820221 223.463730 
472.706482 219.916321 
483.727081 309.583801 
415.355957 212.548492 
486.379242 306.525238 
463.117126 220.887161 
445.319153 214.910843 
409.789520 256.887695 
322.303009 341.533569 
265.508423 352.481445 
248.890060 105.679253 
419.208984 232.677444 
448.348572 216.112732 
450.497864 227.566467 
360.613831 215.802948 
405.927979 207.468094 
487.964142 233.269318 
525.083252 236.773621 
280.938660 202.224579 
244.346237 339.794830 
291.116333 186.837341 
406.017578 226.780914 
311.756226 322.241821 
273.473755 245.118408 
427.357513 267.696564 
422.419647 213.563156 
534.733276 260.395813 
294.897858 201.270309 
460.244781 269.729584 
460.160126 269.354584 
471.862610 210.279297 
514.719055 217.582260 
401.723145 209.547394 
523.171631 279.425781 
505.231506 298.982269 
402.699066 208.518265 
205.847992 344.573761 
480.371521 260.497803 
536.146851 257.160156 
428.612762 300.985748 
402.499420 291.485138 
402.332275 291.567352 
385.506989 388.852295 
256.950317 148.536880 
326.548431 341.158569 
514.521362 215.660385 
511.643127 241.435455 
511.662964 242.092026 
502.442902 276.652527 
429.653961 221.737976 
432.838196 223.042953 
467.175232 239.234482 
388.035309 260.475006 
480.066711 231.884491 
487.734802 230.163132 
469.286804 270.763550 
411.226440 298.855438 
402.649292 259.199219 
307.286835 341.231964 
238.871078 327.525055 
530.106506 135.762344 
477.390442 227.550339 
455.690308 243.086426 
487.452209 253.028503 
309.960236 270.835297 
522.760193 233.210480 
287.366882 198.124771 
464.767517 224.417969 
446.061829 239.059998 
453.532776 219.568619 
506.526459 299.599945 
433.909882 243.415894 
229.880875 334.217041 
163.096436 95.963226 
215.882553 188.698410 
485.081207 308.809601 
272.845428 240.291275 
508.143158 300.768555 
269.576904 237.892120 
484.597961 314.025482 
443.335907 220.590134 
460.109894 223.441711 
439.229095 312.864929 
420.224854 228.400513 
499.867218 298.485077 
394.284607 229.703232 
222.885727 206.522629 
344.504150 244.966599 
426.187927 267.344818 
538.750854 244.507172 
149.909515 241.834595 
266.322754 229.384552 
486.983704 253.691315 
145.664688 241.999344 
419.486359 305.191406 
454.216064 202.652359 
250.281219 175.976105 
424.011810 269.842285 
424.614136 234.329758 
394.972443 222.497009 
278.889557 208.209000 
400.301025 236.820160 
418.791931 303.623016 
426.391754 218.945129 
207.356964 193.788300 
430.991577 222.423874 
407.555786 229.525131 
444.916168 284.736786 
341.087158 203.426559 
294.632996 205.969742 
495.019745 238.501221 
265.538574 236.212158 
401.303070 220.344070 
315.625214 276.738953 
403.544800 229.720947 
400.218170 237.097610 
502.595276 214.078186 
466.228546 274.259338 
475.441101 245.267715 
447.259308 224.446945 
388.617706 242.273865 
436.332794 226.580765 
418.860779 304.812012 
243.310181 174.943420 
472.051117 269.949310 
454.447449 243.365128 
469.757233 260.276428 
228.370865 181.848770 
505.023224 240.162720 
498.888885 270.644104 
409.130341 226.773300 
278.191437 204.248642 
65.506805 330.715607 
238.150620 326.893646 
374.126892 331.895782 
143.783813 93.795677 
320.902466 172.533096 
385.376678 251.718582 
408.516357 227.614761 
226.979614 225.443069 
145.217224 246.788361 
471.397339 316.405701 
144.550644 240.222076 
512.616333 268.227478 
512.920471 268.299927 
469.825623 224.688889 
412.498444 297.045227 
511.889191 239.668869 
496.405548 234.997147 
487.824249 229.451370 
486.680603 261.664093 
257.983459 224.956467 
216.487518 101.692818 
203.508667 191.379761 
450.449097 228.160751 
248.387451 184.722076 
418.688660 232.780334 
224.616959 346.472870 
213.125015 189.625305 
402.895203 236.330093 
505.428192 239.228439 
400.891785 205.119644 
212.991806 206.734222 
150.424469 245.650299 
405.495544 200.001221 
473.180206 233.610489 
214.753464 207.627533 
475.863342 253.342041 
403.990906 201.044083 
455.071899 242.241531 
405.923157 214.109802 
471.290375 273.976135 
405.744080 231.668915 
460.400543 224.241867 
409.823242 257.302277 
433.457458 240.750488 
396.727997 246.010208 
346.210571 209.843353 
319.754364 95.937675 
319.661346 95.796295 
491.950867 268.080566 
494.158020 238.724655 
408.818359 173.546967 
359.360962 207.432922 
347.521667 214.713257 
436.342041 250.411713 
521.098816 436.673004 
146.209671 242.334015 
485.245789 248.577927 
469.780518 233.442810 
408.675995 257.622620 
402.172668 214.032516 
483.702820 229.438843 
309.510864 180.676666 
313.609283 181.475815 
254.908752 176.865677 
43.104763 347.265991 
436.453400 252.579132 
310.490570 269.410095 
249.066437 184.639572 
204.949081 192.177109 
313.881561 174.472549 
248.242371 331.843353 
229.387512 340.233215 
317.758575 130.700211 
412.924469 229.103012 
221.067032 207.892120 
472.496033 238.946793 
232.588531 349.782196 
293.835876 265.149780 
293.072998 265.480408 
429.029053 222.890533 
390.149139 267.183411 
124.314796 151.877319 
389.558838 263.833923 
218.060318 203.691299 
453.839996 277.710266 
270.722290 238.181274 
465.853638 271.246643 
438.664948 254.334351 
298.077087 336.358917 
419.101959 300.872528 
315.020966 176.432098 
436.167358 251.901321 
304.817841 182.851562 
391.873352 273.743988 
313.052399 175.205338 
468.920044 233.207108 
468.996887 233.351181 
491.574768 247.817764 
522.839355 205.858078 
261.754883 137.618652 
521.948303 289.023529 
475.633148 254.822800 
449.728516 207.182205 
232.246918 190.523453 
501.057495 237.635727 
304.278687 172.631882 
441.384216 247.557892 
395.746338 217.423294 
509.712402 256.410950 
321.196320 175.709213 
51.317047 311.106567 
512.354248 245.743256 
459.515350 255.202072 
511.354248 245.172775 
438.886658 253.850357 
254.931595 151.082367 
219.839111 206.212524 
413.144165 285.468048 
249.909653 173.271591 
477.420166 250.447815 
497.127869 183.458618 
497.624939 183.065628 
497.624939 183.065628 
465.590759 224.269592 
514.523560 245.769791 
308.236206 172.560974 
227.957962 197.168549 
422.766235 270.293579 
465.665558 270.771729 
237.224060 182.103546 
480.591888 244.550018 
436.563263 178.632843 
251.569397 330.376740 
534.367126 272.734222 
233.482452 335.916534 
472.622803 248.342728 
244.765274 226.597412 
137.202728 216.591888 
292.807129 200.391083 
146.051941 256.534210 
274.147919 267.414581 
265.369873 211.902954 
283.415741 335.672760 
274.778198 270.887207 
434.975006 260.079742 
304.736542 322.001526 
484.324890 255.572250 
387.227631 248.498947 
477.733826 228.211914 
210.673325 196.873795 
479.827209 253.257080 
415.834503 280.617767 
467.837341 168.163971 
130.192596 172.848450 
239.961395 170.336060 
279.952209 208.148148 
225.126419 225.204132 
471.837097 238.041641 
452.556030 247.821045 
158.214218 154.563004 
453.380463 231.897324 
388.214417 248.434021 
146.427399 253.477539 
154.274841 239.087433 
238.754730 183.500412 
443.379181 221.279144 
460.045197 256.502319 
275.393768 270.768066 
318.390930 171.677536 
419.711548 201.916061 
331.441345 231.310364 
454.286255 253.191605 
336.647644 210.054214 
411.187164 282.964722 
144.913086 222.805923 
421.939453 258.685944 
282.265472 334.434967 
136.541428 283.195679 
340.178741 277.021362 
93.125542 312.620483 
176.211807 224.552322 
440.381012 334.603577 
