500
92.511772 313.093292 
93.125542 312.620483 
472.971191 192.587036 
473.853546 176.087723 
315.344543 216.925217 
436.563263 178.632843 
438.998138 200.919327 
248.890060 105.679253 
392.253265 390.279602 
485.265594 194.785385 
494.584747 183.104095 
441.131744 198.994675 
452.510681 184.218277 
234.488846 103.716522 
484.797760 193.085327 
437.175903 191.928864 
469.046783 193.166885 
247.075500 177.787308 
492.143829 193.491501 
286.648590 109.533501 
442.756683 209.873672 
483.461273 190.355270 
455.625458 219.855743 
493.707550 182.000778 
473.226471 191.528610 
488.975403 194.954147 
287.646698 109.720177 
476.079529 184.352997 
163.096436 95.963226 
311.549316 177.664429 
476.886200 185.914627 
488.659576 197.813354 
65.506805 330.715607 
322.303009 341.533569 
541.445129 255.873413 
454.966095 201.647659 
424.241974 192.043777 
278.191437 204.248642 
475.469971 194.861237 
530.106506 135.762344 
540.201721 255.724106 
324.450684 176.054520 
476.164917 183.115250 
334.189667 207.894043 
440.333740 200.796509 
440.862640 201.382996 
462.495209 187.076187 
455.405304 200.519882 
496.137543 184.266739 
444.737213 196.528961 
440.915924 189.734283 
452.859650 178.872452 
437.614716 186.050339 
263.407043 351.104950 
321.234406 336.869720 
476.095398 181.783798 
236.434601 178.818359 
447.424133 196.111877 
472.969604 189.549072 
416.711823 193.745270 
480.698212 198.632751 
484.442871 312.539062 
322.834015 336.758362 
415.893463 206.184464 
287.881500 161.794983 
419.711548 201.916061 
405.495544 200.001221 
482.839203 191.689438 
487.472534 199.996902 
486.464722 176.301102 
486.049286 176.907928 
451.627289 182.800873 
445.156433 195.985825 
258.718750 195.151413 
310.561890 342.239441 
265.538574 236.212158 
444.037384 192.521576 
413.988464 190.716995 
448.416779 310.961243 
436.197662 185.156250 
454.004517 197.295837 
429.767059 202.466522 
374.269623 252.218948 
290.416107 188.581863 
476.443207 210.209229 
324.199127 177.871887 
498.542267 299.490753 
459.326447 192.087021 
256.686829 195.607056 
422.377289 195.807526 
483.046143 210.592773 
314.019531 217.237885 
309.479492 341.615753 
35.489822 353.293671 
247.564331 178.685577 
483.727081 309.583801 
310.490570 269.410095 
282.158936 164.509048 
452.242096 180.824448 
248.618805 179.863693 
279.952209 208.148148 
439.715118 206.709900 
499.006378 212.602310 
340.156311 279.749146 
433.092773 216.191467 
66.301460 330.230743 
491.947266 231.499207 
265.508423 352.481445 
143.783813 93.795677 
244.444305 224.728958 
269.056030 149.507660 
299.278595 110.299019 
266.267609 139.225967 
266.794281 139.591690 
385.506989 388.852295 
459.509827 220.808990 
506.246124 213.313507 
262.757385 348.520966 
428.378082 302.627380 
428.527954 302.306549 
416.836914 261.113037 
416.237305 261.594849 
278.460114 209.986755 
450.317719 186.563080 
475.378906 211.698151 
257.983459 224.956467 
307.286835 341.231964 
423.488770 190.728790 
438.820221 223.463730 
444.152191 217.529251 
183.070358 329.747833 
469.155701 214.632385 
483.028961 177.141296 
444.661041 176.707947 
457.462158 212.850571 
580.952148 268.621552 
51.317047 311.106567 
460.693756 221.403214 
460.952057 221.133881 
245.524445 227.177521 
479.391998 207.700485 
456.580750 212.277695 
428.048187 186.232880 
294.897858 201.270309 
272.651001 143.708038 
514.719055 217.582260 
447.103516 193.067688 
480.066711 231.884491 
478.496979 207.500641 
415.594452 209.087570 
251.949646 196.152786 
422.419647 213.563156 
314.637177 277.512238 
419.208984 232.677444 
509.031677 208.939148 
292.807129 200.391083 
340.748169 206.664093 
487.801453 307.548828 
435.014587 183.570938 
418.733673 228.432098 
417.569427 195.231064 
415.159454 199.998611 
466.145966 207.142761 
421.994202 232.669220 
482.965668 204.144958 
416.611938 192.561844 
311.194824 213.866119 
291.116333 186.837341 
407.924438 201.230774 
444.916168 284.736786 
411.226440 298.855438 
410.081940 198.691895 
268.208344 107.741394 
258.733765 155.791290 
419.756073 298.180908 
418.688660 232.780334 
469.019379 211.364059 
256.950317 148.536880 
250.281219 175.976105 
460.489410 206.868530 
309.483643 345.343719 
504.181641 296.532776 
238.560867 182.934814 
460.244781 269.729584 
460.160126 269.354584 
158.214218 154.563004 
499.224030 213.309479 
256.873901 197.485184 
427.357513 267.696564 
527.138489 233.871750 
453.614594 285.089844 
313.912750 364.059143 
347.606354 231.717026 
267.910004 144.536240 
403.990906 201.044083 
472.496033 238.946793 
328.258392 165.703430 
472.051117 269.949310 
525.083252 236.773621 
521.948303 289.023529 
417.463348 229.224258 
502.595276 214.078186 
217.147476 245.951736 
432.838196 223.042953 
487.964142 233.269318 
482.200562 208.129578 
304.278687 172.631882 
471.837097 238.041641 
388.035309 260.475006 
514.521362 215.660385 
486.983704 253.691315 
477.616577 200.449936 
238.871078 327.525055 
452.379303 210.324860 
505.231506 298.982269 
536.146851 257.160156 
271.679596 154.417725 
107.054947 218.905670 
507.211823 297.588684 
405.927979 207.468094 
416.721466 199.691833 
412.924469 229.103012 
448.348572 216.112732 
304.012665 110.733940 
360.613831 215.802948 
448.063782 223.600327 
401.723145 209.547394 
228.370865 181.848770 
204.949081 192.177109 
471.290375 273.976135 
523.171631 279.425781 
445.319153 214.910843 
498.182983 310.788849 
342.228333 213.336273 
260.980621 154.895264 
461.142151 288.183105 
406.017578 226.780914 
409.130341 226.773300 
495.669281 216.525818 
471.862610 210.279297 
506.526459 299.599945 
313.881561 174.472549 
408.516357 227.614761 
486.680603 261.664093 
467.175232 239.234482 
416.611420 212.894913 
230.889572 337.555359 
253.056992 329.753937 
412.498444 297.045227 
415.355957 212.548492 
471.390228 217.741226 
449.728516 207.182205 
265.369873 211.902954 
85.591255 314.312164 
412.948944 222.443085 
430.991577 222.423874 
511.662964 242.092026 
502.442902 276.652527 
426.187927 267.344818 
426.391754 218.945129 
395.746338 217.423294 
342.628479 214.159790 
400.218170 237.097610 
319.754364 95.937675 
319.661346 95.796295 
535.774902 263.669952 
388.617706 242.273865 
207.356964 193.788300 
246.267273 187.612473 
438.124786 218.982147 
257.836914 149.130630 
453.532776 219.568619 
43.104763 347.265991 
484.324890 255.572250 
267.437561 155.548752 
203.508667 191.379761 
244.346237 339.794830 
234.962738 186.864227 
234.052368 186.844788 
522.760193 233.210480 
309.960236 270.835297 
472.706482 219.916321 
424.614136 234.329758 
402.699066 208.518265 
460.109894 223.441711 
405.923157 214.109802 
280.849182 331.136444 
420.224854 228.400513 
460.400543 224.241867 
222.885727 206.522629 
428.612762 300.985748 
465.665558 270.771729 
311.098297 278.970520 
418.791931 303.623016 
469.757233 260.276428 
447.259308 224.446945 
485.081207 308.809601 
254.908752 176.865677 
422.429169 188.994843 
223.787094 229.705475 
419.486359 305.191406 
477.420166 250.447815 
433.909882 243.415894 
463.117126 220.887161 
313.052399 175.205338 
401.303070 220.344070 
443.335907 220.590134 
268.604980 226.826324 
454.216064 202.652359 
407.555786 229.525131 
205.847992 344.573761 
403.544800 229.720947 
499.867218 298.485077 
246.188156 181.979462 
466.228546 274.259338 
433.529907 183.404251 
491.950867 268.080566 
278.889557 208.209000 
512.616333 268.227478 
512.920471 268.299927 
326.548431 341.158569 
475.441101 245.267715 
511.643127 241.435455 
450.497864 227.566467 
402.499420 291.485138 
402.332275 291.567352 
454.447449 243.365128 
241.950378 190.879517 
402.895203 236.330093 
53.364643 318.776611 
495.019745 238.501221 
50.703453 340.091034 
438.222473 312.612915 
405.744080 231.668915 
419.101959 300.872528 
484.597961 314.025482 
185.139893 330.367493 
212.306519 197.018814 
174.709518 325.050964 
251.032196 144.085281 
487.824249 229.451370 
317.758575 130.700211 
491.574768 247.817764 
282.265472 334.434967 
400.891785 205.119644 
394.284607 229.703232 
418.860779 304.812012 
464.767517 224.417969 
534.733276 260.395813 
498.888885 270.644104 
396.727997 246.010208 
487.452209 253.028503 
424.011810 269.842285 
349.419922 337.304108 
309.510864 180.676666 
328.449921 168.414185 
478.555328 176.818970 
429.029053 222.890533 
436.631714 234.182556 
394.972443 222.497009 
465.853638 271.246643 
158.321884 244.900146 
478.835693 334.513428 
322.777039 177.062225 
264.771454 210.830200 
453.839996 277.710266 
485.523224 177.531418 
229.387512 340.233215 
538.750854 244.507172 
446.061829 239.059998 
216.487518 101.692818 
291.446747 267.140533 
443.379181 221.279144 
450.449097 228.160751 
438.664948 254.334351 
222.881027 182.005325 
243.310181 174.943420 
24.693386 360.296051 
212.991806 206.734222 
512.354248 245.743256 
475.863342 253.342041 
315.711670 130.612549 
477.390442 227.550339 
131.110336 184.489380 
265.331665 230.575470 
214.753464 207.627533 
237.224060 182.103546 
402.649292 259.199219 
455.690308 243.086426 
455.071899 242.241531 
153.054504 237.520538 
221.067032 207.892120 
500.560760 309.590607 
280.938660 202.224579 
400.301025 236.820160 
408.675995 257.622620 
197.745178 99.763084 
197.236649 99.932396 
424.399963 298.752716 
147.708893 293.711029 
295.071320 272.213715 
499.885529 184.956970 
487.734802 230.163132 
511.354248 245.172775 
253.690491 342.409698 
332.347473 206.930939 
347.521667 214.713257 
511.889191 239.668869 
436.332794 226.580765 
473.180206 233.610489 
443.766174 179.342789 
518.380188 200.094986 
485.245789 248.577927 
429.653961 221.737976 
514.523560 245.769791 
349.027679 250.185608 
313.609283 181.475815 
232.588531 349.782196 
388.214417 248.434021 
509.712402 256.410950 
252.255768 144.357269 
273.790741 155.310440 
469.286804 270.763550 
419.731842 299.375549 
419.169769 299.256226 
390.149139 267.183411 
480.591888 244.550018 
253.284683 144.549728 
505.023224 240.162720 
440.574432 311.511627 
521.098816 436.673004 
291.362885 271.535370 
505.428192 239.228439 
418.532318 299.344330 
311.756226 322.241821 
426.050293 298.880707 
229.880875 334.217041 
479.827209 253.257080 
385.376678 251.718582 
62.515888 302.346313 
465.590759 224.269592 
508.143158 300.768555 
409.823242 257.302277 
469.780518 233.442810 
486.379242 306.525238 
409.789520 256.887695 
469.825623 224.688889 
480.371521 260.497803 
496.405548 234.997147 
218.060318 203.691299 
438.886658 253.850357 
459.515350 255.202072 
203.799118 346.088409 
310.100525 280.176117 
287.366882 198.124771 
248.242371 331.843353 
335.565430 203.847122 
202.568741 183.517029 
472.622803 248.342728 
439.229095 312.864929 
187.810043 343.291260 
391.235626 338.290131 
82.408714 292.985931 
506.726135 189.606094 
413.144165 285.468048 
227.957962 197.168549 
219.839111 206.212524 
249.066437 184.639572 
258.415588 138.795425 
441.384216 247.557892 
315.625214 276.738953 
193.616302 200.926468 
298.077087 336.358917 
340.176147 280.404053 
471.397339 316.405701 
272.889160 242.952789 
391.873352 273.743988 
402.172668 214.032516 
224.616959 346.472870 
433.457458 240.750488 
242.827835 221.369110 
338.360077 211.904373 
244.765274 226.597412 
289.654449 165.507187 
477.733826 228.211914 
501.057495 237.635727 
237.476105 189.229248 
237.628998 189.552307 
443.860321 250.403015 
268.198914 146.101501 
303.755005 172.485596 
139.388260 278.842712 
241.297592 266.091553 
462.919373 254.995239 
313.334686 180.378937 
374.126892 331.895782 
288.943878 151.986130 
387.227631 248.498947 
320.210510 336.834473 
233.482452 335.916534 
