977
197.044449 342.822021 
419.682129 251.700699 
207.609894 295.163055 
205.427017 291.283447 
197.543396 343.638153 
198.843536 329.176910 
209.566635 339.765747 
419.682129 251.700699 
419.682129 251.700699 
403.789062 304.167999 
207.609894 295.163055 
205.539673 329.568970 
198.843536 329.176910 
545.541748 268.300659 
197.543396 343.638153 
205.238251 275.376923 
193.632141 275.636108 
209.566635 339.765747 
364.870392 279.841888 
265.609833 326.085663 
265.609833 326.085663 
185.694504 350.633636 
186.582840 274.198212 
196.484055 348.327026 
185.694504 350.633636 
403.789062 304.167999 
186.202103 350.941071 
207.985184 327.325928 
185.694504 350.633636 
191.456467 326.652039 
209.566635 339.765747 
364.870392 279.841888 
205.238251 275.376923 
251.389008 331.942474 
205.351898 292.775299 
185.694504 350.633636 
403.127869 353.523193 
204.487411 328.955719 
403.127869 353.523193 
419.682129 251.700699 
380.205597 319.302277 
204.487411 328.955719 
207.985184 327.325928 
205.238251 275.376923 
190.683014 352.913879 
207.609894 295.163055 
205.238251 275.376923 
207.985184 327.325928 
408.655121 325.202332 
190.124863 345.077972 
304.174988 287.569550 
419.682129 251.700699 
201.723633 289.286713 
376.331482 288.722931 
300.781281 242.895340 
458.328766 253.516464 
376.331482 288.722931 
385.029602 319.465302 
251.389008 331.942474 
405.806183 307.378815 
190.504120 340.453247 
190.683014 352.913879 
355.818695 299.671722 
190.124863 345.077972 
190.504120 340.453247 
202.460770 328.256866 
352.897003 323.230255 
294.655731 235.543762 
207.985184 327.325928 
408.928589 307.206085 
403.919312 279.146729 
182.179459 340.368958 
207.505112 338.500732 
403.919312 279.146729 
259.351898 333.707245 
408.655121 325.202332 
352.897003 323.230255 
400.876801 288.905487 
195.362717 324.430603 
190.124863 345.077972 
198.843536 329.176910 
376.331482 288.722931 
264.257721 346.284668 
355.568024 349.819427 
204.487411 328.955719 
191.338501 340.765930 
376.331482 288.722931 
376.331482 288.722931 
376.331482 288.722931 
376.331482 288.722931 
355.818695 299.671722 
185.694504 350.633636 
198.843536 329.176910 
403.789062 304.167999 
376.331482 288.722931 
186.332779 342.689575 
205.238251 275.376923 
280.231781 117.892525 
405.806183 307.378815 
185.694504 350.633636 
267.950623 347.949738 
204.703690 284.965607 
204.703690 284.965607 
355.818695 299.671722 
190.683014 352.913879 
198.843536 329.176910 
185.694504 350.633636 
207.985184 327.325928 
202.460770 328.256866 
403.789062 304.167999 
355.748291 306.232269 
198.843536 329.176910 
413.781006 297.412506 
205.238251 275.376923 
205.238251 275.376923 
205.238251 275.376923 
376.331482 288.722931 
376.331482 288.722931 
419.682129 251.700699 
195.362717 324.430603 
205.129211 345.813446 
352.041565 304.346313 
379.575317 318.479156 
211.354019 343.440460 
209.566635 339.765747 
304.617584 237.431519 
403.127869 353.523193 
202.460770 328.256866 
300.781281 242.895340 
376.331482 288.722931 
265.766724 342.546356 
403.919312 279.146729 
262.864563 300.857666 
248.871353 375.912811 
211.354019 343.440460 
400.876801 288.905487 
355.818695 299.671722 
183.336731 347.722656 
403.919312 279.146729 
302.044342 238.210922 
419.682129 251.700699 
383.844543 326.925690 
198.843536 329.176910 
379.575317 318.479156 
195.362717 324.430603 
405.806183 307.378815 
419.682129 251.700699 
197.044449 342.822021 
302.044342 238.210922 
247.361862 375.120392 
198.843536 329.176910 
198.813080 318.479645 
202.148453 294.044647 
204.703690 284.965607 
202.460770 328.256866 
191.456467 326.652039 
191.456467 326.652039 
376.331482 288.722931 
403.919312 279.146729 
202.460770 328.256866 
197.044449 342.822021 
302.044342 238.210922 
205.129211 345.813446 
383.844543 326.925690 
403.919312 279.146729 
205.238251 275.376923 
300.781281 242.895340 
405.806183 307.378815 
203.525452 327.405884 
408.788788 286.072083 
265.766724 342.546356 
136.372711 375.924713 
403.247192 355.820496 
202.460770 328.256866 
205.238251 275.376923 
323.159027 328.953766 
358.390350 345.183838 
198.843536 329.176910 
364.486084 300.475616 
376.663971 332.397888 
207.985184 327.325928 
408.788788 286.072083 
422.948303 97.154472 
385.029602 319.465302 
355.818695 299.671722 
386.823059 327.706390 
408.655121 325.202332 
205.238251 275.376923 
202.460770 328.256866 
358.390350 345.183838 
195.362717 324.430603 
214.830399 287.970703 
214.830399 287.970703 
386.823059 327.706390 
403.374390 345.103241 
259.351898 333.707245 
259.351898 333.707245 
205.238251 275.376923 
183.059372 299.745453 
376.331482 288.722931 
380.205597 319.302277 
403.919312 279.146729 
207.985184 327.325928 
413.781006 297.412506 
190.124863 345.077972 
414.789185 313.821014 
413.781006 297.412506 
408.788788 286.072083 
408.928589 307.206085 
190.124863 345.077972 
408.788788 286.072083 
198.843536 329.176910 
203.525452 327.405884 
195.362717 324.430603 
265.609833 326.085663 
205.238251 275.376923 
408.788788 286.072083 
201.723633 289.286713 
204.703690 284.965607 
202.460770 328.256866 
386.823059 327.706390 
386.823059 327.706390 
376.663971 332.397888 
382.839813 328.111328 
207.985184 327.325928 
251.657089 320.614502 
419.682129 251.700699 
283.794952 365.737396 
261.363098 343.800140 
376.331482 288.722931 
304.792328 240.925873 
248.847427 334.086578 
405.806183 307.378815 
408.788788 286.072083 
376.331482 288.722931 
190.124863 345.077972 
370.295715 277.331146 
355.818695 299.671722 
408.928589 307.206085 
376.331482 288.722931 
201.637100 315.316467 
408.655121 325.202332 
355.818695 299.671722 
205.394409 302.118652 
383.844543 326.925690 
407.696106 329.658264 
404.854767 345.951233 
423.600891 340.840973 
302.542786 245.741150 
373.921539 336.476776 
408.788788 286.072083 
419.682129 251.700699 
376.331482 288.722931 
211.354019 343.440460 
373.484131 331.463623 
358.993134 350.694336 
408.788788 286.072083 
404.854767 345.951233 
195.362717 324.430603 
202.460770 328.256866 
394.685272 306.401550 
252.378159 352.400543 
186.582840 274.198212 
376.331482 288.722931 
249.692505 359.673065 
283.699646 107.212868 
376.663971 332.397888 
394.685272 306.401550 
204.703690 284.965607 
403.919312 279.146729 
205.129211 345.813446 
205.129211 345.813446 
272.693756 345.951721 
181.655960 345.577484 
355.568024 349.819427 
355.568024 349.819427 
368.741547 307.393341 
204.703690 284.965607 
202.148453 294.044647 
372.202057 304.572998 
395.124359 344.894287 
376.663971 332.397888 
252.378159 352.400543 
376.663971 332.397888 
423.600891 340.840973 
249.693100 363.565186 
408.655121 325.202332 
252.586868 307.369873 
413.251312 251.592102 
403.127869 353.523193 
357.744385 293.540100 
357.744385 293.540100 
376.663971 332.397888 
385.029602 319.465302 
207.985184 327.325928 
376.331482 288.722931 
198.980042 354.637207 
403.919312 279.146729 
423.600891 340.840973 
207.985184 327.325928 
411.799591 312.111694 
369.535522 296.224060 
408.788788 286.072083 
369.535522 296.224060 
204.703690 284.965607 
363.825928 300.113281 
414.789185 313.821014 
372.202057 304.572998 
395.124359 344.894287 
403.374390 345.103241 
380.205597 319.302277 
392.766876 316.457886 
376.331482 288.722931 
374.958344 298.292542 
315.266479 51.996208 
202.292984 305.543213 
202.292984 305.543213 
285.074493 375.733887 
403.919312 279.146729 
352.041565 304.346313 
379.575317 318.479156 
370.295715 277.331146 
394.685272 306.401550 
205.238251 275.376923 
302.542786 245.741150 
205.238251 275.376923 
258.257019 357.135864 
198.843536 329.176910 
238.296249 295.428131 
397.636169 304.542816 
409.508331 285.377747 
419.682129 251.700699 
208.833740 371.714569 
380.205597 319.302277 
541.797180 385.212067 
257.537933 308.488861 
198.813080 318.479645 
413.781006 297.412506 
405.806183 307.378815 
422.032227 343.796844 
422.032227 343.796844 
295.636719 256.559021 
352.897003 323.230255 
183.059372 299.745453 
393.455719 310.871674 
249.127777 319.922211 
249.127777 319.922211 
258.257019 357.135864 
262.996124 309.780701 
303.255066 246.260147 
393.455719 310.871674 
407.696106 329.658264 
372.202057 304.572998 
273.984528 347.907684 
208.723297 352.273865 
424.327423 306.544495 
395.124359 344.894287 
353.355286 346.732574 
193.632141 275.636108 
193.632141 275.636108 
403.374390 345.103241 
408.655121 325.202332 
208.723297 352.273865 
368.134918 288.935455 
272.320007 242.927094 
323.073639 329.253815 
255.280670 279.873871 
205.394409 302.118652 
355.818695 299.671722 
248.847427 334.086578 
256.850464 333.368591 
273.094238 241.154358 
246.311981 332.891083 
376.331482 288.722931 
380.205597 319.302277 
265.275726 377.228607 
403.919312 279.146729 
403.247192 355.820496 
278.203339 250.621613 
403.247192 355.820496 
376.331482 288.722931 
347.248444 338.256439 
186.332779 342.689575 
407.834503 280.972107 
321.291016 330.338623 
372.202057 304.572998 
205.394409 302.118652 
242.661163 297.496521 
380.205597 319.302277 
403.919312 279.146729 
400.876801 288.905487 
352.897003 323.230255 
251.657089 320.614502 
376.331482 288.722931 
380.205597 319.302277 
246.073593 315.798401 
376.331482 288.722931 
198.980042 354.637207 
249.447952 367.988342 
368.526184 348.487946 
395.124359 344.894287 
246.073593 315.798401 
192.016968 353.330322 
367.872803 287.279388 
352.897003 323.230255 
155.026962 377.917389 
211.363480 368.484924 
283.794952 365.737396 
249.692505 359.673065 
352.897003 323.230255 
376.331482 288.722931 
376.331482 288.722931 
423.600891 340.840973 
246.311981 332.891083 
386.823059 327.706390 
380.205597 319.302277 
408.655121 325.202332 
265.766724 342.546356 
256.479156 356.596985 
272.465576 311.330994 
208.237732 272.272766 
368.134918 288.935455 
208.833740 371.714569 
423.067322 306.201538 
251.657089 320.614502 
408.655121 325.202332 
300.781281 242.895340 
251.657089 320.614502 
196.698883 351.862732 
306.310608 236.740952 
368.134918 288.935455 
362.175812 310.822388 
407.696106 329.658264 
364.486084 300.475616 
364.486084 300.475616 
205.727768 311.236725 
403.247192 355.820496 
208.833740 371.714569 
207.609894 295.163055 
219.913010 280.793304 
410.451019 311.733429 
376.663971 332.397888 
359.494751 308.848114 
265.275726 377.228607 
376.331482 288.722931 
208.723297 352.273865 
208.150299 322.538208 
198.813080 318.479645 
370.295715 277.331146 
370.295715 277.331146 
352.041565 304.346313 
205.238251 275.376923 
411.211975 354.620850 
423.600891 340.840973 
352.897003 323.230255 
394.685272 306.401550 
198.813080 318.479645 
265.766724 342.546356 
262.447113 305.292755 
202.148453 294.044647 
400.041229 351.123871 
273.795227 348.444397 
214.536041 297.156616 
205.238251 275.376923 
408.655121 325.202332 
352.041565 304.346313 
359.494751 308.848114 
359.494751 308.848114 
205.238251 275.376923 
205.238251 275.376923 
215.937546 324.588959 
352.897003 323.230255 
265.766724 342.546356 
283.699493 252.027328 
285.074493 375.733887 
414.789185 313.821014 
192.016968 353.330322 
251.657089 320.614502 
377.543060 275.396301 
379.575317 318.479156 
379.575317 318.479156 
272.465576 311.330994 
246.073593 315.798401 
419.682129 251.700699 
368.134918 288.935455 
201.637100 315.316467 
259.570435 305.029816 
330.051819 290.620667 
330.051819 290.620667 
254.086655 353.941528 
205.129211 345.813446 
602.828491 340.940582 
328.809540 291.848175 
205.394409 302.118652 
407.696106 329.658264 
407.696106 329.658264 
258.257019 357.135864 
391.084717 308.738617 
273.094238 241.154358 
304.174988 287.569550 
392.766876 316.457886 
195.968704 359.458282 
212.205154 275.813934 
359.494751 308.848114 
419.682129 251.700699 
406.441040 291.514343 
355.748291 306.232269 
195.968704 359.458282 
373.921539 336.476776 
404.854767 345.951233 
407.834503 280.972107 
373.921539 336.476776 
350.179626 341.556335 
207.985184 327.325928 
242.661163 297.496521 
403.374390 345.103241 
369.535522 296.224060 
201.723633 289.286713 
213.512238 285.464783 
305.822418 287.853333 
279.872650 381.492157 
403.919312 279.146729 
458.328766 253.516464 
359.494751 308.848114 
195.968704 359.458282 
367.250946 348.861877 
359.161926 287.481934 
279.415741 308.770142 
386.823059 327.706390 
192.016968 353.330322 
294.655731 235.543762 
275.742767 232.932190 
290.535217 316.536621 
409.508331 285.377747 
329.892487 336.826294 
368.526184 348.487946 
395.124359 344.894287 
395.124359 344.894287 
215.045853 364.411438 
323.159027 328.953766 
175.013901 321.380127 
408.655121 325.202332 
242.661163 297.496521 
252.702133 368.195099 
376.663971 332.397888 
259.351898 333.707245 
353.355286 346.732574 
364.486084 300.475616 
282.422852 365.721008 
262.447113 305.292755 
387.356964 324.087311 
201.723633 289.286713 
372.202057 304.572998 
202.292984 305.543213 
279.415741 308.770142 
203.222656 346.846619 
203.222656 346.846619 
208.833740 371.714569 
355.748291 306.232269 
393.455719 310.871674 
186.582840 274.198212 
298.197021 295.999817 
192.950821 301.404633 
359.494751 308.848114 
359.494751 308.848114 
184.889374 301.915558 
205.394409 302.118652 
148.840317 384.384521 
245.853302 297.933990 
204.703690 284.965607 
414.789185 313.821014 
353.355286 346.732574 
277.288116 372.828369 
352.041565 304.346313 
403.127869 353.523193 
249.693100 363.565186 
275.742767 232.932190 
403.374390 345.103241 
285.218933 367.446014 
285.218933 367.446014 
245.183929 296.580627 
284.910614 368.835632 
376.663971 332.397888 
258.257019 357.135864 
245.183929 296.580627 
370.295715 277.331146 
219.913010 280.793304 
205.129211 345.813446 
203.915756 354.992645 
568.231140 356.728210 
212.205154 275.813934 
208.723297 352.273865 
258.257019 357.135864 
184.889374 301.915558 
199.187668 357.092712 
208.237732 272.272766 
278.581116 382.313110 
279.872650 381.492157 
262.447113 305.292755 
364.486084 300.475616 
208.150299 322.538208 
202.956192 324.243317 
204.703690 284.965607 
215.937546 324.588959 
205.238251 275.376923 
330.051819 290.620667 
369.535522 296.224060 
198.980042 354.637207 
242.661163 297.496521 
259.570435 305.029816 
258.257019 357.135864 
186.582840 274.198212 
268.464996 348.248108 
262.864563 300.857666 
408.788788 286.072083 
251.657089 320.614502 
148.955429 374.377319 
215.519638 369.558319 
275.182678 313.496521 
259.351898 333.707245 
259.570435 305.029816 
174.806824 365.192230 
355.748291 306.232269 
262.996124 309.780701 
376.663971 332.397888 
328.809540 291.848175 
265.766724 342.546356 
369.535522 296.224060 
350.448029 308.054718 
397.636169 304.542816 
392.766876 316.457886 
255.886337 291.123444 
237.597549 319.619812 
174.806824 365.192230 
267.675720 377.951355 
257.856049 369.658691 
517.176697 45.398132 
413.548187 343.951477 
174.806824 365.192230 
211.363480 368.484924 
189.860718 298.760315 
249.447952 367.988342 
211.363480 368.484924 
279.872650 381.492157 
279.872650 381.492157 
396.492493 304.135803 
184.889374 301.915558 
208.723297 352.273865 
352.041565 304.346313 
359.494751 308.848114 
407.834503 280.972107 
350.448029 308.054718 
543.224304 341.071991 
272.784607 301.665405 
286.089935 253.051483 
197.988770 362.006165 
390.650421 359.183868 
562.523560 139.275360 
247.827133 293.312622 
269.960602 356.811340 
249.127777 319.922211 
423.600891 340.840973 
196.484055 348.327026 
364.486084 300.475616 
352.897003 323.230255 
458.328766 253.516464 
195.968704 359.458282 
285.218933 367.446014 
208.833740 371.714569 
318.390167 339.623230 
248.847427 334.086578 
251.657089 320.614502 
318.390167 339.623230 
362.799438 309.645020 
205.727768 311.236725 
318.390167 339.623230 
205.129211 345.813446 
407.696106 329.658264 
368.134918 288.935455 
279.872650 381.492157 
283.699493 252.027328 
543.224304 341.071991 
323.159027 328.953766 
252.702133 368.195099 
248.847427 334.086578 
242.661163 297.496521 
296.255249 247.406830 
214.830399 287.970703 
205.238251 275.376923 
406.441040 291.514343 
362.175812 310.822388 
202.486710 356.562408 
263.898956 356.782593 
208.723297 352.273865 
211.363480 368.484924 
280.412079 246.295883 
424.327423 306.544495 
543.224304 341.071991 
246.073593 315.798401 
355.748291 306.232269 
259.570435 305.029816 
258.257019 357.135864 
255.280670 279.873871 
251.657089 320.614502 
363.825928 300.113281 
270.398193 299.343292 
363.825928 300.113281 
272.784607 301.665405 
257.856049 369.658691 
216.463898 326.652435 
251.657089 320.614502 
243.409821 313.213715 
271.272858 381.452637 
271.272858 381.452637 
398.177765 323.628296 
198.991058 315.641541 
364.810608 349.282043 
245.853302 297.933990 
543.224304 341.071991 
403.127869 353.523193 
304.617584 237.431519 
562.523560 139.275360 
364.486084 300.475616 
278.203339 250.621613 
342.147919 330.466248 
265.275726 377.228607 
197.044449 342.822021 
247.827133 293.312622 
362.799438 309.645020 
278.203339 250.621613 
405.219940 359.315430 
414.789185 313.821014 
243.409821 313.213715 
199.187668 357.092712 
199.187668 357.092712 
396.492493 304.135803 
41.552135 352.465088 
262.864563 300.857666 
408.655121 325.202332 
234.164398 309.777374 
368.134918 288.935455 
205.238251 275.376923 
237.597549 319.619812 
115.792732 375.786163 
231.169373 324.555511 
350.448029 308.054718 
198.980042 354.637207 
205.539673 329.568970 
265.609833 326.085663 
251.657089 320.614502 
304.174988 287.569550 
271.671600 382.415222 
208.150299 322.538208 
262.864563 300.857666 
248.382355 367.854706 
195.377869 357.925201 
362.799438 309.645020 
77.709435 72.798409 
186.582840 274.198212 
265.609833 326.085663 
283.699646 107.212868 
364.810608 349.282043 
262.185944 381.380707 
342.147919 330.466248 
205.727768 311.236725 
288.280090 257.244385 
41.552135 352.465088 
205.238251 275.376923 
458.328766 253.516464 
302.542786 245.741150 
562.523560 139.275360 
211.363480 368.484924 
212.205154 275.813934 
562.523560 139.275360 
405.219940 359.315430 
248.382355 367.854706 
247.827133 293.312622 
251.657089 320.614502 
271.272858 381.452637 
208.833740 371.714569 
405.806183 307.378815 
248.382355 367.854706 
186.582840 274.198212 
205.238251 275.376923 
422.032227 343.796844 
247.827133 293.312622 
242.661163 297.496521 
405.219940 359.315430 
189.860718 298.760315 
199.187668 357.092712 
377.543060 275.396301 
285.218933 367.446014 
422.032227 343.796844 
422.032227 343.796844 
278.295593 243.367035 
242.661163 297.496521 
367.180267 349.933533 
258.257019 357.135864 
405.219940 359.315430 
193.632141 275.636108 
193.632141 275.636108 
162.350021 374.705231 
265.766724 342.546356 
268.908752 375.432495 
200.683167 360.400238 
265.766724 342.546356 
245.183929 296.580627 
257.537933 308.488861 
271.975677 299.151337 
237.597549 319.619812 
219.913010 280.793304 
261.900177 369.621674 
350.448029 308.054718 
294.655731 235.543762 
246.715332 316.102631 
390.650421 359.183868 
426.052399 342.601044 
271.272858 381.452637 
243.409821 313.213715 
242.661163 297.496521 
242.661163 297.496521 
196.698883 351.862732 
255.000092 305.992401 
364.486084 300.475616 
259.570435 305.029816 
174.806824 365.192230 
212.205154 275.813934 
306.310608 236.740952 
266.223602 360.906525 
258.257019 357.135864 
272.784607 301.665405 
212.205154 275.813934 
207.609894 295.163055 
207.609894 295.163055 
279.415741 308.770142 
270.398193 299.343292 
269.960602 356.811340 
398.177765 323.628296 
271.272858 240.619354 
255.000092 305.992401 
236.950104 289.426849 
189.432739 272.102356 
189.432739 272.102356 
252.702133 368.195099 
208.723297 352.273865 
408.788788 286.072083 
283.699493 252.027328 
265.766724 342.546356 
251.657089 320.614502 
430.533142 329.539062 
306.310608 236.740952 
262.864563 300.857666 
458.328766 253.516464 
279.008850 243.936813 
287.053528 371.520782 
311.964844 286.139801 
279.872650 381.492157 
252.378159 352.400543 
191.456467 326.652039 
264.062805 355.250702 
264.062805 355.250702 
359.602478 288.129883 
189.432739 272.102356 
279.072571 247.840500 
272.784607 301.665405 
257.856049 369.658691 
393.455719 310.871674 
238.296249 295.428131 
190.683014 352.913879 
272.006531 381.548065 
263.789093 268.972565 
350.448029 308.054718 
249.111343 366.081696 
279.872650 381.492157 
279.872650 381.492157 
388.671021 364.003204 
205.727768 311.236725 
208.833740 371.714569 
589.880920 393.475891 
280.880310 313.529480 
269.960602 356.811340 
543.224304 341.071991 
388.671021 364.003204 
198.813080 318.479645 
236.208267 288.344360 
219.165634 281.647644 
279.415741 308.770142 
202.486710 356.562408 
204.622238 275.942017 
430.533142 329.539062 
188.002426 320.712128 
255.280670 279.873871 
205.727768 311.236725 
192.950821 301.404633 
185.694504 350.633636 
208.723297 352.273865 
350.448029 308.054718 
189.860718 298.760315 
251.657089 320.614502 
264.062805 355.250702 
251.657089 320.614502 
208.150299 322.538208 
205.238251 275.376923 
426.052399 342.601044 
359.494751 308.848114 
265.766724 342.546356 
271.272858 381.452637 
263.789093 268.972565 
275.742767 232.932190 
192.723053 286.759857 
193.632141 275.636108 
202.292984 305.543213 
278.581116 382.313110 
543.224304 341.071991 
189.860718 298.760315 
270.398193 299.343292 
458.328766 253.516464 
207.609894 295.163055 
185.694504 350.633636 
360.581482 310.134735 
545.541748 268.300659 
265.766724 342.546356 
257.537933 308.488861 
261.718445 365.477997 
312.476654 332.592194 
207.985184 327.325928 
189.618500 299.595215 
318.390167 339.623230 
302.542786 245.741150 
268.592407 378.545135 
194.172867 330.455627 
249.447952 367.988342 
264.062805 355.250702 
189.618500 299.595215 
304.792328 240.925873 
262.864563 300.857666 
277.216858 292.431213 
296.255249 247.406830 
196.698883 351.862732 
262.447113 305.292755 
77.709435 72.798409 
543.224304 341.071991 
77.709435 72.798409 
255.000092 305.992401 
269.960602 356.811340 
270.398193 299.343292 
231.169373 324.555511 
210.992767 315.353668 
414.789185 313.821014 
186.582840 274.198212 
243.409821 313.213715 
422.032227 343.796844 
353.407898 285.559448 
458.328766 253.516464 
295.636719 256.559021 
30.349920 352.822479 
211.363480 368.484924 
272.693756 345.951721 
213.512238 285.464783 
187.235611 318.578247 
184.889374 301.915558 
185.694504 350.633636 
213.512238 285.464783 
186.332779 342.689575 
282.422852 365.721008 
282.422852 365.721008 
192.723053 286.759857 
205.394409 302.118652 
251.657089 320.614502 
344.757965 335.812622 
220.770432 286.241394 
408.788788 286.072083 
241.666901 317.171722 
358.993134 350.694336 
265.275726 377.228607 
255.000092 305.992401 
430.533142 329.539062 
