500
473.853546 176.087723 
287.064056 90.533890 
287.086761 90.585007 
472.971191 192.587036 
469.019379 211.364059 
163.096436 95.963226 
469.046783 193.166885 
484.797760 193.085327 
473.226471 191.528610 
488.975403 194.954147 
485.265594 194.785385 
580.952148 268.621552 
455.625458 219.855743 
530.106506 135.762344 
488.659576 197.813354 
469.155701 214.632385 
494.584747 183.104095 
273.146515 244.093445 
476.079529 184.352997 
476.886200 185.914627 
475.469971 194.861237 
472.969604 189.549072 
476.095398 181.783798 
322.303009 341.533569 
447.103516 193.067688 
413.988464 190.716995 
315.344543 216.925217 
482.839203 191.689438 
248.890060 105.679253 
452.510681 184.218277 
487.472534 199.996902 
461.142151 288.183105 
476.164917 183.115250 
311.098297 278.970520 
496.137543 184.266739 
197.745178 99.763084 
197.236649 99.932396 
437.614716 186.050339 
286.648590 109.533501 
424.241974 192.043777 
462.832916 174.176483 
299.278595 110.299019 
476.443207 210.209229 
422.377289 195.807526 
462.495209 187.076187 
484.442871 312.539062 
440.862640 201.382996 
237.705139 214.002701 
440.915924 189.734283 
93.125542 312.620483 
436.197662 185.156250 
415.893463 206.184464 
453.614594 285.089844 
234.488846 103.716522 
281.928375 223.974426 
256.686829 195.607056 
454.966095 201.647659 
437.175903 191.928864 
441.131744 198.994675 
264.771454 210.830200 
455.405304 200.519882 
429.767059 202.466522 
336.958557 320.503540 
439.715118 206.709900 
438.998138 200.919327 
451.627289 182.800873 
443.335907 220.590134 
415.594452 209.087570 
416.721466 199.691833 
258.718750 195.151413 
314.019531 217.237885 
392.253265 390.279602 
310.561890 342.239441 
342.228333 213.336273 
475.378906 211.698151 
444.737213 196.528961 
459.509827 220.808990 
483.046143 210.592773 
234.962738 186.864227 
234.052368 186.844788 
444.661041 176.707947 
486.379242 306.525238 
456.580750 212.277695 
374.269623 252.218948 
459.326447 192.087021 
480.698212 198.632751 
452.859650 178.872452 
92.511772 313.093292 
247.564331 178.685577 
460.693756 221.403214 
460.952057 221.133881 
342.628479 214.159790 
340.748169 206.664093 
486.464722 176.301102 
486.049286 176.907928 
224.376175 182.746857 
499.224030 213.309479 
415.159454 199.998611 
423.488770 190.728790 
347.521667 214.713257 
90.325943 309.339233 
452.242096 180.824448 
492.143829 193.491501 
340.178741 277.021362 
483.461273 190.355270 
322.834015 336.758362 
222.885727 206.522629 
493.707550 182.000778 
440.333740 200.796509 
85.591255 314.312164 
227.082504 189.261261 
236.434601 178.818359 
454.004517 197.295837 
236.753830 213.997253 
428.048187 186.232880 
479.391998 207.700485 
263.407043 351.104950 
535.774902 263.669952 
260.980621 154.895264 
65.506805 330.715607 
514.719055 217.582260 
311.756226 322.241821 
478.496979 207.500641 
309.960236 270.835297 
448.416779 310.961243 
407.924438 201.230774 
447.424133 196.111877 
412.948944 222.443085 
506.246124 213.313507 
482.965668 204.144958 
309.483643 345.343719 
280.849182 331.136444 
498.542267 299.490753 
309.479492 341.615753 
416.611938 192.561844 
426.050293 298.880707 
442.756683 209.873672 
435.014587 183.570938 
349.419922 337.304108 
257.983459 224.956467 
438.222473 312.612915 
237.476105 189.229248 
237.628998 189.552307 
51.317047 311.106567 
450.497864 227.566467 
310.490570 269.410095 
287.646698 109.720177 
248.618805 179.863693 
416.711823 193.745270 
292.807129 200.391083 
444.916168 284.736786 
428.378082 302.627380 
428.527954 302.306549 
534.733276 260.395813 
385.506989 388.852295 
477.616577 200.449936 
416.611420 212.894913 
335.565430 203.847122 
258.733765 155.791290 
409.823242 257.302277 
417.463348 229.224258 
268.208344 107.741394 
445.156433 195.985825 
290.416107 188.581863 
436.332794 226.580765 
499.006378 212.602310 
452.379303 210.324860 
460.489410 206.868530 
453.532776 219.568619 
321.234406 336.869720 
509.031677 208.939148 
419.756073 298.180908 
433.092773 216.191467 
445.319153 214.910843 
422.419647 213.563156 
402.699066 208.518265 
527.138489 233.871750 
417.569427 195.231064 
438.124786 218.982147 
514.521362 215.660385 
450.317719 186.563080 
228.370865 181.848770 
457.462158 212.850571 
265.508423 352.481445 
262.176422 209.362427 
410.081940 198.691895 
448.348572 216.112732 
262.757385 348.520966 
408.675995 257.622620 
289.654449 165.507187 
237.224060 182.103546 
415.355957 212.548492 
427.357513 267.696564 
482.200562 208.129578 
269.576904 237.892120 
238.754730 183.500412 
244.346237 339.794830 
495.669281 216.525818 
444.152191 217.529251 
311.549316 177.664429 
402.649292 259.199219 
466.145966 207.142761 
338.360077 211.904373 
487.801453 307.548828 
405.923157 214.109802 
487.964142 233.269318 
221.067032 207.892120 
307.286835 341.231964 
360.613831 215.802948 
272.845428 240.291275 
523.171631 279.425781 
505.231506 298.982269 
466.228546 274.259338 
477.733826 228.211914 
460.244781 269.729584 
460.160126 269.354584 
247.075500 177.787308 
283.830902 336.298309 
471.390228 217.741226 
422.766235 270.293579 
433.529907 183.404251 
444.037384 192.521576 
241.297592 266.091553 
522.760193 233.210480 
507.211823 297.588684 
402.499420 291.485138 
402.332275 291.567352 
401.723145 209.547394 
443.766174 179.342789 
438.820221 223.463730 
422.429169 188.994843 
287.366882 198.124771 
475.441101 245.267715 
400.301025 236.820160 
472.496033 238.946793 
536.146851 257.160156 
406.017578 226.780914 
487.452209 253.028503 
428.612762 300.985748 
256.950317 148.536880 
311.194824 213.866119 
454.447449 243.365128 
480.371521 260.497803 
288.636597 165.905716 
480.066711 231.884491 
226.979614 225.443069 
238.871078 327.525055 
467.175232 239.234482 
525.083252 236.773621 
485.081207 308.809601 
426.187927 267.344818 
405.495544 200.001221 
426.391754 218.945129 
107.054947 218.905670 
291.383606 162.534088 
506.526459 299.599945 
424.399963 298.752716 
432.838196 223.042953 
469.286804 270.763550 
405.927979 207.468094 
267.910004 144.536240 
43.104763 347.265991 
430.991577 222.423874 
498.182983 310.788849 
499.867218 298.485077 
418.733673 228.432098 
230.992279 228.521759 
447.259308 224.446945 
270.722290 238.181274 
504.181641 296.532776 
416.836914 261.113037 
416.237305 261.594849 
215.882553 188.698410 
448.063782 223.600327 
472.051117 269.949310 
400.218170 237.097610 
439.229095 312.864929 
505.023224 240.162720 
471.837097 238.041641 
407.555786 229.525131 
483.727081 309.583801 
420.224854 228.400513 
478.835693 334.513428 
424.011810 269.842285 
402.895203 236.330093 
246.188156 181.979462 
297.323303 272.483673 
334.189667 207.894043 
313.609283 181.475815 
446.061829 239.059998 
429.029053 222.890533 
251.949646 196.152786 
418.791931 303.623016 
265.369873 211.902954 
411.226440 298.855438 
491.947266 231.499207 
436.631714 234.182556 
486.983704 253.691315 
521.948303 289.023529 
208.493225 190.537430 
53.364643 318.776611 
471.862610 210.279297 
267.826630 240.537384 
454.216064 202.652359 
440.574432 311.511627 
449.728516 207.182205 
419.486359 305.191406 
453.839996 277.710266 
403.990906 201.044083 
66.301460 330.230743 
224.234619 228.316132 
224.722977 228.605118 
418.688660 232.780334 
418.860779 304.812012 
143.783813 93.795677 
326.548431 341.158569 
266.322754 229.384552 
203.508667 191.379761 
424.107605 388.581940 
213.125015 189.625305 
484.597961 314.025482 
385.376678 251.718582 
401.303070 220.344070 
460.400543 224.241867 
509.712402 256.410950 
464.767517 224.417969 
502.595276 214.078186 
412.498444 297.045227 
150.424469 245.650299 
336.647644 210.054214 
400.891785 205.119644 
225.126419 225.204132 
298.077087 336.358917 
463.117126 220.887161 
495.019745 238.501221 
204.949081 192.177109 
408.516357 227.614761 
505.428192 239.228439 
273.473755 245.118408 
455.690308 243.086426 
394.284607 229.703232 
409.130341 226.773300 
450.449097 228.160751 
511.643127 241.435455 
317.758575 130.700211 
419.711548 201.916061 
419.101959 300.872528 
24.693386 360.296051 
469.757233 260.276428 
131.110336 184.489380 
394.972443 222.497009 
183.070358 329.747833 
472.706482 219.916321 
403.544800 229.720947 
146.237244 223.127777 
501.057495 237.635727 
232.870010 213.045731 
433.909882 243.415894 
460.109894 223.441711 
208.481903 201.934921 
477.390442 227.550339 
486.680603 261.664093 
243.310181 174.943420 
205.847992 344.573761 
405.744080 231.668915 
402.172668 214.032516 
502.442902 276.652527 
487.824249 229.451370 
491.574768 247.817764 
294.897858 201.270309 
469.825623 224.688889 
519.484314 249.740601 
538.750854 244.507172 
408.818359 173.546967 
491.950867 268.080566 
252.255768 144.357269 
412.924469 229.103012 
521.098816 436.673004 
295.071320 272.213715 
319.754364 95.937675 
319.661346 95.796295 
244.765274 226.597412 
472.622803 248.342728 
216.487518 101.692818 
429.653961 221.737976 
396.727997 246.010208 
309.284515 185.201736 
471.290375 273.976135 
246.267273 187.612473 
279.952209 208.148148 
465.853638 271.246643 
483.702820 229.438843 
483.028961 177.141296 
438.664948 254.334351 
512.616333 268.227478 
512.920471 268.299927 
124.314796 151.877319 
248.387451 184.722076 
391.873352 273.743988 
253.284683 144.549728 
485.245789 248.577927 
433.457458 240.750488 
282.265472 334.434967 
428.754822 181.767380 
511.354248 245.172775 
473.180206 233.610489 
436.563263 178.632843 
514.523560 245.769791 
511.662964 242.092026 
322.777039 177.062225 
261.754883 137.618652 
507.156189 241.176178 
508.143158 300.768555 
291.446747 267.140533 
498.888885 270.644104 
409.789520 256.887695 
256.873901 197.485184 
144.913086 222.805923 
395.746338 217.423294 
511.889191 239.668869 
218.060318 203.691299 
496.405548 234.997147 
475.863342 253.342041 
265.331665 230.575470 
35.489822 353.293671 
249.066437 184.639572 
330.808289 213.296997 
90.779564 329.365723 
321.196320 175.709213 
193.616302 200.926468 
238.560867 182.934814 
250.281219 175.976105 
469.780518 233.442810 
210.208527 182.888443 
441.384216 247.557892 
292.345306 176.609634 
303.078644 183.588104 
303.812622 183.273132 
413.144165 285.468048 
421.994202 232.669220 
50.703453 340.091034 
291.116333 186.837341 
256.683990 263.601013 
265.538574 236.212158 
424.614136 234.329758 
374.126892 331.895782 
287.881500 161.794983 
149.909515 241.834595 
248.242371 331.843353 
150.315872 225.613251 
282.158936 164.509048 
232.588531 349.782196 
239.961395 170.336060 
477.420166 250.447815 
147.011581 224.228897 
82.408714 292.985931 
293.725952 207.161118 
455.071899 242.241531 
487.734802 230.163132 
468.920044 233.207108 
468.996887 233.351181 
512.354248 245.743256 
443.379181 221.279144 
419.208984 232.677444 
465.590759 224.269592 
246.308411 239.274460 
337.942261 204.963791 
434.975006 260.079742 
391.235626 338.290131 
332.347473 206.930939 
349.027679 250.185608 
475.633148 254.822800 
337.346588 264.702881 
130.192596 172.848450 
217.597763 201.334381 
251.032196 144.085281 
331.441345 231.310364 
465.665558 270.771729 
471.397339 316.405701 
148.199783 300.612213 
315.625214 276.738953 
308.614655 185.569000 
136.541428 283.195679 
288.943878 151.986130 
210.673325 196.873795 
224.527985 225.067307 
224.616959 346.472870 
389.558838 263.833923 
207.356964 193.788300 
418.532318 299.344330 
453.380463 231.897324 
304.278687 172.631882 
452.556030 247.821045 
436.167358 251.901321 
176.211807 224.552322 
419.731842 299.375549 
419.169769 299.256226 
139.388260 278.842712 
153.644501 228.653061 
219.839111 206.212524 
