977
183.804382 377.802979 
455.068207 342.446716 
183.632339 355.054443 
187.551010 344.203644 
201.888580 354.233765 
474.885437 353.741058 
182.874222 355.016663 
168.572586 376.126648 
199.626495 373.185028 
180.997238 380.169769 
174.182266 376.029114 
474.036407 304.229034 
179.221786 359.498108 
176.212692 356.503204 
160.827820 381.101807 
561.391541 380.204620 
179.408066 353.061859 
180.883301 381.634216 
201.333313 350.262390 
163.909729 369.471100 
484.635132 335.609222 
169.977524 350.174988 
202.059738 346.940918 
454.228973 342.563385 
165.345901 254.273209 
293.838654 356.901581 
156.752762 388.181458 
278.660339 356.914581 
493.226562 282.593628 
493.738495 282.562714 
493.691772 282.230225 
453.488281 280.163544 
202.460617 345.597168 
159.221039 395.460907 
441.052887 324.908142 
200.768799 292.602478 
175.502731 381.847687 
184.602325 346.087341 
520.489319 312.060913 
556.884705 317.222900 
488.023163 334.553619 
169.958832 376.653381 
160.345123 395.225372 
198.803955 391.750549 
470.643188 388.053162 
459.156311 312.292664 
449.022522 311.919434 
224.274246 211.492310 
557.849243 391.742737 
200.517227 291.422241 
510.776062 271.176941 
158.829666 396.187866 
169.511398 253.709763 
198.365494 354.511353 
200.285370 356.698517 
472.288635 341.331757 
186.348297 338.851410 
306.924774 201.599106 
464.430786 319.227570 
563.814270 381.771240 
190.028885 393.956909 
560.171204 380.292999 
185.172913 350.618103 
167.028854 374.535309 
571.215515 340.807800 
160.151596 387.487640 
179.002838 364.950348 
547.377747 286.696747 
161.907791 395.606842 
108.060860 419.468475 
267.323853 297.677490 
499.619965 320.581146 
125.999420 205.937637 
198.793396 302.439758 
197.552124 359.992523 
501.032593 299.844025 
305.476257 357.522644 
273.768005 308.895020 
303.551971 382.685303 
196.845337 359.792511 
534.361267 330.081726 
185.373810 348.322510 
514.935181 312.957581 
206.539841 253.316330 
555.471252 290.700012 
322.535797 378.815613 
477.048706 225.815979 
536.987244 307.300537 
469.763214 270.156525 
176.932510 351.835083 
366.937500 203.012894 
446.377167 312.300629 
462.534180 346.868927 
249.225815 213.345612 
494.741730 272.743286 
451.936371 386.173920 
451.690521 386.103485 
177.039337 351.302063 
192.148315 354.137360 
163.245468 391.380615 
567.938171 380.690063 
190.361221 388.850861 
309.073151 202.467117 
448.539886 382.464722 
178.155548 360.511444 
211.739410 265.708649 
197.124451 289.713379 
470.893616 272.218872 
210.760025 261.463196 
306.587921 355.731323 
160.423859 380.283936 
469.259705 269.627106 
477.754333 288.252106 
341.315002 416.208923 
538.579956 314.598175 
515.455200 312.822479 
200.850998 297.995422 
502.801239 303.006897 
511.768127 304.803101 
196.337479 276.523071 
189.001144 396.599426 
265.733582 300.721344 
166.450623 338.339783 
174.476807 349.716766 
299.007294 363.505493 
546.609192 302.119934 
172.625870 370.221771 
166.325424 339.046387 
332.521667 422.342896 
531.125000 335.378967 
269.946106 297.108307 
155.944214 388.196075 
434.849060 362.149506 
524.361450 228.061569 
557.380615 313.975159 
202.395096 255.003830 
180.610840 396.054596 
545.897400 315.361938 
510.019135 264.681396 
193.090088 278.128113 
502.266144 299.929718 
477.999786 287.720093 
192.884583 387.481995 
559.481934 296.630829 
359.733185 210.484207 
183.479706 343.360809 
265.282379 294.911743 
173.089111 396.060486 
550.574463 314.404694 
584.738770 337.865021 
279.363434 358.855042 
191.100616 354.087341 
556.989563 316.592377 
509.629150 266.972565 
192.577454 277.673584 
164.335724 318.672668 
202.429230 384.633728 
495.326324 366.771606 
208.257889 260.801544 
330.208221 200.824249 
517.467224 320.901947 
500.619720 305.240814 
322.743042 211.819534 
273.669037 365.256897 
461.089996 390.836792 
535.632324 307.560699 
479.054901 292.332031 
209.743393 269.855560 
209.038452 269.856384 
549.998108 382.531158 
540.975342 329.908325 
478.164337 292.183441 
325.406158 223.706680 
265.871216 310.962708 
493.195679 335.871918 
304.839050 376.757233 
193.816223 354.726898 
173.164322 252.191177 
506.692047 315.524017 
537.761108 309.063141 
318.294678 200.133011 
519.161255 266.997955 
552.641724 316.244537 
500.909607 322.078278 
172.895874 399.676056 
273.557129 412.606506 
502.686035 324.949341 
481.418854 394.304474 
186.762543 350.413666 
490.830627 309.933472 
532.497559 307.673096 
555.930237 394.466492 
196.869995 287.657501 
177.760849 343.293030 
509.460083 268.605713 
506.643402 334.260437 
307.359253 370.434509 
561.728699 322.653961 
477.996124 282.977570 
285.558502 340.716431 
480.827911 265.544861 
253.992569 335.326874 
548.110596 312.541138 
448.672821 311.609650 
320.534332 200.507141 
475.254456 386.338928 
173.712006 345.247986 
486.992340 263.576508 
541.649414 397.372406 
269.481415 325.801392 
447.289856 317.134735 
506.321259 333.776276 
483.884003 261.547516 
286.118561 340.096344 
441.251495 323.943268 
181.868027 379.921478 
480.406738 282.743805 
449.789673 367.648254 
519.693420 227.801132 
107.780365 415.767090 
300.291931 372.402863 
558.413696 376.076324 
485.893829 267.233704 
186.060150 351.417023 
502.249542 323.968506 
297.931244 303.176758 
306.463654 372.563263 
272.170898 338.729584 
272.195892 338.123199 
496.638458 292.655731 
171.577621 379.685272 
534.549194 329.336273 
333.292114 421.455170 
192.294357 351.590057 
299.879425 372.439148 
190.885788 368.159210 
498.584503 311.097015 
437.878540 369.146790 
195.103592 337.777863 
276.631592 362.031372 
365.021667 193.103058 
285.931610 360.696991 
251.082581 326.407837 
179.912018 393.532990 
478.343048 282.956635 
503.416656 302.529114 
181.158264 389.984711 
553.520081 391.185333 
194.913788 338.580383 
524.702271 263.425262 
342.095978 208.961304 
367.059875 195.885941 
277.255371 336.856079 
271.421143 405.232269 
200.412537 266.300018 
524.711243 307.460297 
284.593933 339.160004 
182.744095 339.049500 
474.121368 295.375366 
171.636795 394.991089 
161.608490 301.284515 
333.835602 222.560410 
460.522552 278.664246 
515.873230 307.686890 
540.970825 345.080536 
568.023193 313.103760 
286.631165 246.998749 
271.851074 403.388794 
152.534454 340.631714 
180.897537 400.162384 
201.580658 307.229980 
201.131287 307.597595 
456.180206 296.611328 
305.816620 202.085938 
448.873016 307.497253 
519.201660 314.002838 
535.370117 267.639801 
190.591644 354.470978 
328.174866 211.111954 
233.511414 336.349121 
538.613098 288.811890 
177.418442 360.858734 
470.793762 353.647064 
319.299957 219.564270 
450.235565 309.449524 
548.755554 313.117950 
308.347778 369.033844 
174.419403 345.434204 
201.282669 375.245148 
320.927490 223.781845 
264.036102 318.581207 
540.956482 389.334015 
324.530609 375.047974 
264.395050 320.882385 
196.267441 342.129486 
169.273087 353.420441 
354.078949 213.683594 
512.185120 398.725433 
517.132935 396.834839 
57.039146 201.771988 
485.098236 334.633820 
518.357117 294.367889 
286.797485 332.866150 
562.428528 344.024872 
562.259949 344.792511 
200.052658 351.488525 
469.763977 388.262512 
469.319275 388.326233 
299.316589 368.779327 
571.385620 375.599854 
359.727631 198.760193 
156.999069 300.645813 
192.358047 401.524689 
306.863464 379.436829 
543.422668 390.355499 
309.285614 352.340820 
196.409622 289.873962 
203.767548 380.091431 
203.172989 380.504730 
180.794983 350.023132 
571.662415 319.818909 
520.114258 266.452606 
545.198608 292.697449 
524.078674 283.131042 
496.788574 291.432190 
498.406921 328.166870 
534.635559 337.099609 
499.791748 299.755981 
321.310455 218.747070 
284.879242 343.579193 
202.363617 251.693817 
436.691467 364.147919 
486.332153 328.304382 
570.059265 310.555939 
190.838470 342.802856 
195.391769 281.940857 
364.309570 197.567810 
192.063553 403.168976 
504.141541 298.975586 
504.859497 298.310822 
173.082108 390.358002 
333.719757 403.121338 
498.528412 314.649719 
197.434952 298.728546 
544.868530 345.077454 
542.838684 229.676620 
368.655060 194.946747 
199.487564 306.960999 
93.765846 204.160385 
276.867004 343.953705 
541.819519 388.480530 
197.184402 257.421356 
209.615204 263.466705 
194.720718 265.985870 
194.546417 265.415344 
443.885986 294.760956 
291.455963 360.577271 
291.860840 360.849792 
275.723419 316.765076 
200.080215 346.461395 
454.161621 293.757721 
487.249115 394.700409 
345.714081 195.919144 
521.654175 348.042450 
186.935898 335.294678 
489.460846 297.373260 
530.053833 269.188812 
270.054138 358.831879 
486.719543 264.110687 
550.396667 349.237976 
202.676834 375.157257 
292.532990 324.062286 
271.309570 290.744659 
209.802780 259.489807 
186.276199 380.225006 
73.311050 439.890350 
196.032974 370.930084 
562.974426 346.941772 
482.074890 332.348633 
92.865646 203.878372 
494.224548 299.526001 
494.784760 299.830414 
474.766357 351.184387 
308.067291 439.754364 
207.855713 272.154144 
548.859497 383.947235 
280.700745 342.307861 
288.815277 339.099548 
319.141602 264.443420 
319.487976 264.189209 
485.624878 406.589600 
157.012070 387.452881 
576.719055 365.609222 
186.931931 337.723816 
353.163574 216.410904 
195.273880 398.559998 
561.933228 378.480377 
458.237488 272.069641 
490.087280 278.698853 
363.162964 205.974564 
461.120819 389.296661 
456.565735 295.529541 
296.899780 300.271332 
195.296082 294.608124 
480.614899 295.508026 
560.752747 296.053986 
185.250427 402.430756 
303.361328 310.436554 
263.045868 324.102814 
521.277893 287.738129 
177.124054 268.703888 
462.408356 314.443207 
453.839203 322.093750 
164.655273 379.780823 
514.551636 305.240082 
297.692444 318.352325 
484.659363 278.271454 
280.509460 338.538574 
273.199127 387.691528 
296.255585 430.913391 
251.261902 317.620911 
275.041779 339.700165 
325.583679 385.537292 
447.995270 314.875092 
527.580688 306.266083 
473.899048 301.085358 
559.704834 321.954803 
300.393433 315.210693 
541.272949 403.735229 
482.353210 342.935394 
558.245239 305.731476 
486.193085 404.450989 
279.599792 338.320068 
462.100830 294.873108 
309.836761 440.233490 
277.680267 321.823822 
558.116577 322.292480 
208.831757 264.638397 
559.052917 300.534943 
85.088257 353.340271 
547.741821 328.474060 
548.977905 346.747040 
491.339050 298.349640 
163.884628 258.304474 
176.060760 364.254974 
287.248627 333.433868 
390.725159 348.300720 
304.062836 370.836365 
464.487915 284.557831 
208.459732 374.194183 
208.447617 379.361450 
191.343353 404.540039 
516.271729 307.000885 
484.874603 410.612244 
195.587753 304.932343 
195.989532 304.487701 
256.949768 336.164368 
354.470123 214.270065 
459.466431 297.095734 
184.491959 334.448120 
520.358765 306.772552 
299.435486 433.082214 
526.260803 331.862030 
350.263855 213.816696 
203.131088 341.229279 
263.559875 353.434570 
466.472961 316.522003 
198.043503 253.709579 
52.177017 422.717560 
360.646637 203.801315 
99.179321 449.021729 
162.623062 352.046753 
238.305923 337.960663 
533.523865 307.657440 
385.071411 343.020264 
532.026062 332.387939 
567.878845 328.529175 
315.357788 222.161194 
320.858948 214.290421 
190.831665 405.755981 
306.155304 420.896729 
294.061462 320.415741 
499.319489 323.631927 
306.631317 439.629333 
518.837036 349.679932 
275.134735 410.469666 
203.727066 297.429047 
456.320587 311.359680 
160.485764 309.705933 
530.359070 270.616394 
528.193359 308.473206 
270.057617 293.641144 
270.766876 293.853149 
241.189438 347.787079 
543.028442 311.349976 
253.275955 338.047882 
196.355286 258.197662 
514.530396 297.815033 
181.080353 400.959503 
328.846313 326.847015 
328.357910 326.275146 
172.903305 362.880463 
433.343628 361.052307 
543.391968 385.752625 
208.599670 414.559601 
302.863983 348.238770 
483.776428 297.085144 
236.068588 349.220398 
485.729736 315.459747 
471.264404 354.164520 
209.108170 414.135101 
479.876190 399.671783 
523.190918 409.424469 
461.989990 283.880219 
539.145569 289.658173 
457.449005 374.951508 
202.160141 341.720398 
477.282532 386.552673 
388.260101 347.961639 
307.537415 355.250427 
389.279327 345.645355 
299.484833 304.955994 
302.809814 346.797028 
490.291565 324.301453 
326.896515 211.342407 
168.495102 382.492676 
555.299744 330.196533 
307.341370 380.114960 
424.142883 291.927063 
427.030579 349.962280 
514.054932 227.733063 
147.669342 207.304733 
319.945068 382.564819 
203.858719 250.371140 
203.093811 250.644318 
294.104309 284.930115 
565.744873 324.374298 
195.042206 401.890198 
538.814575 392.784027 
163.782257 336.331940 
452.687103 279.085419 
310.793060 442.004639 
452.572968 306.987457 
464.935486 315.241455 
93.227867 450.101532 
266.347992 329.140106 
495.552032 367.083832 
320.853699 440.602478 
362.448975 202.785675 
157.778366 207.640167 
282.042450 287.074371 
198.701157 252.965958 
249.381805 333.310455 
545.264709 389.454437 
251.220215 333.195404 
306.122528 383.709808 
157.011246 300.340118 
266.398834 342.569641 
474.436798 321.238678 
355.964935 210.166534 
203.768799 376.767090 
331.843506 405.944702 
327.231140 406.795563 
209.589966 420.424896 
239.005432 343.229034 
448.397797 298.738068 
164.959274 317.300446 
518.410645 314.693176 
428.677979 352.305176 
482.510895 343.609894 
554.730469 229.782669 
325.656281 262.011627 
288.611359 386.222809 
289.791473 319.039124 
460.279541 280.140533 
339.352386 195.888489 
251.833633 319.251709 
194.855255 310.794128 
502.771088 359.404449 
553.304443 356.538239 
464.706879 336.633240 
512.198730 302.841400 
332.944672 411.514008 
332.801910 411.054047 
191.414062 279.617004 
565.120789 309.982361 
345.556000 331.604950 
272.602936 215.143494 
488.698273 304.384155 
494.467926 399.976746 
324.038208 219.097580 
248.263855 324.232971 
210.740921 376.483551 
286.906677 419.195740 
484.477295 400.278473 
341.144257 345.584106 
392.093048 351.228912 
329.975708 411.493195 
164.502243 291.950409 
537.020874 405.409760 
447.992340 345.598450 
541.723694 399.872711 
269.088470 300.470184 
307.823242 418.414825 
465.602142 296.245972 
465.081177 296.840515 
200.305283 320.946747 
278.690887 437.451965 
359.842957 206.500015 
477.561066 400.109558 
581.405823 351.928497 
439.632355 333.567688 
330.071442 204.361420 
331.350677 200.344299 
185.732254 333.145477 
280.056976 430.137604 
298.501953 369.856262 
320.211365 419.624512 
460.824005 390.926025 
320.191071 221.153259 
570.937500 377.076233 
570.937500 377.076233 
254.765427 321.425476 
324.572845 200.061707 
189.923172 209.850204 
288.995392 361.093323 
542.795898 290.435638 
213.522629 404.705902 
214.958603 414.549103 
473.831451 387.493683 
504.424225 354.603973 
291.392151 438.457886 
302.918884 434.837677 
201.786728 336.422485 
581.368042 231.676773 
467.869904 279.556061 
327.376007 254.848663 
138.920944 449.252869 
289.377197 324.677979 
457.051300 330.355560 
439.062836 297.603271 
516.309753 261.452545 
185.385498 303.293243 
294.650635 439.803802 
164.497787 284.645691 
204.296188 296.565155 
352.763885 340.862732 
507.034668 301.998077 
498.468292 313.247833 
327.740875 213.126343 
305.330627 428.214142 
274.996063 340.355743 
470.403229 296.697723 
49.399094 201.638535 
290.874329 362.101471 
319.551178 426.731506 
470.068878 304.825745 
470.155945 304.150879 
289.471039 246.420975 
477.312103 322.228333 
237.318100 349.167419 
303.061859 374.894043 
326.242249 316.422302 
326.057587 213.358978 
263.450470 328.985168 
329.048981 319.536926 
482.918396 386.171448 
69.326477 423.874847 
452.334412 286.276825 
182.870926 300.263428 
301.284180 343.066772 
325.176361 403.829773 
231.684784 349.115509 
487.581360 398.584991 
514.676697 355.265228 
324.906189 396.183594 
299.655090 237.180786 
453.224670 387.675110 
528.551208 337.200348 
470.158081 303.190948 
178.558807 403.528168 
259.356995 330.986877 
309.367889 363.037048 
163.755371 256.605042 
179.347992 390.358124 
163.079575 319.059357 
335.962524 220.662109 
280.395844 429.618896 
294.943176 420.505280 
522.541870 332.069672 
519.077759 350.295258 
281.569550 416.167755 
489.402588 303.076050 
449.739746 285.839966 
530.694336 407.496643 
209.050186 409.428192 
528.584778 333.499786 
299.643005 412.126221 
513.533142 318.491119 
507.146576 368.876740 
319.632202 398.349213 
202.110046 332.266571 
293.037628 291.239899 
305.166443 432.201111 
211.637604 280.851013 
211.739471 280.157379 
270.645325 386.012085 
513.681946 315.752075 
349.918671 368.981873 
515.809387 349.456818 
515.067871 349.304108 
350.525635 340.306061 
160.810959 324.649872 
193.315857 334.868958 
198.509735 284.473358 
317.749207 220.386383 
197.933212 309.423950 
349.033691 371.150726 
293.947510 416.522369 
204.533768 330.653076 
274.810974 282.573364 
177.996399 391.154114 
467.018433 286.964874 
290.680328 215.710876 
510.572418 333.098267 
290.545807 438.077393 
345.852386 360.523743 
94.140450 449.884033 
138.638763 206.981781 
195.909119 261.480438 
433.728424 305.781677 
278.873627 436.069122 
196.027237 321.232452 
332.821411 197.331131 
266.388153 419.723541 
159.322845 312.995605 
178.037811 264.899841 
178.492279 264.390869 
345.036255 216.884323 
116.671814 432.955872 
350.875671 292.019562 
515.024719 333.234497 
257.060120 318.877289 
572.695068 324.107269 
357.898376 297.795990 
175.775696 263.662720 
315.694305 325.307129 
321.126648 249.103668 
509.953796 333.327087 
235.315353 268.818359 
207.012894 381.209381 
297.507965 248.573486 
287.227783 419.822113 
360.497192 332.495636 
362.622894 358.991852 
319.788513 441.440308 
288.076385 324.305969 
162.194977 258.093964 
580.440186 351.613251 
301.771790 316.761169 
432.645386 365.817261 
265.753174 419.654785 
505.535278 406.349091 
299.521271 411.254211 
261.916199 297.711670 
501.032990 332.473358 
333.026062 299.644409 
105.562988 419.477081 
553.408020 316.637115 
277.227539 437.621033 
463.545105 335.878387 
331.470612 324.679108 
280.627563 350.480499 
87.661926 450.504913 
233.742355 337.589813 
357.122040 302.020660 
321.548218 265.474213 
291.584259 215.609833 
257.946320 290.608185 
332.099182 416.306732 
161.971680 207.934555 
525.289490 329.960663 
240.172684 347.092285 
280.642456 351.040771 
177.489014 318.160339 
509.277832 348.205536 
509.889465 348.201660 
191.778580 310.178650 
272.700836 393.736053 
209.532883 311.584442 
278.287842 320.781952 
333.923065 396.482208 
335.603729 339.201294 
177.674316 414.385742 
554.465637 293.059845 
505.661285 227.629257 
358.511627 307.708588 
512.967896 369.261597 
317.529205 438.264343 
369.899017 309.798309 
283.819061 437.899200 
506.327393 359.865295 
358.067352 304.412567 
358.923584 304.983704 
578.995056 333.696899 
322.232208 439.788818 
594.905029 232.519562 
204.225266 300.773621 
178.578644 414.625488 
163.334000 278.401306 
541.859009 395.301849 
309.391724 362.486847 
290.820679 246.495972 
318.959839 344.137604 
325.687042 396.964935 
177.207626 279.599579 
326.765198 308.527771 
197.490845 311.685486 
196.662842 310.776093 
521.714905 370.648193 
162.554840 207.805939 
163.844086 311.186768 
330.842377 210.714706 
276.017365 436.552277 
208.093811 283.974884 
183.076126 414.700531 
183.265244 414.157593 
178.483704 417.453949 
323.714813 307.286469 
321.844513 376.183136 
445.104095 444.523285 
204.743103 322.364441 
357.260345 292.783173 
210.692032 313.073364 
292.982513 319.882507 
300.393951 298.153351 
339.403900 343.459076 
300.044861 408.341003 
321.889679 225.185989 
453.886230 313.093323 
269.561829 385.259186 
500.384827 362.626465 
518.677429 324.513702 
191.929260 397.405365 
462.701599 389.266815 
350.989594 193.332977 
322.502716 438.021240 
322.502716 438.021240 
325.016083 314.775299 
265.410492 311.660065 
314.344727 206.209061 
160.086655 355.675140 
137.051910 453.875793 
492.382843 401.500732 
308.165558 428.338593 
332.557800 327.896240 
338.792053 343.192169 
269.801544 408.481781 
467.381409 301.939606 
351.944427 336.038147 
485.610596 300.746155 
199.712631 286.979919 
300.488037 418.526428 
251.755737 283.319183 
468.205139 313.451752 
525.413696 337.508789 
308.032196 377.103027 
387.824127 344.577026 
494.503082 308.622070 
211.249359 277.259979 
213.559555 296.116730 
179.179214 408.544830 
474.362030 427.629395 
211.841431 318.437775 
174.739868 317.561951 
299.476471 236.651917 
304.506470 432.102997 
214.522583 387.401184 
501.183105 359.122498 
181.750580 410.411835 
289.929901 249.223770 
314.880890 303.536316 
191.887314 322.429291 
194.149384 417.139954 
506.393677 407.255524 
179.355804 410.265076 
326.033142 327.218719 
332.402893 414.422760 
514.224548 280.379608 
487.671326 407.595245 
475.838135 263.489807 
363.438477 192.878647 
332.650146 335.412720 
183.013611 407.979828 
275.432770 270.946014 
280.467377 325.902008 
346.521332 213.693893 
213.443314 393.506622 
207.616882 425.186951 
262.618469 330.879578 
171.230103 300.073730 
366.843384 200.945435 
438.389862 312.273163 
312.036591 302.144135 
299.498810 432.951935 
306.089355 422.377563 
522.477966 330.620667 
315.235016 304.772766 
473.922363 320.152893 
206.387863 333.105774 
442.583282 23.108503 
263.872406 354.684052 
299.300690 244.741486 
365.031647 281.794342 
362.495544 359.894104 
361.604187 298.144928 
292.507416 420.022369 
292.733673 420.201721 
169.044754 310.329712 
273.645569 287.812927 
214.700989 417.165466 
183.512589 335.194336 
569.143860 327.323059 
444.488342 452.336639 
315.614746 305.908264 
293.401062 419.695557 
162.153793 318.742310 
498.572784 403.195923 
523.796631 312.501801 
303.198242 319.352295 
521.813843 325.134918 
328.358978 440.284698 
481.346436 390.984283 
184.167877 411.283752 
317.928192 246.124847 
316.424469 321.664734 
278.040833 364.255859 
159.730469 304.958466 
261.532257 343.937225 
457.026154 276.129120 
457.787231 276.459534 
323.928558 437.169678 
164.746063 292.101074 
193.027039 313.052979 
277.000549 288.033264 
481.349854 331.716522 
481.517792 331.256134 
263.562897 352.746063 
208.096710 315.468262 
256.500214 346.893402 
298.734955 290.688538 
300.743073 404.350800 
429.542877 359.587219 
336.378296 339.963715 
470.635681 323.566223 
264.688568 358.433502 
334.575165 303.030029 
318.361938 443.041138 
328.318420 320.452087 
260.846649 331.516693 
68.517189 426.991577 
194.754288 258.837006 
479.330475 327.188324 
254.667587 276.412964 
225.151489 267.913910 
320.130585 428.005920 
325.512695 315.523987 
523.782837 326.378265 
58.211487 427.140320 
104.836060 205.032104 
462.659210 272.822968 
441.576202 325.631622 
359.952972 363.615723 
308.396729 296.834686 
374.472595 364.131592 
304.134399 419.058960 
55.771786 427.951019 
