500
93.125542 312.620483 
90.779564 329.365723 
163.096436 95.963226 
447.424133 196.111877 
483.461273 190.355270 
441.131744 198.994675 
484.797760 193.085327 
473.226471 191.528610 
485.265594 194.785385 
392.253265 390.279602 
488.975403 194.954147 
338.360077 211.904373 
452.510681 184.218277 
493.707550 182.000778 
476.886200 185.914627 
494.584747 183.104095 
286.648590 109.533501 
455.625458 219.855743 
530.106506 135.762344 
488.659576 197.813354 
476.079529 184.352997 
440.915924 189.734283 
445.156433 195.985825 
469.019379 211.364059 
273.146515 244.093445 
487.472534 199.996902 
483.046143 210.592773 
444.737213 196.528961 
360.331085 204.406891 
424.241974 192.043777 
247.564331 178.685577 
469.155701 214.632385 
262.176422 209.362427 
462.495209 187.076187 
475.469971 194.861237 
234.488846 103.716522 
311.194824 213.866119 
311.098297 278.970520 
472.969604 189.549072 
422.377289 195.807526 
423.488770 190.728790 
299.278595 110.299019 
452.859650 178.872452 
248.890060 105.679253 
287.881500 161.794983 
462.832916 174.176483 
256.686829 195.607056 
437.175903 191.928864 
287.646698 109.720177 
440.333740 200.796509 
454.966095 201.647659 
448.416779 310.961243 
476.164917 183.115250 
422.429169 188.994843 
440.862640 201.382996 
437.614716 186.050339 
447.103516 193.067688 
438.998138 200.919327 
484.442871 312.539062 
482.839203 191.689438 
492.143829 193.491501 
469.046783 193.166885 
444.152191 217.529251 
475.378906 211.698151 
455.405304 200.519882 
442.756683 209.873672 
416.611938 192.561844 
456.580750 212.277695 
258.718750 195.151413 
459.326447 192.087021 
246.188156 181.979462 
436.631714 234.182556 
429.767059 202.466522 
251.949646 196.152786 
498.542267 299.490753 
415.159454 199.998611 
436.197662 185.156250 
264.771454 210.830200 
496.137543 184.266739 
439.715118 206.709900 
374.269623 252.218948 
457.462158 212.850571 
480.698212 198.632751 
476.443207 210.209229 
263.407043 351.104950 
342.228333 213.336273 
315.344543 216.925217 
482.965668 204.144958 
248.618805 179.863693 
428.048187 186.232880 
454.004517 197.295837 
415.594452 209.087570 
309.483643 345.343719 
451.627289 182.800873 
35.489822 353.293671 
342.628479 214.159790 
466.145966 207.142761 
332.347473 206.930939 
499.224030 213.309479 
433.092773 216.191467 
459.509827 220.808990 
247.075500 177.787308 
472.971191 192.587036 
460.489410 206.868530 
236.434601 178.818359 
260.980621 154.895264 
535.774902 263.669952 
267.437561 155.548752 
448.063782 223.600327 
509.031677 208.939148 
452.242096 180.824448 
416.836914 261.113037 
416.237305 261.594849 
430.991577 222.423874 
288.355774 194.537415 
321.234406 336.869720 
443.335907 220.590134 
415.893463 206.184464 
477.616577 200.449936 
445.319153 214.910843 
479.391998 207.700485 
51.317047 311.106567 
443.766174 179.342789 
435.014587 183.570938 
498.182983 310.788849 
514.719055 217.582260 
452.379303 210.324860 
65.506805 330.715607 
290.416107 188.581863 
478.496979 207.500641 
460.693756 221.403214 
460.952057 221.133881 
416.711823 193.745270 
471.862610 210.279297 
438.124786 218.982147 
499.006378 212.602310 
511.643127 241.435455 
444.037384 192.521576 
237.476105 189.229248 
237.628998 189.552307 
262.757385 348.520966 
460.109894 223.441711 
292.807129 200.391083 
448.348572 216.112732 
257.983459 224.956467 
310.490570 269.410095 
463.117126 220.887161 
416.611420 212.894913 
411.226440 298.855438 
504.181641 296.532776 
227.082504 189.261261 
309.479492 341.615753 
417.569427 195.231064 
322.834015 336.758362 
412.948944 222.443085 
466.228546 274.259338 
506.246124 213.313507 
476.095398 181.783798 
280.849182 331.136444 
444.916168 284.736786 
428.378082 302.627380 
428.527954 302.306549 
507.211823 297.588684 
438.222473 312.612915 
487.964142 233.269318 
450.497864 227.566467 
265.508423 352.481445 
409.823242 257.302277 
415.355957 212.548492 
461.142151 288.183105 
422.419647 213.563156 
268.208344 107.741394 
310.561890 342.239441 
483.727081 309.583801 
527.138489 233.871750 
293.835876 265.149780 
293.072998 265.480408 
453.614594 285.089844 
450.317719 186.563080 
444.661041 176.707947 
92.511772 313.093292 
43.104763 347.265991 
521.948303 289.023529 
472.706482 219.916321 
197.745178 99.763084 
197.236649 99.932396 
471.390228 217.741226 
471.837097 238.041641 
472.496033 238.946793 
419.756073 298.180908 
512.616333 268.227478 
512.920471 268.299927 
124.314796 151.877319 
521.098816 436.673004 
446.061829 239.059998 
505.231506 298.982269 
409.789520 256.887695 
408.675995 257.622620 
433.529907 183.404251 
460.400543 224.241867 
418.688660 232.780334 
491.950867 268.080566 
438.820221 223.463730 
385.506989 388.852295 
482.200562 208.129578 
255.229416 208.354950 
454.216064 202.652359 
511.889191 239.668869 
469.757233 260.276428 
326.548431 341.158569 
447.259308 224.446945 
228.370865 181.848770 
491.947266 231.499207 
525.083252 236.773621 
294.072021 253.359009 
395.746338 217.423294 
472.051117 269.949310 
486.680603 261.664093 
433.909882 243.415894 
269.576904 237.892120 
304.012665 110.733940 
244.346237 339.794830 
272.845428 240.291275 
402.699066 208.518265 
406.017578 226.780914 
580.952148 268.621552 
427.357513 267.696564 
487.801453 307.548828 
460.244781 269.729584 
460.160126 269.354584 
502.595276 214.078186 
256.873901 197.485184 
289.776459 168.517517 
143.783813 93.795677 
422.766235 270.293579 
453.532776 219.568619 
443.379181 221.279144 
495.669281 216.525818 
405.927979 207.468094 
502.442902 276.652527 
454.447449 243.365128 
514.521362 215.660385 
360.613831 215.802948 
486.983704 253.691315 
388.035309 260.475006 
522.760193 233.210480 
506.526459 299.599945 
416.721466 199.691833 
258.733765 155.791290 
360.434418 201.950577 
238.560867 182.934814 
432.838196 223.042953 
402.499420 291.485138 
402.332275 291.567352 
428.612762 300.985748 
400.301025 236.820160 
511.662964 242.092026 
313.881561 174.472549 
426.391754 218.945129 
499.867218 298.485077 
254.694489 207.872330 
402.649292 259.199219 
538.750854 244.507172 
203.508667 191.379761 
440.574432 311.511627 
66.301460 330.230743 
436.332794 226.580765 
426.050293 298.880707 
314.019531 217.237885 
256.950317 148.536880 
311.756226 322.241821 
534.733276 260.395813 
291.383606 162.534088 
426.187927 267.344818 
287.366882 198.124771 
487.452209 253.028503 
424.399963 298.752716 
267.910004 144.536240 
215.882553 188.698410 
407.924438 201.230774 
410.081940 198.691895 
439.229095 312.864929 
247.427948 235.573318 
250.281219 175.976105 
484.597961 314.025482 
409.130341 226.773300 
408.516357 227.614761 
270.722290 238.181274 
412.498444 297.045227 
408.818359 173.546967 
420.224854 228.400513 
464.767517 224.417969 
485.081207 308.809601 
322.303009 341.533569 
307.286835 341.231964 
248.764053 236.464432 
238.871078 327.525055 
523.171631 279.425781 
230.992279 228.521759 
313.052399 175.205338 
419.486359 305.191406 
349.419922 337.304108 
403.544800 229.720947 
418.791931 303.623016 
394.284607 229.703232 
473.180206 233.610489 
436.563263 178.632843 
218.060318 203.691299 
417.463348 229.224258 
294.897858 201.270309 
424.011810 269.842285 
266.322754 229.384552 
322.777039 177.062225 
536.146851 257.160156 
294.505798 190.120422 
465.853638 271.246643 
347.521667 214.713257 
508.143158 300.768555 
407.555786 229.525131 
203.799118 346.088409 
401.303070 220.344070 
475.441101 245.267715 
309.960236 270.835297 
485.245789 248.577927 
405.923157 214.109802 
453.839996 277.710266 
267.826630 240.537384 
396.727997 246.010208 
216.487518 101.692818 
388.617706 242.273865 
53.364643 318.776611 
418.733673 228.432098 
226.979614 225.443069 
405.744080 231.668915 
400.891785 205.119644 
495.019745 238.501221 
477.390442 227.550339 
455.690308 243.086426 
403.990906 201.044083 
433.457458 240.750488 
334.189667 207.894043 
496.405548 234.997147 
487.734802 230.163132 
478.835693 334.513428 
401.723145 209.547394 
498.888885 270.644104 
471.290375 273.976135 
131.110336 184.489380 
449.728516 207.182205 
385.376678 251.718582 
208.493225 190.537430 
514.523560 245.769791 
237.224060 182.103546 
213.125015 189.625305 
273.473755 245.118408 
419.711548 201.916061 
150.424469 245.650299 
429.653961 221.737976 
234.962738 186.864227 
234.052368 186.844788 
346.210571 209.843353 
243.310181 174.943420 
480.066711 231.884491 
402.895203 236.330093 
336.647644 210.054214 
208.481903 201.934921 
467.175232 239.234482 
418.860779 304.812012 
505.428192 239.228439 
204.949081 192.177109 
419.101959 300.872528 
254.908752 176.865677 
400.218170 237.097610 
487.824249 229.451370 
224.234619 228.316132 
224.722977 228.605118 
202.489990 197.819092 
477.733826 228.211914 
428.754822 181.767380 
241.297592 266.091553 
491.574768 247.817764 
394.972443 222.497009 
519.484314 249.740601 
248.242371 331.843353 
505.023224 240.162720 
460.045197 256.502319 
455.071899 242.241531 
509.712402 256.410950 
465.665558 270.771729 
429.029053 222.890533 
205.847992 344.573761 
402.172668 214.032516 
282.265472 334.434967 
291.116333 186.837341 
500.560760 309.590607 
438.664948 254.334351 
279.952209 208.148148 
454.286255 253.191605 
438.886658 253.850357 
229.199844 195.374512 
471.397339 316.405701 
298.077087 336.358917 
475.633148 254.822800 
265.331665 230.575470 
391.873352 273.743988 
405.495544 200.001221 
486.379242 306.525238 
315.020966 176.432098 
319.754364 95.937675 
319.661346 95.796295 
321.196320 175.709213 
511.354248 245.172775 
304.278687 172.631882 
336.078064 263.015656 
484.324890 255.572250 
249.909653 173.271591 
424.107605 388.581940 
480.371521 260.497803 
304.817841 182.851562 
464.033386 339.470825 
389.558838 263.833923 
232.588531 349.782196 
225.126419 225.204132 
475.863342 253.342041 
50.703453 340.091034 
412.924469 229.103012 
494.158020 238.724655 
314.071716 206.798935 
193.616302 200.926468 
465.590759 224.269592 
436.167358 251.901321 
469.286804 270.763550 
469.780518 233.442810 
141.537201 229.929520 
191.149261 316.523529 
450.449097 228.160751 
413.144165 285.468048 
424.614136 234.329758 
459.515350 255.202072 
441.384216 247.557892 
217.597763 201.334381 
246.308411 239.274460 
265.538574 236.212158 
274.147919 267.414581 
477.420166 250.447815 
512.354248 245.743256 
158.214218 154.563004 
238.754730 183.500412 
436.453400 252.579132 
472.622803 248.342728 
339.992523 238.847870 
283.415741 335.672760 
467.837341 168.163971 
480.591888 244.550018 
232.246918 190.523453 
82.408714 292.985931 
507.156189 241.176178 
224.527985 225.067307 
290.602478 264.308136 
436.342041 250.411713 
483.702820 229.438843 
501.057495 237.635727 
149.909515 241.834595 
411.187164 282.964722 
340.156311 279.749146 
248.387451 184.722076 
469.825623 224.688889 
434.975006 260.079742 
210.673325 196.873795 
415.834503 280.617767 
244.765274 226.597412 
239.961395 170.336060 
214.453979 204.319733 
241.950378 190.879517 
251.569397 330.376740 
390.149139 267.183411 
292.345306 176.609634 
257.836914 149.130630 
388.214417 248.434021 
356.026215 261.939819 
337.346588 264.702881 
207.356964 193.788300 
453.380463 231.897324 
136.541428 283.195679 
337.942261 204.963791 
243.324478 268.911346 
315.625214 276.738953 
139.104294 239.659805 
224.616959 346.472870 
418.532318 299.344330 
366.280121 249.027237 
357.346008 262.723694 
452.556030 247.821045 
318.804321 362.654358 
340.178741 277.021362 
321.559296 179.136185 
176.211807 224.552322 
479.827209 253.257080 
313.334686 180.378937 
492.860779 313.468048 
