500
436.563263 178.632843 
473.853546 176.087723 
92.511772 313.093292 
93.125542 312.620483 
472.971191 192.587036 
530.106506 135.762344 
462.495209 187.076187 
346.210571 209.843353 
484.797760 193.085327 
35.489822 353.293671 
416.711823 193.745270 
485.265594 194.785385 
488.975403 194.954147 
392.253265 390.279602 
494.584747 183.104095 
488.659576 197.813354 
469.046783 193.166885 
469.019379 211.364059 
469.155701 214.632385 
473.226471 191.528610 
247.564331 178.685577 
476.886200 185.914627 
359.670715 218.735321 
475.469971 194.861237 
493.707550 182.000778 
452.510681 184.218277 
248.890060 105.679253 
163.096436 95.963226 
476.095398 181.783798 
441.131744 198.994675 
311.098297 278.970520 
492.143829 193.491501 
440.915924 189.734283 
286.648590 109.533501 
476.079529 184.352997 
262.176422 209.362427 
424.241974 192.043777 
452.859650 178.872452 
472.969604 189.549072 
514.521362 215.660385 
256.686829 195.607056 
440.862640 201.382996 
455.405304 200.519882 
442.756683 209.873672 
476.164917 183.115250 
580.952148 268.621552 
413.988464 190.716995 
455.625458 219.855743 
437.175903 191.928864 
480.698212 198.632751 
507.211823 297.588684 
444.737213 196.528961 
258.718750 195.151413 
482.839203 191.689438 
267.437561 155.548752 
350.660736 218.050522 
445.156433 195.985825 
287.881500 161.794983 
447.424133 196.111877 
265.538574 236.212158 
346.718689 208.824356 
444.037384 192.521576 
499.867218 298.485077 
310.561890 342.239441 
355.114441 248.320206 
454.966095 201.647659 
437.614716 186.050339 
234.488846 103.716522 
496.137543 184.266739 
349.419922 337.304108 
444.152191 217.529251 
415.893463 206.184464 
498.542267 299.490753 
405.495544 200.001221 
438.998138 200.919327 
454.004517 197.295837 
429.767059 202.466522 
248.618805 179.863693 
439.715118 206.709900 
475.378906 211.698151 
251.949646 196.152786 
310.490570 269.410095 
263.407043 351.104950 
451.627289 182.800873 
479.391998 207.700485 
294.626099 208.357193 
287.646698 109.720177 
478.496979 207.500641 
487.472534 199.996902 
486.464722 176.301102 
486.049286 176.907928 
422.377289 195.807526 
456.580750 212.277695 
416.836914 261.113037 
416.237305 261.594849 
247.075500 177.787308 
448.416779 310.961243 
447.103516 193.067688 
309.483643 345.343719 
143.783813 93.795677 
477.616577 200.449936 
433.092773 216.191467 
338.412262 268.123260 
483.461273 190.355270 
482.200562 208.129578 
423.488770 190.728790 
410.081940 198.691895 
452.242096 180.824448 
340.156311 279.749146 
472.496033 238.946793 
459.509827 220.808990 
416.611938 192.561844 
407.924438 201.230774 
483.028961 177.141296 
436.197662 185.156250 
328.258392 165.703430 
328.449921 168.414185 
236.434601 178.818359 
450.317719 186.563080 
278.460114 209.986755 
257.983459 224.956467 
290.416107 188.581863 
457.462158 212.850571 
43.104763 347.265991 
427.357513 267.696564 
205.847992 344.573761 
483.046143 210.592773 
459.326447 192.087021 
476.443207 210.209229 
264.771454 210.830200 
321.234406 336.869720 
283.415741 335.672760 
322.834015 336.758362 
467.175232 239.234482 
309.479492 341.615753 
324.450684 176.054520 
440.333740 200.796509 
65.506805 330.715607 
315.344543 216.925217 
428.048187 186.232880 
237.476105 189.229248 
237.628998 189.552307 
299.278595 110.299019 
324.199127 177.871887 
340.748169 206.664093 
338.268005 266.947113 
385.506989 388.852295 
197.745178 99.763084 
197.236649 99.932396 
487.801453 307.548828 
262.757385 348.520966 
445.319153 214.910843 
233.482452 335.916534 
460.693756 221.403214 
460.952057 221.133881 
499.006378 212.602310 
227.082504 189.261261 
506.246124 213.313507 
448.063782 223.600327 
435.014587 183.570938 
440.574432 311.511627 
453.614594 285.089844 
498.182983 310.788849 
265.508423 352.481445 
484.442871 312.539062 
444.916168 284.736786 
509.031677 208.939148 
495.669281 216.525818 
527.138489 233.871750 
279.952209 208.148148 
499.224030 213.309479 
229.880875 334.217041 
415.159454 199.998611 
292.807129 200.391083 
482.965668 204.144958 
258.733765 155.791290 
428.378082 302.627380 
428.527954 302.306549 
422.419647 213.563156 
294.897858 201.270309 
438.820221 223.463730 
337.346588 264.702881 
460.489410 206.868530 
444.661041 176.707947 
418.688660 232.780334 
222.881027 182.005325 
415.355957 212.548492 
416.611420 212.894913 
411.226440 298.855438 
256.950317 148.536880 
523.171631 279.425781 
307.286835 341.231964 
432.838196 223.042953 
217.147476 245.951736 
514.719055 217.582260 
260.980621 154.895264 
452.379303 210.324860 
412.498444 297.045227 
505.231506 298.982269 
460.244781 269.729584 
460.160126 269.354584 
403.990906 201.044083 
388.035309 260.475006 
417.569427 195.231064 
466.145966 207.142761 
486.983704 253.691315 
448.348572 216.112732 
450.497864 227.566467 
256.873901 197.485184 
471.837097 238.041641 
419.756073 298.180908 
85.591255 314.312164 
446.061829 239.059998 
466.228546 274.259338 
438.222473 312.612915 
536.146851 257.160156 
438.124786 218.982147 
405.923157 214.109802 
360.613831 215.802948 
424.107605 388.581940 
484.597961 314.025482 
268.208344 107.741394 
471.397339 316.405701 
506.526459 299.599945 
461.142151 288.183105 
402.699066 208.518265 
483.727081 309.583801 
342.228333 213.336273 
221.606827 181.985123 
412.924469 229.103012 
502.442902 276.652527 
525.083252 236.773621 
416.721466 199.691833 
395.746338 217.423294 
422.429169 188.994843 
430.991577 222.423874 
428.612762 300.985748 
319.754364 95.937675 
319.661346 95.796295 
107.054947 218.905670 
412.948944 222.443085 
433.529907 183.404251 
521.948303 289.023529 
405.927979 207.468094 
471.390228 217.741226 
291.116333 186.837341 
511.662964 242.092026 
244.346237 339.794830 
280.938660 202.224579 
363.554626 219.903809 
265.331665 230.575470 
309.960236 270.835297 
238.560867 182.934814 
419.486359 305.191406 
415.594452 209.087570 
342.628479 214.159790 
443.766174 179.342789 
454.216064 202.652359 
426.187927 267.344818 
335.565430 203.847122 
406.017578 226.780914 
535.774902 263.669952 
222.885727 206.522629 
207.356964 193.788300 
455.690308 243.086426 
473.690613 348.636841 
473.615479 348.122345 
250.281219 175.976105 
426.391754 218.945129 
487.734802 230.163132 
245.896713 231.918381 
149.909515 241.834595 
475.441101 245.267715 
265.369873 211.902954 
418.791931 303.623016 
402.649292 259.199219 
51.317047 311.106567 
433.909882 243.415894 
216.487518 101.692818 
421.994202 232.669220 
538.750854 244.507172 
204.949081 192.177109 
424.614136 234.329758 
485.081207 308.809601 
447.259308 224.446945 
334.189667 207.894043 
443.335907 220.590134 
495.019745 238.501221 
504.181641 296.532776 
486.680603 261.664093 
463.117126 220.887161 
486.379242 306.525238 
453.532776 219.568619 
317.758575 130.700211 
388.617706 242.273865 
438.664948 254.334351 
360.331085 204.406891 
17.113176 366.469666 
253.284683 144.549728 
478.835693 334.513428 
419.208984 232.677444 
356.598206 219.583649 
473.364471 346.486115 
400.891785 205.119644 
266.480011 281.557129 
460.109894 223.441711 
455.863495 279.359741 
332.347473 206.930939 
471.862610 210.279297 
266.319733 143.737717 
420.224854 228.400513 
522.760193 233.210480 
408.516357 227.614761 
289.654449 165.507187 
403.544800 229.720947 
234.962738 186.864227 
234.052368 186.844788 
228.370865 181.848770 
402.499420 291.485138 
402.332275 291.567352 
394.284607 229.703232 
275.502258 337.885132 
347.521667 214.713257 
315.625214 276.738953 
278.191437 204.248642 
487.964142 233.269318 
401.303070 220.344070 
253.056992 329.753937 
205.011581 181.080399 
401.723145 209.547394 
424.399963 298.752716 
433.457458 240.750488 
502.595276 214.078186 
203.508667 191.379761 
268.604980 226.826324 
439.229095 312.864929 
322.777039 177.062225 
474.772491 349.903595 
534.733276 260.395813 
477.420166 250.447815 
491.947266 231.499207 
429.029053 222.890533 
400.218170 237.097610 
460.400543 224.241867 
66.301460 330.230743 
514.523560 245.769791 
443.379181 221.279144 
512.616333 268.227478 
512.920471 268.299927 
478.555328 176.818970 
459.515350 255.202072 
409.823242 257.302277 
491.574768 247.817764 
480.066711 231.884491 
453.839996 277.710266 
246.188156 181.979462 
491.950867 268.080566 
241.950378 190.879517 
436.631714 234.182556 
511.643127 241.435455 
24.693386 360.296051 
487.452209 253.028503 
418.860779 304.812012 
144.550644 240.222076 
436.332794 226.580765 
339.481628 217.398972 
477.390442 227.550339 
70.795792 281.320709 
455.071899 242.241531 
53.364643 318.776611 
252.947998 148.655426 
338.097382 267.024475 
254.908752 176.865677 
221.067032 207.892120 
183.070358 329.747833 
472.051117 269.949310 
326.548431 341.158569 
257.836914 149.130630 
424.011810 269.842285 
472.706482 219.916321 
232.588531 349.782196 
477.733826 228.211914 
408.675995 257.622620 
278.889557 208.209000 
313.912750 364.059143 
519.484314 249.740601 
202.568741 183.517029 
203.799118 346.088409 
402.172668 214.032516 
322.303009 341.533569 
124.314796 151.877319 
409.130341 226.773300 
473.180206 233.610489 
475.863342 253.342041 
454.447449 243.365128 
472.622803 248.342728 
505.023224 240.162720 
505.428192 239.228439 
496.405548 234.997147 
315.711670 130.612549 
407.555786 229.525131 
394.972443 222.497009 
390.149139 267.183411 
508.143158 300.768555 
511.354248 245.172775 
402.895203 236.330093 
266.322754 229.384552 
360.434418 201.950577 
500.560760 309.590607 
293.725952 207.161118 
396.727997 246.010208 
468.920044 233.207108 
468.996887 233.351181 
426.050293 298.880707 
511.889191 239.668869 
449.728516 207.182205 
288.636597 165.905716 
469.780518 233.442810 
282.158936 164.509048 
429.653961 221.737976 
471.290375 273.976135 
405.744080 231.668915 
465.853638 271.246643 
521.098816 436.673004 
498.888885 270.644104 
434.975006 260.079742 
288.943878 151.986130 
218.060318 203.691299 
460.045197 256.502319 
208.493225 190.537430 
400.301025 236.820160 
438.886658 253.850357 
487.824249 229.451370 
509.712402 256.410950 
483.702820 229.438843 
288.355774 194.537415 
304.278687 172.631882 
228.275467 335.456573 
62.515888 302.346313 
443.860321 250.403015 
441.384216 247.557892 
485.245789 248.577927 
385.376678 251.718582 
237.224060 182.103546 
62.314369 278.978851 
464.767517 224.417969 
227.957962 197.168549 
497.127869 183.458618 
497.624939 183.065628 
497.624939 183.065628 
298.077087 336.358917 
388.214417 248.434021 
484.324890 255.572250 
450.449097 228.160751 
512.354248 245.743256 
249.909653 173.271591 
436.167358 251.901321 
238.871078 327.525055 
255.727020 155.115356 
291.446747 267.140533 
494.158020 238.724655 
320.210510 336.834473 
50.703453 340.091034 
469.286804 270.763550 
258.415588 138.795425 
480.591888 244.550018 
469.825623 224.688889 
272.889160 242.952789 
413.144165 285.468048 
422.766235 270.293579 
480.371521 260.497803 
248.242371 331.843353 
454.286255 253.191605 
244.765274 226.597412 
282.265472 334.434967 
304.012665 110.733940 
193.616302 200.926468 
499.885529 184.956970 
419.101959 300.872528 
518.006653 298.934937 
374.269623 252.218948 
141.537201 229.929520 
534.367126 272.734222 
340.176147 280.404053 
241.297592 266.091553 
224.616959 346.472870 
359.360962 207.432922 
436.342041 250.411713 
119.344109 367.901917 
280.849182 331.136444 
391.873352 273.743988 
449.409027 281.476318 
436.453400 252.579132 
158.214218 154.563004 
467.837341 168.163971 
281.928375 223.974426 
465.590759 224.269592 
501.057495 237.635727 
210.673325 196.873795 
440.225250 235.719254 
