500
287.064056 90.533890 
287.086761 90.585007 
93.125542 312.620483 
469.019379 211.364059 
163.096436 95.963226 
328.449921 168.414185 
462.495209 187.076187 
488.975403 194.954147 
488.659576 197.813354 
473.226471 191.528610 
484.797760 193.085327 
469.155701 214.632385 
493.707550 182.000778 
492.143829 193.491501 
530.106506 135.762344 
494.584747 183.104095 
286.648590 109.533501 
444.737213 196.528961 
455.625458 219.855743 
428.048187 186.232880 
480.698212 198.632751 
452.510681 184.218277 
483.046143 210.592773 
485.265594 194.785385 
472.971191 192.587036 
273.473755 245.118408 
476.886200 185.914627 
272.845428 240.291275 
476.079529 184.352997 
311.098297 278.970520 
442.756683 209.873672 
436.631714 234.182556 
299.278595 110.299019 
234.488846 103.716522 
441.131744 198.994675 
422.377289 195.807526 
443.335907 220.590134 
487.472534 199.996902 
461.142151 288.183105 
248.890060 105.679253 
459.326447 192.087021 
413.988464 190.716995 
271.679596 154.417725 
422.429169 188.994843 
476.164917 183.115250 
440.862640 201.382996 
287.881500 161.794983 
475.469971 194.861237 
423.488770 190.728790 
453.614594 285.089844 
429.767059 202.466522 
484.442871 312.539062 
447.424133 196.111877 
424.241974 192.043777 
237.705139 214.002701 
281.928375 223.974426 
455.405304 200.519882 
452.859650 178.872452 
437.614716 186.050339 
251.949646 196.152786 
92.511772 313.093292 
454.004517 197.295837 
483.727081 309.583801 
447.103516 193.067688 
264.771454 210.830200 
444.152191 217.529251 
438.998138 200.919327 
435.014587 183.570938 
415.893463 206.184464 
340.748169 206.664093 
483.461273 190.355270 
436.197662 185.156250 
476.095398 181.783798 
454.966095 201.647659 
415.159454 199.998611 
440.915924 189.734283 
439.715118 206.709900 
469.046783 193.166885 
287.646698 109.720177 
472.969604 189.549072 
268.208344 107.741394 
476.443207 210.209229 
482.839203 191.689438 
445.156433 195.985825 
263.407043 351.104950 
310.561890 342.239441 
437.175903 191.928864 
487.801453 307.548828 
374.269623 252.218948 
247.564331 178.685577 
416.611938 192.561844 
197.745178 99.763084 
197.236649 99.932396 
444.661041 176.707947 
451.627289 182.800873 
452.242096 180.824448 
236.434601 178.818359 
315.344543 216.925217 
506.246124 213.313507 
205.847992 344.573761 
466.145966 207.142761 
258.718750 195.151413 
332.347473 206.930939 
392.253265 390.279602 
456.580750 212.277695 
499.224030 213.309479 
475.378906 211.698151 
433.092773 216.191467 
486.379242 306.525238 
340.178741 277.021362 
270.722290 238.181274 
535.774902 263.669952 
433.529907 183.404251 
309.483643 345.343719 
459.509827 220.808990 
224.376175 182.746857 
385.506989 388.852295 
443.766174 179.342789 
511.643127 241.435455 
448.063782 223.600327 
509.031677 208.939148 
496.137543 184.266739 
448.416779 310.961243 
506.526459 299.599945 
416.711823 193.745270 
236.753830 213.997253 
416.721466 199.691833 
256.686829 195.607056 
514.719055 217.582260 
505.231506 298.982269 
227.082504 189.261261 
460.693756 221.403214 
460.952057 221.133881 
417.569427 195.231064 
411.226440 298.855438 
479.391998 207.700485 
440.333740 200.796509 
311.756226 322.241821 
450.317719 186.563080 
471.862610 210.279297 
412.948944 222.443085 
477.616577 200.449936 
237.476105 189.229248 
237.628998 189.552307 
478.496979 207.500641 
498.542267 299.490753 
407.924438 201.230774 
460.109894 223.441711 
342.628479 214.159790 
51.317047 311.106567 
482.965668 204.144958 
448.348572 216.112732 
257.983459 224.956467 
499.006378 212.602310 
463.117126 220.887161 
504.181641 296.532776 
269.576904 237.892120 
507.211823 297.588684 
350.660736 218.050522 
450.497864 227.566467 
512.616333 268.227478 
512.920471 268.299927 
322.834015 336.758362 
498.182983 310.788849 
359.480835 213.171799 
415.594452 209.087570 
428.378082 302.627380 
428.527954 302.306549 
273.146515 244.093445 
258.733765 155.791290 
495.669281 216.525818 
511.889191 239.668869 
440.574432 311.511627 
466.228546 274.259338 
290.416107 188.581863 
248.618805 179.863693 
419.756073 298.180908 
280.849182 331.136444 
349.419922 337.304108 
267.910004 144.536240 
444.037384 192.521576 
262.757385 348.520966 
521.948303 289.023529 
262.176422 209.362427 
445.319153 214.910843 
436.332794 226.580765 
283.830902 336.298309 
452.379303 210.324860 
514.521362 215.660385 
342.228333 213.336273 
292.807129 200.391083 
256.950317 148.536880 
402.699066 208.518265 
415.355957 212.548492 
491.950867 268.080566 
460.400543 224.241867 
410.081940 198.691895 
439.229095 312.864929 
265.331665 230.575470 
460.489410 206.868530 
265.508423 352.481445 
416.611420 212.894913 
418.688660 232.780334 
294.072021 253.359009 
487.964142 233.269318 
405.927979 207.468094 
482.200562 208.129578 
228.370865 181.848770 
438.124786 218.982147 
438.820221 223.463730 
238.754730 183.500412 
454.216064 202.652359 
237.224060 182.103546 
457.462158 212.850571 
447.259308 224.446945 
580.952148 268.621552 
85.591255 314.312164 
244.346237 339.794830 
527.138489 233.871750 
247.075500 177.787308 
360.613831 215.802948 
289.654449 165.507187 
143.783813 93.795677 
484.597961 314.025482 
523.171631 279.425781 
486.680603 261.664093 
427.357513 267.696564 
406.017578 226.780914 
502.442902 276.652527 
491.947266 231.499207 
422.419647 213.563156 
460.244781 269.729584 
460.160126 269.354584 
315.020966 176.432098 
511.662964 242.092026 
428.612762 300.985748 
402.499420 291.485138 
402.332275 291.567352 
486.983704 253.691315 
522.760193 233.210480 
473.690613 348.636841 
473.615479 348.122345 
475.441101 245.267715 
432.838196 223.042953 
508.143158 300.768555 
260.980621 154.895264 
309.479492 341.615753 
216.487518 101.692818 
472.706482 219.916321 
321.234406 336.869720 
426.391754 218.945129 
400.301025 236.820160 
203.508667 191.379761 
409.823242 257.302277 
401.723145 209.547394 
53.364643 318.776611 
485.081207 308.809601 
408.675995 257.622620 
426.187927 267.344818 
405.923157 214.109802 
288.636597 165.905716 
287.366882 198.124771 
480.066711 231.884491 
424.399963 298.752716 
412.498444 297.045227 
453.532776 219.568619 
525.083252 236.773621 
487.452209 253.028503 
426.050293 298.880707 
469.757233 260.276428 
497.127869 183.458618 
497.624939 183.065628 
497.624939 183.065628 
407.555786 229.525131 
313.881561 174.472549 
433.909882 243.415894 
438.222473 312.612915 
394.972443 222.497009 
417.463348 229.224258 
502.595276 214.078186 
145.664688 241.999344 
471.837097 238.041641 
238.871078 327.525055 
400.218170 237.097610 
246.188156 181.979462 
265.369873 211.902954 
430.991577 222.423874 
230.992279 228.521759 
471.390228 217.741226 
322.777039 177.062225 
536.146851 257.160156 
408.516357 227.614761 
307.286835 341.231964 
455.690308 243.086426 
265.538574 236.212158 
521.098816 436.673004 
266.322754 229.384552 
315.625214 276.738953 
444.916168 284.736786 
403.544800 229.720947 
395.746338 217.423294 
402.649292 259.199219 
326.548431 341.158569 
266.319733 143.737717 
471.397339 316.405701 
409.130341 226.773300 
453.839996 277.710266 
422.766235 270.293579 
472.496033 238.946793 
454.447449 243.365128 
394.284607 229.703232 
401.303070 220.344070 
396.727997 246.010208 
472.051117 269.949310 
446.061829 239.059998 
282.265472 334.434967 
499.867218 298.485077 
538.750854 244.507172 
208.493225 190.537430 
385.376678 251.718582 
478.835693 334.513428 
257.836914 149.130630 
145.217224 246.788361 
496.405548 234.997147 
400.891785 205.119644 
322.303009 341.533569 
473.364471 346.486115 
498.888885 270.644104 
35.489822 353.293671 
248.387451 184.722076 
313.052399 175.205338 
495.019745 238.501221 
347.521667 214.713257 
403.990906 201.044083 
218.060318 203.691299 
248.242371 331.843353 
534.733276 260.395813 
226.979614 225.443069 
505.428192 239.228439 
405.744080 231.668915 
65.506805 330.715607 
405.495544 200.001221 
131.110336 184.489380 
43.104763 347.265991 
204.949081 192.177109 
418.733673 228.432098 
477.390442 227.550339 
234.962738 186.864227 
234.052368 186.844788 
420.224854 228.400513 
334.189667 207.894043 
346.210571 209.843353 
208.481903 201.934921 
213.125015 189.625305 
467.175232 239.234482 
243.310181 174.943420 
429.029053 222.890533 
212.991806 206.734222 
419.711548 201.916061 
455.071899 242.241531 
519.484314 249.740601 
267.437561 155.548752 
241.297592 266.091553 
224.234619 228.316132 
224.722977 228.605118 
402.895203 236.330093 
471.290375 273.976135 
512.354248 245.743256 
424.011810 269.842285 
238.560867 182.934814 
429.653961 221.737976 
436.563263 178.632843 
146.209671 242.334015 
491.574768 247.817764 
336.647644 210.054214 
449.728516 207.182205 
487.734802 230.163132 
418.791931 303.623016 
408.818359 173.546967 
460.045197 256.502319 
418.860779 304.812012 
509.712402 256.410950 
244.765274 226.597412 
279.952209 208.148148 
183.070358 329.747833 
465.853638 271.246643 
249.066437 184.639572 
485.245789 248.577927 
500.560760 309.590607 
291.446747 267.140533 
66.301460 330.230743 
433.457458 240.750488 
217.597763 201.334381 
419.486359 305.191406 
454.286255 253.191605 
438.664948 254.334351 
214.753464 207.627533 
298.077087 336.358917 
514.523560 245.769791 
150.424469 245.650299 
475.633148 254.822800 
229.199844 195.374512 
511.354248 245.172775 
391.873352 273.743988 
402.172668 214.032516 
319.754364 95.937675 
319.661346 95.796295 
124.314796 151.877319 
487.824249 229.451370 
465.665558 270.771729 
261.754883 137.618652 
250.281219 175.976105 
475.863342 253.342041 
480.371521 260.497803 
304.817841 182.851562 
294.897858 201.270309 
229.880875 334.217041 
424.107605 388.581940 
409.789520 256.887695 
210.208527 182.888443 
419.101959 300.872528 
473.180206 233.610489 
290.602478 264.308136 
464.767517 224.417969 
505.023224 240.162720 
416.836914 261.113037 
416.237305 261.594849 
339.992523 238.847870 
412.924469 229.103012 
428.754822 181.767380 
374.126892 331.895782 
330.808289 213.296997 
291.116333 186.837341 
424.614136 234.329758 
193.616302 200.926468 
225.126419 225.204132 
50.703453 340.091034 
441.384216 247.557892 
459.515350 255.202072 
438.886658 253.850357 
252.255768 144.357269 
304.736542 322.001526 
215.882553 188.698410 
232.588531 349.782196 
274.147919 267.414581 
469.286804 270.763550 
82.408714 292.985931 
255.144089 177.760757 
389.558838 263.833923 
450.449097 228.160751 
477.733826 228.211914 
241.950378 190.879517 
480.591888 244.550018 
443.860321 250.403015 
292.345306 176.609634 
469.780518 233.442810 
256.873901 197.485184 
282.158936 164.509048 
483.702820 229.438843 
472.622803 248.342728 
469.825623 224.688889 
304.012665 110.733940 
415.834503 280.617767 
494.158020 238.724655 
413.144165 285.468048 
274.778198 270.887207 
239.961395 170.336060 
314.019531 217.237885 
62.515888 302.346313 
321.196320 175.709213 
390.149139 267.183411 
219.839111 206.212524 
434.975006 260.079742 
337.346588 264.702881 
224.616959 346.472870 
210.673325 196.873795 
253.284683 144.549728 
146.427399 253.477539 
243.324478 268.911346 
136.541428 283.195679 
137.202728 216.591888 
148.199783 300.612213 
275.393768 270.768066 
443.379181 221.279144 
224.527985 225.067307 
207.356964 193.788300 
465.590759 224.269592 
158.214218 154.563004 
90.325943 309.339233 
310.490570 269.410095 
436.453400 252.579132 
507.156189 241.176178 
176.211807 224.552322 
418.532318 299.344330 
159.760101 231.792145 
331.441345 231.310364 
497.513397 311.306702 
17.113176 366.469666 
251.569397 330.376740 
419.731842 299.375549 
