500
473.853546 176.087723 
93.125542 312.620483 
436.563263 178.632843 
92.511772 313.093292 
248.890060 105.679253 
483.046143 210.592773 
484.797760 193.085327 
485.265594 194.785385 
469.046783 193.166885 
494.584747 183.104095 
488.975403 194.954147 
392.253265 390.279602 
452.859650 178.872452 
492.143829 193.491501 
469.155701 214.632385 
287.881500 161.794983 
442.756683 209.873672 
315.344543 216.925217 
163.096436 95.963226 
493.707550 182.000778 
483.461273 190.355270 
476.079529 184.352997 
258.718750 195.151413 
455.625458 219.855743 
476.886200 185.914627 
473.226471 191.528610 
472.969604 189.549072 
488.659576 197.813354 
350.660736 218.050522 
469.019379 211.364059 
472.971191 192.587036 
459.326447 192.087021 
487.472534 199.996902 
472.496033 238.946793 
580.952148 268.621552 
475.469971 194.861237 
530.106506 135.762344 
476.164917 183.115250 
480.698212 198.632751 
424.241974 192.043777 
496.137543 184.266739 
17.113176 366.469666 
287.646698 109.720177 
286.648590 109.533501 
482.839203 191.689438 
453.614594 285.089844 
462.495209 187.076187 
441.131744 198.994675 
416.711823 193.745270 
247.075500 177.787308 
322.834015 336.758362 
234.488846 103.716522 
328.449921 168.414185 
437.614716 186.050339 
224.616959 346.472870 
452.510681 184.218277 
247.564331 178.685577 
440.915924 189.734283 
447.103516 193.067688 
447.424133 196.111877 
487.801453 307.548828 
445.156433 195.985825 
419.711548 201.916061 
440.862640 201.382996 
405.495544 200.001221 
454.966095 201.647659 
422.377289 195.807526 
283.415741 335.672760 
451.627289 182.800873 
197.745178 99.763084 
197.236649 99.932396 
321.234406 336.869720 
359.670715 218.735321 
475.378906 211.698151 
263.407043 351.104950 
437.175903 191.928864 
455.405304 200.519882 
450.317719 186.563080 
499.224030 213.309479 
415.594452 209.087570 
436.197662 185.156250 
438.998138 200.919327 
314.019531 217.237885 
360.613831 215.802948 
444.737213 196.528961 
461.142151 288.183105 
290.416107 188.581863 
322.303009 341.533569 
476.443207 210.209229 
415.893463 206.184464 
279.952209 208.148148 
51.317047 311.106567 
511.643127 241.435455 
402.649292 259.199219 
498.542267 299.490753 
479.391998 207.700485 
452.242096 180.824448 
478.496979 207.500641 
505.231506 298.982269 
444.037384 192.521576 
429.767059 202.466522 
506.526459 299.599945 
427.357513 267.696564 
448.416779 310.961243 
506.246124 213.313507 
183.070358 329.747833 
439.715118 206.709900 
423.488770 190.728790 
459.509827 220.808990 
440.333740 200.796509 
340.156311 279.749146 
444.916168 284.736786 
311.194824 213.866119 
486.464722 176.301102 
486.049286 176.907928 
428.378082 302.627380 
428.527954 302.306549 
310.561890 342.239441 
476.095398 181.783798 
62.557743 306.039185 
232.588531 349.782196 
248.618805 179.863693 
433.092773 216.191467 
484.442871 312.539062 
460.693756 221.403214 
460.952057 221.133881 
491.947266 231.499207 
292.807129 200.391083 
483.028961 177.141296 
428.048187 186.232880 
535.774902 263.669952 
307.286835 341.231964 
299.278595 110.299019 
454.004517 197.295837 
328.258392 165.703430 
265.508423 352.481445 
294.897858 201.270309 
185.139893 330.367493 
309.479492 341.615753 
471.837097 238.041641 
385.506989 388.852295 
512.616333 268.227478 
512.920471 268.299927 
482.200562 208.129578 
438.820221 223.463730 
511.889191 239.668869 
474.772491 349.903595 
504.181641 296.532776 
435.014587 183.570938 
450.497864 227.566467 
509.031677 208.939148 
258.733765 155.791290 
410.081940 198.691895 
426.187927 267.344818 
514.719055 217.582260 
417.569427 195.231064 
415.159454 199.998611 
467.175232 239.234482 
422.419647 213.563156 
256.950317 148.536880 
309.483643 345.343719 
409.823242 257.302277 
419.208984 232.677444 
421.994202 232.669220 
416.611938 192.561844 
499.006378 212.602310 
416.836914 261.113037 
416.237305 261.594849 
415.355957 212.548492 
477.616577 200.449936 
483.727081 309.583801 
256.686829 195.607056 
521.948303 289.023529 
473.690613 348.636841 
473.615479 348.122345 
280.849182 331.136444 
439.229095 312.864929 
229.880875 334.217041 
236.434601 178.818359 
527.138489 233.871750 
205.847992 344.573761 
473.364471 346.486115 
388.035309 260.475006 
419.756073 298.180908 
260.980621 154.895264 
471.390228 217.741226 
416.611420 212.894913 
257.836914 149.130630 
456.580750 212.277695 
228.370865 181.848770 
466.228546 274.259338 
514.521362 215.660385 
460.489410 206.868530 
525.083252 236.773621 
246.188156 181.979462 
446.061829 239.059998 
411.226440 298.855438 
238.871078 327.525055 
250.281219 175.976105 
445.319153 214.910843 
405.927979 207.468094 
405.923157 214.109802 
460.244781 269.729584 
460.160126 269.354584 
407.924438 201.230774 
264.771454 210.830200 
502.442902 276.652527 
477.390442 227.550339 
538.750854 244.507172 
511.662964 242.092026 
495.669281 216.525818 
244.444305 224.728958 
454.447449 243.365128 
498.182983 310.788849 
466.145966 207.142761 
541.445129 255.873413 
444.152191 217.529251 
349.419922 337.304108 
448.348572 216.112732 
245.524445 227.177521 
412.498444 297.045227 
412.924469 229.103012 
401.723145 209.547394 
408.675995 257.622620 
403.990906 201.044083 
313.881561 174.472549 
291.446747 267.140533 
237.224060 182.103546 
233.482452 335.916534 
487.964142 233.269318 
428.612762 300.985748 
480.066711 231.884491 
430.991577 222.423874 
406.017578 226.780914 
66.301460 330.230743 
482.965668 204.144958 
432.838196 223.042953 
487.452209 253.028503 
412.948944 222.443085 
536.146851 257.160156 
204.949081 192.177109 
438.124786 218.982147 
402.699066 208.518265 
107.054947 218.905670 
522.760193 233.210480 
452.379303 210.324860 
234.962738 186.864227 
234.052368 186.844788 
438.222473 312.612915 
262.176422 209.362427 
455.690308 243.086426 
453.532776 219.568619 
416.721466 199.691833 
426.391754 218.945129 
424.614136 234.329758 
457.462158 212.850571 
218.060318 203.691299 
274.593597 330.095123 
217.147476 245.951736 
313.052399 175.205338 
248.242371 331.843353 
244.346237 339.794830 
207.356964 193.788300 
477.420166 250.447815 
422.429169 188.994843 
238.754730 183.500412 
523.171631 279.425781 
69.210281 326.064392 
449.728516 207.182205 
256.873901 197.485184 
433.909882 243.415894 
521.098816 436.673004 
395.746338 217.423294 
502.595276 214.078186 
304.817841 182.851562 
469.757233 260.276428 
447.259308 224.446945 
50.703453 340.091034 
309.960236 270.835297 
313.609283 181.475815 
311.098297 278.970520 
497.127869 183.458618 
497.624939 183.065628 
497.624939 183.065628 
499.867218 298.485077 
336.647644 210.054214 
478.835693 334.513428 
433.529907 183.404251 
402.499420 291.485138 
402.332275 291.567352 
401.303070 220.344070 
319.754364 95.937675 
319.661346 95.796295 
448.063782 223.600327 
424.399963 298.752716 
420.224854 228.400513 
419.101959 300.872528 
311.756226 322.241821 
512.354248 245.743256 
429.029053 222.890533 
53.364643 318.776611 
65.506805 330.715607 
400.218170 237.097610 
394.284607 229.703232 
203.508667 191.379761 
228.275467 335.456573 
282.158936 164.509048 
471.862610 210.279297 
486.983704 253.691315 
396.727997 246.010208 
418.532318 299.344330 
262.757385 348.520966 
268.208344 107.741394 
313.912750 364.059143 
433.457458 240.750488 
254.908752 176.865677 
408.516357 227.614761 
419.731842 299.375549 
419.169769 299.256226 
174.709518 325.050964 
278.889557 208.209000 
429.653961 221.737976 
227.957962 197.168549 
453.839996 277.710266 
238.150620 326.893646 
534.733276 260.395813 
90.779564 329.365723 
246.267273 187.612473 
322.777039 177.062225 
303.078644 183.588104 
303.812622 183.273132 
222.885727 206.522629 
472.051117 269.949310 
295.071320 272.213715 
475.441101 245.267715 
267.437561 155.548752 
460.400543 224.241867 
487.824249 229.451370 
438.664948 254.334351 
443.379181 221.279144 
394.972443 222.497009 
436.631714 234.182556 
158.321884 244.900146 
465.853638 271.246643 
388.617706 242.273865 
495.019745 238.501221 
496.405548 234.997147 
400.891785 205.119644 
484.324890 255.572250 
131.110336 184.489380 
403.544800 229.720947 
463.117126 220.887161 
514.523560 245.769791 
267.910004 144.536240 
334.189667 207.894043 
485.245789 248.577927 
281.928375 223.974426 
276.389801 329.970612 
491.950867 268.080566 
424.107605 388.581940 
150.424469 245.650299 
424.011810 269.842285 
153.054504 237.520538 
359.480835 213.171799 
484.597961 314.025482 
24.693386 360.296051 
505.428192 239.228439 
317.758575 130.700211 
475.863342 253.342041 
400.301025 236.820160 
291.116333 186.837341 
443.335907 220.590134 
460.109894 223.441711 
436.332794 226.580765 
147.708893 293.711029 
336.078064 263.015656 
507.211823 297.588684 
402.895203 236.330093 
485.081207 308.809601 
511.354248 245.172775 
498.888885 270.644104 
291.362885 271.535370 
422.766235 270.293579 
469.825623 224.688889 
443.766174 179.342789 
454.216064 202.652359 
248.764053 236.464432 
472.706482 219.916321 
315.625214 276.738953 
469.286804 270.763550 
477.733826 228.211914 
241.950378 190.879517 
252.947998 148.655426 
455.071899 242.241531 
326.548431 341.158569 
346.718689 208.824356 
222.881027 182.005325 
418.688660 232.780334 
471.290375 273.976135 
273.790741 155.310440 
215.607285 191.404312 
505.023224 240.162720 
418.860779 304.812012 
409.130341 226.773300 
480.371521 260.497803 
385.376678 251.718582 
247.427948 235.573318 
479.827209 253.257080 
426.050293 298.880707 
390.149139 267.183411 
486.680603 261.664093 
374.126892 331.895782 
486.379242 306.525238 
454.286255 253.191605 
469.780518 233.442810 
346.210571 209.843353 
249.909653 173.271591 
465.665558 270.771729 
418.791931 303.623016 
337.346588 264.702881 
509.712402 256.410950 
221.067032 207.892120 
310.490570 269.410095 
491.574768 247.817764 
506.726135 189.606094 
419.486359 305.191406 
487.734802 230.163132 
298.077087 336.358917 
293.725952 207.161118 
342.628479 214.159790 
473.180206 233.610489 
508.143158 300.768555 
202.568741 183.517029 
282.265472 334.434967 
507.156189 241.176178 
438.886658 253.850357 
363.554626 219.903809 
216.487518 101.692818 
340.176147 280.404053 
230.992279 228.521759 
388.214417 248.434021 
258.415588 138.795425 
391.873352 273.743988 
440.381012 334.603577 
238.560867 182.934814 
124.314796 151.877319 
441.384216 247.557892 
43.104763 347.265991 
465.590759 224.269592 
222.386185 209.696655 
208.481903 201.934921 
287.366882 198.124771 
270.992432 332.340576 
407.555786 229.525131 
356.598206 219.583649 
472.622803 248.342728 
460.045197 256.502319 
315.711670 130.612549 
265.369873 211.902954 
464.767517 224.417969 
415.834503 280.617767 
249.066437 184.639572 
522.839355 205.858078 
405.744080 231.668915 
500.560760 309.590607 
82.408714 292.985931 
440.574432 311.511627 
340.748169 206.664093 
519.484314 249.740601 
480.709290 256.877594 
413.144165 285.468048 
347.521667 214.713257 
342.228333 213.336273 
243.310181 174.943420 
241.297592 266.091553 
480.591888 244.550018 
452.556030 247.821045 
321.196320 175.709213 
462.919373 254.995239 
202.489990 197.819092 
218.976822 235.717819 
258.032715 226.228745 
443.860321 250.403015 
208.493225 190.537430 
274.147919 267.414581 
62.515888 302.346313 
149.909515 241.834595 
450.449097 228.160751 
223.160675 210.506958 
256.683990 263.601013 
436.167358 251.901321 
339.992523 238.847870 
418.733673 228.432098 
210.673325 196.873795 
387.227631 248.498947 
288.355774 194.537415 
214.453979 204.319733 
483.702820 229.438843 
315.020966 176.432098 
459.515350 255.202072 
