500
473.853546 176.087723 
90.779564 329.365723 
93.125542 312.620483 
92.511772 313.093292 
530.106506 135.762344 
462.495209 187.076187 
469.019379 211.364059 
315.344543 216.925217 
484.797760 193.085327 
483.046143 210.592773 
485.265594 194.785385 
442.756683 209.873672 
488.975403 194.954147 
473.226471 191.528610 
248.890060 105.679253 
488.659576 197.813354 
494.584747 183.104095 
480.698212 198.632751 
469.155701 214.632385 
273.473755 245.118408 
476.079529 184.352997 
472.969604 189.549072 
476.886200 185.914627 
413.988464 190.716995 
205.847992 344.573761 
507.211823 297.588684 
350.660736 218.050522 
472.971191 192.587036 
440.915924 189.734283 
311.549316 177.664429 
476.164917 183.115250 
262.176422 209.362427 
482.839203 191.689438 
452.859650 178.872452 
287.881500 161.794983 
459.326447 192.087021 
334.189667 207.894043 
493.707550 182.000778 
437.175903 191.928864 
580.952148 268.621552 
429.767059 202.466522 
452.510681 184.218277 
163.096436 95.963226 
475.469971 194.861237 
272.845428 240.291275 
484.442871 312.539062 
437.614716 186.050339 
424.241974 192.043777 
440.862640 201.382996 
440.333740 200.796509 
271.679596 154.417725 
328.449921 168.414185 
251.949646 196.152786 
263.407043 351.104950 
281.928375 223.974426 
237.705139 214.002701 
469.046783 193.166885 
415.893463 206.184464 
422.377289 195.807526 
492.143829 193.491501 
256.686829 195.607056 
496.137543 184.266739 
447.103516 193.067688 
455.405304 200.519882 
439.715118 206.709900 
441.131744 198.994675 
454.966095 201.647659 
448.416779 310.961243 
457.462158 212.850571 
411.226440 298.855438 
321.234406 336.869720 
43.104763 347.265991 
436.197662 185.156250 
451.627289 182.800873 
450.317719 186.563080 
234.962738 186.864227 
234.052368 186.844788 
290.416107 188.581863 
438.998138 200.919327 
459.509827 220.808990 
444.737213 196.528961 
247.564331 178.685577 
416.711823 193.745270 
436.631714 234.182556 
314.019531 217.237885 
322.834015 336.758362 
486.379242 306.525238 
460.489410 206.868530 
258.718750 195.151413 
487.472534 199.996902 
460.693756 221.403214 
460.952057 221.133881 
342.228333 213.336273 
415.159454 199.998611 
499.224030 213.309479 
311.098297 278.970520 
452.242096 180.824448 
482.965668 204.144958 
342.628479 214.159790 
455.625458 219.855743 
340.178741 277.021362 
452.379303 210.324860 
433.092773 216.191467 
498.182983 310.788849 
265.508423 352.481445 
506.246124 213.313507 
309.483643 345.343719 
435.014587 183.570938 
476.095398 181.783798 
486.464722 176.301102 
486.049286 176.907928 
222.885727 206.522629 
428.048187 186.232880 
444.661041 176.707947 
444.916168 284.736786 
483.461273 190.355270 
286.648590 109.533501 
535.774902 263.669952 
416.611938 192.561844 
506.526459 299.599945 
309.479492 341.615753 
347.521667 214.713257 
264.771454 210.830200 
51.317047 311.106567 
444.152191 217.529251 
392.253265 390.279602 
236.753830 213.997253 
454.004517 197.295837 
447.424133 196.111877 
505.231506 298.982269 
511.643127 241.435455 
268.208344 107.741394 
424.107605 388.581940 
248.618805 179.863693 
340.156311 279.749146 
477.616577 200.449936 
309.960236 270.835297 
385.506989 388.852295 
270.722290 238.181274 
258.733765 155.791290 
423.488770 190.728790 
428.378082 302.627380 
428.527954 302.306549 
340.748169 206.664093 
143.783813 93.795677 
66.301460 330.230743 
273.146515 244.093445 
335.565430 203.847122 
438.222473 312.612915 
292.807129 200.391083 
229.880875 334.217041 
233.482452 335.916534 
456.580750 212.277695 
422.419647 213.563156 
438.124786 218.982147 
466.145966 207.142761 
419.756073 298.180908 
422.429169 188.994843 
453.532776 219.568619 
445.156433 195.985825 
509.031677 208.939148 
491.947266 231.499207 
476.443207 210.209229 
65.506805 330.715607 
514.521362 215.660385 
512.616333 268.227478 
512.920471 268.299927 
234.488846 103.716522 
448.063782 223.600327 
499.006378 212.602310 
246.188156 181.979462 
416.611420 212.894913 
307.286835 341.231964 
402.699066 208.518265 
432.838196 223.042953 
256.950317 148.536880 
511.889191 239.668869 
412.948944 222.443085 
445.319153 214.910843 
463.117126 220.887161 
418.688660 232.780334 
439.229095 312.864929 
527.138489 233.871750 
405.923157 214.109802 
310.561890 342.239441 
289.654449 165.507187 
475.378906 211.698151 
427.357513 267.696564 
269.576904 237.892120 
487.964142 233.269318 
466.228546 274.259338 
269.776886 153.949295 
461.142151 288.183105 
479.391998 207.700485 
247.075500 177.787308 
443.335907 220.590134 
310.490570 269.410095 
448.348572 216.112732 
410.081940 198.691895 
228.370865 181.848770 
486.983704 253.691315 
478.496979 207.500641 
221.067032 207.892120 
85.591255 314.312164 
349.419922 337.304108 
417.569427 195.231064 
267.910004 144.536240 
415.355957 212.548492 
498.542267 299.490753 
204.949081 192.177109 
402.649292 259.199219 
262.757385 348.520966 
444.037384 192.521576 
460.244781 269.729584 
460.160126 269.354584 
401.723145 209.547394 
514.719055 217.582260 
107.054947 218.905670 
502.442902 276.652527 
523.171631 279.425781 
426.187927 267.344818 
374.126892 331.895782 
521.948303 289.023529 
241.297592 266.091553 
428.612762 300.985748 
332.347473 206.930939 
495.669281 216.525818 
536.146851 257.160156 
477.733826 228.211914 
360.613831 215.802948 
315.625214 276.738953 
311.756226 322.241821 
416.721466 199.691833 
454.447449 243.365128 
244.346237 339.794830 
405.927979 207.468094 
426.391754 218.945129 
487.801453 307.548828 
311.194824 213.866119 
471.862610 210.279297 
424.399963 298.752716 
472.496033 238.946793 
338.412262 268.123260 
406.017578 226.780914 
407.924438 201.230774 
438.820221 223.463730 
482.200562 208.129578 
415.594452 209.087570 
455.690308 243.086426 
511.662964 242.092026 
450.497864 227.566467 
487.452209 253.028503 
453.614594 285.089844 
495.019745 238.501221 
288.636597 165.905716 
260.980621 154.895264 
436.332794 226.580765 
475.863342 253.342041 
522.760193 233.210480 
124.314796 151.877319 
454.216064 202.652359 
244.444305 224.728958 
416.836914 261.113037 
416.237305 261.594849 
499.867218 298.485077 
480.066711 231.884491 
486.680603 261.664093 
245.524445 227.177521 
238.871078 327.525055 
412.498444 297.045227 
471.837097 238.041641 
459.515350 255.202072 
433.529907 183.404251 
207.356964 193.788300 
487.734802 230.163132 
480.371521 260.497803 
455.071899 242.241531 
467.175232 239.234482 
291.383606 162.534088 
460.400543 224.241867 
400.301025 236.820160 
525.083252 236.773621 
460.109894 223.441711 
472.706482 219.916321 
217.147476 245.951736 
236.434601 178.818359 
409.823242 257.302277 
203.508667 191.379761 
216.487518 101.692818 
433.909882 243.415894 
447.259308 224.446945 
402.499420 291.485138 
402.332275 291.567352 
469.286804 270.763550 
469.757233 260.276428 
304.817841 182.851562 
538.750854 244.507172 
238.754730 183.500412 
418.733673 228.432098 
424.011810 269.842285 
283.415741 335.672760 
478.835693 334.513428 
473.180206 233.610489 
215.882553 188.698410 
230.992279 228.521759 
291.116333 186.837341 
401.303070 220.344070 
491.950867 268.080566 
443.766174 179.342789 
309.510864 180.676666 
417.463348 229.224258 
471.390228 217.741226 
475.441101 245.267715 
408.675995 257.622620 
502.595276 214.078186 
430.991577 222.423874 
418.791931 303.623016 
359.360962 207.432922 
453.839996 277.710266 
53.364643 318.776611 
407.555786 229.525131 
400.891785 205.119644 
280.849182 331.136444 
257.983459 224.956467 
426.050293 298.880707 
419.486359 305.191406 
418.860779 304.812012 
464.767517 224.417969 
313.881561 174.472549 
217.597763 201.334381 
394.284607 229.703232 
485.523224 177.531418 
243.310181 174.943420 
472.051117 269.949310 
471.397339 316.405701 
498.888885 270.644104 
484.597961 314.025482 
294.626099 208.357193 
534.733276 260.395813 
400.218170 237.097610 
429.653961 221.737976 
282.265472 334.434967 
385.376678 251.718582 
446.061829 239.059998 
420.224854 228.400513 
131.110336 184.489380 
24.693386 360.296051 
460.045197 256.502319 
150.424469 245.650299 
213.125015 189.625305 
299.278595 110.299019 
405.744080 231.668915 
237.224060 182.103546 
496.405548 234.997147 
505.428192 239.228439 
469.825623 224.688889 
477.390442 227.550339 
183.070358 329.747833 
208.481903 201.934921 
402.895203 236.330093 
408.516357 227.614761 
483.727081 309.583801 
422.766235 270.293579 
484.324890 255.572250 
394.972443 222.497009 
467.837341 168.163971 
429.029053 222.890533 
228.275467 335.456573 
338.097382 267.024475 
485.081207 308.809601 
449.728516 207.182205 
269.056030 149.507660 
253.284683 144.549728 
440.574432 311.511627 
238.560867 182.934814 
485.245789 248.577927 
491.574768 247.817764 
257.836914 149.130630 
521.098816 436.673004 
483.028961 177.141296 
403.544800 229.720947 
487.824249 229.451370 
409.130341 226.773300 
409.789520 256.887695 
471.290375 273.976135 
436.342041 250.411713 
146.237244 223.127777 
256.873901 197.485184 
402.172668 214.032516 
391.873352 273.743988 
336.647644 210.054214 
443.379181 221.279144 
419.711548 201.916061 
436.453400 252.579132 
500.560760 309.590607 
298.077087 336.358917 
349.027679 250.185608 
319.754364 95.937675 
319.661346 95.796295 
287.646698 109.720177 
494.158020 238.724655 
412.924469 229.103012 
248.242371 331.843353 
477.420166 250.447815 
395.746338 217.423294 
396.727997 246.010208 
433.457458 240.750488 
472.622803 248.342728 
436.167358 251.901321 
279.952209 208.148148 
218.060318 203.691299 
313.052399 175.205338 
403.990906 201.044083 
475.633148 254.822800 
405.495544 200.001221 
322.303009 341.533569 
306.998871 178.043091 
469.780518 233.442810 
438.664948 254.334351 
465.665558 270.771729 
288.355774 194.537415 
465.590759 224.269592 
252.255768 144.357269 
249.909653 173.271591 
511.354248 245.172775 
62.515888 302.346313 
193.616302 200.926468 
441.384216 247.557892 
468.920044 233.207108 
468.996887 233.351181 
292.345306 176.609634 
512.354248 245.743256 
227.957962 197.168549 
413.144165 285.468048 
419.101959 300.872528 
119.344109 367.901917 
291.446747 267.140533 
294.897858 201.270309 
436.563263 178.632843 
232.588531 349.782196 
258.415588 138.795425 
465.853638 271.246643 
141.537201 229.929520 
509.712402 256.410950 
289.978851 308.051697 
438.886658 253.850357 
540.201721 255.724106 
336.958557 320.503540 
208.493225 190.537430 
250.281219 175.976105 
321.196320 175.709213 
450.449097 228.160751 
514.523560 245.769791 
35.489822 353.293671 
222.881027 182.005325 
227.082504 189.261261 
508.143158 300.768555 
248.387451 184.722076 
434.975006 260.079742 
314.637177 277.512238 
424.614136 234.329758 
326.548431 341.158569 
473.690613 348.636841 
473.615479 348.122345 
505.023224 240.162720 
266.322754 229.384552 
304.736542 322.001526 
443.860321 250.403015 
274.147919 267.414581 
504.181641 296.532776 
50.703453 340.091034 
480.709290 256.877594 
480.591888 244.550018 
421.994202 232.669220 
224.616959 346.472870 
497.127869 183.458618 
497.624939 183.065628 
497.624939 183.065628 
197.745178 99.763084 
197.236649 99.932396 
337.942261 204.963791 
288.943878 151.986130 
483.702820 229.438843 
287.366882 198.124771 
492.860779 313.468048 
150.315872 225.613251 
317.758575 130.700211 
147.011581 224.228897 
419.208984 232.677444 
158.214218 154.563004 
304.012665 110.733940 
452.556030 247.821045 
359.670715 218.735321 
497.513397 311.306702 
159.760101 231.792145 
290.602478 264.308136 
265.369873 211.902954 
415.834503 280.617767 
457.034637 252.933212 
137.202728 216.591888 
