500
473.853546 176.087723 
287.064056 90.533890 
287.086761 90.585007 
494.584747 183.104095 
493.707550 182.000778 
315.344543 216.925217 
469.019379 211.364059 
163.096436 95.963226 
442.756683 209.873672 
93.125542 312.620483 
484.797760 193.085327 
441.131744 198.994675 
488.975403 194.954147 
447.424133 196.111877 
328.449921 168.414185 
338.360077 211.904373 
488.659576 197.813354 
580.952148 268.621552 
485.265594 194.785385 
530.106506 135.762344 
469.155701 214.632385 
444.737213 196.528961 
476.079529 184.352997 
286.648590 109.533501 
472.971191 192.587036 
360.331085 204.406891 
445.156433 195.985825 
476.886200 185.914627 
428.048187 186.232880 
438.998138 200.919327 
273.473755 245.118408 
349.419922 337.304108 
482.839203 191.689438 
473.226471 191.528610 
462.495209 187.076187 
472.969604 189.549072 
51.317047 311.106567 
272.845428 240.291275 
476.164917 183.115250 
443.335907 220.590134 
413.988464 190.716995 
422.429169 188.994843 
499.885529 184.956970 
234.488846 103.716522 
248.890060 105.679253 
487.472534 199.996902 
480.698212 198.632751 
436.563263 178.632843 
440.862640 201.382996 
392.253265 390.279602 
271.679596 154.417725 
424.241974 192.043777 
342.628479 214.159790 
311.098297 278.970520 
461.142151 288.183105 
459.326447 192.087021 
483.727081 309.583801 
429.767059 202.466522 
447.103516 193.067688 
476.443207 210.209229 
455.405304 200.519882 
287.881500 161.794983 
415.893463 206.184464 
484.442871 312.539062 
454.004517 197.295837 
437.175903 191.928864 
452.859650 178.872452 
475.469971 194.861237 
342.228333 213.336273 
492.143829 193.491501 
476.095398 181.783798 
440.915924 189.734283 
251.949646 196.152786 
435.014587 183.570938 
256.686829 195.607056 
454.966095 201.647659 
451.627289 182.800873 
322.834015 336.758362 
453.614594 285.089844 
437.614716 186.050339 
487.801453 307.548828 
452.242096 180.824448 
439.715118 206.709900 
498.542267 299.490753 
416.721466 199.691833 
311.194824 213.866119 
440.333740 200.796509 
469.046783 193.166885 
374.269623 252.218948 
423.488770 190.728790 
287.646698 109.720177 
234.962738 186.864227 
234.052368 186.844788 
314.019531 217.237885 
321.234406 336.869720 
436.197662 185.156250 
535.774902 263.669952 
416.611938 192.561844 
452.510681 184.218277 
483.046143 210.592773 
433.092773 216.191467 
475.378906 211.698151 
258.718750 195.151413 
422.377289 195.807526 
426.050293 298.880707 
92.511772 313.093292 
415.594452 209.087570 
309.483643 345.343719 
310.561890 342.239441 
90.325943 309.339233 
506.246124 213.313507 
499.224030 213.309479 
247.564331 178.685577 
507.211823 297.588684 
496.137543 184.266739 
416.711823 193.745270 
433.529907 183.404251 
486.379242 306.525238 
405.927979 207.468094 
443.766174 179.342789 
267.437561 155.548752 
509.031677 208.939148 
340.748169 206.664093 
483.461273 190.355270 
270.722290 238.181274 
460.693756 221.403214 
460.952057 221.133881 
514.719055 217.582260 
448.416779 310.961243 
456.580750 212.277695 
309.960236 270.835297 
479.391998 207.700485 
311.756226 322.241821 
436.631714 234.182556 
478.496979 207.500641 
424.399963 298.752716 
143.783813 93.795677 
411.226440 298.855438 
499.006378 212.602310 
477.616577 200.449936 
197.745178 99.763084 
197.236649 99.932396 
237.476105 189.229248 
237.628998 189.552307 
482.965668 204.144958 
257.983459 224.956467 
359.480835 213.171799 
229.387512 340.233215 
422.419647 213.563156 
417.569427 195.231064 
504.181641 296.532776 
459.509827 220.808990 
424.107605 388.581940 
310.490570 269.410095 
65.506805 330.715607 
438.222473 312.612915 
273.146515 244.093445 
450.497864 227.566467 
248.618805 179.863693 
290.416107 188.581863 
407.924438 201.230774 
85.591255 314.312164 
66.301460 330.230743 
268.208344 107.741394 
418.688660 232.780334 
263.407043 351.104950 
385.506989 388.852295 
444.152191 217.529251 
269.576904 237.892120 
527.138489 233.871750 
428.378082 302.627380 
428.527954 302.306549 
438.820221 223.463730 
328.258392 165.703430 
299.278595 110.299019 
450.317719 186.563080 
444.037384 192.521576 
466.145966 207.142761 
262.176422 209.362427 
486.464722 176.301102 
486.049286 176.907928 
158.214218 154.563004 
495.669281 216.525818 
445.319153 214.910843 
400.218170 237.097610 
415.159454 199.998611 
315.625214 276.738953 
448.348572 216.112732 
498.182983 310.788849 
439.229095 312.864929 
436.332794 226.580765 
448.063782 223.600327 
415.355957 212.548492 
416.611420 212.894913 
360.613831 215.802948 
505.231506 298.982269 
246.188156 181.979462 
402.699066 208.518265 
452.379303 210.324860 
410.081940 198.691895 
419.756073 298.180908 
482.200562 208.129578 
255.229416 208.354950 
244.346237 339.794830 
228.370865 181.848770 
438.124786 218.982147 
427.357513 267.696564 
460.489410 206.868530 
455.625458 219.855743 
267.910004 144.536240 
292.807129 200.391083 
457.462158 212.850571 
412.948944 222.443085 
502.442902 276.652527 
466.228546 274.259338 
289.654449 165.507187 
502.595276 214.078186 
471.390228 217.741226 
262.757385 348.520966 
304.012665 110.733940 
523.171631 279.425781 
447.259308 224.446945 
326.548431 341.158569 
538.750854 244.507172 
426.187927 267.344818 
396.727997 246.010208 
454.216064 202.652359 
485.523224 177.531418 
511.662964 242.092026 
432.838196 223.042953 
313.881561 174.472549 
287.366882 198.124771 
406.017578 226.780914 
238.560867 182.934814 
247.075500 177.787308 
360.434418 201.950577 
254.694489 207.872330 
400.301025 236.820160 
460.244781 269.729584 
460.160126 269.354584 
487.964142 233.269318 
433.457458 240.750488 
409.823242 257.302277 
440.574432 311.511627 
265.508423 352.481445 
428.612762 300.985748 
508.143158 300.768555 
43.104763 347.265991 
374.126892 331.895782 
536.146851 257.160156 
408.675995 257.622620 
313.609283 181.475815 
203.508667 191.379761 
405.495544 200.001221 
471.862610 210.279297 
460.400543 224.241867 
412.498444 297.045227 
426.391754 218.945129 
288.636597 165.905716 
525.083252 236.773621 
495.019745 238.501221 
293.725952 207.161118 
417.463348 229.224258 
313.052399 175.205338 
497.127869 183.458618 
497.624939 183.065628 
497.624939 183.065628 
484.597961 314.025482 
491.950867 268.080566 
416.836914 261.113037 
416.237305 261.594849 
107.054947 218.905670 
521.098816 436.673004 
216.487518 101.692818 
478.835693 334.513428 
460.109894 223.441711 
514.521362 215.660385 
418.733673 228.432098 
424.011810 269.842285 
402.499420 291.485138 
402.332275 291.567352 
408.818359 173.546967 
469.757233 260.276428 
486.983704 253.691315 
401.723145 209.547394 
475.441101 245.267715 
463.117126 220.887161 
322.303009 341.533569 
402.649292 259.199219 
512.616333 268.227478 
512.920471 268.299927 
522.760193 233.210480 
238.754730 183.500412 
124.314796 151.877319 
480.371521 260.497803 
471.837097 238.041641 
430.991577 222.423874 
511.643127 241.435455 
472.051117 269.949310 
217.597763 201.334381 
446.061829 239.059998 
309.479492 341.615753 
207.356964 193.788300 
449.728516 207.182205 
266.322754 229.384552 
453.532776 219.568619 
394.972443 222.497009 
499.867218 298.485077 
224.616959 346.472870 
486.680603 261.664093 
238.871078 327.525055 
403.544800 229.720947 
208.481903 201.934921 
145.664688 241.999344 
394.284607 229.703232 
307.286835 341.231964 
491.947266 231.499207 
483.028961 177.141296 
401.303070 220.344070 
409.130341 226.773300 
236.434601 178.818359 
444.916168 284.736786 
403.990906 201.044083 
472.496033 238.946793 
506.526459 299.599945 
433.909882 243.415894 
455.690308 243.086426 
455.071899 242.241531 
208.493225 190.537430 
422.766235 270.293579 
385.376678 251.718582 
454.447449 243.365128 
408.516357 227.614761 
534.733276 260.395813 
53.364643 318.776611 
131.110336 184.489380 
478.555328 176.818970 
511.889191 239.668869 
332.347473 206.930939 
145.217224 246.788361 
472.706482 219.916321 
229.880875 334.217041 
498.888885 270.644104 
266.319733 143.737717 
407.555786 229.525131 
450.449097 228.160751 
233.482452 335.916534 
477.390442 227.550339 
469.286804 270.763550 
218.060318 203.691299 
400.891785 205.119644 
233.652771 228.438461 
480.066711 231.884491 
471.290375 273.976135 
237.224060 182.103546 
35.489822 353.293671 
24.693386 360.296051 
459.515350 255.202072 
487.452209 253.028503 
213.125015 189.625305 
146.237244 223.127777 
243.310181 174.943420 
420.224854 228.400513 
253.690491 342.409698 
496.405548 234.997147 
252.255768 144.357269 
505.428192 239.228439 
491.574768 247.817764 
232.588531 349.782196 
405.744080 231.668915 
150.424469 245.650299 
402.895203 236.330093 
485.245789 248.577927 
467.175232 239.234482 
336.647644 210.054214 
483.702820 229.438843 
402.172668 214.032516 
205.847992 344.573761 
419.711548 201.916061 
429.653961 221.737976 
241.297592 266.091553 
319.754364 95.937675 
319.661346 95.796295 
485.081207 308.809601 
477.733826 228.211914 
391.873352 273.743988 
204.949081 192.177109 
471.397339 316.405701 
282.265472 334.434967 
514.523560 245.769791 
279.952209 208.148148 
146.209671 242.334015 
261.754883 137.618652 
509.712402 256.410950 
460.045197 256.502319 
350.660736 218.050522 
429.029053 222.890533 
256.683990 263.601013 
314.637177 277.512238 
469.780518 233.442810 
245.896713 231.918381 
183.070358 329.747833 
298.077087 336.358917 
321.196320 175.709213 
462.832916 174.176483 
438.664948 254.334351 
512.354248 245.743256 
475.863342 253.342041 
454.286255 253.191605 
50.703453 340.091034 
472.887054 175.807159 
413.144165 285.468048 
487.824249 229.451370 
274.147919 267.414581 
260.292511 137.771927 
511.354248 245.172775 
475.633148 254.822800 
487.734802 230.163132 
465.853638 271.246643 
229.199844 195.374512 
265.331665 230.575470 
317.758575 130.700211 
473.690613 348.636841 
473.615479 348.122345 
468.920044 233.207108 
468.996887 233.351181 
465.665558 270.771729 
230.889572 337.555359 
253.284683 144.549728 
210.208527 182.888443 
395.746338 217.423294 
505.023224 240.162720 
424.614136 234.329758 
521.948303 289.023529 
248.242371 331.843353 
159.760101 231.792145 
453.839996 277.710266 
438.886658 253.850357 
90.779564 329.365723 
203.799118 346.088409 
469.825623 224.688889 
215.882553 188.698410 
473.180206 233.610489 
412.924469 229.103012 
311.549316 177.664429 
409.789520 256.887695 
428.754822 181.767380 
436.167358 251.901321 
441.384216 247.557892 
255.144089 177.760757 
256.873901 197.485184 
477.420166 250.447815 
304.736542 322.001526 
310.100525 280.176117 
419.486359 305.191406 
405.923157 214.109802 
415.834503 280.617767 
327.712433 262.063629 
82.408714 292.985931 
472.622803 248.342728 
250.281219 175.976105 
150.315872 225.613251 
244.444305 224.728958 
465.590759 224.269592 
239.961395 170.336060 
473.364471 346.486115 
249.909653 173.271591 
253.056992 329.753937 
283.415741 335.672760 
210.673325 196.873795 
443.860321 250.403015 
436.453400 252.579132 
241.950378 190.879517 
467.837341 168.163971 
222.881027 182.005325 
147.011581 224.228897 
480.591888 244.550018 
274.778198 270.887207 
390.149139 267.183411 
146.427399 253.477539 
268.198914 146.101501 
464.767517 224.417969 
137.202728 216.591888 
244.765274 226.597412 
291.116333 186.837341 
136.541428 283.195679 
187.347031 318.746155 
436.342041 250.411713 
418.860779 304.812012 
434.975006 260.079742 
484.324890 255.572250 
303.078644 183.588104 
303.812622 183.273132 
292.345306 176.609634 
275.393768 270.768066 
280.849182 331.136444 
339.992523 238.847870 
389.558838 263.833923 
507.156189 241.176178 
243.324478 268.911346 
