500
508.981903 94.176117 
504.793427 76.510757 
370.059937 375.940430 
216.160812 324.562317 
184.342422 342.233673 
216.160812 324.562317 
190.405838 339.300964 
193.000107 338.058197 
190.405838 339.300964 
369.758514 376.460999 
190.405838 339.300964 
312.087952 273.810852 
205.548874 341.047211 
223.557602 339.886505 
205.548874 341.047211 
223.557602 339.886505 
283.375885 105.316513 
201.084076 305.814545 
370.059937 375.940430 
190.405838 339.300964 
205.548874 341.047211 
208.087463 338.801453 
216.160812 324.562317 
183.120941 325.349274 
363.118439 219.836945 
186.414902 331.308960 
180.966476 324.279175 
216.160812 324.562317 
295.718781 287.115692 
191.645950 344.717163 
409.113068 272.134674 
183.120941 325.349274 
383.047089 248.767258 
202.619873 337.888153 
189.806656 336.492950 
283.375885 105.316513 
335.099335 260.103149 
314.874176 201.338547 
202.619873 337.888153 
236.852737 320.203613 
227.353043 335.113983 
283.375885 105.316513 
124.925758 239.965942 
370.059937 375.940430 
371.207947 303.809418 
186.271667 356.686737 
398.623383 258.245911 
208.087463 338.801453 
162.309311 108.503563 
220.083679 321.120453 
187.975983 320.327789 
143.019272 231.097702 
205.548874 341.047211 
227.353043 335.113983 
208.675400 323.434326 
208.087463 338.801453 
218.021606 323.609314 
209.747604 326.022644 
141.416626 229.806137 
202.619873 337.888153 
193.506439 344.927063 
190.822266 333.350952 
200.193741 319.092865 
183.120941 325.349274 
208.675400 323.434326 
216.699005 316.437653 
227.353043 335.113983 
187.975983 320.327789 
393.652435 261.709381 
209.747604 326.022644 
410.563416 268.019562 
213.278610 286.147614 
220.164001 319.383545 
398.623383 258.245911 
127.782982 249.907455 
236.852737 320.203613 
205.548874 341.047211 
383.047089 248.767258 
111.669106 294.759338 
208.675400 323.434326 
264.077850 247.154099 
187.975983 320.327789 
186.414902 331.308960 
180.966476 324.279175 
331.388062 116.263252 
309.291534 272.970215 
333.289429 260.390015 
176.055603 331.072845 
409.113068 272.134674 
227.353043 335.113983 
206.115860 323.246735 
235.127579 301.082703 
293.775085 138.275986 
191.645950 344.717163 
550.956848 36.643414 
309.291534 272.970215 
200.193741 319.092865 
319.627930 275.833832 
161.352402 326.681519 
200.193741 319.092865 
201.586792 312.981415 
409.113068 272.134674 
186.414902 331.308960 
187.975983 320.327789 
420.188049 269.854584 
405.764160 299.453186 
109.284218 292.098114 
399.230286 301.268646 
200.193741 319.092865 
170.617386 341.875336 
205.548874 341.047211 
229.943375 255.394897 
229.943375 255.394897 
227.495575 284.135315 
365.357483 271.899597 
282.998505 150.796478 
195.675491 306.123962 
230.459152 313.026093 
186.414902 331.308960 
212.727692 316.643585 
186.414902 331.308960 
544.848633 81.244377 
128.402588 233.318085 
227.353043 335.113983 
124.925758 239.965942 
145.990524 327.680481 
212.727692 316.643585 
523.544434 71.606720 
365.935272 278.263214 
186.414902 331.308960 
201.084076 305.814545 
201.084076 305.814545 
124.925758 239.965942 
200.193741 319.092865 
212.727692 316.643585 
216.160812 324.562317 
130.271454 279.769531 
202.619873 337.888153 
414.300812 258.938354 
414.300812 258.938354 
333.215515 117.334755 
200.193741 319.092865 
357.859406 268.125000 
200.193741 319.092865 
383.802582 233.447586 
318.712830 208.071411 
200.193741 319.092865 
187.320877 333.621033 
215.372147 216.426651 
125.618225 247.459824 
423.148834 256.378265 
293.134338 140.471649 
236.852737 320.203613 
282.998505 150.796478 
220.083679 321.120453 
171.873108 243.281494 
172.964676 333.128448 
165.423599 347.595642 
325.356598 140.195770 
187.231201 240.978973 
196.231461 218.430038 
196.231461 218.430038 
124.925758 239.965942 
139.738632 231.919968 
157.663315 305.991394 
206.378876 289.895844 
331.388062 116.263252 
213.844955 246.899796 
190.822266 333.350952 
171.873108 243.281494 
183.120941 325.349274 
401.092834 50.740292 
293.775085 138.275986 
125.618225 247.459824 
191.645950 344.717163 
337.883698 208.031052 
337.883698 208.031052 
185.191208 246.084747 
225.162918 328.943207 
176.571167 353.593567 
518.443420 87.573189 
421.732086 16.050766 
240.628586 323.127655 
187.975983 320.327789 
93.546501 114.056427 
93.546501 114.056427 
177.527359 323.068695 
168.459885 291.177338 
158.897736 288.121490 
141.416626 229.806137 
130.271454 279.769531 
130.271454 279.769531 
408.788055 16.063875 
65.349998 124.763718 
205.529449 274.243347 
127.782982 249.907455 
229.943375 255.394897 
213.844955 246.899796 
128.402588 233.318085 
200.193741 319.092865 
224.479309 281.538483 
200.193741 319.092865 
200.193741 319.092865 
584.862610 172.356308 
186.414902 331.308960 
389.826233 246.399399 
200.193741 319.092865 
130.271454 279.769531 
171.733536 262.520386 
281.362396 145.978836 
200.193741 319.092865 
425.009277 263.317688 
157.663315 305.991394 
191.645950 344.717163 
337.855408 218.345444 
249.487427 305.431274 
171.873108 243.281494 
200.193741 319.092865 
168.061584 282.441803 
375.464386 228.441010 
403.143921 369.385437 
357.307312 119.839012 
363.118439 219.836945 
244.981400 311.214325 
220.083679 321.120453 
80.371460 302.438477 
183.338638 247.996140 
141.416626 229.806137 
178.896713 260.343536 
178.896713 260.343536 
216.160812 324.562317 
393.652435 261.709381 
373.770874 296.244171 
73.082787 309.975372 
213.844955 246.899796 
193.697067 303.268066 
199.535950 295.274323 
186.414902 331.308960 
182.645859 342.389008 
130.271454 279.769531 
192.346848 276.695679 
144.318039 333.096710 
291.412811 274.699341 
200.193741 319.092865 
253.965347 255.505112 
202.619873 337.888153 
240.628586 323.127655 
184.342422 342.233673 
405.764160 299.453186 
295.718781 287.115692 
415.359528 265.299866 
200.193741 319.092865 
127.371635 237.242767 
127.371635 237.242767 
193.000107 338.058197 
206.649109 332.552429 
130.271454 279.769531 
348.878998 299.372284 
227.399567 302.259491 
202.619873 337.888153 
389.826233 246.399399 
218.179581 233.280258 
506.127594 71.569786 
445.647919 245.986328 
128.402588 233.318085 
174.207962 74.108200 
227.495575 284.135315 
168.501907 222.640671 
335.099335 260.103149 
409.242065 304.858765 
299.053253 160.240616 
111.669106 294.759338 
368.184357 301.366547 
209.905945 251.102631 
365.304321 268.732147 
167.560120 264.577850 
134.692444 242.815262 
402.722778 310.854431 
435.992523 252.576630 
217.013306 342.750977 
124.925758 239.965942 
134.073227 230.357483 
390.360565 216.062088 
409.113068 272.134674 
128.402588 233.318085 
209.747604 326.022644 
220.083679 321.120453 
363.118439 219.836945 
198.071350 218.688293 
48.394970 316.748535 
229.943375 255.394897 
187.975983 320.327789 
123.682053 247.361023 
201.153122 124.035851 
293.134338 140.471649 
390.360565 216.062088 
365.110687 129.839813 
227.353043 335.113983 
409.506226 219.156143 
348.878998 299.372284 
249.487427 305.431274 
260.220703 140.460556 
216.160812 324.562317 
249.487427 305.431274 
182.645859 342.389008 
173.463226 290.152374 
99.666428 293.466553 
428.177216 239.947861 
177.214600 334.783630 
357.859406 268.125000 
229.943375 255.394897 
375.464386 228.441010 
339.453033 298.805878 
109.284218 292.098114 
359.776154 274.403687 
171.873108 243.281494 
302.844543 272.244202 
227.353043 335.113983 
220.083679 321.120453 
267.343750 160.219284 
184.342422 342.233673 
171.733536 262.520386 
318.712830 208.071411 
171.733536 262.520386 
236.852737 320.203613 
187.961243 241.005600 
363.118439 219.836945 
194.766769 339.727722 
401.092834 50.740292 
253.965347 255.505112 
548.712097 83.351349 
177.214600 334.783630 
409.506226 219.156143 
209.747604 326.022644 
192.779755 347.990631 
212.727692 316.643585 
187.975983 320.327789 
192.346848 276.695679 
240.628586 323.127655 
205.541855 273.938538 
317.113403 275.547821 
187.975983 320.327789 
187.975983 320.327789 
370.059937 375.940430 
172.168869 350.269623 
200.193741 319.092865 
171.873108 243.281494 
517.325867 227.680344 
182.263290 316.177155 
254.726593 255.257462 
441.330017 245.407913 
157.663315 305.991394 
413.657654 269.966614 
435.992523 252.576630 
363.118439 219.836945 
194.761124 336.496460 
479.709259 180.238007 
239.614075 286.578613 
418.787415 262.489990 
418.787415 262.489990 
306.507935 277.314148 
411.190247 273.520782 
157.884079 294.339264 
229.943375 255.394897 
312.087952 273.810852 
437.646576 237.738266 
192.346848 276.695679 
249.487427 305.431274 
206.115860 323.246735 
441.330017 245.407913 
251.961868 289.470215 
409.113068 272.134674 
172.964676 333.128448 
177.527359 323.068695 
409.506226 219.156143 
409.506226 219.156143 
444.270721 238.916214 
177.345367 305.643860 
176.061249 352.584015 
386.208557 188.618622 
200.193741 319.092865 
193.544037 346.470734 
237.370560 300.731049 
354.894928 130.210938 
206.755402 321.349976 
189.069092 273.622070 
189.734421 285.284698 
224.665527 287.234528 
171.733536 262.520386 
190.822266 333.350952 
238.372971 136.260162 
216.334137 337.734039 
321.688263 139.767609 
365.935272 278.263214 
109.067596 293.488342 
185.191208 246.084747 
368.722168 256.655182 
189.069092 273.622070 
204.174530 268.439270 
422.310211 249.048370 
143.019272 231.097702 
297.704712 140.348099 
161.710800 281.770874 
375.464386 228.441010 
127.371635 237.242767 
253.305145 299.317993 
190.405838 339.300964 
345.760468 298.132996 
80.371460 302.438477 
80.371460 302.438477 
338.712524 301.026855 
209.297470 318.773956 
357.963013 298.371307 
294.922943 223.145325 
171.733536 262.520386 
409.113068 272.134674 
371.015320 304.482727 
195.042801 309.942200 
354.239349 289.096924 
408.788055 16.063875 
217.013306 342.750977 
333.215515 117.334755 
409.506226 219.156143 
201.586792 312.981415 
80.371460 302.438477 
230.762604 255.524094 
187.975983 320.327789 
335.099335 260.103149 
448.530609 245.816940 
162.785217 276.227448 
206.235382 272.455170 
167.560120 264.577850 
171.733536 262.520386 
485.453552 191.804092 
551.305359 25.641989 
187.975983 320.327789 
172.964676 333.128448 
211.769394 276.204773 
189.069092 273.622070 
187.975983 320.327789 
428.177216 239.947861 
74.815392 302.284668 
363.118439 219.836945 
111.310097 116.361214 
171.733536 262.520386 
227.399567 302.259491 
99.527153 301.972961 
409.546906 262.661560 
206.235382 272.455170 
156.690399 277.145477 
303.710602 243.717316 
320.108490 138.154526 
219.232315 345.789520 
161.710800 281.770874 
420.035370 256.769440 
525.391846 107.696136 
206.755402 321.349976 
409.506226 219.156143 
338.286072 208.426651 
206.235382 272.455170 
170.547073 306.190704 
206.755402 321.349976 
481.537567 173.695541 
218.179581 233.280258 
287.346710 210.213394 
409.457062 270.645569 
186.414902 331.308960 
200.193741 319.092865 
438.093781 243.542648 
218.179581 233.280258 
399.399628 225.320419 
413.430115 286.324738 
427.931183 238.846924 
414.300812 258.938354 
354.894928 130.210938 
217.013306 342.750977 
368.290588 290.229584 
409.242065 304.858765 
253.965347 255.505112 
551.567383 27.562807 
294.746704 222.735138 
441.330017 245.407913 
187.975983 320.327789 
92.671112 299.298462 
312.087952 273.810852 
386.208557 188.618622 
312.989075 203.954208 
489.746735 183.109695 
332.349548 117.494179 
251.961868 289.470215 
272.986115 248.514511 
549.357788 23.810476 
190.035507 276.176910 
73.082787 309.975372 
287.379669 211.273773 
339.453033 298.805878 
231.427917 338.239258 
171.873108 243.281494 
345.566315 293.318878 
194.976273 212.270691 
