500
436.563263 178.632843 
472.971191 192.587036 
473.853546 176.087723 
484.797760 193.085327 
483.046143 210.592773 
438.998138 200.919327 
440.333740 200.796509 
205.847992 344.573761 
488.975403 194.954147 
338.360077 211.904373 
485.265594 194.785385 
488.659576 197.813354 
248.890060 105.679253 
473.226471 191.528610 
273.473755 245.118408 
469.155701 214.632385 
447.424133 196.111877 
492.143829 193.491501 
444.737213 196.528961 
472.969604 189.549072 
445.156433 195.985825 
487.472534 199.996902 
476.079529 184.352997 
455.625458 219.855743 
476.886200 185.914627 
447.103516 193.067688 
469.046783 193.166885 
482.839203 191.689438 
530.106506 135.762344 
469.019379 211.364059 
443.335907 220.590134 
452.510681 184.218277 
452.859650 178.872452 
437.175903 191.928864 
476.164917 183.115250 
462.495209 187.076187 
163.096436 95.963226 
437.614716 186.050339 
315.344543 216.925217 
342.628479 214.159790 
311.098297 278.970520 
424.241974 192.043777 
444.037384 192.521576 
475.469971 194.861237 
441.131744 198.994675 
299.278595 110.299019 
321.234406 336.869720 
328.449921 168.414185 
237.705139 214.002701 
436.197662 185.156250 
448.416779 310.961243 
256.686829 195.607056 
422.377289 195.807526 
457.462158 212.850571 
415.594452 209.087570 
451.627289 182.800873 
281.928375 223.974426 
314.637177 277.512238 
415.355957 212.548492 
483.461273 190.355270 
272.845428 240.291275 
486.379242 306.525238 
411.226440 298.855438 
442.756683 209.873672 
440.862640 201.382996 
475.378906 211.698151 
286.648590 109.533501 
283.415741 335.672760 
498.542267 299.490753 
392.253265 390.279602 
415.893463 206.184464 
429.767059 202.466522 
440.915924 189.734283 
263.407043 351.104950 
314.019531 217.237885 
460.489410 206.868530 
439.715118 206.709900 
511.643127 241.435455 
251.949646 196.152786 
342.228333 213.336273 
310.561890 342.239441 
487.801453 307.548828 
454.966095 201.647659 
309.479492 341.615753 
309.483643 345.343719 
416.611420 212.894913 
290.416107 188.581863 
452.242096 180.824448 
476.095398 181.783798 
234.488846 103.716522 
459.326447 192.087021 
224.616959 346.472870 
452.379303 210.324860 
287.646698 109.720177 
499.224030 213.309479 
512.616333 268.227478 
512.920471 268.299927 
416.611938 192.561844 
433.092773 216.191467 
423.488770 190.728790 
455.405304 200.519882 
222.885727 206.522629 
479.391998 207.700485 
85.591255 314.312164 
459.509827 220.808990 
478.496979 207.500641 
486.464722 176.301102 
486.049286 176.907928 
507.211823 297.588684 
340.156311 279.749146 
307.286835 341.231964 
460.693756 221.403214 
460.952057 221.133881 
309.960236 270.835297 
480.698212 198.632751 
428.048187 186.232880 
454.004517 197.295837 
268.208344 107.741394 
476.443207 210.209229 
322.834015 336.758362 
143.783813 93.795677 
258.718750 195.151413 
438.222473 312.612915 
498.182983 310.788849 
456.580750 212.277695 
484.442871 312.539062 
265.508423 352.481445 
236.753830 213.997253 
511.889191 239.668869 
416.711823 193.745270 
450.317719 186.563080 
311.549316 177.664429 
444.152191 217.529251 
328.258392 165.703430 
292.807129 200.391083 
288.355774 194.537415 
482.200562 208.129578 
435.014587 183.570938 
418.733673 228.432098 
496.137543 184.266739 
402.699066 208.518265 
310.490570 269.410095 
514.719055 217.582260 
444.916168 284.736786 
197.745178 99.763084 
197.236649 99.932396 
183.070358 329.747833 
273.146515 244.093445 
233.482452 335.916534 
514.521362 215.660385 
438.124786 218.982147 
229.880875 334.217041 
491.947266 231.499207 
422.419647 213.563156 
439.229095 312.864929 
483.727081 309.583801 
428.378082 302.627380 
428.527954 302.306549 
417.463348 229.224258 
505.231506 298.982269 
499.006378 212.602310 
463.117126 220.887161 
509.031677 208.939148 
535.774902 263.669952 
309.510864 180.676666 
270.722290 238.181274 
506.246124 213.313507 
477.616577 200.449936 
415.159454 199.998611 
315.625214 276.738953 
527.138489 233.871750 
412.948944 222.443085 
440.574432 311.511627 
448.348572 216.112732 
482.965668 204.144958 
445.319153 214.910843 
424.614136 234.329758 
495.669281 216.525818 
294.072021 253.359009 
418.688660 232.780334 
406.017578 226.780914 
244.444305 224.728958 
427.357513 267.696564 
480.066711 231.884491 
204.949081 192.177109 
469.757233 260.276428 
466.228546 274.259338 
461.142151 288.183105 
487.964142 233.269318 
222.881027 182.005325 
221.067032 207.892120 
454.216064 202.652359 
262.757385 348.520966 
409.823242 257.302277 
523.171631 279.425781 
289.654449 165.507187 
417.569427 195.231064 
502.442902 276.652527 
419.756073 298.180908 
291.446747 267.140533 
484.597961 314.025482 
264.771454 210.830200 
256.950317 148.536880 
471.862610 210.279297 
433.529907 183.404251 
460.244781 269.729584 
460.160126 269.354584 
304.012665 110.733940 
426.187927 267.344818 
221.606827 181.985123 
511.662964 242.092026 
287.366882 198.124771 
294.626099 208.357193 
407.924438 201.230774 
521.098816 436.673004 
260.980621 154.895264 
477.733826 228.211914 
443.766174 179.342789 
228.370865 181.848770 
241.297592 266.091553 
428.612762 300.985748 
203.508667 191.379761 
247.564331 178.685577 
432.838196 223.042953 
480.371521 260.497803 
313.881561 174.472549 
294.897858 201.270309 
408.516357 227.614761 
310.100525 280.176117 
408.675995 257.622620 
232.588531 349.782196 
472.706482 219.916321 
466.145966 207.142761 
422.429169 188.994843 
485.523224 177.531418 
262.176422 209.362427 
487.452209 253.028503 
475.441101 245.267715 
453.532776 219.568619 
455.690308 243.086426 
426.391754 218.945129 
313.609283 181.475815 
349.419922 337.304108 
210.208527 182.888443 
244.765274 226.597412 
471.390228 217.741226 
506.526459 299.599945 
269.576904 237.892120 
453.614594 285.089844 
459.515350 255.202072 
438.820221 223.463730 
460.109894 223.441711 
522.760193 233.210480 
410.081940 198.691895 
487.734802 230.163132 
306.998871 178.043091 
253.056992 329.753937 
436.332794 226.580765 
486.983704 253.691315 
455.071899 242.241531 
502.595276 214.078186 
311.194824 213.866119 
405.927979 207.468094 
236.434601 178.818359 
402.649292 259.199219 
207.356964 193.788300 
412.498444 297.045227 
424.399963 298.752716 
416.721466 199.691833 
244.346237 339.794830 
450.497864 227.566467 
288.636597 165.905716 
416.836914 261.113037 
416.237305 261.594849 
238.754730 183.500412 
257.836914 149.130630 
304.817841 182.851562 
469.286804 270.763550 
525.083252 236.773621 
472.051117 269.949310 
246.188156 181.979462 
360.613831 215.802948 
478.835693 334.513428 
433.909882 243.415894 
269.776886 153.949295 
218.060318 203.691299 
409.130341 226.773300 
238.871078 327.525055 
448.063782 223.600327 
245.524445 227.177521 
216.487518 101.692818 
400.218170 237.097610 
247.075500 177.787308 
267.437561 155.548752 
252.013290 210.896667 
359.360962 207.432922 
401.723145 209.547394 
536.146851 257.160156 
424.011810 269.842285 
464.767517 224.417969 
400.301025 236.820160 
471.837097 238.041641 
499.867218 298.485077 
401.303070 220.344070 
504.181641 296.532776 
230.992279 228.521759 
429.653961 221.737976 
447.259308 224.446945 
430.991577 222.423874 
278.889557 208.209000 
374.126892 331.895782 
402.895203 236.330093 
449.728516 207.182205 
495.019745 238.501221 
326.548431 341.158569 
424.107605 388.581940 
248.618805 179.863693 
446.061829 239.059998 
257.983459 224.956467 
214.453979 204.319733 
422.766235 270.293579 
251.032196 144.085281 
394.284607 229.703232 
403.544800 229.720947 
291.116333 186.837341 
322.303009 341.533569 
486.680603 261.664093 
232.870010 213.045731 
275.502258 337.885132 
467.175232 239.234482 
237.224060 182.103546 
471.397339 316.405701 
395.746338 217.423294 
485.245789 248.577927 
436.631714 234.182556 
534.733276 260.395813 
153.054504 237.520538 
90.325943 309.339233 
419.486359 305.191406 
460.045197 256.502319 
509.712402 256.410950 
497.127869 183.458618 
497.624939 183.065628 
497.624939 183.065628 
282.158936 164.509048 
213.125015 189.625305 
407.555786 229.525131 
340.748169 206.664093 
150.424469 245.650299 
420.224854 228.400513 
320.210510 336.834473 
418.791931 303.623016 
347.521667 214.713257 
505.428192 239.228439 
454.447449 243.365128 
460.400543 224.241867 
469.825623 224.688889 
472.496033 238.946793 
426.050293 298.880707 
419.101959 300.872528 
477.390442 227.550339 
141.856400 221.528839 
234.962738 186.864227 
234.052368 186.844788 
405.744080 231.668915 
158.321884 244.900146 
496.405548 234.997147 
228.275467 335.456573 
396.727997 246.010208 
419.711548 201.916061 
402.499420 291.485138 
402.332275 291.567352 
295.071320 272.213715 
429.029053 222.890533 
400.891785 205.119644 
491.574768 247.817764 
53.364643 318.776611 
409.789520 256.887695 
436.342041 250.411713 
475.863342 253.342041 
465.665558 270.771729 
238.560867 182.934814 
465.853638 271.246643 
185.139893 330.367493 
418.860779 304.812012 
298.077087 336.358917 
412.924469 229.103012 
514.523560 245.769791 
436.453400 252.579132 
491.950867 268.080566 
402.172668 214.032516 
350.660736 218.050522 
293.725952 207.161118 
494.158020 238.724655 
500.560760 309.590607 
428.754822 181.767380 
256.873901 197.485184 
258.733765 155.791290 
413.988464 190.716995 
453.839996 277.710266 
477.420166 250.447815 
472.622803 248.342728 
487.824249 229.451370 
394.972443 222.497009 
249.909653 173.271591 
43.104763 347.265991 
202.568741 183.517029 
322.777039 177.062225 
473.180206 233.610489 
484.324890 255.572250 
438.664948 254.334351 
433.457458 240.750488 
471.290375 273.976135 
498.888885 270.644104 
441.384216 247.557892 
469.780518 233.442810 
475.498718 333.624512 
443.379181 221.279144 
483.702820 229.438843 
65.506805 330.715607 
274.147919 267.414581 
468.920044 233.207108 
468.996887 233.351181 
512.354248 245.743256 
403.990906 201.044083 
208.481903 201.934921 
440.169189 177.531525 
450.449097 228.160751 
336.647644 210.054214 
258.415588 138.795425 
141.537201 229.929520 
282.265472 334.434967 
465.590759 224.269592 
273.790741 155.310440 
438.886658 253.850357 
193.616302 200.926468 
405.495544 200.001221 
475.633148 254.822800 
508.143158 300.768555 
436.167358 251.901321 
336.078064 263.015656 
434.975006 260.079742 
336.958557 320.503540 
521.948303 289.023529 
454.286255 253.191605 
289.978851 308.051697 
313.052399 175.205338 
413.144165 285.468048 
421.994202 232.669220 
330.808289 213.296997 
415.834503 280.617767 
215.882553 188.698410 
137.202728 216.591888 
522.839355 205.858078 
405.923157 214.109802 
340.176147 280.404053 
205.011581 181.080399 
217.597763 201.334381 
66.301460 330.230743 
140.137543 235.660950 
349.027679 250.185608 
505.023224 240.162720 
266.322754 229.384552 
339.992523 238.847870 
419.208984 232.677444 
288.943878 151.986130 
227.957962 197.168549 
511.354248 245.172775 
248.387451 184.722076 
480.709290 256.877594 
311.756226 322.241821 
124.314796 151.877319 
144.072876 234.656677 
146.209671 242.334015 
192.466125 224.998123 
480.591888 244.550018 
479.827209 253.257080 
148.199783 300.612213 
440.381012 334.603577 
313.334686 180.378937 
265.369873 211.902954 
452.556030 247.821045 
237.476105 189.229248 
237.628998 189.552307 
457.034637 252.933212 
35.489822 353.293671 
219.839111 206.212524 
332.347473 206.930939 
309.284515 185.201736 
391.873352 273.743988 
290.602478 264.308136 
267.910004 144.536240 
337.346588 264.702881 
173.275696 308.818237 
222.061600 203.756821 
229.387512 340.233215 
139.388260 278.842712 
93.125542 312.620483 
411.187164 282.964722 
250.281219 175.976105 
