500
382.356415 357.582031 
378.797211 412.474365 
378.797211 412.474365 
470.455109 207.231476 
470.455109 207.231476 
351.600861 266.190338 
370.113007 402.764465 
369.376709 394.960205 
362.970459 397.780731 
369.376709 394.960205 
368.352203 363.430481 
465.512817 239.980164 
369.189270 393.964172 
370.209137 389.988312 
369.189270 393.964172 
370.198456 395.360596 
376.080566 382.357300 
367.976257 409.761627 
376.080566 382.357300 
357.856873 410.839996 
341.822998 373.509521 
376.080566 382.357300 
328.616577 185.304016 
364.260071 364.659637 
360.535431 397.735138 
366.439606 395.851440 
350.817535 182.491119 
374.983185 396.764343 
357.554993 409.051300 
151.818573 88.951546 
383.072174 244.470856 
368.352203 363.430481 
282.362122 232.090866 
367.146881 345.973419 
364.460968 172.330566 
344.814606 396.028351 
151.818573 88.951546 
345.415680 230.903961 
382.453400 166.484619 
367.146881 345.973419 
365.798981 177.950409 
328.466370 339.162689 
176.268616 95.729263 
369.376709 394.960205 
369.376709 394.960205 
363.782715 373.787598 
350.844421 391.941772 
383.774261 365.342010 
382.453400 166.484619 
376.080566 382.357300 
376.080566 382.357300 
368.263672 378.240662 
354.663635 336.146423 
350.844421 391.941772 
351.600861 266.190338 
251.382553 403.764435 
274.504608 374.840027 
360.897491 373.645630 
397.827637 214.239975 
217.779739 231.660324 
368.263672 378.240662 
368.010620 370.921936 
368.263672 378.240662 
405.096161 186.874634 
300.635956 454.970642 
341.851318 358.434357 
352.036774 400.204926 
361.976227 360.726501 
383.072174 244.470856 
368.433716 336.300446 
367.146881 345.973419 
374.429474 370.069824 
360.535431 397.735138 
360.897491 373.645630 
381.072632 372.650360 
360.535431 397.735138 
356.802551 363.539459 
308.745422 294.454498 
342.310516 279.362305 
368.010620 370.921936 
360.535431 397.735138 
364.460968 172.330566 
360.897491 373.645630 
376.080566 382.357300 
382.476410 156.545792 
352.036774 400.204926 
360.897491 373.645630 
208.499878 186.794861 
284.282715 235.107849 
350.844421 391.941772 
344.190277 234.919327 
384.350159 394.051483 
360.535431 397.735138 
360.145782 374.945984 
156.618607 268.269257 
215.962860 230.271973 
328.616577 185.304016 
382.356415 357.582031 
262.522827 330.692719 
274.504608 374.840027 
380.949890 361.755859 
260.449860 425.036255 
350.817535 182.491119 
350.586334 372.235504 
251.406555 419.354767 
138.342133 397.213806 
376.080566 382.357300 
259.838531 415.933716 
344.814606 396.028351 
143.039108 397.761444 
310.907501 396.396179 
304.444702 330.032959 
304.444702 330.032959 
118.497513 283.614594 
363.782715 373.787598 
260.449860 425.036255 
352.036774 400.204926 
341.822998 373.509521 
347.734955 262.026215 
343.069061 342.157196 
249.582413 416.777039 
357.554993 409.051300 
249.582413 416.777039 
382.453400 166.484619 
381.072632 372.650360 
340.120789 379.648865 
343.706055 270.659821 
310.907501 396.396179 
341.822998 373.509521 
341.822998 373.509521 
395.270782 209.993240 
350.844421 391.941772 
138.773468 400.319916 
372.142395 210.089233 
370.629028 158.181976 
370.629028 158.181976 
348.387939 418.990906 
249.582413 416.777039 
376.224976 356.290466 
322.601044 414.493591 
381.072632 372.650360 
347.734955 262.026215 
354.111206 386.212402 
379.531372 356.354248 
380.949890 361.755859 
350.586334 372.235504 
364.617523 367.097534 
354.111206 386.212402 
357.392975 424.396393 
381.072632 372.650360 
290.134552 230.807907 
261.034454 425.805725 
165.397064 95.973854 
165.397064 95.973854 
375.972412 395.629517 
356.575348 407.298615 
367.146881 345.973419 
380.949890 361.755859 
218.753098 234.071396 
252.260651 377.441223 
360.396057 213.465332 
254.016769 409.655640 
351.768463 256.547119 
118.497513 283.614594 
276.327515 364.776703 
208.499878 186.794861 
249.793930 404.902191 
331.066772 149.605637 
141.606964 398.559265 
338.466034 332.816956 
357.554993 409.051300 
359.969543 214.403351 
258.307190 348.547150 
258.307190 348.547150 
370.706604 149.424652 
290.652039 342.607300 
381.072632 372.650360 
223.377563 254.698517 
325.174225 185.183548 
259.838531 415.933716 
374.983185 396.764343 
405.301666 178.099609 
370.113007 402.764465 
363.782715 373.787598 
411.888062 178.764740 
291.446564 392.030853 
379.291321 411.640686 
381.072632 372.650360 
364.060944 393.294708 
350.844421 391.941772 
118.497513 283.614594 
261.034454 425.805725 
350.384766 184.061996 
329.055573 342.333160 
368.433716 336.300446 
377.746155 164.919434 
368.433716 336.300446 
341.851318 358.434357 
304.444702 330.032959 
365.798981 177.950409 
350.586334 372.235504 
382.453400 166.484619 
350.586334 372.235504 
224.052505 244.131866 
294.576111 160.766937 
374.983185 396.764343 
357.647247 329.002411 
255.426208 412.115479 
357.647247 329.002411 
259.838531 415.933716 
291.350555 380.035278 
291.350555 380.035278 
359.023438 374.853088 
313.872650 359.686066 
290.845642 386.509338 
290.652039 342.607300 
354.264923 380.430481 
350.586334 372.235504 
370.687958 404.582489 
291.446564 392.030853 
384.370270 230.925751 
405.301666 178.099609 
292.760529 432.500427 
246.636612 405.339996 
335.873779 331.358826 
291.031586 347.353241 
383.774261 365.342010 
351.951355 321.947144 
345.415680 230.903961 
371.619873 343.936096 
238.213501 232.948929 
246.636612 405.339996 
209.923615 185.532516 
201.342819 82.096603 
356.374817 198.618042 
333.906372 160.912903 
368.569611 413.107910 
292.760529 432.500427 
354.264923 380.430481 
377.433350 158.781082 
370.198456 395.360596 
290.652039 342.607300 
224.052505 244.131866 
214.321823 122.092796 
369.189270 393.964172 
220.467621 164.367538 
364.260071 364.659637 
312.457825 307.105042 
261.034454 425.805725 
124.777115 410.217010 
311.863617 357.799164 
322.601044 414.493591 
354.264923 380.430481 
302.065063 323.305298 
377.352448 152.076904 
372.655304 212.056946 
374.119171 155.764343 
330.166534 71.246056 
347.981079 437.495514 
300.635956 454.970642 
330.438934 345.709137 
306.320465 217.368088 
364.617523 367.097534 
354.111206 386.212402 
291.446564 392.030853 
332.932220 366.775940 
415.353180 186.933334 
350.844421 391.941772 
170.806854 312.156891 
170.806854 312.156891 
295.975037 212.043579 
341.822998 373.509521 
416.084534 186.618149 
352.751068 200.303894 
361.237366 335.299835 
293.339905 347.592316 
378.797211 412.474365 
354.264923 380.430481 
353.960541 253.095215 
218.753098 234.071396 
292.760529 432.500427 
318.893036 66.078712 
354.264923 380.430481 
380.049194 350.907410 
170.806854 312.156891 
317.471497 354.434326 
172.151123 331.188995 
229.211243 160.547089 
304.444702 330.032959 
374.983185 396.764343 
223.676758 204.917221 
304.444702 330.032959 
322.066406 165.921692 
322.601044 414.493591 
371.850067 135.824234 
322.066406 165.921692 
386.100769 233.622696 
301.603455 389.726654 
377.352448 152.076904 
222.825470 195.043167 
381.072632 372.650360 
354.264923 380.430481 
354.264923 380.430481 
321.630432 386.852539 
360.535431 397.735138 
356.261414 413.575684 
354.422241 142.699570 
362.619415 207.419342 
382.453400 166.484619 
369.376709 394.960205 
294.576111 160.766937 
360.145782 374.945984 
343.533752 319.501709 
370.687958 404.582489 
246.636612 405.339996 
246.636612 405.339996 
382.361877 242.178650 
343.533752 319.501709 
351.421661 198.428238 
377.640289 123.007233 
375.614746 155.551117 
375.614746 155.551117 
350.844421 391.941772 
366.557556 127.934227 
368.010620 370.921936 
371.441833 392.105530 
383.370728 166.536667 
353.661957 213.905106 
329.055573 342.333160 
366.439606 395.851440 
290.134552 230.807907 
356.374817 198.618042 
378.527374 396.735321 
343.533752 319.501709 
323.924164 352.143768 
350.844421 391.941772 
292.760529 432.500427 
292.760529 432.500427 
340.614197 363.985748 
312.457825 307.105042 
290.845642 386.509338 
144.089966 354.289307 
262.522827 330.692719 
326.962494 344.498779 
368.995209 124.567009 
276.327515 364.776703 
225.656219 202.917175 
331.066772 149.605637 
411.888062 178.764740 
346.971863 422.628326 
354.111206 386.212402 
322.601044 414.493591 
370.629028 158.181976 
368.010620 370.921936 
371.441833 392.105530 
364.617523 367.097534 
351.951355 321.947144 
386.100769 233.622696 
342.310516 279.362305 
311.863617 357.799164 
368.010620 370.921936 
336.241425 178.330444 
226.954865 268.543640 
258.800232 347.886108 
364.617523 367.097534 
337.827728 202.488251 
357.910004 137.951996 
354.111206 386.212402 
350.844421 391.941772 
350.844421 391.941772 
331.595154 403.541412 
318.893036 66.078712 
229.211243 160.547089 
343.006439 391.641357 
328.616577 185.304016 
351.768463 256.547119 
343.998291 321.181244 
295.785614 258.264587 
319.257965 69.923973 
360.145782 374.945984 
284.282715 235.107849 
371.850067 135.824234 
342.108032 345.784607 
377.640289 123.007233 
346.295044 388.890106 
304.444702 330.032959 
290.845642 386.509338 
354.264923 380.430481 
295.975037 212.043579 
290.845642 386.509338 
314.869476 377.600342 
226.753616 267.244110 
230.677460 105.336662 
311.863617 357.799164 
335.873779 331.358826 
377.642548 413.209473 
393.566223 381.257080 
368.436981 391.190369 
311.863617 357.799164 
363.782715 373.787598 
297.465088 211.126953 
297.465088 211.126953 
368.995209 124.567009 
354.264923 380.430481 
470.455109 207.231476 
295.494659 335.958466 
357.910004 137.951996 
364.050385 130.635239 
312.457825 307.105042 
354.422241 142.699570 
374.983185 396.764343 
219.254837 227.594543 
280.084351 369.443237 
354.264923 380.430481 
382.453400 166.484619 
290.845642 386.509338 
349.716980 338.739105 
305.680145 387.517059 
364.020538 147.265961 
331.595154 403.541412 
404.493073 178.539108 
470.455109 207.231476 
327.049744 363.732758 
291.446564 392.030853 
225.358017 148.161438 
307.589172 374.676422 
214.321823 122.092796 
354.111206 386.212402 
388.422272 224.315323 
409.470581 174.800797 
375.982758 168.429169 
353.123169 323.255096 
354.111206 386.212402 
398.395020 214.517410 
384.108093 243.575180 
240.550568 197.167450 
330.166534 71.246056 
311.863617 357.799164 
364.923431 415.595520 
396.509552 202.413574 
416.805542 171.110489 
394.985199 209.240326 
350.844421 391.941772 
380.949890 361.755859 
340.120789 379.648865 
322.701355 391.467865 
350.844421 391.941772 
127.621361 96.575912 
290.845642 386.509338 
133.207413 393.857513 
141.560471 77.243713 
116.385727 317.499237 
293.833618 370.557953 
353.059692 135.018097 
208.499878 186.794861 
144.089966 354.289307 
318.623383 256.589966 
350.844421 391.941772 
299.670715 406.276398 
237.301712 370.545898 
310.174469 66.436905 
295.785614 258.264587 
357.856873 410.839996 
373.975403 338.619537 
284.282715 235.107849 
142.809357 83.178474 
305.534821 403.463013 
134.351028 390.300903 
281.330261 260.833862 
290.652039 342.607300 
328.616577 185.304016 
340.614197 363.985748 
294.576111 160.766937 
362.619415 207.419342 
196.911423 233.699921 
311.863617 357.799164 
358.249268 374.271210 
316.507385 305.932770 
304.718231 64.918655 
416.805542 171.110489 
407.175842 190.455353 
380.953461 231.407944 
324.146179 72.684273 
335.873779 331.358826 
325.010193 359.694458 
375.982758 168.429169 
404.493073 178.539108 
331.066772 149.605637 
405.962952 193.496292 
312.457825 307.105042 
276.749268 318.607880 
355.453979 320.674011 
297.465088 211.126953 
383.774261 365.342010 
351.768463 256.547119 
353.059692 135.018097 
209.591583 187.063873 
134.351028 390.300903 
343.706055 270.659821 
350.844421 391.941772 
