500
131.018097 385.823883 
96.379646 435.857178 
411.521515 139.480469 
425.792786 133.661972 
457.906494 142.609207 
455.905060 348.477600 
239.626999 428.866486 
419.916321 158.879547 
419.916321 158.879547 
269.940063 104.059570 
445.233215 140.272278 
457.906494 142.609207 
438.665222 356.120483 
437.380127 142.111832 
425.831207 168.647247 
462.570435 136.859253 
452.679138 146.378967 
402.418976 384.338654 
434.451111 138.952774 
437.817078 173.672195 
344.281219 192.884293 
239.626999 428.866486 
130.335373 387.140106 
449.594147 140.699051 
304.900665 219.896866 
445.233215 140.272278 
445.233215 140.272278 
445.233215 140.272278 
408.459991 146.370987 
434.451111 138.952774 
457.635437 154.682892 
430.252380 153.977371 
447.220245 132.009384 
448.354034 135.282822 
268.221771 220.708267 
528.330872 185.240662 
402.418976 384.338654 
408.459991 146.370987 
430.252380 153.977371 
450.193359 143.507034 
430.252380 153.977371 
437.380127 142.111832 
450.193359 143.507034 
455.657593 137.766327 
331.488220 207.708313 
288.954254 183.456070 
512.628296 242.757263 
434.451111 138.952774 
512.628296 242.757263 
500.331970 252.823883 
430.252380 153.977371 
434.451111 138.952774 
421.978394 156.390686 
331.488220 207.708313 
424.518402 141.598328 
340.224762 207.505112 
447.220245 132.009384 
446.493561 135.072952 
405.256470 144.493942 
268.984680 175.517273 
415.672516 137.847656 
256.952881 231.232742 
396.409454 168.373764 
256.952881 231.232742 
471.498108 257.359314 
448.354034 135.282822 
496.980743 248.902298 
439.806274 160.907150 
430.252380 153.977371 
433.350891 147.447571 
443.763885 171.091034 
398.101135 175.426468 
457.635437 154.682892 
264.535614 251.558990 
430.252380 153.977371 
246.347565 218.290604 
430.252380 153.977371 
418.614868 159.769638 
355.557343 329.559174 
349.605255 206.393234 
408.459991 146.370987 
424.518402 141.598328 
437.380127 142.111832 
304.900665 219.896866 
419.916321 158.879547 
482.285675 153.037842 
451.207520 125.534439 
317.925781 341.271698 
219.097992 209.844940 
258.463409 181.576462 
405.256470 144.493942 
342.295258 339.651917 
408.459991 146.370987 
436.158295 131.177704 
439.806274 160.907150 
307.650452 362.505829 
457.635437 154.682892 
457.635437 154.682892 
434.451111 138.952774 
448.096100 172.620758 
445.233215 140.272278 
457.635437 154.682892 
275.229187 200.059677 
408.459991 146.370987 
430.252380 153.977371 
418.691376 135.807480 
120.604271 394.271973 
348.745422 337.688721 
352.620331 268.726227 
439.806274 160.907150 
509.728546 200.230469 
355.557343 329.559174 
336.754364 204.058655 
450.193359 143.507034 
410.056641 224.605103 
516.317932 232.638977 
494.009460 152.319519 
448.096100 172.620758 
448.096100 172.620758 
223.451004 370.799286 
433.350891 147.447571 
239.626999 428.866486 
509.728546 200.230469 
509.728546 200.230469 
452.768799 239.021027 
447.220245 132.009384 
512.217041 230.092545 
442.577728 261.014221 
442.577728 261.014221 
346.053864 202.625397 
234.370010 163.305664 
234.370010 163.305664 
469.927979 195.493118 
425.831207 168.647247 
282.140594 211.874985 
271.277832 223.344818 
512.217041 230.092545 
411.521515 139.480469 
91.287880 396.648651 
408.459991 146.370987 
78.413658 306.993561 
342.295258 339.651917 
408.779205 194.632217 
408.459991 146.370987 
240.126373 171.477295 
469.927979 195.493118 
344.281219 192.884293 
423.496979 179.203827 
576.185059 355.910736 
82.818542 310.415680 
378.807465 318.207458 
439.806274 160.907150 
448.354034 135.282822 
275.229187 200.059677 
207.379410 218.816879 
402.689301 197.384857 
216.851166 223.621735 
320.448792 270.838684 
232.420929 180.416367 
509.728546 200.230469 
306.710571 219.610001 
402.689301 197.384857 
408.779205 194.632217 
475.332306 138.478409 
241.376617 221.754074 
434.435547 179.467575 
430.252380 153.977371 
461.103302 219.656464 
461.103302 219.656464 
214.990738 216.682312 
313.234985 338.119537 
386.034637 224.494888 
459.033539 155.720810 
280.598846 211.638046 
439.806274 160.907150 
459.033539 155.720810 
443.376404 174.510605 
307.650452 362.505829 
452.679138 146.378967 
282.036987 181.628693 
434.435547 179.467575 
415.334473 192.765457 
408.459991 146.370987 
230.886932 207.865326 
439.806274 160.907150 
355.845001 358.465271 
452.768799 239.021027 
532.046021 179.237625 
235.538773 168.499237 
425.589294 151.570114 
448.354034 135.282822 
346.865631 339.528381 
426.155029 233.100204 
426.155029 233.100204 
498.766815 151.977798 
463.047546 145.669342 
116.455559 408.393280 
412.504425 195.864700 
450.193359 143.507034 
234.111252 179.868744 
403.489929 148.358246 
512.628296 242.757263 
246.347565 218.290604 
240.600372 254.679581 
448.354034 135.282822 
90.189560 445.843933 
230.542953 209.354431 
455.657593 137.766327 
498.123016 244.984299 
439.806274 160.907150 
194.352081 234.013672 
230.720871 174.974335 
459.033539 155.720810 
424.627869 263.573364 
395.227783 183.476776 
439.806274 160.907150 
511.619415 243.923416 
433.244598 158.650024 
340.946747 319.759369 
327.912048 206.189148 
516.317932 232.638977 
439.806274 160.907150 
240.600372 254.679581 
346.053864 202.625397 
509.728546 200.230469 
529.201843 353.439728 
272.715088 349.113312 
400.468903 193.199112 
450.193359 143.507034 
450.692505 198.486374 
230.886932 207.865326 
483.309601 202.854507 
386.694855 180.682007 
512.217041 230.092545 
395.018616 168.785675 
320.372070 204.166183 
466.845367 177.567551 
390.512573 174.568741 
529.896545 354.050293 
529.896545 354.050293 
452.024017 159.672226 
419.916321 158.879547 
406.292725 147.087296 
207.379410 218.816879 
471.498108 257.359314 
224.550919 281.292419 
509.728546 200.230469 
291.121002 180.627731 
441.928650 261.311707 
439.806274 160.907150 
501.071625 245.226883 
194.352081 234.013672 
468.126892 236.718506 
446.493561 135.072952 
438.846863 355.964142 
438.846863 355.964142 
419.916321 158.879547 
443.763885 171.091034 
459.033539 155.720810 
306.784485 362.665253 
546.453491 365.943573 
468.126892 236.718506 
230.886932 207.865326 
240.769714 178.731339 
439.806274 160.907150 
447.220245 132.009384 
386.694855 180.682007 
404.024261 228.831848 
419.916321 158.879547 
325.125824 278.661469 
468.266479 217.479614 
501.071625 245.226883 
450.692505 198.486374 
195.551910 234.168076 
483.309601 202.854507 
516.317932 232.638977 
285.760651 190.903091 
112.436295 406.303040 
237.277222 169.145554 
419.916321 158.879547 
468.126892 236.718506 
408.459991 146.370987 
470.159454 198.760406 
216.718201 241.518448 
231.067337 215.330353 
108.279976 411.462738 
509.728546 200.230469 
212.068817 241.153076 
434.470551 205.756668 
240.187042 379.557526 
468.266479 217.479614 
415.520691 198.461517 
433.316711 129.567978 
250.173767 233.600601 
453.585114 148.691025 
285.105072 349.789062 
324.480804 205.192566 
430.252380 153.977371 
221.212585 217.510025 
448.354034 135.282822 
462.577179 127.152634 
454.865112 236.849609 
468.266479 217.479614 
455.905060 348.477600 
386.694855 180.682007 
445.447693 158.590210 
468.266479 217.479614 
411.220612 184.995758 
468.266479 217.479614 
423.748993 198.674789 
454.808777 233.915253 
456.993500 136.528229 
466.536774 189.847626 
449.594147 140.699051 
443.763885 171.091034 
436.158295 131.177704 
158.833908 305.909180 
189.884628 226.552856 
288.954254 183.456070 
210.698975 239.975250 
439.806274 160.907150 
483.309601 202.854507 
396.409454 168.373764 
386.034637 224.494888 
447.220245 132.009384 
436.132660 186.402771 
164.277496 291.122589 
514.381775 232.540176 
514.381775 232.540176 
412.504425 195.864700 
423.748993 198.674789 
223.451004 370.799286 
294.433685 186.681137 
425.589294 151.570114 
189.884628 226.552856 
269.474548 223.855072 
433.244598 158.650024 
250.173767 233.600601 
443.763885 171.091034 
264.535614 251.558990 
320.448792 270.838684 
241.376617 221.754074 
453.585114 148.691025 
483.309601 202.854507 
482.336700 174.008591 
406.292725 147.087296 
437.380127 142.111832 
472.439880 215.422165 
409.237396 224.475906 
494.915863 189.601517 
433.350891 147.447571 
421.347351 247.061096 
285.085480 347.549164 
466.536774 189.847626 
419.916321 158.879547 
462.472626 156.931305 
388.038116 190.529785 
388.038116 190.529785 
439.806274 160.907150 
478.289185 198.229141 
221.212585 217.510025 
388.038116 190.529785 
482.285675 153.037842 
164.277496 291.122589 
91.287880 396.648651 
462.437775 405.120026 
425.420502 184.255112 
468.126892 236.718506 
90.642212 456.189514 
433.621124 190.104156 
446.455963 133.529266 
228.935181 175.084213 
431.324585 156.565674 
424.627869 263.573364 
471.540131 188.822662 
216.718201 241.518448 
433.621124 190.104156 
439.806274 160.907150 
528.456177 181.468628 
239.626999 428.866486 
386.694855 180.682007 
306.829895 342.738037 
268.221771 220.708267 
223.188599 205.550446 
433.460236 157.495392 
503.186615 242.439102 
393.911469 156.189178 
406.292725 147.087296 
469.927979 195.493118 
342.322876 232.017227 
120.604271 394.271973 
450.193359 143.507034 
404.024261 228.831848 
503.168213 142.633682 
419.916321 158.879547 
400.468903 193.199112 
385.085663 184.585724 
439.806274 160.907150 
250.173767 233.600601 
282.625122 218.573135 
471.498108 257.359314 
349.842865 238.973343 
197.085800 230.773117 
264.535614 251.558990 
406.292725 147.087296 
468.266479 217.479614 
385.273407 224.742538 
446.855408 195.638092 
345.077057 256.854675 
433.764618 207.544815 
274.642517 208.100403 
288.954254 183.456070 
499.669128 175.425217 
421.347351 247.061096 
76.027847 463.407867 
76.027847 463.407867 
55.137367 307.643677 
454.865112 236.849609 
262.415771 176.903229 
468.266479 217.479614 
211.279007 369.135864 
445.447693 158.590210 
450.930908 206.377930 
439.806274 160.907150 
333.651306 340.053070 
439.806274 160.907150 
408.572083 141.760742 
301.618835 272.829620 
418.691376 135.807480 
418.691376 135.807480 
418.691376 135.807480 
401.627075 343.739807 
512.217041 230.092545 
224.480225 172.909698 
217.689774 230.951630 
425.589294 151.570114 
386.034637 224.494888 
452.024017 159.672226 
435.430969 212.335190 
300.546967 181.194107 
529.201843 353.439728 
245.231979 380.242950 
434.922363 185.351456 
439.806274 160.907150 
231.067337 215.330353 
323.232941 200.497467 
456.661377 232.003860 
236.856094 110.614578 
105.549835 417.180817 
471.938416 197.558212 
212.068817 241.153076 
483.309601 202.854507 
439.806274 160.907150 
349.605255 206.393234 
325.125824 278.661469 
228.809738 206.479218 
471.498108 257.359314 
448.354034 135.282822 
349.605255 206.393234 
158.833908 305.909180 
445.023712 267.729309 
212.068817 241.153076 
291.121002 180.627731 
421.347351 247.061096 
76.027847 463.407867 
345.077057 256.854675 
210.698975 239.975250 
512.628296 242.757263 
447.653137 203.304337 
307.650452 362.505829 
264.535614 251.558990 
468.266479 217.479614 
352.620331 268.726227 
452.024017 159.672226 
105.549835 417.180817 
426.155029 233.100204 
105.549835 417.180817 
322.886597 204.452164 
390.125671 181.740982 
433.460236 157.495392 
246.723831 175.933319 
226.293076 209.956070 
218.844467 262.946442 
450.692505 198.486374 
253.791458 291.381378 
319.891510 341.845490 
468.266479 217.479614 
529.201843 353.439728 
198.669983 234.592072 
332.640137 200.722397 
468.266479 217.479614 
112.328384 370.445801 
281.299835 181.617050 
439.806274 160.907150 
105.549835 417.180817 
160.290726 299.761993 
101.741539 383.220215 
421.347351 247.061096 
505.307587 237.184738 
415.334473 192.765457 
