500
461.510712 180.736267 
461.510712 180.736267 
405.452301 363.716797 
400.638855 344.042816 
395.233063 383.488129 
395.233063 383.488129 
407.645233 397.155884 
462.487061 213.940659 
388.861511 387.729401 
395.233063 383.488129 
388.527924 352.330078 
395.080353 382.962097 
387.916138 398.066711 
384.808502 354.876495 
397.796967 387.512817 
379.596863 392.148560 
398.852081 370.478271 
395.080353 382.962097 
401.031189 384.194153 
387.916138 398.066711 
384.152557 335.600891 
401.031189 384.194153 
180.431793 252.350845 
382.069427 352.073425 
339.824219 177.011826 
392.270294 384.898560 
398.852081 370.478271 
401.031189 384.194153 
392.270294 384.898560 
397.796967 387.512817 
386.357239 387.777618 
281.282074 238.352020 
227.105820 287.320740 
403.178070 410.503845 
353.796021 170.711700 
167.977325 426.223602 
351.318268 165.476242 
368.840973 156.277481 
141.549881 123.545029 
141.549881 123.545029 
385.789642 363.710602 
395.233063 383.488129 
342.997772 225.529236 
337.514435 454.345673 
368.840973 156.277481 
375.833252 383.994019 
403.953156 351.733154 
370.615051 328.047577 
391.388794 367.298981 
384.152557 335.600891 
375.833252 383.994019 
401.031189 384.194153 
180.431793 252.350845 
280.224670 412.757446 
361.822357 352.434662 
401.031189 384.194153 
293.893707 426.784668 
385.789642 363.710602 
395.278015 358.054260 
391.388794 367.298981 
384.152557 335.600891 
388.527924 352.330078 
401.031189 384.194153 
386.357239 387.777618 
355.086426 251.677322 
385.789642 363.710602 
387.916138 398.066711 
386.357239 387.777618 
317.859619 295.342957 
377.554626 359.682037 
398.852081 370.478271 
348.259399 274.146912 
385.789642 363.710602 
379.596863 392.148560 
351.318268 165.476242 
409.819672 380.816254 
387.916138 398.066711 
386.357239 387.777618 
401.031189 384.194153 
363.971436 346.676544 
355.113892 148.068771 
355.113892 148.068771 
386.357239 387.777618 
382.758575 364.579865 
200.198639 206.506882 
382.069427 352.073425 
382.758575 364.579865 
375.833252 383.994019 
164.896271 373.423645 
401.031189 384.194153 
128.819061 317.347534 
319.470367 331.426636 
319.470367 331.426636 
283.112122 428.216919 
278.490631 338.831177 
293.679382 432.936951 
372.634277 364.138519 
357.330292 362.512390 
339.824219 177.011826 
225.424332 257.865997 
379.596863 392.148560 
342.518402 228.872299 
351.376404 261.621033 
290.775299 423.276703 
293.679382 432.936951 
379.596863 392.148560 
324.721466 176.343857 
284.052979 429.674866 
378.051788 414.421265 
379.596863 392.148560 
395.040192 344.137390 
368.840973 156.277481 
382.069427 352.073425 
401.664001 382.757904 
341.946350 230.639832 
141.549881 123.545029 
388.183868 196.870453 
395.040192 344.137390 
353.980103 207.396637 
363.468689 373.486877 
385.467529 356.580322 
278.123993 356.311096 
217.947113 243.668365 
128.819061 317.347534 
391.814606 201.535721 
194.866180 142.354614 
372.634277 364.138519 
384.152557 335.600891 
352.494080 410.941956 
225.424332 257.865997 
288.391418 235.778885 
375.833252 383.994019 
298.020264 379.811676 
393.963928 427.323242 
364.489349 346.112854 
395.279419 346.692474 
295.837250 431.069397 
343.261414 372.397247 
401.031189 384.194153 
364.827576 369.551331 
377.097168 372.230896 
291.416504 434.966522 
276.603882 386.567474 
284.889587 420.254578 
298.233551 369.725281 
283.112122 428.216919 
353.845703 407.035492 
277.759125 356.935974 
277.759125 356.935974 
201.670715 206.338745 
161.448959 471.824585 
295.837250 431.069397 
353.580872 327.760071 
359.421173 147.091721 
308.638367 345.684723 
226.337982 270.262939 
377.685516 394.461304 
385.789642 363.710602 
215.263351 248.117752 
368.840973 156.277481 
394.349731 410.959503 
377.554626 359.682037 
387.916138 398.066711 
346.724609 324.244751 
375.833252 383.994019 
318.140381 183.521362 
360.339600 380.152130 
360.339600 380.152130 
319.470367 331.426636 
217.947113 243.668365 
348.185883 207.771103 
363.326996 155.483978 
391.407501 349.162415 
312.527435 349.242859 
377.685516 394.461304 
237.720779 246.700439 
353.796021 170.711700 
360.339600 380.152130 
205.531815 172.847488 
372.634277 364.138519 
372.634277 364.138519 
371.965332 320.716431 
278.992371 414.156738 
280.525269 165.725311 
353.845703 407.035492 
372.634277 364.138519 
128.819061 317.347534 
319.133392 159.544846 
350.838287 326.731506 
315.927612 388.832947 
275.777313 415.165619 
308.638367 345.684723 
275.777313 415.165619 
403.615906 170.629257 
316.537994 338.464661 
364.961243 314.583527 
376.599457 326.366669 
354.292419 205.953003 
349.558990 257.664520 
364.827576 369.551331 
163.234970 427.769287 
389.530762 431.974792 
401.031189 384.194153 
291.416504 434.966522 
314.056824 391.405029 
398.154785 403.502533 
175.254211 104.256371 
314.056824 391.405029 
308.638367 345.684723 
381.060242 428.947723 
208.501953 182.093185 
323.283600 307.108734 
364.827576 369.551331 
376.306610 321.218109 
337.514435 454.345673 
338.352325 172.022537 
215.263351 248.117752 
308.955322 350.153961 
308.955322 350.153961 
337.514435 454.345673 
395.080353 382.962097 
358.799835 396.740509 
349.558990 257.664520 
395.080353 382.962097 
376.599457 326.366669 
343.308075 398.488647 
344.958984 194.793365 
375.833252 383.994019 
314.056824 391.405029 
219.836945 187.016205 
216.280396 176.815552 
184.662231 336.714783 
184.662231 336.714783 
315.927612 388.832947 
396.360565 342.862701 
216.308075 214.374298 
357.409027 317.012634 
371.965332 320.716431 
395.040192 344.137390 
357.307678 146.163330 
357.307678 146.163330 
359.648071 340.046448 
364.489349 346.112854 
292.348541 425.201447 
172.357056 425.964020 
381.913879 332.509735 
315.025146 164.444885 
407.645233 397.155884 
407.645233 397.155884 
407.645233 397.155884 
336.785950 352.456573 
319.470367 331.426636 
189.587616 354.827148 
315.927612 388.832947 
368.840973 156.277481 
352.502014 127.798195 
319.470367 331.426636 
287.744446 68.664932 
276.603882 386.567474 
385.467529 356.580322 
350.838287 326.731506 
104.951485 133.257889 
405.686066 169.330551 
382.183319 365.895721 
308.252960 165.692734 
319.133392 159.544846 
217.598953 186.563965 
399.467804 163.414627 
386.357239 387.777618 
355.597046 200.655426 
335.532562 398.409943 
336.796722 137.457901 
385.035248 404.103577 
356.580200 313.486389 
346.668335 383.855255 
318.140381 183.521362 
287.287140 235.968414 
425.813599 183.425278 
338.387207 377.346558 
364.827576 369.551331 
293.893707 426.784668 
308.252960 165.692734 
314.676544 142.033478 
358.799835 396.740509 
202.631302 208.957657 
354.873352 150.289566 
339.039917 132.433273 
334.618286 395.045441 
394.318634 397.649200 
163.234970 427.769287 
280.525269 165.725311 
382.758575 364.579865 
361.521912 140.903503 
275.777313 415.165619 
275.777313 415.165619 
356.580200 313.486389 
198.576416 161.421143 
343.200439 193.644562 
355.827148 114.429054 
362.325165 272.116364 
377.097168 372.230896 
283.291504 240.938126 
396.572937 380.731598 
404.299774 383.473541 
279.637390 69.939957 
278.490631 338.831177 
385.467529 356.580322 
365.899628 373.237457 
286.486023 268.414642 
396.572937 380.731598 
318.140381 183.521362 
323.283600 307.108734 
286.486023 268.414642 
342.552673 349.458435 
361.310089 143.644806 
328.772003 407.198303 
321.178925 355.891571 
372.634277 364.138519 
382.069427 352.073425 
278.625824 422.789520 
364.827576 369.551331 
298.233551 369.725281 
356.580200 313.486389 
382.069427 352.073425 
343.308075 398.488647 
278.490631 338.831177 
362.325165 272.116364 
407.165100 159.748016 
299.664642 251.202438 
391.814606 201.535721 
298.782745 261.601562 
131.620789 354.957397 
396.572937 380.731598 
360.770111 328.222992 
347.681427 117.275787 
277.759125 356.935974 
316.464966 389.364105 
385.789642 363.710602 
381.711426 223.992813 
409.619659 383.895752 
356.627747 347.910889 
315.927612 388.832947 
357.409027 317.012634 
348.259399 274.146912 
394.017029 172.515305 
365.759552 152.822861 
319.133392 159.544846 
287.744446 68.664932 
382.069427 352.073425 
279.637390 69.939957 
328.772003 407.198303 
293.679382 432.936951 
365.899628 373.237457 
352.494080 410.941956 
385.467529 356.580322 
216.280396 176.815552 
348.088776 258.244598 
359.219391 398.612640 
375.833252 383.994019 
347.734039 124.431847 
402.812012 155.301300 
401.520874 394.001221 
355.827148 114.429054 
358.799835 396.740509 
385.467529 356.580322 
382.758575 364.579865 
398.134430 358.973572 
218.486038 245.799759 
319.470367 331.426636 
338.352325 172.022537 
352.656250 393.937622 
315.927612 388.832947 
377.685516 394.461304 
340.981232 455.475250 
328.772003 407.198303 
184.662231 336.714783 
352.502014 127.798195 
315.927612 388.832947 
375.833252 383.994019 
359.185211 339.429565 
308.955322 350.153961 
355.480225 259.868286 
353.526764 250.700546 
385.789642 363.710602 
385.789642 363.710602 
321.178925 355.891571 
342.552673 349.458435 
320.523651 305.107849 
197.720825 11.287713 
162.213654 423.008362 
207.986084 122.617348 
401.031189 384.194153 
352.656250 393.937622 
315.564789 269.643280 
385.789642 363.710602 
385.789642 363.710602 
386.357239 387.777618 
198.576416 161.421143 
333.184784 131.933731 
321.178925 355.891571 
279.637390 69.939957 
368.840973 156.277481 
377.685516 394.461304 
377.097168 372.230896 
292.370941 215.517258 
292.370941 215.517258 
303.777557 25.603769 
337.751617 133.362030 
354.273651 362.461700 
336.796722 137.457901 
191.568466 153.159195 
401.520874 394.001221 
227.592621 284.908905 
194.866180 142.354614 
347.681427 117.275787 
315.927612 388.832947 
350.838287 326.731506 
344.003052 123.945282 
161.448959 471.824585 
284.064087 67.501442 
315.927612 388.832947 
210.496613 166.386047 
402.812012 155.301300 
380.236176 365.382812 
400.638855 344.042816 
298.782745 261.601562 
334.618286 395.045441 
380.534271 352.416809 
358.799835 396.740509 
330.491058 374.846741 
461.851807 181.454422 
386.461548 401.044708 
359.577271 132.335205 
345.251953 121.312912 
321.178925 355.891571 
380.236176 365.382812 
385.789642 363.710602 
375.833252 383.994019 
327.159576 390.598663 
280.695099 427.927094 
461.510712 180.736267 
361.547852 159.435593 
353.441559 137.569061 
321.178925 355.891571 
205.705307 112.010223 
387.820160 196.262573 
270.962372 358.383545 
402.671265 349.740997 
284.889587 420.254578 
388.529053 189.466019 
359.210571 406.790985 
286.486023 268.414642 
384.260223 212.359543 
328.772003 407.198303 
296.169434 338.860168 
158.561295 60.304268 
321.178925 355.891571 
377.097168 372.230896 
345.728180 362.538940 
391.890198 165.609940 
221.417130 220.627792 
380.997559 230.899231 
352.279999 272.091400 
304.400848 116.458694 
205.705307 112.010223 
358.799835 396.740509 
386.357239 387.777618 
375.833252 383.994019 
396.061340 159.721512 
117.693596 116.141548 
375.833252 383.994019 
333.449493 403.461517 
400.638855 344.042816 
250.712692 418.607239 
207.703400 194.500839 
224.916428 213.446426 
388.861511 387.729401 
284.052979 429.674866 
403.178070 410.503845 
355.597046 200.655426 
391.890198 165.609940 
398.464294 159.998962 
280.525269 165.725311 
273.787720 69.899529 
321.178925 355.891571 
331.544037 199.816620 
366.381836 315.691223 
279.637390 69.939957 
350.838287 326.731506 
323.283600 307.108734 
229.056152 252.152344 
320.636200 257.510132 
355.043243 246.548798 
394.017029 172.515305 
316.464966 389.364105 
327.662598 304.764191 
120.554070 110.025650 
361.547852 159.435593 
212.082291 260.600830 
293.321655 62.956905 
