500
82.260948 272.591248 
83.542366 271.924072 
479.878387 218.366135 
464.684570 200.782196 
317.482758 215.374756 
445.838867 199.408463 
452.147247 218.386322 
319.138275 406.407379 
344.832581 97.289474 
480.749115 217.742935 
453.830994 199.490829 
452.147247 218.386322 
458.563477 207.308334 
575.338806 313.561096 
480.749115 217.742935 
449.243744 213.899521 
482.150726 225.562332 
258.225769 165.211441 
485.279846 217.673157 
575.338806 313.561096 
447.329956 231.027328 
489.864502 221.398163 
454.300140 241.365067 
453.830994 199.490829 
480.685577 221.297699 
480.749115 217.742935 
143.291229 405.248444 
482.499664 212.152222 
319.138275 406.407379 
321.648834 175.798798 
482.499664 212.152222 
480.749115 217.742935 
53.964169 284.162750 
304.501404 339.361450 
538.813110 295.020721 
452.147247 218.386322 
458.563477 207.308334 
284.907471 197.496155 
480.685577 221.297699 
319.138275 406.407379 
538.813110 295.020721 
334.238831 177.700745 
482.499664 212.152222 
339.750763 210.175842 
452.147247 218.386322 
458.644714 220.378815 
489.864502 221.398163 
458.644714 220.378815 
527.695190 296.752380 
458.644714 220.378815 
449.243744 213.899521 
442.560181 203.249771 
458.563477 207.308334 
248.019226 340.158997 
306.278320 335.385590 
487.150085 210.210449 
247.825302 164.104065 
452.147247 218.386322 
480.749115 217.742935 
442.560181 203.249771 
480.685577 221.297699 
469.132935 341.128235 
306.278320 335.385590 
420.177979 223.616943 
307.469818 158.864456 
421.302124 216.424973 
422.609131 209.539154 
480.749115 217.742935 
479.878387 218.366135 
479.374054 202.666260 
479.374054 202.666260 
482.499664 212.152222 
464.273682 216.696259 
266.120636 184.338089 
293.360291 339.607941 
266.344360 222.971405 
449.243744 213.899521 
455.022888 198.921326 
442.832397 330.900482 
458.563477 207.308334 
458.644714 220.378815 
458.644714 220.378815 
371.170349 260.932922 
298.904297 183.771881 
483.078247 235.602753 
334.238831 177.700745 
490.914703 327.734436 
480.685577 221.297699 
262.126892 184.618301 
483.300598 213.539597 
483.078247 235.602753 
317.482758 215.374756 
289.687805 337.506897 
17.937607 303.048187 
253.823822 166.739578 
483.998077 329.626923 
305.100830 268.203339 
295.472076 158.509995 
460.064301 204.473923 
258.225769 165.211441 
285.938782 201.235901 
458.644714 220.378815 
452.147247 218.386322 
333.586060 281.666748 
468.868835 231.613251 
58.176815 284.232727 
489.522980 265.938873 
248.019226 340.158997 
149.982986 367.498474 
246.477341 212.046921 
285.640076 141.334122 
442.832001 446.725220 
284.537445 131.157822 
284.537445 131.157822 
57.908195 176.502960 
454.300140 241.365067 
480.685577 221.297699 
246.755539 336.066284 
415.687347 319.593201 
415.687347 319.593201 
416.070282 287.342712 
416.070282 287.342712 
284.095947 202.844742 
457.060242 209.512604 
483.078247 235.602753 
261.270050 213.659576 
289.687805 337.506897 
443.985138 205.122955 
439.229889 244.099228 
460.100677 236.773956 
171.473068 305.034668 
474.676636 236.586990 
453.830994 199.490829 
458.098083 198.687576 
460.100677 236.773956 
64.109131 168.173889 
43.141312 261.353851 
454.300140 241.365067 
454.300140 241.365067 
246.477341 212.046921 
483.078247 235.602753 
455.777985 241.773087 
443.985138 205.122955 
301.338409 196.930984 
289.466003 136.249664 
514.875305 251.182022 
452.147247 218.386322 
489.522980 265.938873 
483.078247 235.602753 
452.147247 218.386322 
260.354492 184.461273 
435.074310 234.366577 
308.287201 274.631897 
412.779724 244.454956 
489.864502 221.398163 
299.568237 195.757141 
341.140686 211.832367 
483.998077 329.626923 
443.985138 205.122955 
419.729279 245.424454 
483.300598 213.539597 
483.300598 213.539597 
468.868835 231.613251 
412.779724 244.454956 
490.565277 232.895325 
460.064301 204.473923 
318.707764 215.710983 
300.839691 183.009842 
449.333984 200.411819 
434.170776 304.460419 
471.879272 342.719971 
442.560181 203.249771 
149.982986 367.498474 
273.372559 144.333633 
468.813599 336.330505 
426.582825 246.575790 
483.078247 235.602753 
273.655609 138.419662 
258.225769 165.211441 
458.644714 220.378815 
291.668457 341.126617 
483.998077 329.626923 
246.111908 170.852676 
452.011871 292.526367 
452.011871 292.526367 
32.296833 169.689133 
501.445496 243.611404 
266.120636 184.338089 
416.070282 287.342712 
482.499664 212.152222 
444.563507 308.234222 
291.917755 360.570801 
345.250854 236.500244 
282.307434 136.044647 
422.609131 209.539154 
483.478149 278.068054 
445.838867 199.408463 
464.299316 293.808105 
483.300598 213.539597 
429.703125 206.342911 
419.729279 245.424454 
452.147247 218.386322 
216.565765 227.533020 
468.868835 231.613251 
489.806671 266.554840 
483.285492 236.261047 
315.879883 170.722900 
483.478149 278.068054 
385.704285 259.865784 
518.716797 247.134216 
464.299316 293.808105 
480.685577 221.297699 
224.865158 311.464508 
458.644714 220.378815 
490.914703 327.734436 
422.609131 209.539154 
286.280731 146.214417 
106.475784 180.367676 
469.132935 341.128235 
405.980713 222.763962 
488.800629 215.147812 
412.042694 240.782028 
468.868835 231.613251 
576.095520 304.642090 
361.191254 220.660843 
468.868835 231.613251 
405.980713 222.763962 
239.967239 165.985779 
214.083893 172.021698 
461.397980 298.023865 
488.800629 215.147812 
460.100677 236.773956 
487.153046 337.980255 
346.244995 217.086334 
273.372559 144.333633 
444.563507 308.234222 
452.147247 218.386322 
452.147247 218.386322 
480.685577 221.297699 
468.868835 231.613251 
429.703125 206.342911 
324.482025 174.446014 
452.147247 218.386322 
461.397980 298.023865 
476.810028 271.436432 
491.688080 229.384140 
221.577927 322.981323 
236.011169 315.940277 
415.499603 320.024078 
491.688080 229.384140 
483.078247 235.602753 
451.646606 229.102280 
270.107025 200.622620 
455.022888 198.921326 
413.007080 239.609711 
465.666443 250.323090 
504.575714 301.005798 
504.575714 301.005798 
417.105499 275.670288 
442.221161 235.053833 
407.053192 222.122971 
346.244995 217.086334 
398.321350 272.549561 
364.802063 399.937286 
364.802063 399.937286 
422.609131 209.539154 
385.704285 259.865784 
214.083893 172.021698 
255.094772 174.261154 
458.644714 220.378815 
275.174774 139.206680 
435.074310 234.366577 
590.369385 308.612030 
461.397980 298.023865 
281.791901 147.466736 
214.083893 172.021698 
227.612549 325.483185 
246.111908 170.852676 
246.111908 170.852676 
483.300598 213.539597 
305.100830 268.203339 
468.868835 231.613251 
412.042694 240.782028 
527.695190 296.752380 
468.868835 231.613251 
410.475159 233.115967 
264.459686 321.819122 
481.745331 227.307434 
468.868835 231.613251 
229.864761 189.667068 
442.832397 330.900482 
461.397980 298.023865 
305.184998 276.080139 
407.053192 222.122971 
461.397980 298.023865 
468.868835 231.613251 
492.307892 330.718597 
258.225769 165.211441 
460.064301 204.473923 
226.088058 211.950668 
407.053192 222.122971 
458.406158 294.776733 
470.547516 279.542664 
468.868835 231.613251 
324.482025 174.446014 
489.864502 221.398163 
455.777985 241.773087 
266.344360 222.971405 
468.868835 231.613251 
452.147247 218.386322 
343.041443 336.206421 
452.147247 218.386322 
480.749115 217.742935 
255.525513 170.462952 
474.676636 236.586990 
443.985138 205.122955 
468.868835 231.613251 
284.362793 201.092270 
504.575714 301.005798 
504.575714 301.005798 
143.168396 380.882904 
479.222778 289.838409 
504.575714 301.005798 
446.958282 248.872375 
491.346222 331.176392 
491.346222 331.176392 
441.095612 267.042023 
247.504669 176.350998 
481.745331 227.307434 
80.338684 182.596527 
504.575714 301.005798 
364.438629 400.355347 
491.346222 331.176392 
452.147247 218.386322 
421.302124 216.424973 
488.800629 215.147812 
171.473068 305.034668 
222.892715 179.368332 
161.123596 297.430237 
268.177032 133.193375 
486.935852 259.040192 
64.109131 168.173889 
479.222778 289.838409 
267.984802 325.986267 
500.290894 222.180206 
478.074371 215.921600 
401.881927 230.917175 
496.452240 283.812439 
527.695190 296.752380 
468.868835 231.613251 
478.074371 215.921600 
474.676636 236.586990 
498.289246 250.764084 
329.986969 336.966064 
321.648834 175.798798 
440.724182 200.056900 
485.261597 204.879822 
405.058502 271.499756 
423.591217 251.848236 
405.980713 222.763962 
461.397980 298.023865 
159.559280 206.175095 
383.029755 401.712616 
332.451569 179.338745 
270.107025 200.622620 
435.225739 304.860504 
459.040924 199.919113 
214.073181 323.410187 
423.611023 205.983414 
455.764832 251.281784 
149.982986 367.498474 
288.643250 258.534790 
458.614319 225.488144 
450.718231 251.436691 
434.135193 274.049957 
233.066254 165.033951 
254.178284 162.141998 
106.475784 180.367676 
221.997803 187.041382 
416.352875 231.074127 
476.810028 271.436432 
364.438629 400.355347 
487.587799 274.177460 
141.657516 150.039948 
266.344360 222.971405 
221.997803 187.041382 
253.823822 166.739578 
398.321350 272.549561 
449.590393 275.848602 
429.195679 278.972473 
159.559280 206.175095 
229.864761 189.667068 
529.345825 293.731079 
284.907471 197.496155 
480.685577 221.297699 
480.685577 221.297699 
165.440674 390.721954 
165.440674 390.721954 
480.685577 221.297699 
135.254486 259.932617 
288.643250 258.534790 
106.043457 189.673157 
489.679230 261.187286 
412.042694 240.782028 
237.282043 329.822296 
339.750763 210.175842 
349.827850 214.650803 
452.147247 218.386322 
465.666443 250.323090 
478.334961 282.876526 
443.985138 205.122955 
521.588928 235.576050 
461.397980 298.023865 
490.565277 232.895325 
507.523346 274.648529 
345.055664 253.869400 
324.117035 181.349075 
248.019226 340.158997 
385.704285 259.865784 
507.523346 274.648529 
269.616486 133.606369 
288.446533 148.156555 
462.076477 280.526886 
421.302124 216.424973 
421.302124 216.424973 
442.560181 203.249771 
478.334961 282.876526 
269.616486 133.606369 
446.062378 220.195007 
442.832397 330.900482 
312.664215 356.403900 
287.746826 259.150604 
458.644714 220.378815 
421.302124 216.424973 
298.411621 319.908234 
442.832397 330.900482 
212.409897 317.586487 
458.406158 294.776733 
384.709137 259.815033 
62.612034 255.468582 
468.868835 231.613251 
483.300598 213.539597 
480.685577 221.297699 
464.299316 293.808105 
480.749115 217.742935 
478.837524 244.085861 
483.285492 236.261047 
435.970154 305.394562 
504.575714 301.005798 
225.381104 185.150970 
429.195679 278.972473 
449.590393 275.848602 
17.937607 303.048187 
308.287201 274.631897 
296.772400 190.023056 
234.904984 317.424164 
342.759674 207.265518 
213.904358 163.267059 
479.222778 289.838409 
471.879272 342.719971 
170.433090 318.385742 
377.956726 350.334076 
75.047020 249.093018 
445.838867 199.408463 
494.529175 232.593597 
235.366135 180.795898 
221.997803 187.041382 
258.597748 172.822800 
313.228729 86.538414 
460.100677 236.773956 
305.184998 276.080139 
211.201706 170.271317 
281.854340 333.759155 
333.586060 281.666748 
488.800629 215.147812 
266.344360 222.971405 
517.337463 233.208481 
409.840027 224.687775 
197.397476 325.466339 
458.614319 225.488144 
246.477341 212.046921 
346.977386 212.074081 
246.477341 212.046921 
302.142059 160.875427 
469.468384 263.042023 
433.728546 242.366394 
247.504669 176.350998 
247.504669 176.350998 
434.135193 274.049957 
282.307434 136.044647 
315.879883 170.722900 
135.254486 259.932617 
236.654419 251.561829 
461.397980 298.023865 
321.648834 175.798798 
314.344330 340.166962 
130.053436 383.430939 
383.933716 255.589157 
130.053436 383.430939 
212.409897 317.586487 
