500
392.253265 390.279602 
473.853546 176.087723 
472.971191 192.587036 
438.998138 200.919327 
483.046143 210.592773 
530.106506 135.762344 
447.424133 196.111877 
163.096436 95.963226 
440.333740 200.796509 
483.461273 190.355270 
338.360077 211.904373 
287.881500 161.794983 
488.975403 194.954147 
452.510681 184.218277 
445.156433 195.985825 
248.890060 105.679253 
349.419922 337.304108 
469.019379 211.364059 
286.648590 109.533501 
442.756683 209.873672 
247.564331 178.685577 
444.737213 196.528961 
447.103516 193.067688 
473.226471 191.528610 
485.265594 194.785385 
484.797760 193.085327 
487.472534 199.996902 
350.660736 218.050522 
258.718750 195.151413 
469.155701 214.632385 
492.143829 193.491501 
476.886200 185.914627 
476.079529 184.352997 
311.549316 177.664429 
472.496033 238.946793 
309.483643 345.343719 
234.488846 103.716522 
475.469971 194.861237 
322.834015 336.758362 
311.194824 213.866119 
315.344543 216.925217 
143.783813 93.795677 
342.628479 214.159790 
415.594452 209.087570 
310.100525 280.176117 
488.659576 197.813354 
429.767059 202.466522 
452.859650 178.872452 
453.614594 285.089844 
287.646698 109.720177 
441.131744 198.994675 
422.377289 195.807526 
498.182983 310.788849 
236.434601 178.818359 
424.241974 192.043777 
476.164917 183.115250 
321.234406 336.869720 
496.137543 184.266739 
448.416779 310.961243 
494.584747 183.104095 
482.839203 191.689438 
299.278595 110.299019 
462.495209 187.076187 
437.175903 191.928864 
342.228333 213.336273 
444.152191 217.529251 
473.690613 348.636841 
473.615479 348.122345 
437.614716 186.050339 
413.988464 190.716995 
265.538574 236.212158 
440.915924 189.734283 
450.317719 186.563080 
476.095398 181.783798 
415.355957 212.548492 
263.407043 351.104950 
183.070358 329.747833 
328.449921 168.414185 
459.326447 192.087021 
475.378906 211.698151 
415.893463 206.184464 
521.098816 436.673004 
248.618805 179.863693 
278.460114 209.986755 
483.727081 309.583801 
256.686829 195.607056 
480.698212 198.632751 
498.542267 299.490753 
436.197662 185.156250 
486.379242 306.525238 
314.019531 217.237885 
469.046783 193.166885 
493.707550 182.000778 
433.092773 216.191467 
454.966095 201.647659 
461.142151 288.183105 
310.561890 342.239441 
472.969604 189.549072 
459.509827 220.808990 
499.224030 213.309479 
251.949646 196.152786 
455.405304 200.519882 
247.075500 177.787308 
439.715118 206.709900 
482.965668 204.144958 
451.627289 182.800873 
440.862640 201.382996 
229.880875 334.217041 
454.004517 197.295837 
455.625458 219.855743 
423.488770 190.728790 
185.139893 330.367493 
506.526459 299.599945 
473.364471 346.486115 
511.643127 241.435455 
435.014587 183.570938 
294.897858 201.270309 
460.693756 221.403214 
460.952057 221.133881 
279.952209 208.148148 
257.983459 224.956467 
428.048187 186.232880 
347.521667 214.713257 
476.443207 210.209229 
309.960236 270.835297 
452.242096 180.824448 
288.355774 194.537415 
385.506989 388.852295 
340.156311 279.749146 
456.580750 212.277695 
416.611420 212.894913 
506.246124 213.313507 
484.442871 312.539062 
290.416107 188.581863 
422.429169 188.994843 
307.286835 341.231964 
283.415741 335.672760 
416.711823 193.745270 
491.947266 231.499207 
443.335907 220.590134 
292.807129 200.391083 
268.208344 107.741394 
416.611938 192.561844 
309.479492 341.615753 
467.175232 239.234482 
479.391998 207.700485 
487.801453 307.548828 
269.576904 237.892120 
478.496979 207.500641 
314.637177 277.512238 
265.508423 352.481445 
512.616333 268.227478 
512.920471 268.299927 
480.066711 231.884491 
471.837097 238.041641 
310.490570 269.410095 
278.889557 208.209000 
428.378082 302.627380 
428.527954 302.306549 
511.889191 239.668869 
412.948944 222.443085 
233.482452 335.916534 
504.181641 296.532776 
227.082504 189.261261 
417.463348 229.224258 
444.916168 284.736786 
514.719055 217.582260 
499.006378 212.602310 
535.774902 263.669952 
418.733673 228.432098 
340.748169 206.664093 
495.669281 216.525818 
448.063782 223.600327 
453.532776 219.568619 
444.037384 192.521576 
466.145966 207.142761 
257.836914 149.130630 
270.722290 238.181274 
422.419647 213.563156 
419.756073 298.180908 
509.031677 208.939148 
477.616577 200.449936 
439.229095 312.864929 
17.113176 366.469666 
409.823242 257.302277 
402.649292 259.199219 
438.820221 223.463730 
432.838196 223.042953 
280.849182 331.136444 
234.962738 186.864227 
234.052368 186.844788 
424.614136 234.329758 
411.226440 298.855438 
482.200562 208.129578 
395.746338 217.423294 
311.918945 241.095154 
514.521362 215.660385 
260.980621 154.895264 
304.278687 172.631882 
313.912750 364.059143 
228.370865 181.848770 
374.126892 331.895782 
460.489410 206.868530 
505.231506 298.982269 
326.548431 341.158569 
454.216064 202.652359 
438.124786 218.982147 
388.035309 260.475006 
452.379303 210.324860 
267.910004 144.536240 
415.159454 199.998611 
360.613831 215.802948 
417.569427 195.231064 
266.322754 229.384552 
466.228546 274.259338 
460.244781 269.729584 
460.160126 269.354584 
445.319153 214.910843 
272.845428 240.291275 
502.442902 276.652527 
507.211823 297.588684 
511.662964 242.092026 
446.061829 239.059998 
412.498444 297.045227 
523.171631 279.425781 
457.462158 212.850571 
433.529907 183.404251 
289.654449 165.507187 
412.924469 229.103012 
527.138489 233.871750 
443.766174 179.342789 
402.699066 208.518265 
197.745178 99.763084 
197.236649 99.932396 
405.927979 207.468094 
522.760193 233.210480 
107.054947 218.905670 
400.891785 205.119644 
313.881561 174.472549 
440.574432 311.511627 
477.733826 228.211914 
426.187927 267.344818 
427.357513 267.696564 
264.771454 210.830200 
303.078644 183.588104 
303.812622 183.273132 
410.081940 198.691895 
408.516357 227.614761 
85.591255 314.312164 
471.390228 217.741226 
406.017578 226.780914 
256.950317 148.536880 
448.348572 216.112732 
332.347473 206.930939 
238.560867 182.934814 
313.609283 181.475815 
460.109894 223.441711 
487.452209 253.028503 
487.964142 233.269318 
499.867218 298.485077 
238.754730 183.500412 
480.371521 260.497803 
485.081207 308.809601 
521.948303 289.023529 
291.383606 162.534088 
428.612762 300.985748 
438.222473 312.612915 
262.757385 348.520966 
407.924438 201.230774 
291.446747 267.140533 
459.515350 255.202072 
262.176422 209.362427 
216.487518 101.692818 
426.391754 218.945129 
187.347031 318.746155 
478.835693 334.513428 
408.675995 257.622620 
311.098297 278.970520 
525.083252 236.773621 
486.680603 261.664093 
409.130341 226.773300 
536.146851 257.160156 
455.071899 242.241531 
400.218170 237.097610 
53.364643 318.776611 
471.862610 210.279297 
288.636597 165.905716 
265.331665 230.575470 
416.721466 199.691833 
502.595276 214.078186 
424.399963 298.752716 
256.873901 197.485184 
219.839111 206.212524 
455.690308 243.086426 
475.441101 245.267715 
250.281219 175.976105 
244.346237 339.794830 
460.400543 224.241867 
222.885727 206.522629 
534.733276 260.395813 
472.706482 219.916321 
268.604980 226.826324 
469.286804 270.763550 
433.909882 243.415894 
484.597961 314.025482 
407.555786 229.525131 
396.727997 246.010208 
401.723145 209.547394 
447.259308 224.446945 
402.895203 236.330093 
248.242371 331.843353 
474.772491 349.903595 
203.508667 191.379761 
465.665558 270.771729 
246.188156 181.979462 
400.301025 236.820160 
207.356964 193.788300 
436.332794 226.580765 
469.757233 260.276428 
491.950867 268.080566 
463.117126 220.887161 
237.224060 182.103546 
402.499420 291.485138 
402.332275 291.567352 
66.301460 330.230743 
429.029053 222.890533 
420.224854 228.400513 
419.486359 305.191406 
505.023224 240.162720 
580.952148 268.621552 
403.544800 229.720947 
150.424469 245.650299 
204.949081 192.177109 
498.888885 270.644104 
429.653961 221.737976 
486.983704 253.691315 
334.189667 207.894043 
251.032196 144.085281 
426.050293 298.880707 
295.071320 272.213715 
469.825623 224.688889 
495.019745 238.501221 
496.405548 234.997147 
453.839996 277.710266 
487.824249 229.451370 
141.856400 221.528839 
322.777039 177.062225 
153.054504 237.520538 
514.523560 245.769791 
401.303070 220.344070 
483.702820 229.438843 
450.497864 227.566467 
158.321884 244.900146 
460.045197 256.502319 
24.693386 360.296051 
291.116333 186.837341 
418.791931 303.623016 
424.011810 269.842285 
485.523224 177.531418 
419.711548 201.916061 
508.143158 300.768555 
346.210571 209.843353 
419.101959 300.872528 
505.428192 239.228439 
405.744080 231.668915 
273.790741 155.310440 
65.506805 330.715607 
258.733765 155.791290 
388.617706 242.273865 
394.284607 229.703232 
386.381042 244.344025 
405.495544 200.001221 
221.067032 207.892120 
491.574768 247.817764 
477.390442 227.550339 
416.836914 261.113037 
416.237305 261.594849 
436.631714 234.182556 
394.972443 222.497009 
471.397339 316.405701 
430.991577 222.423874 
291.362885 271.535370 
471.290375 273.976135 
501.057495 237.635727 
254.908752 176.865677 
238.871078 327.525055 
454.447449 243.365128 
418.860779 304.812012 
541.445129 255.873413 
475.863342 253.342041 
472.051117 269.949310 
309.510864 180.676666 
43.104763 347.265991 
511.354248 245.172775 
487.734802 230.163132 
322.303009 341.533569 
507.156189 241.176178 
212.991806 206.734222 
214.753464 207.627533 
213.125015 189.625305 
336.647644 210.054214 
315.625214 276.738953 
409.789520 256.887695 
227.957962 197.168549 
385.376678 251.718582 
202.568741 183.517029 
313.052399 175.205338 
422.766235 270.293579 
464.767517 224.417969 
405.923157 214.109802 
497.127869 183.458618 
497.624939 183.065628 
497.624939 183.065628 
438.664948 254.334351 
243.310181 174.943420 
232.588531 349.782196 
228.275467 335.456573 
443.379181 221.279144 
298.077087 336.358917 
218.060318 203.691299 
391.873352 273.743988 
509.712402 256.410950 
465.590759 224.269592 
443.806702 330.409515 
465.853638 271.246643 
473.180206 233.610489 
274.147919 267.414581 
205.847992 344.573761 
35.489822 353.293671 
293.725952 207.161118 
450.449097 228.160751 
500.560760 309.590607 
485.245789 248.577927 
272.889160 242.952789 
475.633148 254.822800 
512.354248 245.743256 
205.011581 181.080399 
438.886658 253.850357 
388.214417 248.434021 
418.688660 232.780334 
251.569397 330.376740 
434.975006 260.079742 
282.158936 164.509048 
472.622803 248.342728 
249.909653 173.271591 
330.808289 213.296997 
258.415588 138.795425 
428.754822 181.767380 
222.881027 182.005325 
340.176147 280.404053 
390.149139 267.183411 
403.990906 201.044083 
282.265472 334.434967 
217.751556 227.601089 
224.616959 346.472870 
415.834503 280.617767 
319.754364 95.937675 
319.661346 95.796295 
408.818359 173.546967 
248.387451 184.722076 
469.780518 233.442810 
311.756226 322.241821 
349.027679 250.185608 
538.750854 244.507172 
492.860779 313.468048 
421.994202 232.669220 
137.202728 216.591888 
303.755005 172.485596 
413.144165 285.468048 
449.728516 207.182205 
203.799118 346.088409 
241.297592 266.091553 
208.481903 201.934921 
246.308411 239.274460 
419.208984 232.677444 
321.196320 175.709213 
480.709290 256.877594 
339.992523 238.847870 
315.020966 176.432098 
308.236206 172.560974 
480.591888 244.550018 
158.214218 154.563004 
208.493225 190.537430 
212.306519 197.018814 
238.150620 326.893646 
327.712433 262.063629 
436.167358 251.901321 
457.034637 252.933212 
433.457458 240.750488 
441.384216 247.557892 
237.476105 189.229248 
237.628998 189.552307 
475.498718 333.624512 
265.369873 211.902954 
411.187164 282.964722 
90.325943 309.339233 
440.381012 334.603577 
477.420166 250.447815 
494.158020 238.724655 
267.826630 240.537384 
