500
99.371559 149.161209 
97.555832 149.328552 
461.041138 275.280518 
468.618744 301.704437 
359.969910 232.444016 
412.303192 128.850647 
235.813522 383.400146 
455.830322 281.240875 
480.368591 312.488556 
467.449097 308.003052 
346.536957 160.820801 
434.929565 296.126984 
460.217743 278.479919 
492.586426 312.615265 
474.289032 297.001251 
474.289032 297.001251 
470.196869 307.512329 
470.235565 303.280945 
300.878204 165.022995 
457.598419 290.624237 
470.235565 303.280945 
474.483185 302.567444 
468.474152 304.732941 
462.775909 317.873718 
470.235565 303.280945 
235.813522 383.400146 
466.332672 298.006836 
455.830322 281.240875 
449.812622 292.366913 
363.386383 193.047852 
470.235565 303.280945 
471.454926 287.295837 
351.913055 224.328552 
289.132263 263.698273 
445.280884 282.165680 
470.196869 307.512329 
303.273743 144.746506 
474.289032 297.001251 
449.812622 292.366913 
449.812622 292.366913 
294.987030 179.581390 
468.474152 304.732941 
296.300690 162.280853 
455.830322 281.240875 
424.294006 407.321381 
235.813522 383.400146 
455.830322 281.240875 
449.812622 292.366913 
207.419861 291.067505 
303.273743 144.746506 
442.994293 286.010132 
128.654541 57.553093 
333.496704 140.697281 
259.985992 315.551453 
456.367554 271.823792 
128.654541 57.553093 
247.093842 313.017456 
428.024292 280.854126 
359.969910 232.444016 
301.935852 201.985367 
359.079254 197.399307 
449.812622 292.366913 
449.812622 292.366913 
438.694336 285.485779 
449.812622 292.366913 
363.386383 193.047852 
424.286713 264.654877 
470.674408 392.285858 
454.095490 281.590240 
454.550201 274.054169 
424.294006 407.321381 
449.812622 292.366913 
399.436066 402.182617 
455.830322 281.240875 
353.877319 283.845612 
473.668091 317.552979 
381.097260 380.267242 
244.627640 313.311584 
424.294006 407.321381 
259.985992 315.551453 
466.159912 310.022430 
307.665070 189.205994 
474.289032 297.001251 
466.159912 310.022430 
464.470367 315.254578 
474.289032 297.001251 
460.217743 278.479919 
79.712891 271.993561 
474.558441 298.599121 
429.340942 262.301910 
296.300690 162.280853 
466.159912 310.022430 
458.684753 279.420441 
449.812622 292.366913 
423.816833 404.574738 
417.302795 399.786255 
454.550201 274.054169 
36.405468 143.773529 
460.217743 278.479919 
466.159912 310.022430 
447.408783 273.259155 
445.280884 282.165680 
433.115387 290.393799 
330.054993 217.073730 
161.210342 245.396683 
470.235565 303.280945 
296.030060 138.497360 
409.492218 359.361542 
260.277710 430.924225 
433.336121 347.911438 
440.206940 301.554596 
299.649597 143.542465 
423.816833 404.574738 
207.419861 291.067505 
448.655182 272.397278 
363.660034 359.010101 
363.660034 359.010101 
433.115387 290.393799 
330.908051 218.445648 
324.882996 183.762604 
409.492218 359.361542 
415.081329 399.496887 
339.535004 157.587708 
282.633026 188.119934 
311.450256 282.423035 
409.000488 407.513184 
455.818115 314.137360 
462.775909 317.873718 
449.812622 292.366913 
438.816315 314.971619 
438.816315 314.971619 
433.336121 347.911438 
462.775909 317.873718 
289.187286 148.780090 
289.187286 148.780090 
139.831512 55.928925 
497.630157 424.428192 
244.758560 308.867615 
208.963516 287.075928 
433.115387 290.393799 
330.054993 217.073730 
109.979660 265.414978 
109.979660 265.414978 
508.049011 422.591095 
475.103302 298.456421 
420.851746 399.708374 
474.558441 298.599121 
292.550568 264.024292 
445.457733 287.543579 
441.087402 321.239746 
307.665070 189.205994 
420.851746 399.708374 
440.206940 301.554596 
424.497620 298.878906 
478.426392 303.590637 
433.115387 290.393799 
294.987030 179.581390 
386.270935 353.350403 
352.196472 226.213470 
280.202667 335.027222 
449.812622 292.366913 
404.118439 301.948151 
409.589844 400.134583 
433.115387 290.393799 
449.812622 292.366913 
339.866211 132.995529 
452.942932 307.708496 
431.810242 317.655426 
400.806213 398.011566 
474.870453 333.919983 
407.966827 352.433929 
407.966827 352.433929 
393.299896 361.264587 
465.340515 305.860352 
480.368591 312.488556 
325.089050 191.928070 
448.937317 304.078735 
473.668091 317.552979 
303.273743 144.746506 
294.255371 411.889099 
394.397278 287.232269 
470.072540 396.445892 
244.758560 308.867615 
366.347229 289.830170 
330.796387 128.587753 
424.286713 264.654877 
507.872192 435.025116 
440.206940 301.554596 
474.558441 298.599121 
351.791687 342.442657 
440.206940 301.554596 
69.770317 119.946442 
343.732819 162.851395 
404.118439 301.948151 
433.115387 290.393799 
467.449097 308.003052 
444.566772 277.605011 
351.631287 178.039627 
409.000488 407.513184 
364.116913 246.682114 
280.412689 200.711853 
424.286713 264.654877 
267.581543 178.556274 
391.148163 287.614777 
414.687775 408.588104 
493.380463 415.651886 
438.816315 314.971619 
350.856659 222.501312 
449.178162 384.830017 
460.217743 278.479919 
363.956940 248.172256 
456.367554 271.823792 
353.524323 233.875565 
446.681885 297.171997 
282.504669 240.579453 
299.139221 341.834869 
401.262421 352.042206 
449.178162 384.830017 
404.373962 295.164398 
164.401932 81.136452 
80.401436 161.262680 
409.992371 271.534393 
290.605286 143.231842 
452.942932 307.708496 
411.689606 268.623840 
411.689606 268.623840 
393.299896 361.264587 
404.626099 396.442230 
197.324921 267.651672 
455.347595 342.385559 
201.822708 256.434265 
428.789154 297.112915 
295.887268 181.073273 
445.457733 287.543579 
278.964874 400.722534 
278.964874 400.722534 
282.132050 198.072144 
404.224365 268.092468 
424.286713 264.654877 
353.524323 233.875565 
209.098450 263.334442 
450.324646 315.191498 
371.970612 307.168457 
360.400787 366.223328 
457.598419 290.624237 
488.674683 345.684113 
424.286713 264.654877 
262.990021 129.812531 
386.017426 319.336700 
478.426392 303.590637 
497.630157 424.428192 
452.942932 307.708496 
475.634674 296.244049 
343.732819 162.851395 
445.457733 287.543579 
68.421173 142.949295 
364.390167 330.904846 
282.132050 198.072144 
185.167374 129.409378 
452.942932 307.708496 
464.470367 315.254578 
363.956940 248.172256 
262.990021 129.812531 
405.476929 315.409119 
266.775299 151.002472 
419.728363 348.921875 
404.224365 268.092468 
303.273743 144.746506 
363.956940 248.172256 
399.102905 286.489044 
404.224365 268.092468 
398.173950 274.783875 
400.806213 398.011566 
452.942932 307.708496 
366.347229 289.830170 
449.178162 384.830017 
452.942932 307.708496 
231.304062 283.213470 
444.592224 269.349823 
310.054504 189.594711 
452.942932 307.708496 
409.492218 359.361542 
418.017090 304.217377 
222.503891 285.812286 
18.140850 149.363800 
452.942932 307.708496 
449.812622 292.366913 
253.089279 168.084152 
398.344421 332.616180 
223.320236 422.298096 
470.235565 303.280945 
361.018066 193.657578 
296.981354 150.616653 
441.087402 321.239746 
207.214310 264.652740 
422.775330 404.656921 
421.062775 303.032867 
300.878204 165.022995 
466.332672 298.006836 
452.942932 307.708496 
463.053802 321.816223 
415.081329 399.496887 
460.217743 278.479919 
356.803101 237.896240 
403.334869 400.388214 
421.062775 303.032867 
452.942932 307.708496 
403.419952 287.017395 
476.310608 336.969269 
86.017921 107.234207 
392.190948 353.676086 
477.695343 356.094025 
328.912354 121.449081 
457.598419 290.624237 
402.022430 326.157318 
449.178162 384.830017 
449.178162 384.830017 
398.344421 332.616180 
477.536804 307.640015 
420.045959 313.376678 
338.029175 139.256363 
449.178162 384.830017 
393.299896 361.264587 
452.106201 336.503113 
378.858459 310.409210 
249.325989 237.607346 
413.084778 356.901398 
452.942932 307.708496 
445.847229 289.296570 
474.558441 298.599121 
452.106201 336.503113 
289.187286 148.780090 
446.681885 297.171997 
367.283386 285.156860 
445.457733 287.543579 
185.497498 128.314789 
455.818115 314.137360 
262.990021 129.812531 
445.457733 287.543579 
394.734009 328.145294 
398.173950 274.783875 
79.712891 271.993561 
404.224365 268.092468 
358.466187 362.381714 
358.466187 362.381714 
386.389404 425.686890 
476.812408 295.759552 
401.262421 352.042206 
433.336121 347.911438 
524.085266 438.455750 
421.062775 303.032867 
299.062042 147.442413 
448.099762 295.065338 
470.196869 307.512329 
483.969086 399.669128 
439.976776 346.065277 
266.775299 151.002472 
157.842361 220.644699 
331.516266 130.213531 
164.401932 81.136452 
452.942932 307.708496 
351.791687 342.442657 
288.915253 144.293808 
288.915253 144.293808 
371.970612 307.168457 
409.992371 271.534393 
452.942932 307.708496 
474.703400 391.037537 
150.482147 164.753494 
282.504669 240.579453 
419.728363 348.921875 
290.605286 143.231842 
178.292053 259.849335 
338.849854 144.380630 
454.550201 274.054169 
398.344421 332.616180 
282.132050 198.072144 
257.924377 320.500549 
161.210342 245.396683 
449.178162 384.830017 
335.275787 265.011658 
414.906921 312.822815 
263.736542 190.594131 
399.102905 286.489044 
280.412689 200.711853 
86.017921 107.234207 
455.347595 342.385559 
263.736542 190.594131 
449.812622 292.366913 
264.058929 132.570160 
265.912994 146.146042 
466.493195 299.845886 
414.906921 312.822815 
381.097260 380.267242 
303.273743 144.746506 
261.418365 298.200928 
398.344421 332.616180 
465.227386 363.561798 
451.163666 270.923187 
207.419861 291.067505 
280.412689 200.711853 
415.081329 399.496887 
398.344421 332.616180 
190.408615 254.632202 
460.217743 278.479919 
434.836487 355.974426 
366.347229 289.830170 
89.624405 125.493469 
434.836487 355.974426 
407.170135 296.145813 
452.942932 307.708496 
270.460358 362.289154 
320.819275 197.893326 
145.519440 61.088257 
292.550568 264.024292 
422.046326 351.043671 
423.241119 345.756500 
393.299896 361.264587 
288.194702 136.683228 
342.539398 165.722824 
439.751038 356.873322 
427.126556 313.998840 
311.583984 185.588120 
275.757111 146.120865 
431.810242 317.655426 
231.388199 290.762787 
326.285583 128.058197 
300.509949 151.199982 
456.105835 339.095917 
294.103180 144.151764 
256.942261 131.262024 
266.580688 128.954437 
390.913422 103.971718 
437.923340 291.212097 
422.046326 351.043671 
260.612640 125.091812 
361.622589 190.733505 
404.118439 301.948151 
439.751038 356.873322 
230.259003 288.587494 
473.668091 317.552979 
406.637970 277.949341 
318.216034 269.390228 
260.026245 146.891907 
382.624268 331.145782 
402.481171 343.981262 
351.739563 193.323578 
382.624268 331.145782 
180.167435 135.745163 
145.519440 61.088257 
330.370667 123.647316 
398.344421 332.616180 
97.555832 149.328552 
464.470367 315.254578 
382.624268 331.145782 
382.624268 331.145782 
229.312393 280.136383 
150.482147 164.753494 
227.716705 153.796295 
103.285057 125.385498 
429.340942 262.301910 
429.340942 262.301910 
429.340942 262.301910 
331.221069 251.822815 
188.611557 254.139587 
395.341705 354.200378 
311.450256 282.423035 
409.589844 400.134583 
363.956940 248.172256 
175.486328 138.597458 
410.384888 409.374359 
413.084778 356.901398 
294.255371 411.889099 
325.089050 191.928070 
398.173950 274.783875 
413.084778 356.901398 
328.157501 134.728271 
484.846619 406.896576 
339.642151 173.089706 
294.255371 411.889099 
240.304916 301.144958 
398.344421 332.616180 
351.151520 187.040298 
463.360077 346.602539 
473.668091 317.552979 
365.708588 289.174988 
489.309052 305.792419 
352.196472 226.213470 
364.390167 330.904846 
398.344421 332.616180 
300.509949 151.199982 
398.173950 274.783875 
398.173950 274.783875 
456.367554 271.823792 
194.339111 126.443420 
260.026245 146.891907 
235.067261 273.877838 
7.798886 141.100967 
502.503204 417.588318 
445.457733 287.543579 
