500
152.170364 216.150101 
273.418335 386.276489 
273.418335 386.276489 
400.449188 125.047951 
400.449188 125.047951 
552.196960 291.501862 
160.245941 204.471848 
160.245941 204.471848 
160.245941 204.471848 
197.022461 204.769333 
153.304199 202.327194 
248.136948 365.476410 
160.245941 204.471848 
174.038574 189.370636 
154.125687 202.426102 
162.116333 205.066177 
162.413467 202.041412 
153.893799 187.175140 
363.217957 260.283936 
332.880066 75.028816 
186.774200 96.706688 
214.246216 93.722900 
186.975449 230.321899 
222.315002 128.678101 
174.038574 189.370636 
162.413467 202.041412 
165.316010 188.279175 
165.124008 206.359863 
197.795364 90.792130 
176.241180 222.051483 
201.313522 194.499222 
153.304199 202.327194 
179.873947 232.208450 
248.136948 365.476410 
222.315002 128.678101 
113.052834 99.420052 
195.578827 214.407822 
176.241180 222.051483 
226.722351 214.982361 
186.975449 230.321899 
379.405853 304.771027 
160.245941 204.471848 
176.241180 222.051483 
160.245941 204.471848 
165.316010 188.279175 
188.248779 214.794052 
176.241180 222.051483 
162.116333 205.066177 
184.464096 208.232468 
186.975449 230.321899 
353.340393 311.168793 
197.795364 90.792130 
188.248779 214.794052 
181.439240 199.289047 
169.596848 217.182846 
206.227585 218.369202 
153.893799 187.175140 
208.182556 91.317123 
155.897842 212.361115 
213.143768 98.581123 
482.037842 229.891418 
184.464096 208.232468 
191.430038 235.538925 
149.544296 172.583572 
184.464096 208.232468 
165.316010 188.279175 
184.464096 208.232468 
169.596848 217.182846 
554.769653 290.523987 
361.607361 335.909912 
356.981750 331.427979 
184.464096 208.232468 
365.630554 155.011917 
184.464096 208.232468 
169.596848 217.182846 
248.136948 365.476410 
186.975449 230.321899 
351.601654 310.583954 
184.464096 208.232468 
373.187164 153.269363 
142.266541 114.270164 
312.786469 263.304169 
176.060364 231.207458 
320.177399 299.562134 
378.915253 155.518753 
204.049927 195.222031 
162.413467 202.041412 
181.439240 199.289047 
556.759521 293.635712 
195.242081 99.887131 
348.650482 210.805771 
176.241180 222.051483 
321.494232 196.137787 
181.439240 199.289047 
482.037842 229.891418 
381.217529 154.759277 
169.596848 217.182846 
570.758423 293.298187 
142.085892 203.451553 
183.647827 207.053177 
418.979767 169.873520 
216.326584 227.590347 
181.439240 199.289047 
186.975449 230.321899 
156.022003 191.587143 
186.975449 230.321899 
176.241180 222.051483 
343.449280 218.709137 
197.795364 90.792130 
146.666229 190.769653 
379.405853 304.771027 
183.647827 207.053177 
189.248337 186.594193 
189.248337 186.594193 
373.877594 329.095825 
140.929840 163.217590 
164.201416 187.232254 
164.201416 187.232254 
188.347702 93.996353 
365.630554 155.011917 
327.894440 349.929169 
289.166443 259.424072 
270.917877 144.831909 
400.449188 125.047951 
186.975449 230.321899 
198.386612 99.818359 
181.439240 199.289047 
167.665665 120.291367 
356.981750 331.427979 
188.347702 93.996353 
181.439240 199.289047 
162.413467 202.041412 
254.607590 125.367455 
254.607590 125.367455 
193.743332 215.599579 
181.439240 199.289047 
614.405518 286.674866 
373.187164 153.269363 
234.785278 139.813782 
318.862305 349.531891 
343.449280 218.709137 
176.241180 222.051483 
189.248337 186.594193 
203.962753 97.338127 
556.759521 293.635712 
181.439240 199.289047 
525.435181 387.559479 
196.388504 182.836746 
153.893799 187.175140 
587.356812 314.696442 
184.464096 208.232468 
212.982239 96.785057 
332.880066 75.028816 
332.880066 75.028816 
321.018707 340.813354 
184.004120 232.072906 
184.464096 208.232468 
356.981750 331.427979 
184.464096 208.232468 
214.246216 93.722900 
399.959259 180.188904 
145.181046 116.358208 
418.979767 169.873520 
184.464096 208.232468 
162.116333 205.066177 
318.039429 337.405945 
108.289970 96.205490 
188.248779 214.794052 
135.719757 165.369705 
207.122345 199.673676 
183.647827 207.053177 
181.439240 199.289047 
181.439240 199.289047 
226.664719 193.505966 
363.918793 274.436340 
167.665665 120.291367 
167.665665 120.291367 
153.304199 202.327194 
184.464096 208.232468 
190.649185 187.993027 
233.600220 140.524185 
164.201416 187.232254 
181.439240 199.289047 
626.205872 283.670380 
304.134003 297.779175 
184.464096 208.232468 
181.439240 199.289047 
167.665665 120.291367 
224.798676 227.886948 
190.540466 224.567047 
180.679489 174.533630 
164.820023 200.037445 
195.242081 99.887131 
181.439240 199.289047 
186.975449 230.321899 
181.439240 199.289047 
551.134094 166.263443 
149.190308 205.599686 
246.102737 162.824829 
274.957458 240.345612 
164.201416 187.232254 
223.180771 141.329086 
363.217957 260.283936 
254.607590 125.367455 
332.880066 75.028816 
144.582611 194.891983 
322.737762 286.849426 
181.439240 199.289047 
162.511841 198.164658 
162.116333 205.066177 
118.053558 92.301125 
181.439240 199.289047 
295.546906 300.089935 
327.565857 292.772186 
423.025940 171.642380 
221.269043 173.836426 
210.065796 96.583260 
208.177246 168.478333 
167.665665 120.291367 
216.326584 227.590347 
149.190308 205.599686 
181.439240 199.289047 
327.894440 349.929169 
167.665665 120.291367 
259.935516 158.559235 
207.122345 199.673676 
142.085892 203.451553 
246.102737 162.824829 
396.116577 339.845001 
167.665665 120.291367 
87.054779 81.511429 
169.596848 217.182846 
173.184540 168.004303 
207.122345 199.673676 
141.383789 117.990646 
176.911026 212.353195 
210.376389 161.744507 
163.969528 195.852966 
355.015869 232.964142 
198.386612 99.818359 
210.376389 161.744507 
299.488190 224.343292 
214.246216 93.722900 
235.317276 112.257225 
436.019806 191.397308 
186.975449 230.321899 
174.147064 150.831223 
208.233200 141.078308 
241.023666 164.244858 
224.798676 227.886948 
362.149811 329.923645 
363.217957 260.283936 
192.905655 150.530701 
359.457977 327.500061 
291.552155 261.202484 
433.217651 203.170670 
257.368835 182.672623 
537.002563 169.106873 
192.595016 167.820374 
352.870270 330.563019 
247.476059 174.417679 
247.476059 174.417679 
363.918793 274.436340 
587.356812 314.696442 
150.954910 195.467575 
475.958252 318.260590 
353.340393 311.168793 
149.882202 203.571609 
569.428528 275.955597 
160.245941 204.471848 
153.304199 202.327194 
192.199112 151.268906 
182.055359 145.476440 
185.297470 205.852402 
199.284470 90.434006 
367.922791 172.709961 
364.534332 274.772461 
173.184540 168.004303 
162.379898 184.504013 
176.911026 212.353195 
141.463470 202.374985 
413.032898 286.712616 
342.585327 211.093246 
150.954910 195.467575 
163.969528 195.852966 
162.116333 205.066177 
160.245941 204.471848 
363.918793 274.436340 
195.242081 99.887131 
195.242081 99.887131 
208.182556 91.317123 
365.922150 284.765686 
363.217957 260.283936 
226.664719 193.505966 
260.801697 126.251877 
260.801697 126.251877 
390.227783 321.838562 
201.313522 194.499222 
233.600220 140.524185 
356.357574 148.973846 
361.570831 148.560104 
282.275909 245.249130 
181.439240 199.289047 
265.595337 199.311356 
399.428833 176.574738 
204.377487 171.191849 
246.102737 162.824829 
213.031830 233.375137 
289.166443 259.424072 
176.911026 212.353195 
385.116638 336.909149 
148.973114 171.994659 
475.958252 318.260590 
162.116333 205.066177 
157.924225 210.677368 
396.116577 339.845001 
190.723007 216.080872 
130.551575 110.825485 
475.315521 206.937164 
199.933105 149.526642 
174.603516 229.597000 
250.190170 180.828827 
328.300049 282.190674 
199.933105 149.526642 
320.177399 299.562134 
363.217957 260.283936 
447.392426 203.623215 
167.665665 120.291367 
357.181030 312.527222 
326.617615 281.858826 
183.647827 207.053177 
186.144821 145.573029 
210.376389 161.744507 
456.252686 383.794617 
199.933105 149.526642 
155.897842 212.361115 
178.408844 188.201004 
387.307373 318.392975 
204.377487 171.191849 
167.665665 120.291367 
467.548401 324.908813 
185.297470 205.852402 
365.537201 330.431458 
365.537201 330.431458 
389.719360 336.902100 
383.765076 305.048035 
213.489914 145.476532 
213.489914 145.476532 
461.636322 332.905884 
401.963959 257.347839 
140.979111 173.452759 
188.248779 214.794052 
475.315521 206.937164 
200.288086 182.182892 
390.227783 321.838562 
338.348846 287.986969 
234.785278 139.813782 
156.196411 187.968262 
203.353638 139.129181 
217.728958 227.935425 
173.184540 168.004303 
281.876770 254.320480 
181.439240 199.289047 
185.297470 205.852402 
222.315002 128.678101 
475.958252 318.260590 
217.728958 227.935425 
290.608734 259.054291 
305.006439 323.209381 
176.653870 196.179520 
181.057266 221.536163 
224.798676 227.886948 
355.015869 232.964142 
221.269043 173.836426 
222.740463 197.007126 
181.439240 199.289047 
217.728958 227.935425 
541.197510 398.802063 
204.377487 171.191849 
382.091034 291.162079 
135.459778 104.844818 
356.981750 331.427979 
192.073135 232.448547 
343.058014 145.015274 
356.690521 234.694351 
221.269043 173.836426 
398.135712 342.194366 
400.449188 125.047951 
186.144821 145.573029 
210.376389 161.744507 
352.870270 330.563019 
133.982925 191.272888 
358.310211 323.938354 
164.820023 200.037445 
221.668671 219.600952 
554.769653 290.523987 
367.915619 333.582550 
358.310211 323.938354 
167.665665 120.291367 
292.744019 297.814972 
463.616608 200.939346 
425.344116 196.455948 
217.728958 227.935425 
386.963531 345.417877 
173.184540 168.004303 
273.418335 386.276489 
369.566345 327.110840 
397.420044 328.294830 
221.269043 173.836426 
173.184540 168.004303 
164.820023 200.037445 
208.233200 141.078308 
285.527435 293.433411 
352.870270 330.563019 
189.716415 150.602631 
224.798676 227.886948 
133.982925 191.272888 
133.982925 191.272888 
133.982925 191.272888 
193.743332 215.599579 
356.981750 331.427979 
463.616608 200.939346 
425.344116 196.455948 
173.184540 168.004303 
131.826111 185.750061 
378.501129 324.034546 
246.102737 162.824829 
272.036163 210.199722 
387.778778 165.835052 
358.310211 323.938354 
296.663605 258.254974 
210.376389 161.744507 
197.795364 90.792130 
469.422119 335.472534 
308.983459 319.912415 
182.055359 145.476440 
326.617615 281.858826 
193.743332 215.599579 
348.382324 111.509827 
300.375366 217.811539 
303.717987 297.803101 
303.717987 297.803101 
570.486023 315.526672 
393.991150 336.474243 
259.935516 158.559235 
390.227783 321.838562 
385.116638 336.909149 
573.608582 329.966980 
186.144821 145.573029 
374.401978 174.238434 
312.643066 309.506531 
260.801697 126.251877 
602.971680 288.987885 
223.180771 141.329086 
306.379974 236.229630 
221.269043 173.836426 
461.636322 332.905884 
227.401566 163.169220 
461.636322 332.905884 
181.439240 199.289047 
216.220261 222.846527 
188.833496 145.755005 
323.859375 288.442810 
304.146790 320.209656 
316.878479 209.459244 
401.963959 257.347839 
475.958252 318.260590 
303.908081 116.508072 
108.289970 96.205490 
221.269043 173.836426 
393.991150 336.474243 
328.311279 118.188850 
245.193405 220.915985 
602.971680 288.987885 
447.392426 203.623215 
453.602875 331.388397 
467.341614 348.763794 
312.786469 263.304169 
173.184540 168.004303 
299.967133 306.926178 
210.376389 161.744507 
118.053558 92.301125 
118.053558 92.301125 
201.637390 88.916756 
259.935516 158.559235 
356.981750 331.427979 
330.028595 356.127014 
547.480652 170.544830 
190.681519 163.611755 
190.681519 163.611755 
353.725891 328.776062 
193.743332 215.599579 
314.879303 325.031464 
553.303040 312.322449 
521.143555 377.967834 
216.220261 222.846527 
461.636322 332.905884 
192.073135 232.448547 
366.107361 324.618164 
366.107361 324.618164 
