977
163.245468 391.380615 
163.909729 369.471100 
158.829666 396.187866 
167.028854 374.535309 
197.552124 359.992523 
506.321259 333.776276 
183.632339 355.054443 
185.172913 350.618103 
202.676834 375.157257 
159.221039 395.460907 
180.997238 380.169769 
174.182266 376.029114 
196.845337 359.792511 
470.793762 353.647064 
457.026154 276.129120 
457.787231 276.459534 
473.899048 301.085358 
179.408066 353.061859 
163.884628 258.304474 
266.388153 419.723541 
160.151596 387.487640 
180.883301 381.634216 
201.333313 350.262390 
160.345123 395.225372 
462.534180 346.868927 
164.655273 379.780823 
198.803955 391.750549 
556.989563 316.592377 
182.874222 355.016663 
200.285370 356.698517 
186.931931 337.723816 
201.282669 375.245148 
265.753174 419.654785 
208.257889 260.801544 
199.626495 373.185028 
201.888580 354.233765 
470.068878 304.825745 
470.155945 304.150879 
203.768799 376.767090 
224.274246 211.492310 
200.768799 292.602478 
183.479706 343.360809 
173.089111 396.060486 
204.296188 296.565155 
494.741730 272.743286 
190.361221 388.850861 
209.743393 269.855560 
209.038452 269.856384 
553.408020 316.637115 
198.793396 302.439758 
160.423859 380.283936 
181.080353 400.959503 
172.895874 399.676056 
308.748901 352.003510 
161.907791 395.606842 
208.447617 379.361450 
204.225266 300.773621 
563.814270 381.771240 
556.884705 317.222900 
186.348297 338.851410 
285.558502 340.716431 
521.277893 287.738129 
200.517227 291.422241 
502.686035 324.949341 
182.744095 339.049500 
521.654175 348.042450 
503.416656 302.529114 
168.572586 376.126648 
190.591644 354.470978 
201.580658 307.229980 
201.131287 307.597595 
506.643402 334.260437 
165.345901 254.273209 
181.158264 389.984711 
191.414062 279.617004 
286.118561 340.096344 
203.727066 297.429047 
183.804382 377.802979 
265.733582 300.721344 
519.077759 350.295258 
208.459732 374.194183 
156.752762 388.181458 
560.171204 380.292999 
197.434952 298.728546 
532.497559 307.673096 
174.476807 349.716766 
159.062164 356.297424 
169.105042 251.152176 
278.087311 316.308167 
184.602325 346.087341 
207.855713 272.154144 
446.377167 312.300629 
160.086655 355.675140 
490.291565 324.301453 
454.161621 293.757721 
169.273087 353.420441 
452.687103 279.085419 
267.323853 297.677490 
159.730469 304.958466 
200.412537 266.300018 
191.929260 397.405365 
480.614899 295.508026 
163.782257 336.331940 
169.511398 253.709763 
329.812714 389.488434 
296.718994 312.426849 
436.691467 364.147919 
179.221786 359.498108 
179.912018 393.532990 
474.885437 353.741058 
192.884583 387.481995 
280.395844 429.618896 
297.931244 303.176758 
164.959274 317.300446 
459.156311 312.292664 
500.619720 305.240814 
202.395096 255.003830 
304.062836 370.836365 
197.490845 311.685486 
168.495102 382.492676 
163.079575 319.059357 
160.485764 309.705933 
280.643250 329.541107 
555.930237 394.466492 
558.413696 376.076324 
452.572968 306.987457 
195.103592 337.777863 
170.986099 300.907043 
543.028442 311.349976 
177.996399 391.154114 
457.449005 374.951508 
502.249542 323.968506 
502.801239 303.006897 
203.767548 380.091431 
203.172989 380.504730 
546.609192 302.119934 
105.562988 419.477081 
520.489319 312.060913 
528.551208 337.200348 
488.023163 334.553619 
271.421143 405.232269 
189.001144 396.599426 
200.850998 297.995422 
197.124451 289.713379 
181.868027 379.921478 
484.635132 335.609222 
309.367981 198.391495 
462.659210 272.822968 
185.732254 333.145477 
277.227539 437.621033 
196.662842 310.776093 
200.080215 346.461395 
548.859497 383.947235 
299.007294 363.505493 
209.802780 259.489807 
470.158081 303.190948 
545.264709 389.454437 
523.782837 326.378265 
366.937500 203.012894 
570.937500 377.076233 
570.937500 377.076233 
532.026062 332.387939 
202.059738 346.940918 
499.619965 320.581146 
464.430786 319.227570 
202.460617 345.597168 
269.481415 325.801392 
190.906509 290.360291 
190.731461 290.881409 
541.649414 397.372406 
561.391541 380.204620 
284.593933 339.160004 
269.946106 297.108307 
303.551971 382.685303 
477.754333 288.252106 
176.212692 356.503204 
305.476257 357.522644 
359.727631 198.760193 
281.542999 422.324280 
171.487595 304.300354 
501.032593 299.844025 
460.279541 280.140533 
274.496979 418.195557 
331.843506 405.944702 
480.406738 282.743805 
485.610596 300.746155 
500.909607 322.078278 
510.776062 271.176941 
280.627563 350.480499 
524.078674 283.131042 
536.987244 307.300537 
510.572418 333.098267 
450.235565 309.449524 
187.551010 344.203644 
363.162964 205.974564 
198.365494 354.511353 
327.201660 402.569733 
206.395432 329.689331 
485.893829 267.233704 
367.059875 195.885941 
327.231140 406.795563 
162.623062 352.046753 
557.380615 313.975159 
469.763214 270.156525 
545.198608 292.697449 
193.090088 278.128113 
516.309753 261.452545 
514.530396 297.815033 
125.999420 205.937637 
509.953796 333.327087 
129.736755 419.205536 
321.310455 218.747070 
306.122528 383.709808 
516.271729 307.000885 
192.148315 354.137360 
209.532883 311.584442 
271.309570 290.744659 
501.032990 332.473358 
192.294357 351.590057 
202.429230 384.633728 
107.780365 415.767090 
509.460083 268.605713 
202.363617 251.693817 
173.712006 345.247986 
477.048706 225.815979 
477.996124 282.977570 
490.087280 278.698853 
542.838684 229.676620 
211.637604 280.851013 
211.739471 280.157379 
553.520081 391.185333 
548.110596 312.541138 
155.944214 388.196075 
184.491959 334.448120 
434.849060 362.149506 
534.635559 337.099609 
288.815277 339.099548 
270.057617 293.641144 
270.766876 293.853149 
191.778259 281.724396 
194.913788 338.580383 
162.194977 258.093964 
477.999786 287.720093 
177.039337 351.302063 
474.036407 304.229034 
467.869904 279.556061 
514.935181 312.957581 
494.467926 399.976746 
271.851074 403.388794 
299.128632 395.387878 
540.970825 345.080536 
518.357117 294.367889 
470.893616 272.218872 
274.996063 340.355743 
534.361267 330.081726 
265.282379 294.911743 
537.761108 309.063141 
528.584778 333.499786 
201.786728 336.422485 
206.387863 333.105774 
278.690887 437.451965 
211.739410 265.708649 
167.135605 299.416718 
448.873016 307.497253 
562.974426 346.941772 
280.509460 338.538574 
478.343048 282.956635 
307.537415 355.250427 
277.680267 321.823822 
306.924774 201.599106 
203.858719 250.371140 
203.093811 250.644318 
464.935486 315.241455 
462.100830 294.873108 
299.316589 368.779327 
515.455200 312.822479 
273.768005 308.895020 
190.838470 342.802856 
204.743103 322.364441 
297.562469 379.483734 
169.958832 376.653381 
161.971680 207.934555 
256.500214 346.893402 
186.276199 380.225006 
278.073425 317.581116 
190.028885 393.956909 
279.599792 338.320068 
519.201660 314.002838 
517.467224 320.901947 
288.122437 342.362915 
177.207626 279.599579 
458.237488 272.069641 
535.632324 307.560699 
512.198730 302.841400 
210.760025 261.463196 
73.311050 439.890350 
196.267441 342.129486 
179.002838 364.950348 
192.063553 403.168976 
484.659363 278.271454 
324.530609 375.047974 
164.335724 318.672668 
479.054901 292.332031 
287.326416 436.012299 
302.863983 348.238770 
468.205139 313.451752 
538.814575 392.784027 
494.224548 299.526001 
494.784760 299.830414 
567.938171 380.690063 
196.355286 258.197662 
266.347992 329.140106 
298.501953 369.856262 
178.155548 360.511444 
364.309570 197.567810 
466.472961 316.522003 
319.632202 398.349213 
522.541870 332.069672 
195.587753 304.932343 
195.989532 304.487701 
486.719543 264.110687 
196.337479 276.523071 
307.844879 396.917419 
174.419403 345.434204 
177.760849 343.293030 
515.873230 307.686890 
309.073151 202.467117 
171.230103 300.073730 
163.334000 278.401306 
191.100616 354.087341 
448.539886 382.464722 
547.741821 328.474060 
186.762543 350.413666 
203.131088 341.229279 
197.933212 309.423950 
280.642456 351.040771 
290.874329 362.101471 
449.739746 285.839966 
204.595459 327.896881 
160.827820 381.101807 
280.780121 408.997803 
306.587921 355.731323 
464.487915 284.557831 
525.413696 337.508789 
186.935898 335.294678 
191.343353 404.540039 
286.631165 246.998749 
456.180206 296.611328 
207.012894 381.209381 
474.121368 295.375366 
562.428528 344.024872 
562.259949 344.792511 
550.574463 314.404694 
345.852386 360.523743 
515.024719 333.234497 
196.409622 289.873962 
478.164337 292.183441 
502.266144 299.929718 
172.527283 303.393860 
208.096710 315.468262 
333.835602 222.560410 
449.789673 367.648254 
462.408356 314.443207 
206.539841 253.316330 
300.291931 372.402863 
514.551636 305.240082 
202.110046 332.266571 
496.788574 291.432190 
302.966125 384.556915 
319.299957 219.564270 
108.060860 419.468475 
298.678955 397.948364 
177.418442 360.858734 
526.260803 331.862030 
185.373810 348.322510 
322.535797 378.815613 
511.768127 304.803101 
307.359253 370.434509 
284.879242 343.579193 
498.406921 328.166870 
506.692047 315.524017 
210.014740 321.551453 
557.849243 391.742737 
498.584503 311.097015 
157.012070 387.452881 
390.725159 348.300720 
271.337677 410.932343 
336.287079 419.537689 
196.032974 370.930084 
541.272949 403.735229 
251.082581 326.407837 
197.184402 257.421356 
285.704681 325.407593 
288.995392 361.093323 
198.701157 252.965958 
538.579956 314.598175 
550.396667 349.237976 
294.943176 420.505280 
176.932510 351.835083 
315.694305 325.307129 
470.635681 323.566223 
163.755371 256.605042 
172.262192 319.043030 
254.870300 292.937744 
269.561829 385.259186 
507.034668 301.998077 
160.810959 324.649872 
520.114258 266.452606 
199.487564 306.960999 
580.440186 351.613251 
261.916199 297.711670 
173.164322 252.191177 
308.067291 439.754364 
467.018433 286.964874 
249.225815 213.345612 
315.235016 304.772766 
194.754288 258.837006 
490.830627 309.933472 
291.584259 215.609833 
509.629150 266.972565 
200.052658 351.488525 
319.551178 426.731506 
460.522552 278.664246 
180.610840 396.054596 
324.038208 219.097580 
273.199127 387.691528 
489.402588 303.076050 
558.116577 322.292480 
300.488037 418.526428 
372.528442 364.297760 
180.897537 400.162384 
161.237396 324.587280 
498.468292 313.247833 
519.161255 266.997955 
540.956482 389.334015 
306.631317 439.629333 
173.795746 302.537537 
306.863464 379.436829 
485.098236 334.633820 
499.791748 299.755981 
209.303375 322.240479 
291.455963 360.577271 
291.860840 360.849792 
320.927490 223.781845 
331.470612 324.679108 
452.334412 286.276825 
266.398834 342.569641 
555.299744 330.196533 
208.599670 414.559601 
308.032196 377.103027 
525.289490 329.960663 
540.975342 329.908325 
300.393951 298.153351 
270.645325 386.012085 
275.041779 339.700165 
302.809814 346.797028 
320.853699 440.602478 
496.638458 292.655731 
278.873627 436.069122 
321.844513 376.183136 
303.061859 374.894043 
469.259705 269.627106 
553.304443 356.538239 
167.637939 319.117279 
544.868530 345.077454 
287.781464 427.240143 
213.559555 296.116730 
368.655060 194.946747 
195.042206 401.890198 
302.385498 383.952545 
169.977524 350.174988 
297.834412 398.476624 
307.823242 418.414825 
470.465546 265.535034 
520.358765 306.772552 
196.027237 321.232452 
530.359070 270.616394 
278.287842 320.781952 
198.043503 253.709579 
453.224670 387.675110 
461.989990 283.880219 
208.831757 264.638397 
309.836761 440.233490 
315.614746 305.908264 
231.684784 349.115509 
293.838654 356.901581 
282.542969 413.592377 
276.017365 436.552277 
264.036102 318.581207 
437.878540 369.146790 
453.839203 322.093750 
332.402893 414.422760 
363.733704 220.189041 
253.992569 335.326874 
308.347778 369.033844 
299.879425 372.439148 
559.704834 321.954803 
517.793884 338.445709 
280.869049 315.357422 
174.700607 302.315521 
571.385620 375.599854 
161.608490 301.284515 
320.191071 221.153259 
513.681946 315.752075 
208.832123 309.789978 
459.466431 297.095734 
193.816223 354.726898 
325.157227 322.733185 
325.141174 322.011932 
307.341370 380.114960 
486.332153 328.304382 
270.054138 358.831879 
460.824005 390.926025 
265.410492 311.660065 
314.880890 303.536316 
493.195679 335.871918 
290.413452 413.067474 
162.554840 207.805939 
534.549194 329.336273 
263.872406 354.684052 
453.488281 280.163544 
254.847610 296.306915 
524.711243 307.460297 
499.319489 323.631927 
312.036591 302.144135 
266.361328 353.260071 
325.512695 315.523987 
187.361023 313.169434 
290.254761 294.281189 
449.022522 311.919434 
317.749207 220.386383 
465.602142 296.245972 
465.081177 296.840515 
549.998108 382.531158 
209.108170 414.135101 
278.127197 391.002258 
572.695068 324.107269 
528.193359 308.473206 
504.141541 298.975586 
504.859497 298.310822 
538.613098 288.811890 
531.125000 335.378967 
266.750610 364.840179 
279.753693 424.281036 
270.033539 416.565704 
482.510895 343.609894 
361.854614 305.354736 
354.078949 213.683594 
493.226562 282.593628 
493.738495 282.562714 
493.691772 282.230225 
259.356995 330.986877 
264.688568 358.433502 
498.528412 314.649719 
192.358047 401.524689 
255.614761 296.702026 
256.227417 297.765015 
322.549072 418.510040 
210.692032 313.073364 
289.929901 249.223770 
283.558105 284.576019 
304.839050 376.757233 
264.395050 320.882385 
487.249115 394.700409 
171.577621 379.685272 
287.635406 397.298431 
174.739868 317.561951 
192.577454 277.673584 
168.018875 303.080902 
294.650635 439.803802 
330.148621 220.912628 
319.945068 382.564819 
325.536438 433.773712 
290.576538 402.364929 
495.326324 366.771606 
530.053833 269.188812 
489.460846 297.373260 
303.361328 310.436554 
180.794983 350.023132 
289.471039 246.420975 
277.255371 336.856079 
441.052887 324.908142 
309.391724 362.486847 
57.039146 201.771988 
482.074890 332.348633 
541.819519 388.480530 
326.033142 327.218719 
292.507416 420.022369 
292.733673 420.201721 
186.060150 351.417023 
331.186981 231.562454 
547.377747 286.696747 
486.992340 263.576508 
541.723694 399.872711 
303.321503 416.022552 
204.533768 330.653076 
314.277802 299.474457 
202.160141 341.720398 
272.602936 215.143494 
543.422668 390.355499 
512.967896 369.261597 
316.424469 321.664734 
290.820679 246.495972 
306.463654 372.563263 
289.791473 319.039124 
169.848358 313.273499 
545.897400 315.361938 
179.347992 390.358124 
317.529205 438.264343 
473.922363 320.152893 
188.409927 408.074860 
334.167511 395.467773 
299.484833 304.955994 
467.381409 301.939606 
306.155304 420.896729 
200.305283 320.946747 
260.846649 331.516693 
286.797485 332.866150 
533.523865 307.657440 
514.054932 227.733063 
524.361450 228.061569 
195.296082 294.608124 
576.719055 365.609222 
176.060760 364.254974 
548.755554 313.117950 
292.909515 235.315582 
290.680328 215.710876 
280.301025 434.077515 
280.064575 434.242889 
541.859009 395.301849 
510.019135 264.681396 
159.322845 312.995605 
303.160095 418.323761 
441.251495 323.943268 
316.083160 300.957153 
345.714081 195.919144 
185.250427 402.430756 
350.989594 193.332977 
480.827911 265.544861 
539.145569 289.658173 
329.975708 411.493195 
175.502731 381.847687 
296.899780 300.271332 
274.810974 282.573364 
348.333771 373.165161 
500.384827 362.626465 
488.698273 304.384155 
416.637878 308.065582 
416.586273 308.204834 
167.984131 285.825531 
470.403229 296.697723 
287.248627 333.433868 
280.467377 325.902008 
515.906799 310.612762 
333.923065 396.482208 
92.865646 203.878372 
171.636795 394.991089 
484.477295 400.278473 
242.200409 267.745758 
195.273880 398.559998 
474.766357 351.184387 
256.949768 336.164368 
448.672821 311.609650 
195.909119 261.480438 
193.027039 313.052979 
282.230713 397.554718 
552.641724 316.244537 
263.450470 328.985168 
561.728699 322.653961 
530.694336 407.496643 
318.627380 387.509827 
318.806793 387.304352 
504.424225 354.603973 
481.418854 394.304474 
514.224548 280.379608 
269.088470 300.470184 
172.625870 370.221771 
299.587769 422.400269 
184.246231 311.142273 
190.885788 368.159210 
251.220215 333.195404 
305.330627 428.214142 
179.179214 408.544830 
395.748199 365.117493 
190.831665 405.755981 
194.855255 310.794128 
362.989655 220.374298 
85.088257 353.340271 
247.915955 280.966248 
372.111298 361.187378 
297.507965 248.573486 
326.896515 211.342407 
279.805389 327.650818 
206.758530 323.946045 
266.129883 365.330811 
233.436493 349.649384 
313.689453 244.082825 
324.906189 396.183594 
456.565735 295.529541 
533.997437 433.497101 
209.615204 263.466705 
461.120819 389.296661 
454.228973 342.563385 
211.841431 318.437775 
300.185455 314.636719 
249.320358 332.401917 
286.568573 314.347229 
186.687515 410.716522 
299.643005 412.126221 
162.153793 318.742310 
173.082108 390.358002 
186.152847 414.383911 
178.558807 403.528168 
448.397797 298.738068 
262.618469 330.879578 
184.167877 411.283752 
289.377197 324.677979 
164.746063 292.101074 
429.533539 356.810760 
359.733185 210.484207 
276.867004 343.953705 
217.695389 273.435364 
198.509735 284.473358 
513.533142 318.491119 
286.966370 243.705841 
338.844299 195.943146 
338.983459 195.592117 
315.357788 222.161194 
171.908295 318.420959 
320.858948 214.290421 
418.495087 445.073639 
248.263855 324.232971 
236.068588 349.220398 
209.589966 420.424896 
445.104095 444.523285 
416.273407 320.534393 
487.581360 398.584991 
312.700165 303.132477 
212.796768 337.627930 
289.100006 316.685425 
306.089355 422.377563 
164.204681 325.160828 
188.795029 315.960602 
527.580688 306.266083 
482.353210 342.935394 
345.556000 331.604950 
214.554794 407.465332 
299.521271 411.254211 
308.165558 428.338593 
495.305328 405.371582 
535.370117 267.639801 
495.552032 367.083832 
323.928558 437.169678 
184.347397 313.526428 
318.668182 266.085480 
85.910782 426.558014 
322.232208 439.788818 
195.391769 281.940857 
280.056976 430.137604 
491.339050 298.349640 
354.470123 214.270065 
281.733368 393.495026 
172.903305 362.880463 
346.521332 213.693893 
433.343628 361.052307 
345.308441 367.593567 
94.140450 449.884033 
347.929352 356.941254 
299.300690 244.741486 
389.279327 345.645355 
295.667358 249.619949 
430.928162 365.284393 
374.979523 354.111786 
477.561066 400.109558 
447.992340 345.598450 
301.284180 343.066772 
374.472595 364.131592 
375.515900 354.004272 
169.044754 310.329712 
461.089996 390.836792 
548.977905 346.747040 
326.242249 316.422302 
195.504593 322.834503 
349.033691 371.150726 
263.559875 353.434570 
320.012054 437.942322 
280.700745 342.307861 
325.176361 403.829773 
516.849426 310.924561 
172.496490 307.581970 
206.795792 324.584229 
310.793060 442.004639 
212.271072 284.331146 
183.076126 414.700531 
183.265244 414.157593 
196.869995 287.657501 
299.652802 401.885590 
519.693420 227.801132 
197.991074 404.327301 
325.687042 396.964935 
291.392151 438.457886 
313.951141 418.392609 
429.542877 359.587219 
188.026352 411.415131 
177.489014 318.160339 
293.401062 419.695557 
451.936371 386.173920 
451.690521 386.103485 
403.268372 286.543488 
183.013611 407.979828 
293.556274 392.784668 
507.146576 368.876740 
475.254456 386.338928 
479.876190 399.671783 
309.545044 303.414734 
305.816620 202.085938 
243.246964 268.896545 
288.611359 386.222809 
455.068207 342.446716 
289.577972 293.997711 
514.676697 355.265228 
341.315002 416.208923 
359.747345 301.226715 
485.729736 315.459747 
447.995270 314.875092 
315.178711 375.852173 
162.862640 330.169159 
524.702271 263.425262 
300.044861 408.341003 
350.875671 292.019562 
249.381805 333.310455 
387.824127 344.577026 
52.177017 422.717560 
248.901123 332.033966 
523.500122 263.011658 
362.622894 358.991852 
293.947510 416.522369 
222.123428 270.703125 
157.778366 207.640167 
474.436798 321.238678 
571.662415 319.818909 
558.245239 305.731476 
319.141602 264.443420 
319.487976 264.189209 
332.944672 411.514008 
332.801910 411.054047 
373.349518 358.708679 
359.952972 363.615723 
571.215515 340.807800 
314.277557 298.756317 
443.615570 272.108002 
483.776428 297.085144 
285.012909 402.313507 
194.720718 265.985870 
194.546417 265.415344 
464.706879 336.633240 
477.312103 322.228333 
272.700836 393.736053 
578.995056 333.696899 
318.590576 315.461304 
209.050186 409.428192 
322.460449 419.033508 
180.779221 413.167084 
177.223557 259.137817 
523.796631 312.501801 
517.132935 396.834839 
308.792206 303.338867 
309.367889 363.037048 
299.591553 318.963135 
521.714905 370.648193 
509.277832 348.205536 
509.889465 348.201660 
567.878845 328.529175 
263.045868 324.102814 
506.327393 359.865295 
518.410645 314.693176 
349.918671 368.981873 
364.551025 373.046844 
543.391968 385.752625 
518.837036 349.679932 
308.803467 205.613037 
339.352386 195.888489 
335.603729 339.201294 
84.458191 426.572479 
272.170898 338.729584 
272.195892 338.123199 
581.405823 351.928497 
169.212494 249.745560 
518.677429 324.513702 
296.716064 309.901398 
177.674316 414.385742 
178.578644 414.625488 
285.117981 391.818054 
555.471252 290.700012 
265.871216 310.962708 
211.130768 285.344818 
446.712769 449.767426 
290.545807 438.077393 
292.982513 319.882507 
308.396729 296.834686 
295.768707 443.233765 
180.018692 412.772247 
542.795898 290.435638 
440.066193 301.285950 
346.152222 28.241970 
253.330185 293.602478 
332.380981 387.636566 
166.325424 339.046387 
163.844086 311.186768 
366.843384 200.945435 
312.676270 216.725601 
559.052917 300.534943 
312.642639 433.740997 
312.575348 433.108093 
166.450623 338.339783 
189.923172 209.850204 
214.958603 414.549103 
492.382843 401.500732 
335.962524 220.662109 
336.378296 339.963715 
330.208221 200.824249 
502.771088 359.404449 
282.516541 296.248260 
325.406158 223.706680 
307.688324 296.655243 
211.249359 277.259979 
298.734955 290.688538 
298.222137 416.374298 
314.462036 396.258484 
333.719757 403.121338 
285.931610 360.696991 
208.093811 283.974884 
287.962921 291.435059 
210.740921 376.483551 
178.037811 264.899841 
178.492279 264.390869 
565.744873 324.374298 
322.502716 438.021240 
322.502716 438.021240 
181.750580 410.411835 
193.315857 334.868958 
463.545105 335.878387 
554.730469 229.782669 
385.071411 343.020264 
561.933228 378.480377 
300.393433 315.210693 
515.264465 354.914703 
270.471191 413.089661 
478.061768 324.213776 
327.376007 254.848663 
373.506958 357.624512 
470.643188 388.053162 
456.320587 311.359680 
253.275955 338.047882 
273.645569 287.812927 
372.425903 360.632446 
372.248596 360.488098 
581.761292 364.646423 
318.323761 307.485199 
300.802002 244.704971 
346.341217 357.913788 
515.809387 349.456818 
515.067871 349.304108 
494.503082 308.622070 
301.795898 405.706451 
402.629852 311.333282 
237.318100 349.167419 
505.661285 227.629257 
330.071442 204.361420 
581.368042 231.676773 
331.350677 200.344299 
471.264404 354.164520 
175.775696 263.662720 
259.648285 213.720947 
367.910828 372.562012 
362.495544 359.894104 
477.282532 386.552673 
