977
167.339630 383.080017 
168.354904 362.927856 
163.472458 386.758453 
172.514008 368.924408 
198.138382 354.153168 
480.596497 331.610474 
185.087936 349.976746 
187.429520 346.296204 
203.470535 369.328033 
164.937851 386.311737 
182.847290 372.739288 
178.107971 368.495605 
198.138382 354.153168 
448.465210 348.649109 
437.900879 278.276276 
437.900879 278.276276 
448.252197 302.627380 
182.200302 348.613434 
167.662949 262.108185 
262.003754 412.407410 
164.380371 379.637451 
183.845718 374.630524 
202.128159 346.281769 
164.937851 386.311737 
440.532043 342.725952 
168.067978 372.320312 
198.480957 384.692657 
526.570251 314.641296 
185.087936 349.976746 
201.884338 350.354523 
189.297577 334.801300 
202.288116 367.680084 
262.003754 412.407410 
209.968643 264.329865 
200.168900 365.846527 
203.949661 348.620819 
449.980438 302.408936 
449.980438 302.408936 
203.470535 369.328033 
224.978439 217.359390 
201.525665 293.393219 
185.882309 338.570251 
175.247772 390.224976 
204.603226 297.091431 
470.888855 275.952637 
190.950134 381.724701 
208.962814 273.611084 
208.962814 273.611084 
521.433167 314.175537 
199.589127 302.291473 
164.877396 372.687164 
183.414841 390.493317 
176.061340 387.764862 
300.722931 347.842529 
164.937851 386.311737 
207.612701 372.654510 
204.442047 300.697449 
533.796082 375.813232 
527.556763 324.875946 
188.761566 335.278595 
279.136353 337.100189 
494.127533 289.163513 
201.525665 293.393219 
476.432861 322.762909 
184.874557 335.361969 
498.458038 340.018250 
477.864716 302.315399 
175.472733 367.560303 
193.281235 348.709534 
201.531601 306.248230 
201.531601 306.248230 
480.596497 331.610474 
172.879440 258.587219 
184.730118 381.555664 
192.672272 281.667969 
279.136353 337.100189 
204.603226 297.091431 
186.619141 370.948547 
261.041473 300.440186 
494.174896 342.796356 
209.041275 371.981964 
161.283569 381.547455 
530.171631 374.457153 
198.541962 299.013214 
505.602020 307.128174 
176.415894 345.677521 
163.466309 351.159424 
172.149170 254.720291 
273.663330 313.108734 
186.609909 341.979523 
208.962814 273.611084 
426.245911 311.239014 
163.466309 351.159424 
466.248260 322.655457 
433.966400 293.944244 
173.445892 348.407715 
434.276764 281.328979 
262.608459 298.119141 
163.805359 304.891022 
201.407120 269.436218 
193.744049 389.530792 
457.649261 296.311310 
167.844894 333.579742 
172.879440 258.587219 
319.770477 383.085419 
288.810455 312.175598 
418.076843 358.807159 
182.200302 348.613434 
183.125427 386.937042 
448.640076 349.449432 
193.524765 379.689575 
274.257629 419.717896 
290.491364 303.569092 
167.433167 317.410065 
437.947754 311.858673 
480.008331 306.032288 
203.115265 259.911957 
295.679565 364.486420 
198.901886 311.148560 
172.372681 374.724304 
166.612640 317.006775 
164.685272 308.763275 
274.436279 327.416779 
528.014038 385.260803 
528.410706 371.654053 
432.516541 306.507843 
197.101089 338.774170 
171.083801 299.404816 
521.433167 314.175537 
183.125427 386.937042 
432.027771 362.967346 
476.432861 322.762909 
483.215912 304.172638 
204.055847 372.368958 
204.055847 372.368958 
526.570251 314.641296 
113.112450 411.450928 
493.822205 310.132874 
505.958832 327.916534 
469.100067 333.878693 
266.245361 397.823730 
190.666351 388.240906 
201.525665 293.393219 
198.483276 290.776184 
182.847290 372.739288 
458.682007 339.898956 
310.474060 207.964752 
437.900879 278.276276 
187.074463 330.951904 
270.863190 426.455566 
198.901886 311.148560 
202.776688 340.996674 
519.341309 376.862762 
291.450684 358.749908 
209.126297 262.689667 
449.980438 302.408936 
515.231628 382.144257 
495.218506 327.891541 
354.129944 211.241180 
541.599548 369.196442 
541.599548 369.196442 
498.162201 327.521698 
201.875595 345.144287 
476.432861 322.762909 
446.671021 312.367401 
202.776688 340.996674 
264.671478 323.046356 
192.725052 291.191101 
192.725052 291.191101 
513.484497 389.279327 
531.477295 374.316803 
277.641663 335.270966 
264.629944 297.354492 
294.905670 375.819214 
454.639618 290.326019 
182.200302 348.613434 
298.314301 351.890808 
347.060394 206.984894 
274.234772 410.095673 
174.854675 304.453827 
477.481659 299.772278 
440.453827 281.649597 
265.147186 408.865417 
321.873474 398.397980 
466.250244 281.035522 
467.744781 306.759979 
474.907623 319.214020 
485.149719 272.599823 
274.299408 346.294922 
516.848816 292.496185 
509.245636 307.483215 
494.174896 342.796356 
429.239288 310.973877 
189.305283 340.055054 
353.499237 210.135178 
199.200912 350.134613 
317.373688 394.925751 
205.165527 328.098389 
462.770660 271.344086 
354.335663 204.099243 
317.373688 394.925751 
163.466309 351.159424 
526.570251 314.641296 
449.039093 272.874664 
516.848816 292.496185 
194.872742 280.412628 
501.353333 267.190033 
488.026917 298.258575 
224.978439 217.359390 
494.174896 342.796356 
135.210281 411.684448 
312.797089 224.764954 
297.290405 376.709869 
487.684570 305.163696 
193.281235 348.709534 
208.242950 313.922241 
265.333252 291.364014 
473.417175 322.469055 
193.281235 348.709534 
202.836533 376.636597 
112.897705 408.088531 
485.149719 272.599823 
203.115265 259.911957 
178.766312 344.722809 
160.633316 213.600204 
466.250244 281.035522 
466.250244 281.035522 
503.737366 232.853210 
211.615189 280.659637 
211.615189 280.659637 
524.300598 384.919342 
527.556763 324.875946 
160.240723 380.366119 
187.074463 330.951904 
419.889099 361.014404 
498.458038 340.018250 
279.053619 336.864868 
265.229126 294.319305 
265.229126 294.319305 
190.487915 283.196014 
196.969635 334.391571 
166.910660 261.245544 
454.639618 290.326019 
182.200302 348.613434 
451.400818 304.168060 
449.870361 280.494720 
491.924194 311.047211 
470.304718 391.464233 
266.245361 397.823730 
292.935760 386.303070 
511.160400 327.678802 
488.026917 298.258575 
450.318542 274.955750 
269.000702 336.639557 
503.111450 322.405334 
260.165314 294.948669 
501.574402 307.142792 
494.223419 329.134918 
202.776688 340.996674 
206.502548 326.516083 
270.863190 426.455566 
211.535233 269.617798 
171.083801 299.404816 
429.239288 310.973877 
531.255676 340.423340 
277.641663 335.270966 
466.250244 281.035522 
302.096649 353.548950 
272.144226 319.509338 
298.128845 209.662766 
203.115265 259.911957 
203.115265 259.911957 
442.644470 313.755096 
441.092102 294.440796 
291.009125 362.452087 
491.924194 311.047211 
268.322906 308.404083 
189.297577 334.801300 
206.834274 321.416473 
292.628357 376.378479 
175.472733 367.560303 
171.549194 214.431030 
252.631424 342.825989 
191.904877 361.722595 
273.663330 313.108734 
188.127365 384.339935 
277.641663 335.270966 
503.111450 322.405334 
493.822205 310.132874 
281.913544 338.781219 
175.816330 280.109131 
501.353333 267.190033 
510.954468 312.301666 
479.265625 299.645172 
209.968643 264.329865 
160.633316 213.600204 
197.101089 338.774170 
182.200302 348.613434 
192.923538 394.740387 
466.250244 281.035522 
312.324005 372.769836 
167.433167 317.410065 
454.196472 293.172577 
281.609161 425.964569 
295.322327 344.473297 
453.431213 320.237213 
510.433350 384.876373 
470.721924 300.966919 
470.721924 300.966919 
432.869934 379.805328 
198.117615 261.424377 
260.950531 326.569733 
292.986298 366.227448 
182.200302 348.613434 
354.335663 204.099243 
442.644470 313.755096 
313.944397 388.266174 
500.145874 330.961639 
195.675964 306.476318 
195.675964 306.476318 
464.150116 267.656891 
197.024231 278.626251 
299.552490 389.701508 
177.935928 341.310333 
178.766312 344.722809 
484.448456 299.199829 
298.128845 209.662766 
174.442444 300.494873 
167.428329 279.862610 
193.281235 348.709534 
432.869934 379.805328 
508.212036 319.293060 
187.429520 346.296204 
203.407288 337.673370 
198.901886 311.148560 
274.299408 346.294922 
283.217804 357.262634 
434.276764 281.328979 
204.974075 325.210175 
164.877396 372.687164 
274.531982 400.424805 
298.314301 351.890808 
441.470673 292.971283 
494.223419 329.134918 
188.761566 335.278595 
192.923538 394.740387 
280.420715 251.489380 
444.509674 296.419037 
207.612701 372.654510 
447.973724 303.755341 
531.255676 340.423340 
531.255676 340.423340 
527.556763 324.875946 
334.394165 355.934906 
498.162201 327.521698 
198.483276 290.776184 
454.639618 290.326019 
477.481659 299.772278 
174.854675 304.453827 
208.787704 310.496429 
323.969299 229.906464 
428.169861 362.372528 
442.644470 313.755096 
209.968643 264.329865 
292.986298 366.227448 
487.684570 305.163696 
202.490799 329.382538 
488.026917 298.258575 
292.628357 376.378479 
312.797089 224.764954 
115.824844 411.518280 
291.473053 390.133148 
184.835938 350.439697 
503.111450 322.405334 
189.305283 340.055054 
312.324005 372.769836 
485.211761 304.973328 
298.022064 363.659363 
279.136353 337.100189 
474.522766 321.731201 
483.215912 304.172638 
209.560532 320.381805 
432.869934 379.805328 
487.684570 305.163696 
163.998856 385.959473 
376.681732 343.428741 
266.299469 402.425995 
326.479614 411.308502 
200.168900 365.846527 
513.765625 395.580963 
247.992752 324.843872 
198.117615 261.424377 
276.420563 324.110046 
283.217804 357.262634 
209.968643 264.329865 
510.954468 312.301666 
523.161743 352.047516 
287.844543 409.700378 
182.200302 348.613434 
304.220917 322.817139 
440.722137 320.299286 
168.835983 258.577881 
175.159225 316.458832 
251.227219 293.541046 
265.497772 379.311920 
479.265625 299.645172 
164.914078 322.694458 
492.259033 269.438873 
199.589127 302.291473 
549.827026 347.793365 
257.199554 297.850006 
207.121689 258.223846 
303.098053 428.746490 
443.067749 286.140198 
224.978439 217.359390 
306.015533 304.026276 
194.980133 262.627533 
477.864716 302.315399 
285.192505 221.330170 
485.447876 270.719269 
199.200912 350.134613 
310.808777 416.848083 
450.318542 274.955750 
183.570786 391.466003 
315.332855 225.084747 
267.175598 380.252716 
467.744781 306.759979 
521.433167 314.175537 
292.710754 408.863861 
358.929779 360.522858 
183.570786 391.466003 
165.494247 321.980713 
470.861023 308.270721 
492.259033 269.438873 
519.341309 376.862762 
300.632080 428.486450 
176.860809 302.377167 
297.816315 372.637695 
464.393768 332.513916 
475.182281 299.983154 
209.560532 320.381805 
284.596466 355.016846 
284.596466 355.016846 
313.336548 229.801727 
321.305237 325.171967 
429.312408 287.859680 
261.360168 339.030975 
525.096436 327.654358 
208.497818 400.972290 
300.668976 372.320618 
498.162201 327.521698 
509.389008 308.418701 
292.688232 298.705261 
267.175598 380.252716 
269.000702 336.639557 
295.322327 344.473297 
311.338318 429.739136 
484.448456 299.199829 
270.863190 426.455566 
311.987885 369.948029 
298.101746 369.514069 
449.039093 272.874664 
523.161743 352.047516 
168.285553 322.907928 
519.006531 342.731598 
281.043030 417.368866 
212.533920 294.862823 
354.968933 207.716446 
196.846100 393.479401 
292.628357 376.378479 
173.445892 348.407715 
290.308502 390.718628 
298.142120 410.994324 
452.425995 267.394958 
484.016754 303.459351 
200.105591 319.372406 
492.259033 269.438873 
272.144226 319.509338 
198.117615 261.424377 
431.872650 378.896210 
443.067749 286.140198 
208.962814 273.611084 
303.098053 428.746490 
306.389008 305.589752 
231.263077 346.326843 
285.135468 351.703857 
276.493256 404.844482 
270.863190 426.455566 
259.255371 316.849091 
416.336639 357.218048 
432.501648 320.522644 
322.546814 407.415924 
268.508850 23.233986 
250.104965 331.901947 
298.022064 363.659363 
292.986298 366.227448 
530.772156 320.102325 
490.030151 334.304626 
273.663330 313.108734 
176.860809 302.377167 
541.599548 369.196442 
165.030029 300.424500 
311.691742 226.803329 
487.684570 305.163696 
206.542953 311.507324 
429.771423 305.692291 
193.281235 348.709534 
314.467804 320.533295 
314.467804 320.533295 
298.198914 373.219330 
473.417175 322.469055 
265.761536 352.034851 
440.363068 383.342804 
261.539429 309.498291 
306.015533 304.026276 
461.223480 331.753937 
283.540131 404.687897 
171.549194 214.431030 
503.111450 322.405334 
259.042114 349.159241 
449.039093 272.874664 
252.216995 297.324097 
493.066315 317.463776 
474.907623 319.214020 
303.833038 302.429535 
264.774994 353.011871 
318.418304 317.460938 
186.155807 309.631165 
283.660370 294.916229 
429.239288 310.973877 
310.614594 225.612793 
447.139160 298.301514 
447.139160 298.301514 
533.037903 363.438843 
208.497818 400.972290 
266.545532 384.352081 
546.731750 329.198517 
505.958832 327.916534 
484.448456 299.199829 
484.448456 299.199829 
466.250244 281.035522 
511.160400 327.678802 
259.042114 349.159241 
272.748199 415.181519 
265.147186 408.865417 
460.434021 332.428223 
349.306671 305.360199 
343.566803 220.402756 
468.916290 285.130310 
468.916290 285.130310 
468.916290 285.130310 
256.913147 328.546051 
261.736389 349.196198 
474.907623 319.214020 
193.744049 389.530792 
252.216995 297.324097 
252.216995 297.324097 
313.362946 409.825043 
209.077591 309.384521 
283.614990 253.524902 
277.673889 285.713379 
297.816315 372.637695 
259.255371 316.849091 
463.412445 386.951111 
168.067978 372.320312 
280.914917 389.600067 
173.660263 318.727539 
194.872742 280.412628 
171.722656 302.826813 
290.016327 428.034454 
320.077942 226.359055 
310.110352 375.723938 
316.336426 423.805603 
288.587982 392.955139 
497.672607 311.904114 
492.259033 269.438873 
477.864716 302.315399 
296.113678 309.165405 
183.032791 344.768616 
283.219238 250.717560 
271.930908 334.313141 
422.535645 321.522217 
302.096649 353.548950 
171.549194 214.431030 
469.100067 333.878693 
533.037903 363.438843 
314.156036 326.227203 
285.089142 410.559570 
285.089142 410.559570 
187.429520 346.296204 
321.819489 238.278229 
518.778015 287.812897 
464.150116 267.656891 
513.694641 391.821960 
292.710754 408.863861 
201.457428 333.328033 
305.555725 302.478119 
199.636139 335.334747 
518.563171 233.581390 
512.687073 381.350769 
480.876709 362.987030 
304.651062 319.379883 
284.379639 250.863815 
298.022064 363.659363 
285.500488 317.713928 
172.383743 309.017578 
503.858887 309.480316 
183.125427 386.937042 
310.292328 430.756775 
440.722137 320.299286 
190.270676 398.464905 
324.761963 386.534973 
290.491364 303.569092 
457.045685 297.351196 
298.142120 410.994324 
206.978760 322.314575 
256.913147 328.546051 
280.855713 331.266052 
518.861816 312.056122 
368.362701 95.049324 
224.978439 217.359390 
198.541962 299.013214 
432.869934 379.805328 
184.835938 350.439697 
509.389008 308.418701 
285.548004 241.954773 
285.192505 221.330170 
274.863617 424.278992 
274.863617 424.278992 
515.231628 382.144257 
485.447876 270.719269 
163.532043 312.632324 
295.850220 409.331818 
426.245911 311.239014 
309.720917 300.918579 
334.727264 203.862320 
183.414841 390.493317 
351.712372 205.710510 
449.039093 272.874664 
470.180084 279.185333 
317.866638 398.344971 
183.845718 374.630524 
290.491364 303.569092 
269.083435 284.066437 
336.488831 366.638763 
474.449127 357.373260 
464.390472 304.434265 
401.627594 307.297516 
401.627594 307.297516 
172.151047 286.792694 
447.139160 298.301514 
280.855713 331.266052 
272.343658 323.185028 
497.672607 311.904114 
324.761963 386.534973 
171.549194 214.431030 
175.247772 390.224976 
458.538147 391.469879 
239.758133 270.856262 
198.480957 384.692657 
440.532043 342.725952 
252.991455 332.542358 
429.239288 310.973877 
196.692001 264.906708 
198.901886 311.148560 
283.163513 384.586304 
528.888184 320.371246 
264.671478 323.046356 
537.814575 326.582672 
502.679810 399.398621 
308.671234 380.621735 
308.671234 380.621735 
479.221863 354.036224 
463.412445 386.951111 
470.180084 279.185333 
265.229126 294.319305 
168.354904 362.927856 
292.710754 408.863861 
186.155807 309.631165 
198.138382 354.153168 
252.991455 332.542358 
297.379669 418.115082 
181.897324 397.257690 
381.862946 360.987762 
192.923538 394.740387 
199.906311 306.298645 
268.508850 23.233986 
160.633316 213.600204 
245.990204 282.308258 
359.574768 355.231750 
290.664917 252.486465 
318.978363 218.117859 
272.343658 323.185028 
205.499039 320.321472 
261.736389 349.196198 
234.612823 345.640656 
304.032104 248.066269 
316.356293 390.024567 
444.509674 296.419037 
506.772125 424.138977 
208.962814 273.611084 
432.869934 379.805328 
440.532043 342.725952 
209.077591 309.384521 
292.278076 313.577881 
245.653580 329.223236 
281.921600 316.255127 
188.458893 400.255829 
293.889008 406.827820 
166.612640 317.006775 
175.247772 390.224976 
190.287521 400.418427 
181.897324 397.257690 
428.834320 299.081665 
260.950531 326.569733 
186.343674 399.939056 
288.081238 322.311981 
169.049728 292.633148 
412.884308 353.570068 
346.491852 218.125259 
274.299408 346.294922 
221.196442 273.870209 
194.040588 283.677155 
498.458038 340.018250 
280.351227 248.247910 
329.040833 203.843552 
329.040833 203.843552 
306.233612 228.496033 
175.159225 316.458832 
310.614594 225.612793 
404.517975 435.877625 
244.718735 322.977722 
231.263077 346.326843 
208.497818 400.972290 
428.480927 435.625702 
397.897552 316.168121 
531.526123 371.103851 
302.926117 301.442444 
212.339539 333.509827 
281.921600 316.255127 
298.066711 412.443665 
168.285553 322.907928 
191.526688 311.412872 
505.602020 307.128174 
458.682007 339.898956 
333.356171 328.300751 
213.328629 395.188446 
293.889008 406.827820 
300.112549 418.119415 
471.407227 396.561890 
438.869568 274.306519 
470.016327 361.193512 
313.758728 426.133789 
186.145859 311.867737 
313.013519 269.691467 
92.842987 417.516205 
311.338318 429.739136 
197.024231 278.626251 
275.087311 424.247955 
457.045685 297.351196 
346.491852 218.125259 
283.292114 380.740417 
178.790802 352.748260 
335.867126 220.745697 
432.869934 379.805328 
334.928802 360.753479 
97.202942 437.623108 
336.468475 352.924286 
291.961670 249.033447 
376.681732 343.428741 
289.945587 253.077301 
416.309479 362.223938 
361.358429 350.632538 
455.089935 392.124725 
420.303772 330.737335 
295.322327 344.473297 
358.929779 360.522858 
361.358429 350.632538 
172.383743 309.017578 
442.068848 386.486176 
505.958832 327.916534 
318.418304 317.460938 
200.105591 319.372406 
337.819397 364.052582 
264.291412 355.780792 
313.758728 426.133789 
274.299408 346.294922 
317.373688 394.925751 
481.379730 309.801270 
171.722656 302.826813 
205.499039 320.321472 
303.201660 431.352692 
210.551758 286.584686 
186.343674 399.939056 
186.343674 399.939056 
192.672272 281.667969 
292.935760 386.303070 
160.633316 213.600204 
198.214874 392.511932 
316.356293 390.024567 
287.425659 428.843658 
306.060944 408.648621 
412.884308 353.570068 
192.328583 395.927124 
180.386337 316.035309 
286.376404 410.172546 
528.014038 385.260803 
528.014038 385.260803 
350.328613 201.296524 
189.560242 397.951965 
290.482635 388.344727 
485.836182 314.664551 
490.903778 389.036224 
455.089935 392.124725 
302.926117 301.442444 
298.128845 209.662766 
203.241318 255.150558 
276.945862 386.957794 
532.094543 343.690674 
283.660370 294.916229 
498.162201 327.521698 
330.145172 408.547760 
347.143219 301.093658 
466.248260 322.655457 
429.239288 310.973877 
304.628906 369.741394 
168.285553 322.907928 
511.929810 271.487854 
293.698608 397.564026 
338.418304 294.039398 
250.104965 331.901947 
377.427521 345.248474 
64.840088 413.530884 
245.653580 329.223236 
483.141113 263.498596 
348.766632 352.913696 
287.844543 409.700378 
221.796982 272.034546 
97.127510 209.824661 
448.252197 302.627380 
449.870361 280.494720 
466.250244 281.035522 
310.106079 267.614136 
310.106079 267.614136 
323.162933 401.938171 
323.162933 401.938171 
359.902832 354.351044 
347.387421 358.374115 
515.231628 382.144257 
306.389008 305.589752 
482.247742 253.456177 
491.254852 322.746887 
276.269653 389.990479 
196.692001 264.906708 
196.692001 264.906708 
446.671021 312.367401 
454.223297 306.931976 
265.497772 379.311920 
546.731750 329.198517 
314.927704 314.781769 
208.497818 400.972290 
313.362946 409.825043 
181.934555 399.371063 
480.643280 261.906372 
497.672607 311.904114 
453.025818 379.492432 
302.926117 301.442444 
298.022064 363.659363 
291.335052 317.324219 
488.026917 298.258575 
458.682007 339.898956 
458.682007 339.898956 
528.410706 371.654053 
264.671478 323.046356 
474.449127 357.373260 
505.958832 327.916534 
336.488831 366.638763 
354.675812 368.489655 
490.903778 389.036224 
494.174896 342.796356 
302.980530 213.395416 
326.535004 207.100586 
324.436493 336.421722 
92.842987 417.516205 
269.000702 336.639557 
269.000702 336.639557 
459.237152 265.549164 
172.149170 254.720291 
503.111450 322.405334 
288.887482 308.206879 
180.493561 399.040131 
180.493561 399.040131 
266.545532 384.352081 
531.358582 296.020203 
261.539429 309.498291 
210.551758 286.584686 
429.478088 439.788544 
287.425659 428.843658 
285.500488 317.713928 
299.225616 296.558105 
290.016327 428.034454 
181.934555 399.371063 
470.180084 279.185333 
421.667206 301.115051 
203.241318 255.150558 
258.003784 293.422333 
322.671295 381.008362 
170.531021 339.147827 
166.612640 317.006775 
356.016266 203.213028 
233.145355 271.002655 
449.870361 280.494720 
304.253906 422.890320 
304.253906 422.890320 
170.925430 333.960999 
171.549194 214.431030 
208.497818 400.972290 
432.869934 379.805328 
323.969299 229.906464 
321.855804 333.514709 
320.948578 208.159576 
497.189270 320.156525 
274.811707 296.139404 
313.336548 229.801727 
302.926117 301.442444 
210.847275 278.556396 
291.408905 291.283112 
290.756409 406.424683 
302.120972 386.155029 
321.873474 398.397980 
272.709412 351.338196 
195.369827 275.174072 
283.660370 294.916229 
210.568436 369.550171 
178.071442 259.744293 
178.071442 259.744293 
528.888184 320.371246 
311.338318 429.739136 
311.338318 429.739136 
184.045227 400.239594 
196.969635 334.391571 
449.980438 302.408936 
171.549194 214.431030 
371.966034 340.641754 
525.602051 294.439453 
292.278076 313.577881 
495.218506 327.891541 
265.147186 408.865417 
467.744781 306.759979 
317.805481 258.378632 
359.902832 354.351044 
441.018799 381.963470 
446.671021 312.367401 
250.104965 331.901947 
271.338806 288.970123 
359.902832 354.351044 
359.902832 354.351044 
552.731018 345.262573 
308.160614 305.731995 
291.961670 249.033447 
334.394165 355.934906 
491.679749 353.579712 
491.679749 353.579712 
459.467468 317.353424 
293.556366 396.309906 
387.221558 311.273987 
231.263077 346.326843 
160.633316 213.600204 
320.948578 208.159576 
518.563171 233.581390 
320.948578 208.159576 
480.178101 299.653015 
195.496704 268.378784 
411.744354 37.098148 
354.675812 368.489655 
349.729095 354.511505 
470.304718 391.464233 
