500
473.853546 176.087723 
287.064056 90.533890 
287.086761 90.585007 
286.648590 109.533501 
234.488846 103.716522 
93.125542 312.620483 
484.797760 193.085327 
488.659576 197.813354 
488.975403 194.954147 
442.756683 209.873672 
483.461273 190.355270 
248.890060 105.679253 
485.265594 194.785385 
469.155701 214.632385 
492.143829 193.491501 
473.226471 191.528610 
480.698212 198.632751 
472.971191 192.587036 
273.146515 244.093445 
299.278595 110.299019 
507.211823 297.588684 
484.597961 314.025482 
423.488770 190.728790 
461.142151 288.183105 
469.019379 211.364059 
459.326447 192.087021 
483.046143 210.592773 
469.046783 193.166885 
498.182983 310.788849 
452.510681 184.218277 
443.335907 220.590134 
462.495209 187.076187 
413.988464 190.716995 
163.096436 95.963226 
453.614594 285.089844 
392.253265 390.279602 
429.767059 202.466522 
437.614716 186.050339 
415.594452 209.087570 
422.429169 188.994843 
237.705139 214.002701 
472.969604 189.549072 
424.241974 192.043777 
482.839203 191.689438 
476.443207 210.209229 
440.333740 200.796509 
436.197662 185.156250 
475.469971 194.861237 
440.862640 201.382996 
416.611938 192.561844 
256.686829 195.607056 
452.859650 178.872452 
447.103516 193.067688 
444.152191 217.529251 
440.915924 189.734283 
415.893463 206.184464 
487.472534 199.996902 
484.442871 312.539062 
476.095398 181.783798 
486.379242 306.525238 
183.070358 329.747833 
454.966095 201.647659 
328.449921 168.414185 
499.224030 213.309479 
455.405304 200.519882 
475.378906 211.698151 
441.131744 198.994675 
476.886200 185.914627 
92.511772 313.093292 
236.434601 178.818359 
247.564331 178.685577 
439.715118 206.709900 
322.834015 336.758362 
438.998138 200.919327 
437.175903 191.928864 
530.106506 135.762344 
428.048187 186.232880 
258.718750 195.151413 
444.737213 196.528961 
309.479492 341.615753 
535.774902 263.669952 
315.344543 216.925217 
444.661041 176.707947 
290.416107 188.581863 
310.561890 342.239441 
443.379181 221.279144 
506.246124 213.313507 
466.145966 207.142761 
90.325943 309.339233 
487.801453 307.548828 
311.098297 278.970520 
422.377289 195.807526 
340.178741 277.021362 
433.092773 216.191467 
185.139893 330.367493 
309.483643 345.343719 
476.079529 184.352997 
65.506805 330.715607 
496.137543 184.266739 
454.004517 197.295837 
263.407043 351.104950 
415.159454 199.998611 
448.063782 223.600327 
452.242096 180.824448 
482.965668 204.144958 
435.014587 183.570938 
451.627289 182.800873 
309.960236 270.835297 
416.711823 193.745270 
509.031677 208.939148 
236.753830 213.997253 
447.424133 196.111877 
460.693756 221.403214 
460.952057 221.133881 
227.082504 189.261261 
514.719055 217.582260 
479.391998 207.700485 
478.496979 207.500641 
506.526459 299.599945 
321.234406 336.869720 
256.950317 148.536880 
340.748169 206.664093 
411.226440 298.855438 
287.646698 109.720177 
417.569427 195.231064 
448.416779 310.961243 
471.862610 210.279297 
511.643127 241.435455 
248.618805 179.863693 
505.231506 298.982269 
460.109894 223.441711 
477.616577 200.449936 
428.378082 302.627380 
428.527954 302.306549 
422.419647 213.563156 
448.348572 216.112732 
43.104763 347.265991 
307.286835 341.231964 
444.916168 284.736786 
267.910004 144.536240 
310.490570 269.410095 
476.164917 183.115250 
459.509827 220.808990 
498.542267 299.490753 
85.591255 314.312164 
463.117126 220.887161 
385.506989 388.852295 
450.497864 227.566467 
495.669281 216.525818 
51.317047 311.106567 
445.156433 195.985825 
438.222473 312.612915 
197.745178 99.763084 
197.236649 99.932396 
269.776886 153.949295 
428.754822 181.767380 
499.006378 212.602310 
247.075500 177.787308 
452.379303 210.324860 
443.766174 179.342789 
280.849182 331.136444 
402.699066 208.518265 
265.508423 352.481445 
460.489410 206.868530 
406.017578 226.780914 
271.679596 154.417725 
143.783813 93.795677 
412.948944 222.443085 
514.521362 215.660385 
455.625458 219.855743 
445.319153 214.910843 
460.400543 224.241867 
491.950867 268.080566 
418.688660 232.780334 
265.331665 230.575470 
512.616333 268.227478 
512.920471 268.299927 
416.721466 199.691833 
438.124786 218.982147 
453.532776 219.568619 
466.228546 274.259338 
482.200562 208.129578 
438.820221 223.463730 
35.489822 353.293671 
304.817841 182.851562 
457.462158 212.850571 
447.259308 224.446945 
511.889191 239.668869 
405.927979 207.468094 
450.317719 186.563080 
477.733826 228.211914 
415.355957 212.548492 
483.727081 309.583801 
454.216064 202.652359 
433.529907 183.404251 
486.680603 261.664093 
268.208344 107.741394 
410.081940 198.691895 
409.823242 257.302277 
360.613831 215.802948 
471.390228 217.741226 
427.357513 267.696564 
272.845428 240.291275 
412.498444 297.045227 
326.548431 341.158569 
527.138489 233.871750 
292.807129 200.391083 
432.838196 223.042953 
416.611420 212.894913 
428.612762 300.985748 
580.952148 268.621552 
486.983704 253.691315 
311.549316 177.664429 
287.366882 198.124771 
262.757385 348.520966 
455.690308 243.086426 
485.081207 308.809601 
446.061829 239.059998 
502.442902 276.652527 
405.923157 214.109802 
523.171631 279.425781 
472.706482 219.916321 
257.836914 149.130630 
511.662964 242.092026 
402.649292 259.199219 
426.391754 218.945129 
407.924438 201.230774 
408.675995 257.622620 
203.508667 191.379761 
456.580750 212.277695 
408.818359 173.546967 
444.037384 192.521576 
480.066711 231.884491 
436.332794 226.580765 
536.146851 257.160156 
400.301025 236.820160 
455.071899 242.241531 
420.224854 228.400513 
291.446747 267.140533 
424.399963 298.752716 
459.515350 255.202072 
344.504150 244.966599 
508.143158 300.768555 
426.050293 298.880707 
244.346237 339.794830 
534.733276 260.395813 
491.947266 231.499207 
469.757233 260.276428 
426.187927 267.344818 
394.972443 222.497009 
238.754730 183.500412 
270.722290 238.181274 
433.909882 243.415894 
238.560867 182.934814 
334.189667 207.894043 
238.871078 327.525055 
400.218170 237.097610 
216.487518 101.692818 
471.837097 238.041641 
246.188156 181.979462 
416.836914 261.113037 
416.237305 261.594849 
265.538574 236.212158 
53.364643 318.776611 
522.760193 233.210480 
145.664688 241.999344 
251.949646 196.152786 
395.746338 217.423294 
538.750854 244.507172 
499.867218 298.485077 
401.303070 220.344070 
475.863342 253.342041 
475.441101 245.267715 
430.991577 222.423874 
440.574432 311.511627 
311.756226 322.241821 
269.576904 237.892120 
505.023224 240.162720 
429.029053 222.890533 
407.555786 229.525131 
401.723145 209.547394 
217.147476 245.951736 
315.625214 276.738953 
525.083252 236.773621 
402.895203 236.330093 
502.595276 214.078186 
403.544800 229.720947 
266.322754 229.384552 
419.756073 298.180908 
504.181641 296.532776 
471.397339 316.405701 
257.983459 224.956467 
267.826630 240.537384 
436.631714 234.182556 
402.499420 291.485138 
402.332275 291.567352 
214.453979 204.319733 
487.964142 233.269318 
472.051117 269.949310 
478.835693 334.513428 
349.419922 337.304108 
347.521667 214.713257 
498.888885 270.644104 
385.376678 251.718582 
282.265472 334.434967 
454.447449 243.365128 
422.766235 270.293579 
405.495544 200.001221 
332.347473 206.930939 
405.744080 231.668915 
213.125015 189.625305 
514.523560 245.769791 
145.217224 246.788361 
409.130341 226.773300 
394.284607 229.703232 
204.949081 192.177109 
408.516357 227.614761 
541.445129 255.873413 
205.847992 344.573761 
480.371521 260.497803 
485.523224 177.531418 
424.011810 269.842285 
294.626099 208.357193 
473.180206 233.610489 
291.116333 186.837341 
273.473755 245.118408 
229.880875 334.217041 
496.405548 234.997147 
256.873901 197.485184 
293.725952 207.161118 
505.428192 239.228439 
477.390442 227.550339 
460.045197 256.502319 
131.110336 184.489380 
469.286804 270.763550 
400.891785 205.119644 
487.452209 253.028503 
218.060318 203.691299 
467.175232 239.234482 
495.019745 238.501221 
150.424469 245.650299 
469.825623 224.688889 
234.962738 186.864227 
234.052368 186.844788 
208.493225 190.537430 
232.870010 213.045731 
460.244781 269.729584 
460.160126 269.354584 
146.237244 223.127777 
241.297592 266.091553 
396.727997 246.010208 
409.789520 256.887695 
124.314796 151.877319 
450.449097 228.160751 
222.885727 206.522629 
279.952209 208.148148 
453.839996 277.710266 
429.653961 221.737976 
485.245789 248.577927 
418.860779 304.812012 
501.057495 237.635727 
346.210571 209.843353 
491.574768 247.817764 
487.824249 229.451370 
465.853638 271.246643 
146.209671 242.334015 
418.791931 303.623016 
336.647644 210.054214 
424.107605 388.581940 
471.290375 273.976135 
402.172668 214.032516 
403.990906 201.044083 
295.071320 272.213715 
436.342041 250.411713 
509.712402 256.410950 
487.734802 230.163132 
419.486359 305.191406 
50.703453 340.091034 
472.496033 238.946793 
244.765274 226.597412 
436.563263 178.632843 
250.281219 175.976105 
500.560760 309.590607 
521.098816 436.673004 
290.602478 264.308136 
436.453400 252.579132 
193.616302 200.926468 
322.303009 341.533569 
475.633148 254.822800 
438.664948 254.334351 
243.310181 174.943420 
522.839355 205.858078 
246.267273 187.612473 
449.728516 207.182205 
512.354248 245.743256 
90.779564 329.365723 
228.370865 181.848770 
248.387451 184.722076 
464.767517 224.417969 
313.052399 175.205338 
232.588531 349.782196 
248.242371 331.843353 
419.101959 300.872528 
210.208527 182.888443 
507.156189 241.176178 
261.754883 137.618652 
232.246918 190.523453 
208.481903 201.934921 
438.886658 253.850357 
483.702820 229.438843 
419.711548 201.916061 
465.665558 270.771729 
321.196320 175.709213 
255.144089 177.760757 
472.622803 248.342728 
521.948303 289.023529 
497.127869 183.458618 
497.624939 183.065628 
497.624939 183.065628 
424.614136 234.329758 
237.224060 182.103546 
224.616959 346.472870 
251.569397 330.376740 
421.994202 232.669220 
440.169189 177.531525 
229.199844 195.374512 
415.834503 280.617767 
374.269623 252.218948 
298.077087 336.358917 
249.066437 184.639572 
330.808289 213.296997 
434.975006 260.079742 
390.149139 267.183411 
144.913086 222.805923 
289.654449 165.507187 
469.780518 233.442810 
294.632996 205.969742 
511.354248 245.172775 
274.147919 267.414581 
349.027679 250.185608 
303.078644 183.588104 
303.812622 183.273132 
62.515888 302.346313 
210.673325 196.873795 
413.144165 285.468048 
221.067032 207.892120 
215.882553 188.698410 
70.795792 281.320709 
480.591888 244.550018 
304.736542 322.001526 
292.345306 176.609634 
439.229095 312.864929 
139.388260 278.842712 
441.384216 247.557892 
331.441345 231.310364 
433.457458 240.750488 
147.011581 224.228897 
443.860321 250.403015 
150.315872 225.613251 
494.158020 238.724655 
418.733673 228.432098 
465.590759 224.269592 
294.897858 201.270309 
288.943878 151.986130 
337.346588 264.702881 
243.324478 268.911346 
146.427399 253.477539 
391.235626 338.290131 
318.804321 362.654358 
452.556030 247.821045 
207.356964 193.788300 
229.387512 340.233215 
389.558838 263.833923 
256.683990 263.601013 
233.482452 335.916534 
159.760101 231.792145 
137.202728 216.591888 
314.019531 217.237885 
419.208984 232.677444 
304.278687 172.631882 
457.034637 252.933212 
319.754364 95.937675 
319.661346 95.796295 
391.873352 273.743988 
411.187164 282.964722 
254.908752 176.865677 
251.032196 144.085281 
320.210510 336.834473 
468.920044 233.207108 
468.996887 233.351181 
249.909653 173.271591 
412.924469 229.103012 
282.158936 164.509048 
82.408714 292.985931 
246.308411 239.274460 
417.463348 229.224258 
153.644501 228.653061 
497.513397 311.306702 
237.476105 189.229248 
237.628998 189.552307 
