500
314.934906 372.288940 
294.648193 365.122223 
466.276489 286.581635 
466.276489 286.581635 
219.403961 217.214661 
311.304077 355.332367 
284.471863 399.754059 
294.648193 365.122223 
282.426117 405.874298 
269.235504 405.379730 
275.467560 409.045074 
445.476410 311.863068 
284.471863 399.754059 
285.066193 397.883667 
285.066193 397.883667 
284.471863 399.754059 
289.045898 402.848724 
289.045898 402.848724 
340.283936 196.782028 
297.182831 390.403168 
354.436340 196.081223 
307.674377 354.863007 
275.852966 396.030487 
164.207855 182.113968 
267.232269 395.798584 
289.045898 402.848724 
155.028809 227.119934 
340.283936 196.782028 
278.164673 397.488159 
280.667297 369.081146 
410.563019 207.129730 
282.426117 405.874298 
282.041412 397.586548 
291.108856 213.553879 
417.400726 241.948380 
280.667297 369.081146 
155.028809 227.119934 
269.235504 405.379730 
289.045898 402.848724 
410.563019 207.129730 
176.583252 349.934204 
294.648193 365.122223 
407.398071 203.240799 
292.353210 383.088989 
301.807556 340.105255 
292.353210 383.088989 
314.461884 354.470245 
392.527222 202.818954 
205.047958 159.550827 
205.047958 159.550827 
284.471863 399.754059 
290.057373 365.402283 
288.232452 375.535919 
267.232269 395.798584 
306.453033 384.626007 
307.674377 354.863007 
297.182831 390.403168 
171.317123 351.817444 
292.353210 383.088989 
178.581116 346.856232 
170.929123 368.550049 
287.053162 376.352173 
292.353210 383.088989 
287.053162 376.352173 
288.232452 375.535919 
295.939545 364.539062 
390.583954 208.398346 
275.852966 396.030487 
294.648193 365.122223 
307.674377 354.863007 
311.304077 355.332367 
269.235504 405.379730 
275.852966 396.030487 
292.353210 383.088989 
195.711853 415.776276 
289.045898 402.848724 
171.317123 351.817444 
309.082458 371.178192 
235.943359 193.100571 
267.232269 395.798584 
275.852966 396.030487 
420.048950 235.653366 
289.045898 402.848724 
282.724304 280.939117 
292.353210 383.088989 
288.232452 375.535919 
269.235504 405.379730 
224.831909 289.082123 
287.053162 376.352173 
275.852966 396.030487 
314.461884 354.470245 
343.304169 247.213547 
311.304077 355.332367 
283.571594 410.117798 
175.871780 370.725281 
294.794067 371.751221 
354.436340 196.081223 
415.909912 198.392624 
340.283936 196.782028 
292.333801 342.044983 
83.944321 284.820831 
286.937195 84.684464 
179.818359 361.613373 
309.082458 371.178192 
123.317528 176.198090 
292.333801 342.044983 
405.134857 193.790741 
405.134857 193.790741 
314.934906 372.288940 
79.284416 283.010834 
267.232269 395.798584 
267.232269 395.798584 
179.420029 446.947174 
175.871780 370.725281 
342.656067 267.591797 
311.304077 355.332367 
87.483444 287.348877 
266.594177 370.751678 
266.594177 370.751678 
410.563019 207.129730 
332.791809 272.299652 
280.667297 369.081146 
276.179535 383.346130 
271.272888 426.017059 
235.518784 181.084702 
267.443542 370.032471 
280.667297 369.081146 
254.392197 408.851501 
391.168793 206.659622 
235.943359 193.100571 
306.453033 384.626007 
400.058502 250.358337 
180.631516 350.443634 
371.877991 274.452118 
371.877991 274.452118 
339.054047 269.392365 
249.807739 141.044159 
258.219513 349.713776 
307.674377 354.863007 
340.283936 196.782028 
294.794067 371.751221 
234.973404 391.595459 
284.531586 350.183990 
271.587128 403.977997 
332.791809 272.299652 
213.098663 333.404694 
276.179535 383.346130 
298.709137 216.550735 
234.759277 178.782486 
306.453033 384.626007 
266.594177 370.751678 
273.505951 333.335297 
275.467560 409.045074 
280.667297 369.081146 
424.403992 228.451279 
306.453033 384.626007 
280.667297 369.081146 
244.984909 14.731305 
219.813782 325.214722 
250.775711 141.633072 
244.143997 11.273068 
244.143997 11.273068 
294.648193 365.122223 
85.588875 287.329224 
228.973862 203.642410 
375.648193 204.716660 
351.719696 194.114838 
262.836761 363.611481 
409.095825 186.122406 
306.453033 384.626007 
410.563019 207.129730 
340.283936 196.782028 
242.824844 313.897278 
289.045898 402.848724 
109.667534 248.301407 
366.849426 237.262253 
267.599579 405.203278 
212.403564 302.202026 
212.403564 302.202026 
179.818359 361.613373 
288.232452 375.535919 
288.232452 375.535919 
280.667297 369.081146 
179.818359 361.613373 
324.061615 285.405548 
264.872009 369.462555 
288.908295 347.541168 
302.051483 383.758820 
280.667297 369.081146 
280.667297 369.081146 
284.031311 330.248718 
273.505951 333.335297 
244.073914 16.820221 
123.317528 176.198090 
177.338120 356.037262 
173.722885 345.753784 
250.476257 138.173935 
282.426117 405.874298 
245.594788 378.373444 
287.053162 376.352173 
63.327728 414.088135 
276.528900 332.800812 
280.667297 369.081146 
424.403992 228.451279 
307.886932 335.201324 
271.397308 123.980156 
173.722885 345.753784 
242.824844 313.897278 
288.232452 375.535919 
282.327209 406.695801 
390.583954 208.398346 
283.571594 410.117798 
252.709991 192.077179 
254.417679 312.523926 
287.927826 326.424438 
235.518784 181.084702 
304.565491 369.456116 
280.667297 369.081146 
179.373810 371.172974 
285.066193 397.883667 
242.824844 313.897278 
264.872009 369.462555 
397.510925 248.376022 
285.066193 397.883667 
235.518784 181.084702 
279.289062 378.560760 
313.273071 204.318909 
313.273071 204.318909 
294.648193 365.122223 
225.476532 346.510101 
225.476532 346.510101 
410.431458 194.462799 
176.785065 347.017761 
216.086975 237.193146 
307.886932 335.201324 
280.939362 96.383408 
279.311340 294.404663 
200.291367 392.334320 
178.018494 352.397827 
429.946259 232.135788 
234.973404 391.595459 
172.301117 441.946442 
200.291367 392.334320 
236.589554 376.303436 
307.935425 342.271057 
200.291367 392.334320 
412.905884 98.363686 
221.078308 351.766785 
289.045898 402.848724 
276.179535 383.346130 
123.317528 176.198090 
253.844574 3.394075 
410.563019 207.129730 
413.582550 192.084381 
50.158272 315.541290 
368.442810 236.140625 
294.648193 365.122223 
413.582550 192.084381 
242.535583 319.001923 
195.711853 415.776276 
407.500061 200.542007 
416.909149 174.883347 
367.986969 221.651154 
279.289062 378.560760 
285.599701 410.809692 
219.129166 356.646362 
306.453033 384.626007 
312.932922 203.204926 
294.794067 371.751221 
372.844238 240.342407 
287.053162 376.352173 
175.624573 369.644562 
245.369705 424.280243 
280.556549 109.129601 
155.028809 227.119934 
294.648193 365.122223 
288.232452 375.535919 
289.045898 402.848724 
247.820374 367.404999 
230.530701 367.094360 
275.852966 396.030487 
258.219513 349.713776 
232.998077 384.789917 
221.078308 351.766785 
367.561218 219.021011 
279.311340 294.404663 
275.467560 409.045074 
398.392975 172.692627 
279.289062 378.560760 
284.471863 399.754059 
280.939362 96.383408 
224.077042 338.881409 
298.709137 216.550735 
279.289062 378.560760 
419.845001 163.883408 
400.888580 85.788979 
279.673676 352.877655 
372.676086 272.403564 
291.093262 217.414688 
246.263443 8.865922 
372.772186 232.434143 
305.379730 323.675812 
316.343964 346.637482 
222.034531 228.266800 
297.244568 320.097931 
245.594788 378.373444 
409.749176 169.406601 
282.327209 406.695801 
361.858826 233.382370 
278.641907 345.828033 
246.572983 329.656281 
411.261688 203.010681 
171.317123 351.817444 
403.472321 91.395691 
237.013672 389.794769 
279.816254 293.696716 
280.953186 125.225594 
416.909149 174.883347 
219.813782 325.214722 
275.272003 350.896545 
377.814972 267.255981 
294.794067 371.751221 
292.353210 383.088989 
229.526642 360.066895 
256.168091 161.402283 
306.846436 328.102081 
287.053162 376.352173 
341.202484 268.447845 
200.291367 392.334320 
403.541321 169.813675 
200.291367 392.334320 
200.291367 392.334320 
364.765686 194.077835 
168.916763 358.362610 
168.916763 358.362610 
380.299500 267.583221 
234.973404 391.595459 
264.330994 414.884583 
224.077042 338.881409 
229.526642 360.066895 
276.179535 383.346130 
200.291367 392.334320 
233.142441 415.607117 
324.061615 285.405548 
294.648193 365.122223 
303.550751 381.646301 
276.179535 383.346130 
197.990646 418.616211 
253.836426 338.730957 
197.990646 418.616211 
221.078308 351.766785 
280.953186 125.225594 
280.667297 369.081146 
416.159210 165.259689 
287.053162 376.352173 
286.937195 84.684464 
299.890381 321.709808 
402.829956 252.222382 
229.526642 360.066895 
466.276489 286.581635 
271.272888 426.017059 
408.294830 162.579971 
123.317528 176.198090 
416.159210 165.259689 
246.572983 329.656281 
292.333801 342.044983 
297.811554 259.624603 
312.072906 375.995880 
358.893707 175.909149 
289.459229 243.121536 
276.179535 383.346130 
245.594788 378.373444 
410.563019 207.129730 
237.013672 389.794769 
285.599701 410.809692 
306.846436 328.102081 
312.486664 398.216431 
264.153748 395.006897 
306.453033 384.626007 
287.927826 326.424438 
312.932922 203.204926 
466.276489 286.581635 
309.891418 77.962143 
278.641907 345.828033 
358.893707 175.909149 
264.566467 345.885071 
264.330994 414.884583 
246.572983 329.656281 
238.933609 178.055161 
271.272888 426.017059 
271.272888 426.017059 
271.272888 426.017059 
226.485870 406.204132 
279.289062 378.560760 
402.685791 170.765503 
305.379730 323.675812 
233.483215 370.278961 
404.034546 181.498856 
200.291367 392.334320 
380.299500 267.583221 
225.476440 377.944641 
398.392975 172.692627 
306.846436 328.102081 
242.824844 313.897278 
242.824844 313.897278 
131.619446 157.945526 
224.077042 338.881409 
276.018036 133.476379 
373.433441 274.472565 
415.472534 90.577888 
222.034531 228.266800 
407.023254 189.203522 
241.744507 349.623627 
334.320465 278.123260 
385.048035 176.234924 
264.872009 369.462555 
305.379730 323.675812 
389.506531 247.356918 
412.905884 98.363686 
206.251862 299.198303 
228.560120 198.429153 
238.511658 300.134735 
246.572983 329.656281 
168.916763 358.362610 
386.926178 260.032867 
400.888580 85.788979 
276.018036 133.476379 
182.532974 312.125854 
276.179535 383.346130 
404.618164 193.892639 
228.337799 380.085114 
224.754471 217.895569 
81.079491 279.775635 
224.077042 338.881409 
238.511658 300.134735 
246.572983 329.656281 
63.327728 414.088135 
267.664764 402.574951 
219.627335 387.610840 
386.183441 135.723755 
85.588875 287.329224 
206.251862 299.198303 
109.667534 248.301407 
305.379730 323.675812 
294.794067 371.751221 
398.260590 84.041740 
354.436340 196.081223 
416.159210 165.259689 
377.779175 255.865997 
377.779175 255.865997 
225.573029 373.855194 
280.556549 109.129601 
339.054047 269.392365 
225.476440 377.944641 
206.251862 299.198303 
289.183563 342.181885 
267.443542 370.032471 
279.311340 294.404663 
372.772186 232.434143 
429.946259 232.135788 
249.089462 335.158112 
442.173676 54.059284 
344.284302 245.769806 
81.604568 278.722382 
225.573029 373.855194 
170.792130 362.204590 
283.712738 294.746979 
371.162079 177.908951 
314.694366 203.309464 
85.588875 287.329224 
310.835907 385.980682 
286.359924 394.875946 
377.803101 256.282013 
176.191299 436.067719 
285.852386 374.702515 
225.573029 373.855194 
416.159210 165.259689 
364.894592 59.855202 
81.604568 278.722382 
280.556549 109.129601 
413.352325 87.251358 
289.423920 276.747681 
260.188904 160.040756 
340.283936 196.782028 
276.137787 238.505753 
279.311340 294.404663 
246.572983 329.656281 
286.359924 394.875946 
286.359924 394.875946 
238.731094 367.025635 
437.986298 228.216141 
228.337799 380.085114 
228.337799 380.085114 
316.229614 253.620056 
176.191299 436.067719 
203.719803 204.423843 
224.077042 338.881409 
457.748016 116.032272 
382.840515 157.639191 
313.502350 359.343323 
