500
353.305145 334.774658 
387.408081 167.105789 
386.961578 167.746765 
382.767487 171.646286 
384.624664 167.262680 
257.866547 253.400024 
386.219818 130.563324 
386.219818 130.563324 
279.466217 426.752808 
279.466217 426.752808 
271.582733 218.489746 
271.582733 218.489746 
386.219818 130.563324 
193.278595 353.597748 
425.119232 112.945389 
416.063080 135.180206 
416.063080 135.180206 
431.553833 162.176880 
267.520721 421.509399 
261.928833 286.719513 
313.916382 277.022461 
325.753265 365.652985 
245.750290 448.241547 
353.305145 334.774658 
313.916382 277.022461 
336.104706 198.194107 
245.750290 448.241547 
216.223846 393.934509 
245.322510 300.268921 
313.916382 277.022461 
256.221375 254.388702 
237.680008 293.379547 
379.591614 168.305847 
275.401093 433.498657 
417.737610 196.978424 
234.067673 445.093292 
389.192139 138.087952 
340.416992 311.453247 
395.375336 168.376221 
313.916382 277.022461 
337.909882 274.730164 
348.885193 359.918488 
408.518890 138.787628 
411.769684 146.874878 
411.769684 146.874878 
237.680008 293.379547 
392.055695 156.201843 
348.885193 359.918488 
279.466217 426.752808 
242.538864 451.153656 
392.055695 156.201843 
390.799866 148.730103 
275.975220 205.314590 
313.916382 277.022461 
390.109711 159.234421 
209.647491 250.047058 
395.106903 136.404785 
406.048950 194.593384 
342.019928 242.549423 
325.130463 237.024414 
394.384216 114.707047 
410.777344 138.500504 
419.959778 112.816399 
337.728943 323.723663 
305.204742 308.962341 
442.564728 102.695480 
237.680008 293.379547 
392.213745 152.998947 
312.582672 369.490051 
282.964386 405.521820 
424.137634 143.748306 
325.130463 237.024414 
237.680008 293.379547 
402.391052 138.999985 
315.399902 358.968384 
327.230530 234.955597 
337.728943 323.723663 
275.975220 205.314590 
333.404266 231.299347 
406.048950 194.593384 
420.901489 112.433220 
378.912659 140.680038 
217.253357 444.939270 
458.337616 186.234039 
273.942322 395.804138 
324.677490 203.498352 
395.273285 123.687073 
409.252167 104.925499 
406.887726 144.083801 
245.750290 448.241547 
226.878662 408.426849 
226.878662 408.426849 
395.273285 123.687073 
366.714172 328.717133 
404.739929 105.999825 
419.959778 112.816399 
265.897675 219.537354 
453.554260 98.058807 
257.866547 253.400024 
315.464569 369.002106 
238.804916 273.639008 
221.315598 266.208252 
416.063080 135.180206 
227.871841 247.196976 
310.698059 266.254791 
190.149841 350.769226 
412.256561 97.062782 
342.019928 242.549423 
220.861435 196.816971 
284.408142 422.595978 
406.887726 144.083801 
261.928833 286.719513 
494.776459 169.112167 
442.716156 194.281372 
348.885193 359.918488 
305.204742 308.962341 
429.594391 161.681183 
239.859192 249.946976 
261.928833 286.719513 
366.714172 328.717133 
395.106903 136.404785 
445.209625 123.672516 
244.532028 311.280273 
244.532028 311.280273 
262.491699 267.874023 
279.735382 426.593536 
399.495667 151.564621 
415.845886 141.306808 
321.021484 236.976410 
390.049042 171.115524 
390.049042 171.115524 
429.087524 139.143051 
429.087524 139.143051 
417.737610 196.978424 
337.728943 323.723663 
387.359131 123.145905 
235.620041 451.017242 
337.728943 323.723663 
419.959778 112.816399 
262.491699 267.874023 
260.920166 440.338562 
305.204742 308.962341 
202.403885 361.897308 
271.347992 205.307983 
395.273285 123.687073 
264.438995 242.287643 
395.375336 168.376221 
381.132874 125.927689 
394.424622 338.850494 
280.708069 419.518219 
420.743378 193.888885 
401.396545 145.080750 
239.859192 249.946976 
331.891266 227.909332 
381.132874 125.927689 
449.291809 182.518173 
413.527313 106.075706 
337.728943 323.723663 
430.702606 108.000206 
414.736908 108.046539 
267.951019 436.074097 
394.802673 142.581100 
218.189087 201.892395 
216.223846 393.934509 
348.975952 343.410767 
436.671844 99.489845 
264.320923 217.845612 
379.339111 178.546158 
310.698059 266.254791 
221.139679 248.703308 
340.416992 311.453247 
334.500580 226.090637 
370.601227 162.110901 
327.946869 237.123947 
259.756683 426.434723 
312.582672 369.490051 
452.049866 126.783356 
262.491699 267.874023 
253.035126 201.177841 
408.200195 117.372154 
447.658203 151.130051 
381.132874 125.927689 
405.086243 297.538269 
259.376282 446.600006 
209.647491 250.047058 
452.049866 126.783356 
219.090897 252.580383 
253.852798 198.920456 
366.714172 328.717133 
262.491699 267.874023 
429.087524 139.143051 
387.352448 122.070747 
418.193726 191.498596 
330.989380 199.705597 
219.090897 252.580383 
406.887726 144.083801 
406.887726 144.083801 
404.739929 105.999825 
448.217957 148.427612 
209.647491 250.047058 
445.474579 172.295746 
214.965302 263.335205 
449.291809 182.518173 
379.339111 178.546158 
333.714905 197.980499 
452.367950 188.996078 
386.323425 315.488739 
390.799866 148.730103 
379.339111 178.546158 
260.913208 222.088364 
381.132874 125.927689 
417.569580 149.028580 
399.495667 151.564621 
330.422943 199.867233 
257.804321 442.759827 
312.582672 369.490051 
451.068634 140.449112 
414.736908 108.046539 
402.369415 96.602585 
396.616791 335.404785 
212.921112 253.689758 
431.540283 145.123352 
216.223846 393.934509 
265.897675 219.537354 
245.322510 300.268921 
404.739929 105.999825 
338.578979 342.332550 
333.464417 219.089111 
309.961823 378.025757 
421.445496 92.401222 
376.559509 324.933472 
390.109711 159.234421 
429.087524 139.143051 
388.822876 312.285248 
189.387192 356.808838 
325.130463 237.024414 
376.816071 130.040222 
297.202881 397.703430 
464.932648 121.278976 
221.139679 248.703308 
598.823303 260.843811 
421.965149 124.759033 
496.741608 165.106094 
379.841888 169.587021 
375.938629 160.598953 
444.997314 140.232773 
213.167847 214.125809 
217.253357 444.939270 
379.841888 169.587021 
202.403885 361.897308 
323.599396 208.973160 
387.359131 123.145905 
272.273407 396.628479 
157.531021 318.606598 
275.856110 221.753372 
362.896576 141.658432 
494.776459 169.112167 
216.081635 228.296539 
223.261810 276.736450 
497.983917 185.637253 
374.651825 326.342102 
200.191650 353.297150 
138.316742 318.940582 
211.679520 458.569977 
275.194977 429.078583 
150.855881 310.753265 
224.847092 206.579102 
376.559509 324.933472 
340.416992 311.453247 
269.990387 433.317017 
338.578979 342.332550 
378.975525 123.285408 
293.724731 397.706879 
337.909882 274.730164 
217.253357 444.939270 
234.990326 295.923401 
379.339111 178.546158 
435.065308 131.660950 
271.347992 205.307983 
157.531021 318.606598 
267.520721 421.509399 
413.527313 106.075706 
313.916382 277.022461 
218.294846 282.878113 
384.769043 311.608246 
256.531036 281.618622 
277.941925 198.268814 
374.651825 326.342102 
200.191650 353.297150 
244.637405 200.087631 
150.855881 310.753265 
220.142410 253.850342 
467.020660 118.069420 
216.081635 228.296539 
213.338638 197.485809 
272.421295 269.234955 
227.756348 249.381805 
370.601227 162.110901 
362.896576 141.658432 
208.159149 257.565826 
337.509277 275.949402 
269.967865 200.782303 
222.354355 213.894073 
399.412445 194.656052 
399.412445 194.656052 
421.965149 124.759033 
445.325043 147.360474 
190.289688 332.010040 
431.553833 162.176880 
325.728058 244.689301 
217.253357 444.939270 
239.697678 273.055450 
208.159149 257.565826 
226.878662 408.426849 
371.541168 152.439636 
313.916382 277.022461 
276.781769 237.136215 
333.714905 197.980499 
265.573761 236.116516 
218.294846 282.878113 
430.702606 108.000206 
430.702606 108.000206 
217.253357 444.939270 
435.065308 131.660950 
448.103394 182.589813 
315.399902 358.968384 
267.520721 421.509399 
445.669220 185.499527 
418.711700 94.911972 
220.223312 267.002075 
454.945679 135.907196 
244.637405 200.087631 
399.412445 194.656052 
383.994904 290.474854 
200.191650 353.297150 
220.142410 253.850342 
421.274200 135.360931 
416.036163 174.366135 
453.554260 98.058807 
267.520721 421.509399 
315.399902 358.968384 
219.523209 262.461151 
443.905945 97.172234 
429.571320 131.159668 
190.884781 341.000214 
310.950958 212.262848 
359.513977 211.528748 
237.680008 293.379547 
237.680008 293.379547 
208.159149 257.565826 
275.856110 221.753372 
264.438995 242.287643 
272.781067 192.906128 
276.289703 198.200897 
189.140198 344.999573 
464.932648 121.278976 
222.354355 213.894073 
237.680008 293.379547 
200.191650 353.297150 
382.733582 312.854309 
183.559860 338.282349 
313.916382 277.022461 
176.264236 348.848602 
185.539124 338.832672 
378.614380 185.282455 
378.614380 185.282455 
198.015900 267.137177 
211.679520 458.569977 
401.780212 95.546021 
346.374908 246.946930 
275.856110 221.753372 
226.878662 408.426849 
219.523209 262.461151 
416.036163 174.366135 
419.034210 174.710480 
419.034210 174.710480 
366.888458 129.021713 
402.908539 97.950050 
263.606201 219.739197 
344.594147 225.961639 
150.408768 307.752960 
183.559860 338.282349 
235.620041 451.017242 
217.253357 444.939270 
467.020660 118.069420 
328.857452 227.999802 
138.316742 318.940582 
369.222839 172.668488 
231.120621 293.947388 
253.852798 198.920456 
389.740723 279.759705 
150.855881 310.753265 
221.139679 248.703308 
213.843399 209.602356 
241.465256 445.796783 
377.482208 146.805725 
275.975220 205.314590 
366.114258 216.084198 
309.961823 378.025757 
429.571320 131.159668 
454.880280 165.550613 
256.221375 254.388702 
256.221375 254.388702 
219.325043 239.218384 
237.234879 293.895691 
419.670410 181.364227 
211.825806 211.290543 
147.684891 310.065308 
440.522949 142.782715 
406.429199 102.507729 
262.314728 419.306000 
362.926178 313.641876 
218.294846 282.878113 
190.074020 336.735535 
275.975220 205.314590 
334.597900 233.622787 
190.884781 341.000214 
272.202393 197.231033 
460.395142 120.664650 
346.374908 246.946930 
150.408768 307.752960 
268.666260 432.773193 
239.859192 249.946976 
406.429199 102.507729 
150.408768 307.752960 
262.491699 267.874023 
445.474579 172.295746 
349.762360 335.974609 
382.233521 109.008659 
362.465027 161.456467 
232.281311 296.594055 
268.666260 432.773193 
340.416992 311.453247 
238.804916 273.639008 
284.408142 422.595978 
271.347992 205.307983 
406.704803 193.712723 
216.281982 241.831253 
216.281982 241.831253 
180.897003 341.751984 
264.438995 242.287643 
188.286484 334.273285 
369.628937 140.016617 
386.267883 292.856934 
180.882187 334.587708 
202.403885 361.897308 
237.680008 293.379547 
231.120621 293.947388 
218.294846 282.878113 
261.928833 286.719513 
362.926178 313.641876 
362.926178 313.641876 
451.440063 168.233109 
451.440063 168.233109 
231.011215 294.528931 
221.692123 202.791855 
200.191650 353.297150 
380.192230 183.320663 
434.237457 141.618027 
237.234879 293.895691 
147.684891 310.065308 
238.804916 273.639008 
245.322510 300.268921 
410.777344 138.500504 
177.079269 345.006042 
195.547409 365.028320 
244.532028 311.280273 
267.520721 421.509399 
461.692780 105.011536 
431.489258 163.476486 
432.549896 129.789185 
196.748993 278.814331 
196.748993 278.814331 
214.856964 276.288422 
410.777344 138.500504 
245.322510 300.268921 
200.191650 353.297150 
237.680008 293.379547 
325.728058 244.689301 
414.736908 108.046539 
226.878662 408.426849 
237.234879 293.895691 
346.374908 246.946930 
177.079269 345.006042 
256.531036 281.618622 
442.412933 156.467087 
186.528442 337.651337 
313.916382 277.022461 
391.273407 132.188385 
406.203796 85.768433 
190.884781 341.000214 
223.261810 276.736450 
176.264236 348.848602 
408.792267 148.840149 
327.946869 237.123947 
221.692123 202.791855 
214.965302 263.335205 
235.620041 451.017242 
216.223846 393.934509 
256.221375 254.388702 
