500
149.909515 241.834595 
169.854462 358.218079 
495.669281 216.525818 
264.771454 210.830200 
185.139893 330.367493 
167.856125 339.465454 
407.555786 229.525131 
168.934311 358.105103 
169.384827 358.093140 
322.310822 238.937820 
459.509827 220.808990 
350.660736 218.050522 
427.357513 267.696564 
460.109894 223.441711 
482.200562 208.129578 
483.046143 210.592773 
298.064026 193.100067 
297.512817 193.124481 
514.719055 217.582260 
294.072021 253.359009 
480.066711 231.884491 
280.485474 314.904236 
457.034637 252.933212 
487.472534 199.996902 
479.391998 207.700485 
356.598206 219.583649 
265.369873 211.902954 
300.208954 338.536713 
141.652298 291.536804 
408.516357 227.614761 
291.507111 189.882538 
162.561829 344.678345 
405.744080 231.668915 
491.947266 231.499207 
292.807129 200.391083 
478.454865 231.517487 
164.439911 344.420197 
296.922455 254.368729 
163.547180 348.080933 
162.029678 340.988892 
295.694794 169.280807 
300.392975 338.348663 
488.975403 194.954147 
511.643127 241.435455 
487.824249 229.451370 
487.734802 230.163132 
262.176422 209.362427 
480.698212 198.632751 
444.916168 284.736786 
314.637177 277.512238 
290.416107 188.581863 
460.400543 224.241867 
499.006378 212.602310 
499.224030 213.309479 
322.834015 336.758362 
426.187927 267.344818 
464.767517 224.417969 
473.180206 233.610489 
283.830902 336.298309 
412.948944 222.443085 
175.119980 357.206207 
472.706482 219.916321 
478.496979 207.500641 
485.265594 194.785385 
294.505798 190.120422 
149.768539 287.090668 
349.419922 337.304108 
418.733673 228.432098 
455.625458 219.855743 
148.502716 355.251404 
233.482452 335.916534 
454.286255 253.191605 
236.753830 213.997253 
477.616577 200.449936 
421.939453 258.685944 
453.532776 219.568619 
409.130341 226.773300 
475.633148 254.822800 
289.978851 308.051697 
321.012512 318.175751 
453.614594 285.089844 
228.482346 229.328751 
469.046783 193.166885 
466.145966 207.142761 
297.370148 166.683060 
511.662964 242.092026 
298.077087 336.358917 
400.891785 205.119644 
429.767059 202.466522 
160.369324 344.687012 
420.224854 228.400513 
418.688660 232.780334 
419.208984 232.677444 
321.234406 336.869720 
448.348572 216.112732 
421.994202 232.669220 
488.659576 197.813354 
339.992523 238.847870 
415.355957 212.548492 
439.715118 206.709900 
279.422089 327.707245 
334.703094 253.291885 
333.953064 236.952393 
224.234619 228.316132 
448.063782 223.600327 
401.303070 220.344070 
187.810043 343.291260 
473.876984 226.937515 
346.718689 208.824356 
154.815536 357.406891 
412.924469 229.103012 
441.131744 198.994675 
424.614136 234.329758 
475.863342 253.342041 
477.390442 227.550339 
230.889572 337.555359 
176.130936 356.870575 
222.885727 206.522629 
328.930328 241.075256 
471.390228 217.741226 
466.228546 274.259338 
265.508423 352.481445 
336.078064 263.015656 
416.237305 261.594849 
465.590759 224.269592 
467.175232 239.234482 
428.048187 186.232880 
246.267273 187.612473 
477.733826 228.211914 
501.057495 237.635727 
472.971191 192.587036 
479.454834 204.965393 
476.443207 210.209229 
272.651001 143.708038 
417.463348 229.224258 
227.957962 197.168549 
426.391754 218.945129 
277.954132 316.842102 
244.346237 339.794830 
449.409027 281.476318 
468.920044 233.207108 
468.996887 233.351181 
447.259308 224.446945 
162.009460 359.982849 
223.787094 229.705475 
433.092773 216.191467 
329.787415 241.477295 
496.405548 234.997147 
224.722977 228.605118 
475.469971 194.861237 
315.625214 276.738953 
485.245789 248.577927 
318.189758 247.388580 
144.961624 256.759308 
310.561890 342.239441 
429.029053 222.890533 
232.246918 190.523453 
432.838196 223.042953 
450.449097 228.160751 
450.497864 227.566467 
174.991211 351.859558 
246.188156 181.979462 
438.998138 200.919327 
469.757233 260.276428 
286.095032 188.703186 
455.863495 279.359741 
416.836914 261.113037 
304.817841 182.851562 
277.358643 318.034393 
216.781448 246.309509 
217.147476 245.951736 
251.949646 196.152786 
232.099487 176.402374 
322.303009 341.533569 
509.031677 208.939148 
430.991577 222.423874 
476.886200 185.914627 
473.226471 191.528610 
445.319153 214.910843 
249.066437 184.639572 
346.210571 209.843353 
232.588531 349.782196 
440.862640 201.382996 
440.333740 200.796509 
277.118378 319.964813 
514.521362 215.660385 
180.871384 352.947479 
323.407074 183.852219 
94.999809 317.161133 
323.271057 322.871704 
442.756683 209.873672 
140.854721 309.947510 
140.876541 309.769440 
454.216064 202.652359 
343.155396 242.046066 
94.874336 317.723511 
94.989006 317.818146 
340.629303 239.338165 
511.354248 245.172775 
248.387451 184.722076 
225.096817 208.164368 
454.966095 201.647659 
224.616959 346.472870 
455.405304 200.519882 
248.617050 164.803467 
521.098816 436.673004 
269.056030 149.507660 
453.839996 277.710266 
336.621826 242.453476 
492.143829 193.491501 
144.300552 290.026062 
283.500732 126.528732 
444.152191 217.529251 
495.019745 238.501221 
150.424469 245.650299 
283.415741 335.672760 
315.344543 216.925217 
474.284607 227.762741 
469.155701 214.632385 
443.379181 221.279144 
443.335907 220.590134 
445.156433 195.985825 
485.523224 177.531418 
438.124786 218.982147 
309.483643 345.343719 
210.208527 182.888443 
359.670715 218.735321 
507.156189 241.176178 
122.902138 341.897552 
406.017578 226.780914 
465.665558 270.771729 
465.853638 271.246643 
313.912750 364.059143 
454.443939 274.576538 
311.194824 213.866119 
263.407043 351.104950 
482.965668 204.144958 
221.067032 207.892120 
334.575378 250.391586 
234.803787 175.577850 
469.780518 233.442810 
229.387512 340.233215 
248.577560 164.029572 
428.527954 302.306549 
405.927979 207.468094 
336.521332 236.765503 
491.574768 247.817764 
318.804321 362.654358 
144.957062 354.162292 
156.980957 348.603424 
157.308762 349.244690 
444.737213 196.528961 
228.370865 181.848770 
444.037384 192.521576 
247.564331 178.685577 
217.751556 227.601089 
447.424133 196.111877 
514.523560 245.769791 
373.184052 242.045959 
283.885529 217.539230 
449.728516 207.182205 
429.653961 221.737976 
340.748169 206.664093 
262.757385 348.520966 
270.992432 332.340576 
222.881027 182.005325 
235.760849 192.030594 
512.354248 245.743256 
447.103516 193.067688 
307.286835 341.231964 
271.115631 330.809509 
214.753464 207.627533 
427.550934 302.056549 
276.389801 329.970612 
222.386185 209.696655 
453.380463 231.897324 
428.612762 300.985748 
225.314331 199.376740 
274.593597 330.095123 
405.923157 214.109802 
313.609283 181.475815 
424.241974 192.043777 
256.433777 192.976257 
422.429169 188.994843 
416.611420 212.894913 
436.563263 178.632843 
327.444763 242.615799 
440.915924 189.734283 
309.284515 185.201736 
438.820221 223.463730 
215.821045 208.454163 
309.479492 341.615753 
277.151093 321.404083 
433.529907 183.404251 
280.938660 202.224579 
232.978027 219.450806 
234.052368 186.844788 
476.079529 184.352997 
415.594452 209.087570 
203.799118 346.088409 
506.246124 213.313507 
142.919678 183.854813 
337.346588 264.702881 
475.441101 245.267715 
326.548431 341.158569 
147.688766 183.587692 
499.867218 298.485077 
344.335663 240.859207 
309.510864 180.676666 
149.352554 183.643234 
238.754730 183.500412 
248.618805 179.863693 
472.496033 238.946793 
234.962738 186.864227 
249.569305 172.178528 
144.964645 295.085327 
228.619629 220.204239 
438.664948 254.334351 
438.886658 253.850357 
416.611938 192.561844 
315.023590 229.914536 
460.489410 206.868530 
228.275467 335.456573 
457.462158 212.850571 
286.379883 307.200012 
260.980621 154.895264 
237.628998 189.552307 
422.419647 213.563156 
224.527985 225.067307 
225.126419 225.204132 
486.049286 176.907928 
456.580750 212.277695 
342.228333 213.336273 
329.268341 242.898239 
280.945648 155.612823 
419.711548 201.916061 
226.979614 225.443069 
237.476105 189.229248 
480.709290 256.877594 
229.880875 334.217041 
213.365311 227.407654 
338.268005 266.947113 
338.097382 267.024475 
402.172668 214.032516 
246.270279 212.751312 
238.871078 327.525055 
483.461273 190.355270 
505.428192 239.228439 
256.950317 148.536880 
219.839111 206.212524 
471.837097 238.041641 
311.549316 177.664429 
434.975006 260.079742 
225.340073 191.089798 
220.663010 230.949524 
229.090988 193.150406 
233.639801 219.498215 
308.614655 185.569000 
459.515350 255.202072 
227.807236 177.758682 
317.251587 280.417633 
258.032715 226.228745 
436.342041 250.411713 
217.042404 224.995911 
217.597763 201.334381 
218.060318 203.691299 
332.179413 238.464096 
147.502335 183.423813 
290.013855 307.430389 
280.849182 331.136444 
224.376175 182.746857 
266.794281 139.591690 
214.794708 222.964828 
243.310181 174.943420 
242.838516 174.708389 
341.082001 237.221695 
321.454498 318.971313 
238.560867 182.934814 
337.865631 260.231842 
228.171692 222.640411 
131.110336 184.489380 
229.187378 193.955307 
247.075500 177.787308 
402.649292 259.199219 
205.847992 344.573761 
455.071899 242.241531 
136.856613 293.629425 
255.229416 208.354950 
254.694489 207.872330 
157.158630 355.677551 
284.763519 157.767471 
454.004517 197.295837 
212.991806 206.734222 
436.332794 226.580765 
313.881561 174.472549 
313.334686 180.378937 
488.743103 315.306915 
344.504150 244.966599 
403.544800 229.720947 
435.014587 183.570938 
428.378082 302.627380 
142.273865 183.857239 
284.338959 220.687485 
264.606079 220.402100 
387.227631 248.498947 
402.895203 236.330093 
416.711823 193.745270 
149.716370 183.011795 
144.116425 308.677673 
476.164917 183.115250 
221.606827 181.985123 
241.950378 190.879517 
522.760193 233.210480 
484.797760 193.085327 
156.859680 235.825073 
153.644501 228.653061 
342.974915 248.351608 
256.719116 229.286301 
471.290375 273.976135 
292.605042 305.492279 
223.160675 210.506958 
409.789520 256.887695 
409.823242 257.302277 
437.175903 191.928864 
254.931595 151.082367 
257.983459 224.956467 
455.690308 243.086426 
371.782623 241.855392 
436.197662 185.156250 
338.412262 268.123260 
336.958557 320.503540 
315.020966 176.432098 
257.836914 149.130630 
155.960251 348.822083 
200.725677 190.824982 
283.148682 332.445831 
201.351746 190.961014 
306.162170 185.647842 
322.310242 322.555450 
316.679932 248.863251 
330.993652 259.761566 
220.875183 200.060715 
221.469376 200.330612 
452.242096 180.824448 
348.100433 245.838837 
226.424377 235.928513 
138.865860 287.339478 
255.727020 155.115356 
256.416321 155.375732 
214.453979 204.319733 
146.051941 256.534210 
324.199127 177.871887 
274.851593 187.899124 
271.828430 310.610199 
428.754822 181.767380 
325.691650 259.767059 
497.624939 183.065628 
497.624939 183.065628 
269.861572 216.663574 
214.061234 222.645111 
152.880661 228.374283 
268.311707 327.435455 
476.635162 239.344788 
525.083252 236.773621 
213.933197 225.113586 
141.853683 357.794373 
282.219696 194.875641 
339.892700 230.810593 
482.839203 191.689438 
275.489380 206.318069 
153.054504 237.520538 
146.678329 188.414856 
408.675995 257.622620 
137.673386 297.158539 
156.084076 236.719162 
437.614716 186.050339 
155.033661 227.395874 
269.474304 217.908569 
273.459900 284.300934 
506.726135 189.606094 
145.829193 188.398727 
469.825623 224.688889 
158.360550 227.694397 
480.591888 244.550018 
412.983643 365.710175 
128.015717 185.188232 
140.137543 235.660950 
331.859711 266.165649 
274.391296 284.349365 
136.163483 291.380768 
469.286804 270.763550 
405.495544 200.001221 
230.992279 228.521759 
154.279572 259.523224 
498.542267 299.490753 
400.218170 237.097610 
400.301025 236.820160 
305.376282 330.060059 
512.616333 268.227478 
512.920471 268.299927 
