500
364.438629 400.355347 
288.643250 258.534790 
287.746826 259.150604 
418.398224 244.986862 
418.398224 244.986862 
412.779724 244.454956 
147.759140 329.590881 
288.170044 257.625214 
84.625259 275.836670 
84.625259 275.836670 
288.170044 257.625214 
405.557220 246.025299 
137.852753 262.498474 
234.904984 317.424164 
102.101486 321.708130 
460.936249 247.710464 
406.310364 244.849136 
141.929565 313.974182 
247.111420 341.320343 
88.114632 328.616913 
241.809555 199.252045 
413.760986 238.527908 
84.625259 275.836670 
445.952148 221.483139 
247.111420 341.320343 
460.936249 247.710464 
476.622467 219.084732 
225.446426 221.811844 
406.310364 244.849136 
328.897064 243.562988 
480.685577 221.297699 
150.496399 329.043793 
150.496399 329.043793 
433.728546 242.366394 
130.856750 276.904694 
130.856750 276.904694 
430.052551 241.075027 
405.557220 246.025299 
455.273682 233.347778 
430.052551 241.075027 
464.273682 216.696259 
416.791077 243.325806 
188.686966 322.800232 
417.926971 249.692764 
417.926971 249.692764 
364.802063 399.937286 
263.155823 311.973694 
328.877686 242.209808 
102.101486 321.708130 
287.746826 259.150604 
445.952148 221.483139 
93.772324 322.296204 
341.964355 245.127670 
482.150726 225.562332 
224.865158 311.464508 
328.877686 242.209808 
139.236053 325.075592 
451.646606 229.102280 
278.503540 301.495819 
250.174057 170.327438 
447.842499 249.788345 
447.842499 249.788345 
214.073181 323.410187 
131.130737 323.878174 
226.088058 211.950668 
238.867691 316.472473 
136.000244 325.915436 
261.270050 213.659576 
141.929565 313.974182 
221.577927 322.981323 
250.174057 170.327438 
338.836670 241.086548 
265.559052 308.233643 
237.607635 177.936020 
254.626343 320.083466 
162.707687 326.912323 
492.239746 238.973221 
431.492554 262.249756 
155.330658 207.322098 
151.225388 216.036057 
159.559280 206.175095 
237.607635 177.936020 
447.329956 231.027328 
254.626343 320.083466 
442.221161 235.053833 
261.318634 320.083557 
289.838745 258.674225 
445.399353 238.527206 
82.300568 309.104126 
114.226799 310.850708 
406.310364 244.849136 
332.970123 266.502655 
225.901062 171.112030 
483.078247 235.602753 
338.836670 241.086548 
296.772400 190.023056 
446.481171 301.524475 
450.187042 236.868011 
170.433090 318.385742 
423.591217 251.848236 
460.702087 245.086166 
460.702087 245.086166 
240.035797 174.769867 
406.310364 244.849136 
83.391083 297.097748 
294.258789 249.217484 
352.515778 219.218735 
482.812653 232.755569 
270.084717 327.224518 
93.108162 318.238434 
152.205902 210.411926 
112.693275 316.855682 
293.360291 339.607941 
136.064148 268.910217 
147.791809 210.516510 
147.791809 210.516510 
183.469803 321.824249 
261.270050 213.659576 
247.198944 219.240051 
135.254486 259.932617 
501.445496 243.611404 
442.808929 227.438873 
482.812653 232.755569 
257.694611 272.840576 
361.655121 225.118378 
295.326965 182.624329 
444.563507 308.234222 
82.300568 309.104126 
247.111420 341.320343 
147.788895 203.537415 
131.258469 276.295990 
226.088058 211.950668 
258.597748 172.822800 
112.693275 316.855682 
235.419724 315.517059 
328.877686 242.209808 
346.244995 217.086334 
265.559052 308.233643 
303.358856 121.235336 
435.074310 234.366577 
147.872086 315.780670 
261.270050 213.659576 
246.744293 176.018234 
449.642944 268.988037 
261.318634 320.083557 
334.632416 240.514053 
150.496399 329.043793 
449.243744 213.899521 
257.694611 272.840576 
304.501404 339.361450 
258.597748 172.822800 
322.959320 238.641876 
282.580200 333.192230 
443.081207 221.800735 
247.825302 164.104065 
143.060242 330.353607 
442.488861 300.807159 
245.001785 172.768341 
112.693275 316.855682 
313.360840 340.366730 
487.036835 238.513931 
226.088058 211.950668 
449.243744 213.899521 
439.229889 244.099228 
449.590393 275.848602 
445.952148 221.483139 
433.728546 242.366394 
82.571335 303.199188 
447.012573 302.124939 
144.598465 188.368942 
234.229294 329.260406 
332.970123 266.502655 
332.970123 266.502655 
429.195679 278.972473 
338.557739 249.666275 
419.192261 249.516754 
299.568237 195.757141 
257.426514 328.148865 
282.580200 333.192230 
343.286346 244.992386 
156.585266 220.644165 
215.525879 317.484436 
284.362793 201.092270 
447.112976 219.571152 
399.399628 250.139603 
399.399628 250.139603 
155.296600 224.398895 
282.530121 199.657074 
449.673218 310.957886 
245.001785 172.768341 
155.296600 224.398895 
216.565765 227.533020 
216.565765 227.533020 
481.745331 227.307434 
265.559052 308.233643 
157.408508 325.257294 
155.913971 166.129395 
483.078247 235.602753 
448.625793 244.197495 
448.625793 244.197495 
212.409897 317.586487 
167.727005 303.714996 
332.970123 266.502655 
332.970123 266.502655 
261.270050 213.659576 
262.126892 184.618301 
296.858246 338.979950 
137.852753 262.498474 
93.772324 322.296204 
476.622467 219.084732 
126.199921 320.218597 
433.886261 221.498306 
139.236053 325.075592 
245.001785 172.768341 
226.088058 211.950668 
159.559280 206.175095 
482.150726 225.562332 
262.126892 184.618301 
264.418274 318.313385 
155.913971 166.129395 
415.687347 319.593201 
147.546051 197.821045 
85.649239 300.807526 
292.233551 358.998444 
272.421936 143.960587 
272.421936 143.960587 
330.856873 258.724854 
271.061737 141.491425 
84.723190 313.488525 
213.506531 216.535004 
79.683235 287.885101 
449.243744 213.899521 
306.789856 159.275085 
449.243744 213.899521 
312.442993 238.335800 
491.688080 229.384140 
267.984802 325.986267 
454.300140 241.365067 
345.879242 256.352753 
130.856750 276.904694 
284.814056 145.691345 
460.822693 257.775696 
466.591736 257.992889 
466.591736 257.992889 
282.580200 333.192230 
250.174057 170.327438 
448.625793 244.197495 
448.625793 244.197495 
481.745331 227.307434 
464.500031 245.882385 
416.070282 287.342712 
83.391083 297.097748 
131.258469 276.295990 
415.687347 319.593201 
156.595215 198.933105 
306.278320 335.385590 
255.094772 174.261154 
297.958038 360.410339 
288.446533 148.156555 
156.595215 198.933105 
288.151825 210.771622 
289.687805 337.506897 
234.432312 174.767151 
222.638794 190.534973 
438.433685 256.077087 
440.667236 212.983505 
517.376038 245.902634 
237.607635 177.936020 
146.303467 316.382629 
156.585266 220.644165 
222.436600 210.703278 
306.278320 335.385590 
235.366135 180.795898 
330.856873 258.724854 
313.228729 86.538414 
313.228729 86.538414 
145.861877 216.041000 
246.744293 176.018234 
476.622467 219.084732 
265.559052 308.233643 
221.577927 322.981323 
288.170044 257.625214 
334.632416 240.514053 
147.872086 315.780670 
412.026459 279.517029 
215.095428 172.808914 
235.419724 315.517059 
289.687805 337.506897 
142.040482 209.913376 
142.040482 209.913376 
162.707687 326.912323 
220.887634 206.757553 
415.687347 319.593201 
229.013733 182.545807 
229.013733 182.545807 
435.970154 305.394562 
401.356049 250.147049 
288.446533 148.156555 
470.547516 279.542664 
345.879242 256.352753 
442.221161 235.053833 
453.307129 254.705856 
257.694611 272.840576 
293.800537 249.517151 
364.802063 399.937286 
99.649559 294.316864 
123.468437 325.865021 
493.509827 224.170197 
462.076477 280.526886 
468.868835 231.613251 
141.197693 320.895294 
141.197693 320.895294 
483.198822 210.978073 
420.177979 223.616943 
361.333282 223.776947 
493.509827 224.170197 
217.182343 175.543182 
138.755692 313.976868 
237.580627 174.478531 
278.503540 301.495819 
343.286346 244.992386 
324.117035 181.349075 
242.617630 161.941864 
156.595215 198.933105 
332.970123 266.502655 
162.404251 326.387634 
269.497650 320.329498 
454.300140 241.365067 
284.362793 201.092270 
317.086914 228.086487 
446.666809 209.983292 
403.362457 230.731979 
424.482178 218.915848 
405.641785 271.795013 
405.641785 271.795013 
482.364044 280.634094 
224.865158 311.464508 
233.122162 214.076614 
147.872086 315.780670 
265.088867 323.926514 
146.999557 219.653778 
147.546051 197.821045 
213.506531 216.535004 
422.609131 209.539154 
421.302124 216.424973 
222.638794 190.534973 
287.895386 195.569351 
159.559280 206.175095 
412.026459 279.517029 
275.318817 147.463242 
486.498413 329.069458 
272.419159 235.651016 
445.932098 300.160034 
379.564545 253.156921 
431.492554 262.249756 
501.945190 273.214600 
131.258469 276.295990 
442.832397 330.900482 
139.291382 324.460114 
242.617630 161.941864 
272.419159 235.651016 
159.230774 153.875778 
305.527832 188.980743 
305.527832 188.980743 
289.466003 136.249664 
464.687622 264.470245 
483.300598 213.539597 
265.483856 324.744507 
222.638794 190.534973 
156.585266 220.644165 
216.888245 207.984818 
464.179993 284.952850 
98.452515 309.401367 
448.898346 225.204666 
298.411621 319.908234 
332.970123 266.502655 
84.215706 282.174866 
378.851868 252.869736 
218.718567 177.761871 
479.878387 218.366135 
294.851685 205.118103 
466.591736 257.992889 
144.006821 225.228745 
229.864761 189.667068 
498.475525 268.686676 
448.898346 225.204666 
287.746826 259.150604 
489.864502 221.398163 
217.747284 174.786377 
371.045593 250.806351 
94.100426 317.184784 
460.936249 247.710464 
294.520508 192.395386 
338.557739 249.666275 
405.641785 271.795013 
299.108734 150.644379 
465.666443 250.323090 
227.972107 340.294006 
102.101486 321.708130 
479.878387 218.366135 
422.609131 209.539154 
325.989075 226.710541 
300.839691 183.009842 
448.898346 225.204666 
489.679230 261.187286 
272.419159 235.651016 
123.180817 305.977936 
482.364044 280.634094 
220.887634 206.757553 
282.530121 199.657074 
420.830780 285.642731 
311.108154 162.616592 
215.095428 172.808914 
98.452515 309.401367 
231.553284 169.449692 
416.070282 287.342712 
332.970123 266.502655 
258.238312 170.054794 
482.364044 280.634094 
446.552002 220.782318 
323.604706 179.329712 
159.559280 206.175095 
156.585266 220.644165 
287.895386 195.569351 
460.750092 202.511322 
285.640076 141.334122 
163.158173 199.763443 
266.344360 222.971405 
233.122162 214.076614 
461.397980 298.023865 
144.598465 188.368942 
420.830780 285.642731 
79.243324 314.397186 
159.230774 153.875778 
94.100426 317.184784 
490.914703 327.734436 
159.230774 153.875778 
155.913971 166.129395 
455.273682 233.347778 
466.591736 257.992889 
496.445496 266.843872 
225.326996 211.339600 
332.970123 266.502655 
233.122162 214.076614 
486.498413 329.069458 
242.379807 199.578033 
144.555511 204.437500 
147.872086 315.780670 
442.221161 235.053833 
282.307434 136.044647 
178.708878 279.357025 
247.198944 219.240051 
290.767181 320.638672 
322.136536 324.660767 
308.921265 195.657852 
159.230774 153.875778 
483.198822 210.978073 
205.980865 215.559357 
262.310547 152.643768 
285.640076 141.334122 
156.880463 193.697495 
512.047119 245.628998 
452.324219 292.065216 
146.999557 219.653778 
91.828773 295.193665 
470.368774 280.406830 
315.514954 180.371429 
456.818726 389.131592 
460.936249 247.710464 
156.595215 198.933105 
272.642151 139.414734 
317.086914 228.086487 
327.850342 244.232773 
229.013733 182.545807 
247.198944 219.240051 
141.197693 320.895294 
446.666809 209.983292 
315.514954 180.371429 
156.585266 220.644165 
297.841888 327.921204 
155.296600 224.398895 
315.514954 180.371429 
476.810028 271.436432 
415.687347 319.593201 
403.362457 230.731979 
264.418274 318.313385 
157.538895 305.396332 
444.127228 259.919769 
284.362793 201.092270 
452.011871 292.526367 
272.642151 139.414734 
131.258469 276.295990 
361.191254 220.660843 
237.580627 174.478531 
159.559280 206.175095 
144.598465 188.368942 
403.362457 230.731979 
480.597961 340.555573 
446.958282 248.872375 
235.366135 180.795898 
