500
495.669281 216.525818 
499.006378 212.602310 
499.224030 213.309479 
277.954132 316.842102 
487.472534 199.996902 
168.934311 358.105103 
169.384827 358.093140 
477.616577 200.449936 
140.854721 309.947510 
140.876541 309.769440 
115.265945 347.821259 
258.032715 226.228745 
277.358643 318.034393 
427.357513 267.696564 
293.835876 265.149780 
237.705139 214.002701 
293.072998 265.480408 
257.983459 224.956467 
264.564087 283.646912 
482.200562 208.129578 
185.139893 330.367493 
409.789520 256.887695 
409.823242 257.302277 
480.698212 198.632751 
511.354248 245.172775 
402.649292 259.199219 
95.085289 324.914062 
328.930328 241.075256 
316.308960 238.374298 
316.306244 237.709457 
322.310822 238.937820 
512.354248 245.743256 
180.871384 352.947479 
329.787415 241.477295 
514.521362 215.660385 
475.469971 194.861237 
295.694794 169.280807 
321.012512 318.175751 
94.874336 317.723511 
94.989006 317.818146 
125.238510 351.726929 
426.187927 267.344818 
488.975403 194.954147 
479.454834 204.965393 
264.210205 283.782379 
511.643127 241.435455 
422.766235 270.293579 
342.628479 214.159790 
479.391998 207.700485 
266.480011 281.557129 
329.268341 242.898239 
484.797760 193.085327 
472.051117 269.949310 
290.602478 264.308136 
174.991211 351.859558 
336.078064 263.015656 
424.011810 269.842285 
511.662964 242.092026 
408.675995 257.622620 
514.523560 245.769791 
117.246025 350.705475 
162.009460 359.982849 
251.949646 196.152786 
483.046143 210.592773 
483.461273 190.355270 
338.360077 211.904373 
482.965668 204.144958 
244.444305 224.728958 
224.234619 228.316132 
421.994202 232.669220 
309.479492 341.615753 
262.176422 209.362427 
141.537201 229.929520 
401.303070 220.344070 
229.187378 193.955307 
228.482346 229.328751 
297.782135 254.489594 
310.561890 342.239441 
496.405548 234.997147 
145.165100 195.986160 
327.860138 261.077789 
476.635162 239.344788 
169.854462 358.218079 
207.356964 193.788300 
163.547180 348.080933 
164.439911 344.420197 
505.428192 239.228439 
118.079704 360.485474 
418.733673 228.432098 
334.703094 253.291885 
259.798096 230.915665 
122.902138 341.897552 
339.992523 238.847870 
131.289047 352.136749 
291.446747 267.140533 
294.982117 163.270966 
229.199844 195.374512 
327.712433 262.063629 
307.286835 341.231964 
424.614136 234.329758 
266.319733 143.737717 
162.561829 344.678345 
289.884949 264.094757 
333.953064 236.952393 
187.810043 343.291260 
229.090988 193.150406 
478.496979 207.500641 
94.999809 317.161133 
203.799118 346.088409 
313.912750 364.059143 
340.629303 239.338165 
224.722977 228.605118 
276.389801 329.970612 
435.014587 183.570938 
439.715118 206.709900 
321.559296 179.136185 
343.155396 242.046066 
417.463348 229.224258 
476.443207 210.209229 
270.992432 332.340576 
204.880142 308.194611 
235.760849 192.030594 
111.264595 358.983551 
124.073280 358.581329 
322.303009 341.533569 
321.454498 318.971313 
444.916168 284.736786 
241.297592 266.091553 
422.377289 195.807526 
306.998871 178.043091 
346.210571 209.843353 
129.971649 350.693451 
473.180206 233.610489 
223.787094 229.705475 
96.997047 337.415680 
469.757233 260.276428 
507.156189 241.176178 
405.927979 207.468094 
336.521332 236.765503 
300.208954 338.536713 
488.659576 197.813354 
330.993652 259.761566 
253.056992 329.753937 
280.849182 331.136444 
475.863342 253.342041 
418.688660 232.780334 
419.208984 232.677444 
222.885727 206.522629 
118.771545 360.176239 
97.632317 337.033020 
499.867218 298.485077 
217.751556 227.601089 
472.971191 192.587036 
145.280746 185.281174 
315.344543 216.925217 
274.593597 330.095123 
104.891609 358.638428 
144.474930 196.830963 
482.839203 191.689438 
282.265472 334.434967 
420.224854 228.400513 
403.990906 201.044083 
297.370148 166.683060 
256.719116 229.286301 
501.057495 237.635727 
271.115631 330.809509 
416.836914 261.113037 
233.482452 335.916534 
309.483643 345.343719 
498.542267 299.490753 
311.918945 241.095154 
457.462158 212.850571 
248.387451 184.722076 
216.781448 246.309509 
217.147476 245.951736 
336.621826 242.453476 
230.889572 337.555359 
322.834015 336.758362 
277.118378 319.964813 
139.824249 306.077972 
226.979614 225.443069 
217.597763 201.334381 
495.019745 238.501221 
433.092773 216.191467 
264.771454 210.830200 
429.029053 222.890533 
298.079773 265.267181 
346.718689 208.824356 
247.564331 178.685577 
465.665558 270.771729 
465.853638 271.246643 
175.119980 357.206207 
318.804321 362.654358 
154.274841 239.087433 
407.555786 229.525131 
237.628998 189.552307 
224.527985 225.067307 
225.126419 225.204132 
294.626099 208.357193 
176.130936 356.870575 
453.380463 231.897324 
356.598206 219.583649 
224.616959 346.472870 
344.335663 240.859207 
304.817841 182.851562 
426.391754 218.945129 
279.422089 327.707245 
437.175903 191.928864 
402.699066 208.518265 
162.029678 340.988892 
280.938660 202.224579 
214.794708 222.964828 
92.858292 341.317688 
93.249245 340.766693 
440.862640 201.382996 
141.853683 357.794373 
456.580750 212.277695 
422.419647 213.563156 
249.066437 184.639572 
438.998138 200.919327 
326.548431 341.158569 
269.056030 149.507660 
294.632996 205.969742 
228.619629 220.204239 
475.633148 254.822800 
455.863495 279.359741 
283.148682 332.445831 
347.606354 231.717026 
332.179413 238.464096 
506.246124 213.313507 
238.871078 327.525055 
174.563416 330.416473 
277.151093 321.404083 
440.915924 189.734283 
412.948944 222.443085 
265.331665 230.575470 
311.194824 213.866119 
214.753464 207.627533 
453.839996 277.710266 
440.333740 200.796509 
147.688766 183.587692 
105.602036 366.053406 
232.588531 349.782196 
293.725952 207.161118 
248.618805 179.863693 
454.004517 197.295837 
337.346588 264.702881 
147.502335 183.423813 
141.816086 304.102295 
343.081940 219.674149 
214.453979 204.319733 
228.171692 222.640411 
469.286804 270.763550 
203.508667 191.379761 
429.767059 202.466522 
221.067032 207.892120 
349.027679 250.185608 
338.412262 268.123260 
327.444763 242.615799 
271.679596 154.417725 
522.760193 233.210480 
283.830902 336.298309 
256.433777 192.976257 
287.366882 198.124771 
338.268005 266.947113 
338.097382 267.024475 
321.234406 336.869720 
232.978027 219.450806 
315.020966 176.432098 
480.977509 362.270782 
244.346237 339.794830 
212.991806 206.734222 
337.865631 260.231842 
455.690308 243.086426 
334.575378 250.391586 
246.308411 239.274460 
223.130936 201.081848 
512.616333 268.227478 
512.920471 268.299927 
314.637177 277.512238 
485.245789 248.577927 
436.197662 185.156250 
415.355957 212.548492 
313.881561 174.472549 
359.480835 213.171799 
283.500732 126.528732 
315.625214 276.738953 
359.670715 218.735321 
238.754730 183.500412 
298.578064 165.676605 
233.639801 219.498215 
416.611420 212.894913 
412.924469 229.103012 
251.569397 330.376740 
123.327278 345.838806 
348.103546 250.020752 
408.516357 227.614761 
204.949081 192.177109 
255.727020 155.115356 
256.416321 155.375732 
229.387512 340.233215 
329.489227 264.886566 
415.594452 209.087570 
289.776459 168.517517 
514.719055 217.582260 
112.247520 331.191132 
145.829193 188.398727 
416.237305 261.594849 
442.756683 209.873672 
478.454865 231.517487 
215.821045 208.454163 
265.369873 211.902954 
105.462227 358.172729 
272.889160 242.952789 
217.042404 224.995911 
457.034637 252.933212 
466.145966 207.142761 
247.075500 177.787308 
430.991577 222.423874 
309.284515 185.201736 
144.957062 354.162292 
245.896713 231.918381 
300.392975 338.348663 
473.226471 191.528610 
214.061234 222.645111 
405.495544 200.001221 
487.734802 230.163132 
401.723145 209.547394 
220.875183 200.060715 
221.469376 200.330612 
449.728516 207.182205 
509.031677 208.939148 
502.595276 214.078186 
167.148773 358.505463 
405.923157 214.109802 
137.697983 307.589325 
405.744080 231.668915 
157.158630 355.677551 
454.443939 274.576538 
205.847992 344.573761 
445.319153 214.910843 
266.794281 139.591690 
325.691650 259.767059 
460.400543 224.241867 
313.609283 181.475815 
244.765274 226.597412 
219.839111 206.212524 
406.017578 226.780914 
273.790741 155.310440 
263.372101 158.847198 
225.096817 208.164368 
200.725677 190.824982 
201.351746 190.961014 
247.861328 226.352798 
455.405304 200.519882 
341.082001 237.221695 
225.314331 199.376740 
237.476105 189.229248 
236.753830 213.997253 
265.508423 352.481445 
222.386185 209.696655 
213.365311 227.407654 
228.275467 335.456573 
246.188156 181.979462 
353.350647 244.621735 
160.369324 344.687012 
311.549316 177.664429 
294.505798 190.120422 
148.502716 355.251404 
240.558456 324.375427 
300.678711 208.521011 
285.875458 215.350189 
436.332794 226.580765 
265.538574 236.212158 
273.146515 244.093445 
119.859894 347.173370 
441.131744 198.994675 
149.352554 183.643234 
331.859711 266.165649 
432.838196 223.042953 
243.263123 327.784302 
267.437561 155.548752 
283.415741 335.672760 
402.172668 214.032516 
229.880875 334.217041 
429.653961 221.737976 
353.828461 244.020630 
238.560867 182.934814 
342.228333 213.336273 
224.701218 190.437866 
237.116135 236.096756 
454.216064 202.652359 
373.184052 242.045959 
291.507111 189.882538 
409.130341 226.773300 
282.219696 194.875641 
385.506989 388.852295 
454.966095 201.647659 
143.413666 229.467377 
330.808289 213.296997 
309.510864 180.676666 
245.524445 227.177521 
339.481628 217.398972 
308.614655 185.569000 
403.544800 229.720947 
234.052368 186.844788 
349.419922 337.304108 
485.265594 194.785385 
234.962738 186.864227 
448.348572 216.112732 
131.110336 184.489380 
213.933197 225.113586 
142.919678 183.854813 
270.321960 244.353424 
269.551910 244.029968 
424.107605 388.581940 
492.143829 193.491501 
275.502258 337.885132 
247.427948 235.573318 
290.416107 188.581863 
210.673325 196.873795 
480.066711 231.884491 
453.532776 219.568619 
256.176941 229.112793 
350.660736 218.050522 
455.625458 219.855743 
241.760925 221.754303 
342.974915 248.351608 
129.744049 349.987610 
436.563263 178.632843 
327.921539 258.200897 
460.489410 206.868530 
288.355774 194.537415 
137.134506 304.950195 
246.267273 187.612473 
476.886200 185.914627 
230.992279 228.521759 
227.082504 189.261261 
287.565002 212.162613 
146.678329 188.414856 
472.969604 189.549072 
313.334686 180.378937 
263.127136 157.795364 
94.124992 358.003601 
454.447449 243.365128 
440.169189 177.531525 
469.780518 233.442810 
255.216522 236.286880 
248.242371 331.843353 
355.114441 248.320206 
459.515350 255.202072 
437.614716 186.050339 
331.909912 267.876831 
156.980957 348.603424 
157.308762 349.244690 
128.015717 185.188232 
249.569305 172.178528 
222.061600 203.756821 
424.809631 183.752151 
144.910095 215.617477 
452.242096 180.824448 
241.950378 190.879517 
122.618179 346.934601 
341.494629 283.861511 
287.064056 90.533890 
287.086761 90.585007 
232.246918 190.523453 
313.052399 175.205338 
451.627289 182.800873 
223.160675 210.506958 
167.856125 339.465454 
209.241455 186.891525 
487.824249 229.451370 
237.731598 236.824539 
491.574768 247.817764 
392.253265 390.279602 
119.132904 346.044434 
345.499237 260.967224 
476.079529 184.352997 
419.711548 201.916061 
271.470917 185.878220 
116.228767 346.046112 
229.466095 220.663040 
498.888885 270.644104 
303.150879 202.586456 
471.837097 238.041641 
305.431396 252.119904 
262.757385 348.520966 
298.077087 336.358917 
306.162170 185.647842 
280.945648 155.612823 
310.554474 263.249756 
127.622887 186.192337 
337.145081 324.055054 
243.324478 268.911346 
360.613831 215.802948 
273.473755 245.118408 
339.629089 269.998260 
468.920044 233.207108 
468.996887 233.351181 
