500
347.521667 214.713257 
277.954132 316.842102 
277.358643 318.034393 
412.924469 229.103012 
43.104763 347.265991 
323.271057 322.871704 
162.561829 344.678345 
275.489380 206.318069 
92.858292 341.317688 
93.249245 340.766693 
309.960236 270.835297 
359.670715 218.735321 
279.952209 208.148148 
218.060318 203.691299 
420.224854 228.400513 
95.352943 344.733612 
227.957962 197.168549 
160.369324 344.687012 
269.056030 149.507660 
313.912750 364.059143 
162.009460 359.982849 
266.319733 143.737717 
233.482452 335.916534 
290.602478 264.308136 
288.355774 194.537415 
280.938660 202.224579 
277.118378 319.964813 
293.835876 265.149780 
294.897858 201.270309 
154.629547 249.807922 
293.072998 265.480408 
150.424469 245.650299 
155.918762 253.701309 
342.228333 213.336273 
452.556030 247.821045 
444.916168 284.736786 
421.994202 232.669220 
256.686829 195.607056 
342.628479 214.159790 
276.389801 329.970612 
277.151093 321.404083 
455.071899 242.241531 
298.064026 193.100067 
297.512817 193.124481 
343.081940 219.674149 
248.242371 331.843353 
289.884949 264.094757 
455.690308 243.086426 
268.198914 146.101501 
454.447449 243.365128 
234.052368 186.844788 
217.597763 201.334381 
402.895203 236.330093 
234.962738 186.864227 
251.569397 330.376740 
94.124992 358.003601 
290.013855 307.430389 
440.225250 235.719254 
426.391754 218.945129 
256.873901 197.485184 
238.871078 327.525055 
322.310242 322.555450 
164.439911 344.420197 
479.391998 207.700485 
310.490570 269.410095 
321.012512 318.175751 
162.029678 340.988892 
154.168671 254.417450 
267.910004 144.536240 
460.160126 269.354584 
174.563416 330.416473 
483.046143 210.592773 
340.748169 206.664093 
110.230438 355.415344 
153.054504 237.520538 
100.939125 353.330231 
236.434601 178.818359 
141.847855 232.789413 
159.069122 344.441101 
478.496979 207.500641 
245.896713 231.918381 
149.909515 241.834595 
509.031677 208.939148 
289.978851 308.051697 
146.605087 251.137436 
270.992432 332.340576 
272.651001 143.708038 
499.006378 212.602310 
499.224030 213.309479 
492.143829 193.491501 
140.137543 235.660950 
429.767059 202.466522 
228.482346 229.328751 
249.066437 184.639572 
269.776886 153.949295 
421.939453 258.685944 
90.325943 309.339233 
112.247520 331.191132 
238.754730 183.500412 
291.470215 170.573074 
125.238510 351.726929 
175.119980 357.206207 
453.532776 219.568619 
443.379181 221.279144 
443.335907 220.590134 
275.502258 337.885132 
144.072876 234.656677 
322.310822 238.937820 
433.092773 216.191467 
429.653961 221.737976 
97.904732 344.235321 
309.284515 185.201736 
274.593597 330.095123 
480.591888 244.550018 
315.023590 229.914536 
157.871841 343.858063 
118.771545 360.176239 
455.625458 219.855743 
229.880875 334.217041 
174.709518 325.050964 
219.839111 206.212524 
456.580750 212.277695 
438.820221 223.463730 
491.574768 247.817764 
248.387451 184.722076 
337.346588 264.702881 
246.267273 187.612473 
174.743668 347.517303 
238.560867 182.934814 
468.920044 233.207108 
468.996887 233.351181 
472.706482 219.916321 
487.824249 229.451370 
263.127136 157.795364 
337.145081 324.055054 
482.200562 208.129578 
314.637177 277.512238 
469.780518 233.442810 
462.194031 233.512207 
257.983459 224.956467 
118.079704 360.485474 
429.029053 222.890533 
308.614655 185.569000 
251.949646 196.152786 
119.344109 367.901917 
457.462158 212.850571 
287.366882 198.124771 
221.067032 207.892120 
446.061829 239.059998 
156.323822 256.482849 
454.286255 253.191605 
146.427399 253.477539 
487.452209 253.028503 
430.991577 222.423874 
336.647644 210.054214 
278.889557 208.209000 
258.718750 195.151413 
253.056992 329.753937 
271.115631 330.809509 
210.673325 196.873795 
273.790741 155.310440 
294.505798 190.120422 
105.462227 358.172729 
151.637482 258.556854 
476.443207 210.209229 
228.370865 181.848770 
507.156189 241.176178 
329.268341 242.898239 
289.654449 165.507187 
483.702820 229.438843 
144.957062 354.162292 
484.797760 193.085327 
315.625214 276.738953 
453.839996 277.710266 
292.807129 200.391083 
246.188156 181.979462 
453.614594 285.089844 
482.965668 204.144958 
288.636597 165.905716 
475.633148 254.822800 
227.807236 177.758682 
216.781448 246.309509 
217.147476 245.951736 
460.244781 269.729584 
154.274841 239.087433 
262.176422 209.362427 
163.547180 348.080933 
265.331665 230.575470 
487.472534 199.996902 
290.416107 188.581863 
237.224060 182.103546 
156.980957 348.603424 
157.308762 349.244690 
486.680603 261.664093 
279.422089 327.707245 
437.175903 191.928864 
143.413666 229.467377 
356.598206 219.583649 
444.037384 192.521576 
153.644501 228.653061 
321.454498 318.971313 
214.753464 207.627533 
336.078064 263.015656 
422.419647 213.563156 
291.116333 186.837341 
306.978546 214.078522 
473.876984 226.937515 
478.454865 231.517487 
486.983704 253.691315 
144.961624 256.759308 
271.679596 154.417725 
380.840485 242.874969 
296.289185 198.740112 
338.360077 211.904373 
488.975403 194.954147 
215.882553 188.698410 
248.617050 164.803467 
433.457458 240.750488 
117.246025 350.705475 
248.577560 164.029572 
129.971649 350.693451 
455.863495 279.359741 
476.886200 185.914627 
284.763519 157.767471 
151.889145 259.686157 
447.103516 193.067688 
465.665558 270.771729 
465.853638 271.246643 
213.125015 189.625305 
412.948944 222.443085 
474.284607 227.762741 
480.698212 198.632751 
432.838196 223.042953 
315.344543 216.925217 
266.322754 229.384552 
244.765274 226.597412 
145.217224 246.788361 
291.507111 189.882538 
485.245789 248.577927 
418.688660 232.780334 
419.208984 232.677444 
476.079529 184.352997 
472.496033 238.946793 
491.947266 231.499207 
154.279572 259.523224 
472.622803 248.342728 
212.306519 197.018814 
153.580780 341.965363 
157.158630 355.677551 
350.660736 218.050522 
224.234619 228.316132 
287.565002 212.162613 
167.148773 358.505463 
382.352875 243.046265 
460.693756 221.403214 
460.952057 221.133881 
482.839203 191.689438 
314.019531 217.237885 
291.383606 162.534088 
476.164917 183.115250 
511.662964 242.092026 
417.463348 229.224258 
467.175232 239.234482 
243.263123 327.784302 
241.950378 190.879517 
479.454834 204.965393 
224.722977 228.605118 
256.544312 221.066711 
322.777039 177.062225 
475.469971 194.861237 
463.117126 220.887161 
471.837097 238.041641 
501.057495 237.635727 
287.359192 213.404556 
477.420166 250.447815 
495.669281 216.525818 
152.880661 228.374283 
264.181122 232.427567 
290.698181 173.847443 
263.372101 158.847198 
475.378906 211.698151 
475.863342 253.342041 
469.286804 270.763550 
223.787094 229.705475 
124.073280 358.581329 
469.757233 260.276428 
212.991806 206.734222 
258.032715 226.228745 
51.253273 306.947327 
238.150620 326.893646 
248.618805 179.863693 
311.350708 187.079361 
385.506989 388.852295 
433.909882 243.415894 
450.449097 228.160751 
450.497864 227.566467 
90.430161 336.858978 
471.862610 210.279297 
344.335663 240.859207 
496.405548 234.997147 
333.953064 236.952393 
441.131744 198.994675 
469.046783 193.166885 
454.216064 202.652359 
440.862640 201.382996 
428.048187 186.232880 
309.510864 180.676666 
439.715118 206.709900 
286.379883 307.200012 
180.871384 352.947479 
374.269623 252.218948 
146.051941 256.534210 
304.736542 322.001526 
245.524445 227.177521 
454.443939 274.576538 
466.145966 207.142761 
480.709290 256.877594 
502.595276 214.078186 
155.033661 227.395874 
155.960251 348.822083 
462.919373 254.995239 
222.061600 203.756821 
477.733826 228.211914 
258.733765 155.791290 
254.931595 151.082367 
313.109528 227.775177 
267.437561 155.548752 
314.452362 221.494812 
200.725677 190.824982 
201.351746 190.961014 
464.767517 224.417969 
460.400543 224.241867 
449.409027 281.476318 
292.332245 308.354889 
462.495209 187.076187 
472.971191 192.587036 
148.430161 228.970596 
454.004517 197.295837 
408.675995 257.622620 
452.510681 184.218277 
269.529907 147.077652 
471.390228 217.741226 
485.265594 194.785385 
452.242096 180.824448 
346.210571 209.843353 
477.390442 227.550339 
465.590759 224.269592 
453.380463 231.897324 
491.950867 268.080566 
452.859650 178.872452 
444.152191 217.529251 
260.980621 154.895264 
215.607285 191.404312 
94.874336 317.723511 
94.989006 317.818146 
424.107605 388.581940 
454.966095 201.647659 
392.253265 390.279602 
485.523224 177.531418 
311.098297 278.970520 
299.982300 200.260117 
247.564331 178.685577 
155.845978 353.763550 
409.789520 256.887695 
409.823242 257.302277 
484.324890 255.572250 
169.854462 358.218079 
451.627289 182.800873 
457.034637 252.933212 
511.354248 245.172775 
363.554626 219.903809 
282.158936 164.509048 
444.737213 196.528961 
483.461273 190.355270 
455.405304 200.519882 
141.576950 220.898956 
336.521332 236.765503 
205.847992 344.573761 
213.835129 236.299408 
506.246124 213.313507 
101.518227 336.428711 
213.095200 236.570175 
280.945648 155.612823 
472.887054 175.807159 
327.444763 242.615799 
99.478806 340.212189 
281.572968 155.270935 
247.427948 235.573318 
313.609283 181.475815 
436.631714 234.182556 
460.109894 223.441711 
448.063782 223.600327 
407.924438 201.230774 
141.856400 221.528839 
291.807770 211.285492 
448.348572 216.112732 
418.733673 228.432098 
210.084167 235.284134 
471.290375 273.976135 
338.268005 266.947113 
338.097382 267.024475 
438.124786 218.982147 
349.027679 250.185608 
24.693386 360.296051 
509.712402 256.410950 
521.098816 436.673004 
315.087311 220.671036 
222.386185 209.696655 
346.718689 208.824356 
469.155701 214.632385 
477.616577 200.449936 
328.930328 241.075256 
203.799118 346.088409 
348.103546 250.020752 
473.226471 191.528610 
141.537201 229.929520 
413.144165 285.468048 
213.365311 227.407654 
252.947998 148.655426 
506.897339 316.366211 
473.853546 176.087723 
136.680145 217.683456 
213.933197 225.113586 
512.616333 268.227478 
512.920471 268.299927 
443.766174 179.342789 
445.156433 195.985825 
225.314331 199.376740 
324.450684 176.054520 
488.743103 315.306915 
313.334686 180.378937 
360.613831 215.802948 
447.259308 224.446945 
217.042404 224.995911 
436.563263 178.632843 
505.428192 239.228439 
436.332794 226.580765 
111.264595 358.983551 
476.635162 239.344788 
447.424133 196.111877 
265.538574 236.212158 
480.371521 260.497803 
469.825623 224.688889 
502.442902 276.652527 
479.827209 253.257080 
445.319153 214.910843 
442.756683 209.873672 
314.303589 222.371414 
511.643127 241.435455 
440.574432 311.511627 
94.999809 317.161133 
459.515350 255.202072 
217.751556 227.601089 
411.187164 282.964722 
282.849762 224.349167 
329.787415 241.477295 
248.764053 236.464432 
438.998138 200.919327 
484.597961 314.025482 
427.357513 267.696564 
460.045197 256.502319 
461.142151 288.183105 
440.333740 200.796509 
466.228546 274.259338 
426.187927 267.344818 
459.326447 192.087021 
488.659576 197.813354 
247.075500 177.787308 
514.719055 217.582260 
483.727081 309.583801 
207.885635 236.283218 
229.199844 195.374512 
415.355957 212.548492 
416.611420 212.894913 
476.095398 181.783798 
422.766235 270.293579 
275.589874 141.828827 
336.621826 242.453476 
286.990967 214.646515 
271.828430 310.610199 
247.157379 326.726929 
499.867218 298.485077 
145.664688 241.999344 
146.209671 242.334015 
377.041534 242.548264 
522.760193 233.210480 
253.284683 144.549728 
388.642853 375.124908 
215.821045 208.454163 
438.222473 312.612915 
77.436989 319.977417 
436.167358 251.901321 
214.453979 204.319733 
452.379303 210.324860 
272.933868 301.257568 
168.934311 358.105103 
169.384827 358.093140 
469.019379 211.364059 
266.598022 314.231323 
405.927979 207.468094 
