500
369.600555 81.297592 
368.815552 86.015472 
368.412872 76.022003 
387.025757 76.465027 
368.815552 86.015472 
260.869720 318.136963 
365.198273 314.829529 
367.201630 82.767555 
394.405212 101.626564 
368.412872 76.022003 
368.412872 76.022003 
386.243683 99.702309 
386.243683 99.702309 
420.870819 123.353630 
388.595917 97.490540 
365.198273 314.829529 
374.488403 106.511131 
368.815552 86.015472 
260.869720 318.136963 
332.113068 144.798676 
372.556458 109.967537 
386.243683 99.702309 
368.412872 76.022003 
368.815552 86.015472 
260.869720 318.136963 
260.869720 318.136963 
374.488403 106.511131 
264.351807 275.283356 
386.069672 71.747467 
386.069672 71.747467 
386.547241 60.979103 
359.176727 137.130417 
394.405212 101.626564 
364.532440 70.954910 
239.394318 315.073853 
364.532440 70.954910 
239.394318 315.073853 
243.702118 224.064499 
351.091705 132.458817 
360.597504 94.769722 
325.058502 232.747528 
260.869720 318.136963 
359.176727 137.130417 
341.318176 243.305954 
392.250671 97.680893 
356.542694 122.796043 
409.469299 112.905647 
362.227936 151.251968 
362.227936 151.251968 
362.227936 151.251968 
349.894226 120.099213 
368.412872 76.022003 
260.869720 318.136963 
374.837524 124.401360 
366.494049 146.664719 
359.176727 137.130417 
392.250671 97.680893 
267.227814 247.565857 
218.292068 264.397278 
386.547241 60.979103 
264.351807 275.283356 
218.292068 264.397278 
241.607025 307.307373 
330.108582 402.037842 
359.176727 137.130417 
376.755768 114.144157 
219.878052 286.569977 
247.472794 277.181030 
260.869720 318.136963 
394.164948 307.778778 
273.150574 242.737747 
290.169922 430.166290 
290.169922 430.166290 
260.869720 318.136963 
260.869720 318.136963 
372.556458 109.967537 
325.058502 232.747528 
341.318176 243.305954 
403.226288 84.677292 
365.198273 314.829529 
340.829163 156.875946 
254.951965 303.765076 
394.164948 307.778778 
241.518265 307.847656 
214.960464 238.892227 
275.105408 420.144806 
254.951965 303.765076 
231.705170 317.420044 
185.207230 364.210876 
411.515015 95.686424 
272.208344 300.047333 
372.335266 77.425034 
365.886292 115.554581 
574.333374 191.126358 
416.202515 75.376358 
247.472794 277.181030 
271.386658 299.501007 
355.968689 149.751297 
239.394318 315.073853 
271.386658 299.501007 
219.878052 286.569977 
341.318176 243.305954 
259.801331 238.304016 
305.679535 201.876755 
341.630798 126.227585 
378.042908 319.913574 
413.514130 73.795853 
378.839966 106.785759 
343.919128 110.723015 
324.397400 228.417374 
365.198273 314.829529 
369.230347 66.666229 
372.556458 109.967537 
372.556458 109.967537 
185.337402 361.011475 
305.679535 201.876755 
325.058502 232.747528 
353.721069 138.440399 
273.287384 333.032898 
273.287384 333.032898 
257.159485 322.360809 
359.176727 137.130417 
351.091705 132.458817 
353.640106 85.124023 
332.113068 144.798676 
378.839966 106.785759 
394.405212 101.626564 
340.878082 236.220718 
355.968689 149.751297 
376.755768 114.144157 
327.551453 112.073128 
374.837524 124.401360 
325.058502 232.747528 
380.046631 103.350494 
394.405212 101.626564 
350.484497 151.276932 
349.341888 103.079956 
369.230347 66.666229 
396.705383 108.152588 
340.162506 416.578674 
347.646790 96.911026 
394.164948 307.778778 
327.539490 428.065308 
346.518311 234.778427 
416.202515 75.376358 
420.870819 123.353630 
351.934479 148.691025 
185.337402 361.011475 
409.469299 112.905647 
344.584106 422.301575 
264.351807 275.283356 
368.412872 76.022003 
363.918335 299.662109 
348.891144 266.446136 
272.438782 260.978973 
259.385895 321.259918 
340.878082 236.220718 
275.082703 303.398682 
363.918335 299.662109 
255.966492 298.556732 
350.484497 151.276932 
347.666199 137.955002 
387.657196 111.555481 
385.884521 278.425751 
355.468414 129.816010 
360.710938 101.439240 
259.801331 238.304016 
359.443451 370.870392 
419.475830 153.600235 
348.972351 267.856323 
349.894226 120.099213 
272.438782 260.978973 
418.921692 128.233215 
418.921692 128.233215 
185.207230 364.210876 
241.518265 307.847656 
272.702637 237.406250 
241.518265 307.847656 
324.970245 228.348099 
349.341888 103.079956 
232.601913 276.759186 
394.817810 89.800690 
387.657196 111.555481 
325.065216 107.711113 
356.542694 122.796043 
363.918335 299.662109 
259.801331 238.304016 
292.625610 234.629318 
272.438782 260.978973 
349.341888 103.079956 
231.705170 317.420044 
332.113068 144.798676 
304.959625 204.764236 
325.058502 232.747528 
338.192444 139.894730 
275.082703 303.398682 
403.226288 84.677292 
394.405212 101.626564 
394.405212 101.626564 
404.056641 286.899445 
275.105408 420.144806 
235.941666 274.663147 
255.228973 299.405884 
272.208344 300.047333 
185.337402 361.011475 
234.865097 286.209290 
353.640106 85.124023 
377.163239 116.388519 
377.163239 116.388519 
359.443451 370.870392 
256.969849 322.862549 
235.941666 274.663147 
231.705170 317.420044 
420.186218 154.785278 
272.438782 260.978973 
328.700409 124.678246 
258.039093 243.770172 
278.530243 252.053421 
327.927094 104.004120 
290.169922 430.166290 
220.154999 316.116577 
332.345306 429.211670 
348.891144 266.446136 
260.869720 318.136963 
272.438782 260.978973 
230.904160 293.877594 
272.013031 258.348846 
341.318176 243.305954 
378.170380 78.203003 
342.043335 235.251740 
185.337402 361.011475 
272.013031 258.348846 
275.082703 303.398682 
507.268585 162.232544 
236.061630 278.310211 
328.760834 428.987152 
292.625610 234.629318 
227.025620 314.190155 
302.652161 321.963959 
275.082703 303.398682 
358.392700 139.762604 
377.163239 116.388519 
255.228973 299.405884 
416.202515 75.376358 
275.105408 420.144806 
340.429474 152.307831 
356.542694 122.796043 
331.848755 427.263550 
257.159485 322.360809 
347.372559 199.581146 
353.917053 138.945160 
243.702118 224.064499 
416.202515 75.376358 
354.933807 82.116341 
290.169922 430.166290 
420.870819 123.353630 
345.017639 146.722351 
332.034943 219.717911 
272.438782 260.978973 
326.356323 143.508331 
230.904160 293.877594 
353.710815 159.588028 
219.878052 286.569977 
332.034943 219.717911 
272.208344 300.047333 
340.399048 141.668671 
364.532440 70.954910 
214.582108 306.963531 
348.891144 266.446136 
220.154999 316.116577 
231.223953 273.725891 
281.106293 304.090851 
340.399048 141.668671 
394.639557 307.984589 
255.228973 299.405884 
290.169922 430.166290 
341.070892 408.859436 
185.337402 361.011475 
232.889160 289.566345 
377.163239 116.388519 
341.574036 220.952225 
241.518265 307.847656 
234.865097 286.209290 
328.760834 428.987152 
272.438782 260.978973 
396.705383 108.152588 
275.082703 303.398682 
327.551453 112.073128 
281.106293 304.090851 
223.097916 309.719360 
341.630798 126.227585 
410.473358 119.933098 
230.076340 282.149811 
245.115158 400.050385 
341.318176 243.305954 
264.528748 216.031036 
185.337402 361.011475 
350.484497 151.276932 
375.297424 322.708160 
290.169922 430.166290 
364.147034 83.969521 
349.194214 268.650482 
335.432953 110.540466 
275.105408 420.144806 
230.076340 282.149811 
275.105408 420.144806 
272.438782 260.978973 
404.056641 286.899445 
360.710938 101.439240 
353.500916 103.067604 
399.847931 99.275124 
264.351807 275.283356 
264.351807 275.283356 
327.791534 99.873947 
355.468414 129.816010 
355.468414 129.816010 
272.208344 300.047333 
231.223953 273.725891 
411.515015 95.686424 
335.432953 110.540466 
316.102509 247.468796 
375.297424 322.708160 
268.122009 205.547867 
273.150574 242.737747 
243.702118 224.064499 
224.527481 389.422119 
272.438782 260.978973 
335.432953 110.540466 
353.640106 85.124023 
229.568527 285.537201 
305.679535 201.876755 
346.518311 234.778427 
335.558899 226.073410 
359.026337 58.934307 
332.087708 221.312332 
324.970245 228.348099 
255.966492 298.556732 
353.710815 159.588028 
411.515015 95.686424 
272.438782 260.978973 
354.655487 119.469193 
255.228973 299.405884 
414.485474 78.170685 
205.131851 236.087662 
275.082703 303.398682 
232.976746 290.796478 
325.058502 232.747528 
353.500916 103.067604 
224.090103 281.607361 
230.904160 293.877594 
415.245544 262.104401 
257.159485 322.360809 
233.230270 379.117126 
284.207855 422.990875 
229.568527 285.537201 
349.341888 103.079956 
346.518311 234.778427 
271.386658 299.501007 
330.422333 422.558838 
384.778168 434.677582 
375.127991 110.537445 
281.106293 304.090851 
320.891724 195.190353 
385.582306 167.476059 
325.358002 104.634392 
388.091400 107.768204 
346.518311 234.778427 
346.518311 234.778427 
185.337402 361.011475 
357.958588 82.413467 
350.484497 151.276932 
275.082703 303.398682 
257.159485 322.360809 
254.951965 303.765076 
349.341888 103.079956 
354.933807 82.116341 
275.234314 285.922150 
332.087708 221.312332 
185.337402 361.011475 
419.475830 153.600235 
368.815552 86.015472 
357.958588 82.413467 
377.163239 116.388519 
365.198273 314.829529 
390.910553 144.841888 
390.910553 144.841888 
405.026581 88.404549 
334.445068 96.598694 
260.869720 318.136963 
353.640106 85.124023 
233.230270 379.117126 
378.839966 106.785759 
341.574036 220.952225 
255.966492 298.556732 
433.400574 290.829742 
340.821442 422.409210 
230.076340 282.149811 
349.341888 103.079956 
355.468414 129.816010 
267.591034 254.591034 
332.087708 221.312332 
232.976746 290.796478 
260.869720 318.136963 
346.518311 234.778427 
325.058502 232.747528 
232.976746 290.796478 
230.904160 293.877594 
272.438782 260.978973 
352.794464 188.470581 
378.728851 170.304459 
378.728851 170.304459 
260.756622 318.735443 
396.705383 108.152588 
292.625610 234.629318 
292.625610 234.629318 
332.409668 136.326584 
410.865234 80.705376 
219.878052 286.569977 
272.438782 260.978973 
396.705383 108.152588 
350.425537 236.861267 
385.582306 167.476059 
302.652161 321.963959 
345.537598 431.825073 
333.546967 95.373993 
223.525757 313.991150 
439.708649 87.665665 
439.708649 87.665665 
275.105408 420.144806 
255.228973 299.405884 
267.227814 247.565857 
391.884125 279.250885 
332.034943 219.717911 
325.673462 120.509598 
340.821442 422.409210 
272.208344 300.047333 
245.195679 230.006317 
417.292328 111.454323 
301.745026 216.663605 
212.079239 232.860764 
363.918335 299.662109 
385.884521 278.425751 
255.228973 299.405884 
363.918335 299.662109 
332.409668 136.326584 
233.051636 383.592865 
275.082703 303.398682 
235.367325 299.522430 
365.198273 314.829529 
343.919128 110.723015 
347.372559 199.581146 
473.887756 223.662247 
351.091705 132.458817 
272.208344 300.047333 
325.673462 120.509598 
363.981964 346.523621 
363.918335 299.662109 
394.817810 89.800690 
290.169922 430.166290 
347.646790 96.911026 
258.245178 339.066986 
220.550446 294.693787 
255.966492 298.556732 
420.870819 123.353630 
301.745026 216.663605 
407.938629 78.950668 
343.919128 110.723015 
394.639557 307.984589 
227.532089 378.791473 
264.528748 216.031036 
254.951965 303.765076 
356.428406 69.882210 
264.528748 216.031036 
219.186630 241.018723 
359.443451 370.870392 
327.551453 112.073128 
359.443451 370.870392 
359.443451 370.870392 
374.023529 434.913269 
259.385895 321.259918 
254.951965 303.765076 
397.514557 104.682289 
356.428406 69.882210 
272.208344 300.047333 
355.104706 76.586311 
341.318176 243.305954 
235.965469 298.501129 
235.965469 298.501129 
364.532440 70.954910 
325.305634 276.690521 
224.151123 275.561493 
233.230270 379.117126 
290.169922 430.166290 
227.532089 378.791473 
290.169922 430.166290 
348.891144 266.446136 
387.657196 111.555481 
272.438782 260.978973 
275.105408 420.144806 
363.918335 299.662109 
