500
150.396393 294.415436 
148.982178 298.252960 
148.982178 298.252960 
348.588165 156.569214 
448.782349 98.480759 
448.782349 98.480759 
348.588165 156.569214 
162.747803 308.862274 
318.147369 242.288971 
504.592133 99.397156 
484.963013 141.092621 
484.963013 141.092621 
383.656128 244.721451 
433.571808 128.902893 
325.453064 242.158936 
325.453064 242.158936 
383.656128 244.721451 
342.674255 211.652771 
309.868408 240.584824 
342.674255 211.652771 
172.270615 308.861511 
167.851440 299.596863 
162.747803 308.862274 
133.424408 269.682892 
309.868408 240.584824 
166.498627 315.960052 
496.427399 97.650345 
406.296936 251.848892 
162.350815 314.318634 
367.219818 187.634949 
175.101456 312.270294 
133.354126 296.755280 
228.414749 239.408112 
228.414749 239.408112 
440.676880 105.186859 
358.490540 307.122437 
309.868408 240.584824 
214.315277 228.638382 
367.219818 187.634949 
527.049988 116.826530 
501.442657 96.358940 
528.260010 122.249969 
528.260010 122.249969 
316.331635 137.947113 
133.424408 269.682892 
166.938156 317.728058 
344.482758 212.370956 
341.038239 222.335815 
167.851440 299.596863 
316.331635 137.947113 
456.341980 108.965538 
137.911636 272.980347 
394.523773 271.318237 
214.315277 228.638382 
417.885529 270.730652 
307.128265 164.352051 
132.210037 272.837036 
306.534454 271.866791 
166.062363 272.656250 
309.994202 118.152122 
417.966522 234.676544 
506.626953 89.898819 
132.086685 271.944977 
316.331635 137.947113 
399.448517 240.651825 
455.743622 95.254219 
441.997375 104.821777 
417.966522 234.676544 
176.005981 295.833252 
499.325500 253.458817 
456.993988 110.993217 
302.335480 269.558990 
305.962494 245.879196 
382.988159 259.824219 
308.797577 219.664658 
224.034393 264.749359 
438.687103 265.251953 
400.919617 282.079926 
417.885529 270.730652 
128.275116 267.358551 
300.137024 141.188263 
448.782349 98.480759 
323.906464 139.271896 
498.338379 217.750137 
166.498627 315.960052 
343.739227 211.046829 
459.350006 111.488503 
367.219818 187.634949 
300.550903 220.582108 
411.931213 275.113892 
300.658905 244.862976 
308.797577 219.664658 
417.885529 270.730652 
136.761353 272.654419 
344.482758 212.370956 
422.829376 154.455521 
133.215317 213.893707 
346.553558 144.916428 
300.137024 141.188263 
217.137299 316.360565 
227.490265 301.913879 
297.696350 242.662247 
167.851440 299.596863 
390.669434 325.686066 
300.131714 275.480225 
383.656128 244.721451 
496.989990 105.146797 
228.414749 239.408112 
302.246948 226.125275 
488.392883 96.840485 
525.683044 98.002312 
394.274689 200.525269 
300.658905 244.862976 
305.962494 245.879196 
329.100769 300.997559 
503.427124 87.455887 
354.585571 142.254440 
421.251740 216.127426 
421.251740 216.127426 
235.786133 236.213806 
371.290131 140.361008 
310.838593 137.311905 
228.021057 270.055573 
140.264282 274.718781 
417.966522 234.676544 
169.007858 302.705688 
348.588165 156.569214 
411.792786 234.790619 
362.381927 313.977417 
135.220200 211.791718 
228.021057 270.055573 
393.613953 130.496628 
175.101456 312.270294 
346.553558 144.916428 
166.615341 302.817474 
393.613953 130.496628 
171.625214 267.646606 
527.811462 124.295113 
239.283585 291.965302 
400.919617 282.079926 
433.052307 115.466934 
386.191162 320.788574 
218.633820 264.366699 
499.325500 253.458817 
383.656128 244.721451 
421.588379 234.231461 
496.745392 88.583755 
307.585083 244.305679 
343.753204 299.055115 
488.392883 96.840485 
358.490540 307.122437 
354.585571 142.254440 
302.134003 145.424332 
331.127716 262.518402 
303.291748 118.771301 
341.686096 143.606979 
459.587830 113.268333 
308.797577 219.664658 
225.945450 269.118439 
225.945450 269.118439 
527.127319 101.881775 
527.127319 101.881775 
348.588165 156.569214 
411.082733 274.935333 
307.585083 244.305679 
331.127716 262.518402 
417.966522 234.676544 
213.323471 283.971436 
187.132568 277.963623 
526.635986 96.408783 
352.228912 268.185883 
208.360626 294.645660 
513.165710 85.767143 
526.635986 96.408783 
300.131714 275.480225 
421.501190 116.498413 
327.801300 238.158615 
422.542114 256.796753 
317.389709 241.945480 
522.956970 104.831070 
501.766052 263.252350 
224.366333 284.540802 
522.749084 85.272842 
484.963013 141.092621 
244.676224 277.266602 
398.578857 118.576408 
133.354126 296.755280 
307.128265 164.352051 
402.878723 286.523773 
125.837662 245.432938 
125.837662 245.432938 
417.966522 234.676544 
417.966522 234.676544 
417.966522 234.676544 
225.945450 269.118439 
221.535339 236.538010 
440.676880 105.186859 
339.721558 143.331360 
442.724213 267.681427 
503.427124 87.455887 
424.351044 237.688629 
383.447205 316.566498 
447.989777 125.705307 
354.883087 121.495750 
215.862610 315.040192 
162.747803 308.862274 
352.228912 268.185883 
196.289413 305.789642 
290.165314 233.505112 
187.132568 277.963623 
499.601532 265.573059 
298.398468 218.782761 
365.096954 270.751282 
139.988510 146.920380 
340.394562 143.535049 
342.674255 211.652771 
338.546509 140.705704 
396.356018 125.646049 
188.550903 275.996674 
219.953537 279.648071 
167.851440 299.596863 
207.926575 302.069427 
352.228912 268.185883 
346.553558 144.916428 
391.291901 273.184082 
522.956970 104.831070 
382.988159 259.824219 
88.175423 81.448952 
474.133331 95.184143 
207.926575 302.069427 
323.906464 139.271896 
492.587738 102.930649 
440.676880 105.186859 
508.572632 113.573318 
429.375610 264.163208 
344.883148 294.430756 
177.037888 315.080353 
417.966522 234.676544 
232.633545 272.749481 
336.007172 301.711426 
499.601532 265.573059 
235.755234 266.724609 
215.995316 275.985077 
215.995316 275.985077 
298.398468 218.782761 
383.266052 139.140060 
359.344574 275.597046 
162.747803 308.862274 
219.436783 296.475983 
371.290131 140.361008 
210.608810 298.929108 
302.134003 145.424332 
296.820740 243.910675 
245.410324 290.890137 
432.903839 255.014267 
290.165314 233.505112 
301.755402 268.088776 
396.356018 125.646049 
426.275787 259.587646 
442.724213 267.681427 
397.283417 233.542450 
297.684296 251.919479 
410.757751 251.247650 
229.626633 274.351318 
397.283417 233.542450 
298.398468 218.782761 
410.757751 251.247650 
298.398468 218.782761 
298.398468 218.782761 
308.797577 219.664658 
459.350006 111.488503 
245.416473 284.961243 
409.392059 281.494415 
162.329987 304.710114 
388.922089 130.886139 
355.430023 309.905853 
394.307251 228.252960 
448.782349 98.480759 
426.275787 259.587646 
426.275787 259.587646 
229.162140 284.649536 
175.390381 272.738922 
337.734711 303.936890 
140.235687 304.370758 
383.447205 316.566498 
302.246948 226.125275 
484.963013 141.092621 
205.172852 109.587624 
286.449951 269.320435 
485.936920 214.395233 
402.878723 286.523773 
210.837585 311.407501 
215.489670 306.275635 
206.295837 286.812805 
484.963013 141.092621 
393.613953 130.496628 
522.749084 85.272842 
471.960632 96.671616 
215.995316 275.985077 
432.903839 255.014267 
424.878052 237.155487 
432.903839 255.014267 
501.766052 263.252350 
235.755234 266.724609 
337.497498 297.615997 
422.430939 273.441559 
303.654053 226.349426 
422.542114 256.796753 
174.199707 272.741577 
336.007172 301.711426 
424.351044 237.688629 
200.317963 297.554626 
393.613953 130.496628 
397.524933 286.299194 
162.350815 314.318634 
229.453842 290.164551 
386.660675 310.574921 
525.683044 98.002312 
432.903839 255.014267 
215.995316 275.985077 
286.135529 241.753784 
216.646210 320.908112 
195.420151 302.758606 
376.574707 345.813599 
229.453842 290.164551 
390.620026 330.670807 
357.946259 262.295898 
426.275787 259.587646 
399.448517 240.651825 
382.988159 259.824219 
411.082733 274.935333 
287.908630 272.280029 
399.448517 240.651825 
410.757751 251.247650 
499.601532 265.573059 
187.769089 297.097168 
205.195084 290.445435 
221.535339 236.538010 
297.696350 242.662247 
321.647980 201.282074 
363.129547 308.183868 
513.165710 85.767143 
383.266052 139.140060 
344.883148 294.430756 
556.521790 106.378258 
396.559753 313.971252 
396.559753 313.971252 
395.555115 235.025146 
180.088715 279.710083 
195.420151 302.758606 
338.546509 140.705704 
245.410324 290.890137 
427.691315 235.039810 
459.961365 97.421944 
445.669708 268.179474 
445.669708 268.179474 
321.647980 201.282074 
195.420151 302.758606 
551.946594 109.559517 
397.283417 233.542450 
403.571625 279.633392 
205.123489 304.808502 
162.350815 314.318634 
237.616241 276.943878 
286.135529 241.753784 
276.526947 152.554474 
166.062363 272.656250 
287.908630 272.280029 
376.478638 238.140366 
303.026520 273.969482 
365.861938 227.335999 
365.861938 227.335999 
407.391327 251.430649 
352.228912 268.185883 
215.995316 275.985077 
313.944244 269.540497 
239.502655 280.693451 
468.563293 97.484802 
402.878723 286.523773 
365.861938 227.335999 
157.731506 317.306763 
371.290131 140.361008 
383.266052 139.140060 
499.601532 265.573059 
245.416473 284.961243 
271.623627 244.750671 
357.946259 262.295898 
301.755402 268.088776 
237.402374 263.689575 
181.890244 302.336609 
365.096954 270.751282 
357.194183 287.103027 
229.055405 308.946289 
209.968948 322.144928 
421.501190 116.498413 
342.109009 138.997192 
498.616272 99.490913 
232.633545 272.749481 
429.173523 261.133484 
307.200989 101.062073 
300.550903 220.582108 
497.721375 222.449036 
575.884399 87.237793 
162.747803 308.862274 
484.963013 141.092621 
341.974518 298.084259 
424.878052 237.155487 
412.908264 279.421204 
551.946594 109.559517 
517.902771 263.341919 
383.447205 316.566498 
354.883087 121.495750 
504.478058 265.544159 
400.455139 239.133408 
354.883087 121.495750 
422.430939 273.441559 
247.424149 265.861755 
422.542114 256.796753 
176.111847 315.799652 
409.392059 281.494415 
399.448517 240.651825 
337.497498 297.615997 
492.587738 102.930649 
357.194183 287.103027 
213.653397 322.264954 
200.565613 322.383911 
365.861938 227.335999 
435.568146 267.734039 
407.820068 291.045807 
186.762527 285.899628 
291.585358 206.486038 
303.685364 238.002502 
426.275787 259.587646 
344.883148 294.430756 
359.344574 275.597046 
465.157898 108.264832 
465.157898 108.264832 
323.906464 139.271896 
215.995316 275.985077 
386.660675 310.574921 
412.908264 279.421204 
409.710419 274.873352 
519.864624 93.670540 
399.448517 240.651825 
177.242081 321.664001 
308.797577 219.664658 
175.101456 312.270294 
411.931213 275.113892 
166.062363 272.656250 
166.062363 272.656250 
201.033813 320.881134 
519.137634 261.311768 
383.447205 316.566498 
177.088043 322.993774 
357.194183 287.103027 
205.172852 109.587624 
359.453217 279.560699 
488.392883 96.840485 
166.062363 272.656250 
394.307251 228.252960 
203.705170 254.685257 
187.769089 297.097168 
187.769089 297.097168 
210.757156 232.527451 
205.195084 290.445435 
410.757751 251.247650 
201.240021 254.112106 
394.274689 200.525269 
439.530365 277.416199 
407.391327 251.430649 
387.977478 258.352325 
337.734711 303.936890 
417.966522 234.676544 
375.131042 234.952744 
341.038239 222.335815 
175.390381 272.738922 
205.172852 109.587624 
397.524933 286.299194 
300.550903 220.582108 
174.199707 272.741577 
582.388123 80.380539 
452.739075 115.380508 
298.398468 218.782761 
397.283417 233.542450 
504.592133 99.397156 
285.879822 238.224289 
144.361481 278.660126 
343.739227 211.046829 
397.283417 233.542450 
287.121857 166.380936 
427.353668 275.822510 
223.841522 300.475403 
419.690247 234.784683 
229.079437 312.505676 
298.398468 218.782761 
210.837585 311.407501 
223.257736 316.886627 
370.533997 308.529053 
504.592133 99.397156 
227.490265 301.913879 
