500
487.472534 199.996902 
499.006378 212.602310 
499.224030 213.309479 
477.616577 200.449936 
480.698212 198.632751 
475.469971 194.861237 
417.463348 229.224258 
476.635162 239.344788 
117.246025 350.705475 
416.836914 261.113037 
416.237305 261.594849 
327.860138 261.077789 
471.837097 238.041641 
220.875183 200.060715 
221.469376 200.330612 
472.622803 248.342728 
502.595276 214.078186 
245.896713 231.918381 
293.835876 265.149780 
438.820221 223.463730 
453.839996 277.710266 
453.380463 231.897324 
293.072998 265.480408 
257.983459 224.956467 
149.909515 241.834595 
327.712433 262.063629 
473.226471 191.528610 
472.971191 192.587036 
118.079704 360.485474 
426.391754 218.945129 
474.284607 227.762741 
262.176422 209.362427 
455.690308 243.086426 
472.496033 238.946793 
292.807129 200.391083 
236.753830 213.997253 
495.669281 216.525818 
385.506989 388.852295 
163.547180 348.080933 
469.046783 193.166885 
468.920044 233.207108 
468.996887 233.351181 
310.490570 269.410095 
486.680603 261.664093 
253.056992 329.753937 
429.653961 221.737976 
118.771545 360.176239 
300.208954 338.536713 
141.847855 232.789413 
342.228333 213.336273 
450.449097 228.160751 
450.497864 227.566467 
217.597763 201.334381 
460.489410 206.868530 
288.355774 194.537415 
416.611420 212.894913 
429.029053 222.890533 
251.569397 330.376740 
264.210205 283.782379 
455.863495 279.359741 
289.654449 165.507187 
443.379181 221.279144 
443.335907 220.590134 
469.155701 214.632385 
473.876984 226.937515 
294.897858 201.270309 
430.991577 222.423874 
290.602478 264.308136 
455.071899 242.241531 
469.780518 233.442810 
467.175232 239.234482 
244.765274 226.597412 
280.485474 314.904236 
420.224854 228.400513 
325.141846 227.763016 
415.355957 212.548492 
277.151093 321.404083 
274.593597 330.095123 
512.354248 245.743256 
460.693756 221.403214 
460.952057 221.133881 
264.564087 283.646912 
463.117126 220.887161 
258.032715 226.228745 
485.245789 248.577927 
480.371521 260.497803 
509.031677 208.939148 
460.160126 269.354584 
229.199844 195.374512 
347.521667 214.713257 
276.389801 329.970612 
167.148773 358.505463 
258.718750 195.151413 
256.686829 195.607056 
276.665527 206.636459 
514.523560 245.769791 
449.728516 207.182205 
477.390442 227.550339 
229.187378 193.955307 
210.673325 196.873795 
144.072876 234.656677 
477.733826 228.211914 
436.332794 226.580765 
412.948944 222.443085 
146.605087 251.137436 
525.083252 236.773621 
444.916168 284.736786 
153.054504 237.520538 
392.253265 390.279602 
438.664948 254.334351 
438.886658 253.850357 
245.524445 227.177521 
215.882553 188.698410 
327.444763 242.615799 
459.509827 220.808990 
300.392975 338.348663 
309.960236 270.835297 
509.712402 256.410950 
283.885529 217.539230 
323.271057 322.871704 
454.447449 243.365128 
438.998138 200.919327 
441.131744 198.994675 
215.607285 191.404312 
469.757233 260.276428 
279.422089 327.707245 
460.244781 269.729584 
453.614594 285.089844 
477.420166 250.447815 
418.688660 232.780334 
419.208984 232.677444 
288.636597 165.905716 
440.333740 200.796509 
291.383606 162.534088 
212.306519 197.018814 
471.862610 210.279297 
229.090988 193.150406 
439.715118 206.709900 
321.012512 318.175751 
440.862640 201.382996 
90.779564 329.365723 
246.188156 181.979462 
256.873901 197.485184 
284.338959 220.687485 
270.992432 332.340576 
277.118378 319.964813 
480.591888 244.550018 
460.109894 223.441711 
218.060318 203.691299 
315.711670 130.612549 
432.838196 223.042953 
246.308411 239.274460 
464.767517 224.417969 
339.481628 217.398972 
454.004517 197.295837 
227.807236 177.758682 
146.427399 253.477539 
342.628479 214.159790 
291.116333 186.837341 
438.124786 218.982147 
298.064026 193.100067 
297.512817 193.124481 
444.037384 192.521576 
433.909882 243.415894 
455.625458 219.855743 
313.609283 181.475815 
249.066437 184.639572 
459.326447 192.087021 
447.259308 224.446945 
339.992523 238.847870 
402.649292 259.199219 
456.580750 212.277695 
476.443207 210.209229 
291.507111 189.882538 
409.789520 256.887695 
409.823242 257.302277 
248.618805 179.863693 
217.751556 227.601089 
266.480011 281.557129 
475.378906 211.698151 
309.284515 185.201736 
457.462158 212.850571 
373.795227 256.703033 
308.614655 185.569000 
311.350708 187.079361 
496.405548 234.997147 
446.061829 239.059998 
460.400543 224.241867 
286.837555 314.062286 
454.216064 202.652359 
266.319733 143.737717 
487.452209 253.028503 
405.495544 200.001221 
480.066711 231.884491 
216.781448 246.309509 
217.147476 245.951736 
452.379303 210.324860 
268.198914 146.101501 
483.046143 210.592773 
97.904732 344.235321 
248.387451 184.722076 
484.324890 255.572250 
346.718689 208.824356 
153.644501 228.653061 
289.884949 264.094757 
287.038086 201.001633 
271.115631 330.809509 
454.286255 253.191605 
465.590759 224.269592 
424.614136 234.329758 
213.125015 189.625305 
222.885727 206.522629 
180.871384 352.947479 
338.360077 211.904373 
346.210571 209.843353 
437.175903 191.928864 
217.042404 224.995911 
248.240860 227.563034 
429.767059 202.466522 
275.502258 337.885132 
478.454865 231.517487 
449.409027 281.476318 
511.662964 242.092026 
522.760193 233.210480 
290.416107 188.581863 
479.454834 204.965393 
336.078064 263.015656 
444.152191 217.529251 
454.443939 274.576538 
482.839203 191.689438 
267.910004 144.536240 
454.966095 201.647659 
348.103546 250.020752 
507.156189 241.176178 
321.559296 179.136185 
296.289185 198.740112 
453.532776 219.568619 
311.098297 278.970520 
447.103516 193.067688 
448.063782 223.600327 
455.405304 200.519882 
336.647644 210.054214 
287.565002 212.162613 
448.348572 216.112732 
92.858292 341.317688 
93.249245 340.766693 
421.994202 232.669220 
465.665558 270.771729 
436.563263 178.632843 
465.853638 271.246643 
247.564331 178.685577 
168.934311 358.105103 
169.384827 358.093140 
475.863342 253.342041 
94.999809 317.161133 
336.621826 242.453476 
494.158020 238.724655 
341.082001 237.221695 
223.130936 201.081848 
247.861328 226.352798 
213.365311 227.407654 
478.496979 207.500641 
324.199127 177.871887 
152.880661 228.374283 
94.874336 317.723511 
94.989006 317.818146 
291.446747 267.140533 
307.286835 341.231964 
105.462227 358.172729 
204.949081 192.177109 
447.424133 196.111877 
505.428192 239.228439 
95.352943 344.733612 
444.737213 196.528961 
322.310242 322.555450 
491.574768 247.817764 
522.839355 205.858078 
427.357513 267.696564 
266.794281 139.591690 
488.975403 194.954147 
472.706482 219.916321 
313.334686 180.378937 
77.436989 319.977417 
426.187927 267.344818 
501.057495 237.635727 
469.019379 211.364059 
213.933197 225.113586 
452.242096 180.824448 
473.180206 233.610489 
225.314331 199.376740 
256.544312 221.066711 
480.709290 256.877594 
129.744049 349.987610 
248.242371 331.843353 
349.027679 250.185608 
236.434601 178.818359 
472.969604 189.549072 
421.939453 258.685944 
272.651001 143.708038 
451.627289 182.800873 
407.924438 201.230774 
321.454498 318.971313 
440.169189 177.531525 
479.391998 207.700485 
445.156433 195.985825 
124.073280 358.581329 
232.246918 190.523453 
287.656708 201.396912 
243.310181 174.943420 
242.838516 174.708389 
433.092773 216.191467 
247.075500 177.787308 
519.484314 249.740601 
291.470215 170.573074 
485.265594 194.785385 
408.675995 257.622620 
440.225250 235.719254 
167.856125 339.465454 
141.537201 229.929520 
486.983704 253.691315 
466.145966 207.142761 
498.888885 270.644104 
359.670715 218.735321 
278.889557 208.209000 
271.828430 310.610199 
495.019745 238.501221 
483.461273 190.355270 
436.167358 251.901321 
329.268341 242.898239 
237.705139 214.002701 
422.766235 270.293579 
328.930328 241.075256 
443.766174 179.342789 
225.096817 208.164368 
215.821045 208.454163 
247.427948 235.573318 
232.870010 213.045731 
521.098816 436.673004 
426.586975 244.672531 
155.960251 348.822083 
269.632599 301.751648 
329.489227 264.886566 
304.736542 322.001526 
156.980957 348.603424 
157.308762 349.244690 
155.033661 227.395874 
418.733673 228.432098 
337.346588 264.702881 
356.598206 219.583649 
284.763519 157.767471 
293.725952 207.161118 
452.510681 184.218277 
482.200562 208.129578 
270.873993 305.055786 
445.319153 214.910843 
272.273346 301.133636 
424.107605 388.581940 
350.660736 218.050522 
290.698181 173.847443 
340.629303 239.338165 
222.061600 203.756821 
488.659576 197.813354 
443.860321 250.403015 
412.924469 229.103012 
402.699066 208.518265 
268.575195 299.846069 
256.433777 192.976257 
512.616333 268.227478 
512.920471 268.299927 
475.441101 245.267715 
205.847992 344.573761 
309.620239 224.061386 
208.493225 190.537430 
403.990906 201.044083 
100.939125 353.330231 
506.246124 213.313507 
472.051117 269.949310 
154.274841 239.087433 
437.614716 186.050339 
203.508667 191.379761 
462.919373 254.995239 
287.359192 213.404556 
406.017578 226.780914 
277.358643 318.034393 
422.419647 213.563156 
476.886200 185.914627 
471.390228 217.741226 
514.521362 215.660385 
282.158936 164.509048 
476.164917 183.115250 
277.954132 316.842102 
219.839111 206.212524 
311.918945 241.095154 
289.776459 168.517517 
469.825623 224.688889 
424.011810 269.842285 
232.978027 219.450806 
232.588531 349.782196 
476.079529 184.352997 
162.009460 359.982849 
511.354248 245.172775 
329.787415 241.477295 
324.310913 180.366318 
502.442902 276.652527 
482.965668 204.144958 
466.228546 274.259338 
484.797760 193.085327 
305.376282 330.060059 
310.561890 342.239441 
233.639801 219.498215 
333.953064 236.952393 
268.935791 294.051697 
304.699463 175.289307 
157.871841 343.858063 
487.824249 229.451370 
332.832550 218.665146 
148.430161 228.970596 
258.989166 328.356873 
259.798096 230.915665 
99.478806 340.212189 
211.198303 225.216705 
124.924911 338.772034 
452.556030 247.821045 
388.642853 375.124908 
215.032578 256.270447 
314.033081 279.997681 
266.660736 315.534149 
248.764053 236.464432 
286.648590 109.533501 
462.194031 233.512207 
224.616959 346.472870 
154.457703 349.265045 
302.302216 198.653412 
272.933868 301.257568 
107.547951 339.163757 
491.950867 268.080566 
511.643127 241.435455 
475.633148 254.822800 
232.409409 236.586685 
207.356964 193.788300 
457.034637 252.933212 
232.959488 236.529205 
280.938660 202.224579 
442.756683 209.873672 
158.945023 280.095947 
203.799118 346.088409 
105.602036 366.053406 
157.158630 355.677551 
433.457458 240.750488 
169.854462 358.218079 
241.995026 251.727737 
111.264595 358.983551 
265.331665 230.575470 
491.947266 231.499207 
269.529846 308.077057 
221.067032 207.892120 
281.833771 290.684143 
462.495209 187.076187 
330.993652 259.761566 
343.081940 219.674149 
150.424469 245.650299 
401.723145 209.547394 
408.516357 227.614761 
266.598022 314.231323 
183.070358 329.747833 
175.119980 357.206207 
292.345306 176.609634 
441.261383 315.784637 
350.093262 251.765533 
266.580780 316.853577 
176.130936 356.870575 
138.865860 287.339478 
359.480835 213.171799 
336.521332 236.765503 
230.992279 228.521759 
461.142151 288.183105 
322.777039 177.062225 
246.267273 187.612473 
234.962738 186.864227 
269.529907 147.077652 
317.758575 130.700211 
479.827209 253.257080 
124.379715 280.963196 
228.370865 181.848770 
227.082504 189.261261 
298.077087 336.358917 
311.549316 177.664429 
287.646698 109.720177 
310.100525 280.176117 
237.116135 236.096756 
228.619629 220.204239 
292.332245 308.354889 
201.546738 196.004898 
322.272400 267.803406 
268.431244 181.917816 
226.424377 235.928513 
514.719055 217.582260 
253.284683 144.549728 
255.303757 180.536850 
244.444305 224.728958 
