500
453.532776 219.568619 
475.469971 194.861237 
455.625458 219.855743 
296.922455 254.368729 
482.200562 208.129578 
323.271057 322.871704 
241.297592 266.091553 
440.225250 235.719254 
359.670715 218.735321 
438.124786 218.982147 
452.556030 247.821045 
408.516357 227.614761 
456.580750 212.277695 
453.380463 231.897324 
162.561829 344.678345 
248.242371 331.843353 
149.909515 241.834595 
449.728516 207.182205 
269.056030 149.507660 
293.072998 265.480408 
444.152191 217.529251 
409.130341 226.773300 
94.874336 317.723511 
94.989006 317.818146 
162.009460 359.982849 
297.782135 254.489594 
293.835876 265.149780 
480.698212 198.632751 
314.637177 277.512238 
460.400543 224.241867 
290.602478 264.308136 
336.078064 263.015656 
167.148773 358.505463 
322.310242 322.555450 
491.950867 268.080566 
277.118378 319.964813 
288.355774 194.537415 
471.837097 238.041641 
457.462158 212.850571 
447.103516 193.067688 
269.776886 153.949295 
150.424469 245.650299 
433.092773 216.191467 
154.274841 239.087433 
289.884949 264.094757 
472.496033 238.946793 
455.405304 200.519882 
153.054504 237.520538 
424.614136 234.329758 
337.346588 264.702881 
154.629547 249.807922 
436.631714 234.182556 
95.352943 344.733612 
270.992432 332.340576 
164.439911 344.420197 
251.569397 330.376740 
238.754730 183.500412 
475.863342 253.342041 
438.820221 223.463730 
210.673325 196.873795 
444.037384 192.521576 
289.776459 168.517517 
218.060318 203.691299 
315.625214 276.738953 
227.957962 197.168549 
491.574768 247.817764 
244.346237 339.794830 
471.862610 210.279297 
421.994202 232.669220 
356.598206 219.583649 
454.004517 197.295837 
118.079704 360.485474 
480.709290 256.877594 
454.447449 243.365128 
279.952209 208.148148 
460.109894 223.441711 
238.560867 182.934814 
212.306519 197.018814 
224.701218 190.437866 
279.422089 327.707245 
160.369324 344.687012 
222.386185 209.696655 
385.506989 388.852295 
291.470215 170.573074 
225.340073 191.089798 
443.379181 221.279144 
443.335907 220.590134 
311.098297 278.970520 
222.061600 203.756821 
97.904732 344.235321 
245.896713 231.918381 
469.780518 233.442810 
248.387451 184.722076 
448.348572 216.112732 
94.999809 317.161133 
477.616577 200.449936 
162.029678 340.988892 
271.115631 330.809509 
287.359192 213.404556 
309.284515 185.201736 
119.344109 367.901917 
145.664688 241.999344 
146.209671 242.334015 
455.071899 242.241531 
278.889557 208.209000 
232.978027 219.450806 
163.547180 348.080933 
92.858292 341.317688 
93.249245 340.766693 
471.390228 217.741226 
462.194031 233.512207 
455.690308 243.086426 
246.188156 181.979462 
444.916168 284.736786 
464.767517 224.417969 
287.565002 212.162613 
487.472534 199.996902 
498.888885 270.644104 
402.895203 236.330093 
418.688660 232.780334 
419.208984 232.677444 
494.158020 238.724655 
465.590759 224.269592 
235.760849 192.030594 
416.721466 199.691833 
310.561890 342.239441 
440.333740 200.796509 
316.308960 238.374298 
316.306244 237.709457 
118.771545 360.176239 
446.061829 239.059998 
407.555786 229.525131 
392.253265 390.279602 
262.176422 209.362427 
249.066437 184.639572 
306.978546 214.078522 
298.064026 193.100067 
297.512817 193.124481 
468.920044 233.207108 
468.996887 233.351181 
271.679596 154.417725 
237.476105 189.229248 
246.267273 187.612473 
227.082504 189.261261 
453.839996 277.710266 
450.449097 228.160751 
450.497864 227.566467 
483.046143 210.592773 
438.998138 200.919327 
374.269623 252.218948 
253.056992 329.753937 
440.862640 201.382996 
217.597763 201.334381 
221.067032 207.892120 
432.838196 223.042953 
441.131744 198.994675 
460.160126 269.354584 
429.767059 202.466522 
420.224854 228.400513 
237.224060 182.103546 
237.628998 189.552307 
175.119980 357.206207 
290.416107 188.581863 
154.168671 254.417450 
445.319153 214.910843 
112.247520 331.191132 
125.238510 351.726929 
277.151093 321.404083 
440.574432 311.511627 
484.797760 193.085327 
499.006378 212.602310 
499.224030 213.309479 
159.069122 344.441101 
469.019379 211.364059 
309.960236 270.835297 
290.013855 307.430389 
219.839111 206.212524 
180.871384 352.947479 
466.145966 207.142761 
439.715118 206.709900 
455.863495 279.359741 
273.790741 155.310440 
119.859894 347.173370 
233.639801 219.498215 
445.156433 195.985825 
110.230438 355.415344 
444.737213 196.528961 
241.950378 190.879517 
308.614655 185.569000 
475.633148 254.822800 
234.962738 186.864227 
309.483643 345.343719 
426.391754 218.945129 
417.463348 229.224258 
442.756683 209.873672 
265.331665 230.575470 
467.175232 239.234482 
460.244781 269.729584 
322.310822 238.937820 
157.871841 343.858063 
228.482346 229.328751 
433.457458 240.750488 
521.098816 436.673004 
469.155701 214.632385 
424.107605 388.581940 
485.265594 194.785385 
473.226471 191.528610 
223.160675 210.506958 
454.443939 274.576538 
155.918762 253.701309 
291.507111 189.882538 
472.971191 192.587036 
460.489410 206.868530 
452.379303 210.324860 
454.216064 202.652359 
488.659576 197.813354 
486.680603 261.664093 
154.279572 259.523224 
267.437561 155.548752 
238.871078 327.525055 
479.827209 253.257080 
471.290375 273.976135 
429.653961 221.737976 
487.452209 253.028503 
509.712402 256.410950 
290.698181 173.847443 
447.424133 196.111877 
295.694794 169.280807 
488.975403 194.954147 
156.980957 348.603424 
157.308762 349.244690 
430.991577 222.423874 
436.332794 226.580765 
469.046783 193.166885 
418.733673 228.432098 
478.454865 231.517487 
291.116333 186.837341 
289.978851 308.051697 
291.383606 162.534088 
213.933197 225.113586 
144.961624 256.759308 
140.668793 240.606125 
140.515274 241.248611 
156.706116 225.918671 
495.019745 238.501221 
486.983704 253.691315 
427.357513 267.696564 
429.029053 222.890533 
475.441101 245.267715 
155.960251 348.822083 
454.286255 253.191605 
310.490570 269.410095 
472.622803 248.342728 
218.976822 235.717819 
412.948944 222.443085 
174.991211 351.859558 
436.167358 251.901321 
360.613831 215.802948 
332.832550 218.665146 
148.430161 228.970596 
511.643127 241.435455 
155.033661 227.395874 
469.825623 224.688889 
152.880661 228.374283 
484.324890 255.572250 
168.934311 358.105103 
169.384827 358.093140 
436.453400 252.579132 
369.201813 345.954285 
339.481628 217.398972 
232.099487 176.402374 
234.052368 186.844788 
460.693756 221.403214 
460.952057 221.133881 
237.116135 236.096756 
448.063782 223.600327 
506.246124 213.313507 
154.457703 349.265045 
280.849182 331.136444 
482.839203 191.689438 
485.245789 248.577927 
422.377289 195.807526 
476.635162 239.344788 
105.462227 358.172729 
472.969604 189.549072 
461.142151 288.183105 
459.509827 220.808990 
297.370148 166.683060 
266.322754 229.384552 
223.787094 229.705475 
421.939453 258.685944 
291.807770 211.285492 
311.350708 187.079361 
476.443207 210.209229 
213.365311 227.407654 
314.033081 279.997681 
413.144165 285.468048 
443.860321 250.403015 
472.706482 219.916321 
343.081940 219.674149 
426.187927 267.344818 
363.554626 219.903809 
237.731598 236.824539 
294.072021 253.359009 
480.591888 244.550018 
447.259308 224.446945 
483.461273 190.355270 
502.595276 214.078186 
208.493225 190.537430 
350.660736 218.050522 
244.765274 226.597412 
416.237305 261.594849 
217.042404 224.995911 
388.642853 375.124908 
315.023590 229.914536 
286.990967 214.646515 
469.286804 270.763550 
502.442902 276.652527 
212.991806 206.734222 
459.326447 192.087021 
144.957062 354.162292 
463.117126 220.887161 
454.966095 201.647659 
323.316376 234.207138 
509.031677 208.939148 
416.836914 261.113037 
313.609283 181.475815 
480.066711 231.884491 
415.159454 199.998611 
109.965797 334.865723 
311.549316 177.664429 
465.665558 270.771729 
465.853638 271.246643 
248.617050 164.803467 
426.586975 244.672531 
475.378906 211.698151 
247.861328 226.352798 
213.125015 189.625305 
282.849762 224.349167 
478.496979 207.500641 
271.828430 310.610199 
415.355957 212.548492 
124.073280 358.581329 
153.580780 341.965363 
268.575195 299.846069 
479.391998 207.700485 
248.240860 227.563034 
264.181122 232.427567 
266.598022 314.231323 
122.902138 341.897552 
416.611420 212.894913 
318.804321 362.654358 
433.909882 243.415894 
313.334686 180.378937 
153.644501 228.653061 
215.821045 208.454163 
482.965668 204.144958 
129.971649 350.693451 
214.061234 222.645111 
270.873993 305.055786 
151.637482 258.556854 
224.722977 228.605118 
380.840485 242.874969 
419.711548 201.916061 
245.524445 227.177521 
287.366882 198.124771 
157.158630 355.677551 
185.139893 330.367493 
479.454834 204.965393 
409.789520 256.887695 
409.823242 257.302277 
492.143829 193.491501 
236.753830 213.997253 
117.246025 350.705475 
309.510864 180.676666 
469.757233 260.276428 
285.875458 215.350189 
292.345306 176.609634 
484.442871 312.539062 
151.889145 259.686157 
473.180206 233.610489 
495.669281 216.525818 
347.521667 214.713257 
424.241974 192.043777 
276.389801 329.970612 
382.352875 243.046265 
248.577560 164.029572 
243.263123 327.784302 
287.038086 201.001633 
263.127136 157.795364 
309.479492 341.615753 
224.234619 228.316132 
214.753464 207.627533 
233.652771 228.438461 
424.011810 269.842285 
415.834503 280.617767 
365.034271 221.492889 
269.632599 301.751648 
174.563416 330.416473 
483.702820 229.438843 
162.336136 228.539398 
169.854462 358.218079 
449.409027 281.476318 
313.912750 364.059143 
438.222473 312.612915 
402.699066 208.518265 
480.371521 260.497803 
327.921539 258.200897 
287.656708 201.396912 
412.924469 229.103012 
136.680145 217.683456 
512.616333 268.227478 
512.920471 268.299927 
457.034637 252.933212 
156.323822 256.482849 
284.763519 157.767471 
247.075500 177.787308 
158.360550 227.694397 
136.771866 302.987122 
229.090988 193.150406 
274.593597 330.095123 
434.975006 260.079742 
443.766174 179.342789 
422.419647 213.563156 
356.476471 231.919800 
462.919373 254.995239 
337.865631 260.231842 
214.794708 222.964828 
289.654449 165.507187 
305.221619 224.773392 
453.614594 285.089844 
101.518227 336.428711 
477.420166 250.447815 
331.556335 271.256195 
304.736542 322.001526 
158.945023 280.095947 
483.727081 309.583801 
401.723145 209.547394 
265.538574 236.212158 
331.941010 271.884399 
141.537201 229.929520 
411.187164 282.964722 
228.619629 220.204239 
288.636597 165.905716 
417.569427 195.231064 
437.175903 191.928864 
343.155396 242.046066 
332.179413 238.464096 
238.150620 326.893646 
286.379883 307.200012 
522.760193 233.210480 
232.246918 190.523453 
272.273346 301.133636 
272.651001 143.708038 
35.530678 303.808472 
519.484314 249.740601 
217.751556 227.601089 
156.084076 236.719162 
110.346985 335.749084 
159.760101 231.792145 
51.317047 311.106567 
423.488770 190.728790 
344.335663 240.859207 
283.885529 217.539230 
146.845322 288.252075 
247.157379 326.726929 
307.286835 341.231964 
201.546738 196.004898 
163.096436 95.963226 
377.041534 242.548264 
422.766235 270.293579 
247.427948 235.573318 
248.618805 179.863693 
258.718750 195.151413 
332.347473 206.930939 
514.523560 245.769791 
266.660736 315.534149 
507.156189 241.176178 
246.235870 312.720764 
250.281219 175.976105 
212.176910 257.702484 
293.188599 211.943695 
296.286499 294.342834 
296.396271 293.637054 
222.885727 206.522629 
269.529846 308.077057 
183.070358 329.747833 
147.708893 293.711029 
59.545513 333.088562 
310.917328 258.336853 
322.303009 341.533569 
51.253273 306.947327 
141.847855 232.789413 
37.193771 303.816101 
95.085289 324.914062 
336.521332 236.765503 
244.444305 224.728958 
247.564331 178.685577 
339.992523 238.847870 
501.057495 237.635727 
