500
476.310608 336.969269 
320.819275 197.893326 
483.131805 346.595947 
185.167374 129.409378 
185.167374 129.409378 
269.822296 144.719681 
269.822296 144.719681 
342.539398 165.722824 
474.225800 334.191406 
474.225800 334.191406 
292.982025 235.457642 
422.013489 328.731506 
293.765686 256.318481 
102.410851 176.347687 
90.012276 201.894653 
187.976410 131.841019 
454.453278 350.155792 
292.914215 257.290527 
438.816315 314.971619 
476.672058 308.524017 
473.048767 316.050018 
478.489960 313.433044 
134.474792 236.279388 
439.581238 315.320282 
300.878204 165.022995 
116.801956 199.434784 
265.973969 142.629517 
209.100784 263.716553 
421.973267 327.537811 
282.633026 188.119934 
180.167435 135.745163 
126.747063 231.772247 
346.536957 160.820801 
139.041046 218.427933 
420.326813 327.233978 
483.131805 346.595947 
332.779419 188.283096 
332.779419 188.283096 
90.012276 201.894653 
280.408112 144.929504 
222.503891 285.812286 
450.508606 320.240234 
231.388199 290.762787 
454.453278 350.155792 
353.524323 233.875565 
267.353241 151.126984 
261.418365 298.200928 
290.396729 132.830643 
282.504669 240.579453 
438.816315 314.971619 
265.479156 145.197876 
325.089050 191.928070 
404.373962 295.164398 
356.816986 226.899780 
280.408112 144.929504 
300.878204 165.022995 
282.504669 240.579453 
320.819275 197.893326 
360.894836 247.055344 
295.887268 181.073273 
324.882996 183.762604 
93.492950 189.304901 
283.049133 239.104370 
346.585907 167.228745 
462.937531 358.500092 
235.915100 284.031708 
325.089050 191.928070 
132.118149 219.835526 
408.785614 351.375916 
308.767487 188.314041 
209.100784 263.716553 
235.067261 273.877838 
421.062775 303.032867 
280.408112 144.929504 
436.824310 310.955872 
436.824310 310.955872 
98.764191 200.046997 
432.184662 324.974335 
188.917709 120.623062 
267.279236 185.703186 
405.218994 264.017029 
417.713715 330.050568 
81.456085 170.149994 
81.456085 170.149994 
300.878204 165.022995 
455.109131 339.436798 
222.769226 276.240021 
360.964966 235.413284 
84.635788 208.402573 
314.486725 185.437149 
417.147369 319.738586 
430.857025 341.873260 
363.956940 248.172256 
93.560974 193.587296 
433.636993 302.893341 
399.102905 286.489044 
82.819710 175.857620 
429.620178 350.218536 
446.850037 327.516907 
112.530334 216.543945 
351.151520 187.040298 
484.507355 337.059052 
149.846725 215.478302 
289.187286 148.780090 
231.388199 290.762787 
352.196472 226.213470 
222.769226 276.240021 
331.587799 232.804459 
432.610992 350.440186 
434.836487 355.974426 
343.732819 162.851395 
353.861664 232.776535 
207.214310 264.652740 
415.739075 336.168671 
140.773392 236.419708 
398.409363 354.012238 
339.866211 132.995529 
185.775040 121.809608 
78.111992 191.202820 
339.535004 157.587708 
265.071320 146.826096 
308.767487 188.314041 
320.819275 197.893326 
348.874817 167.554504 
399.102905 286.489044 
446.850037 327.516907 
330.574402 182.939331 
432.510101 355.727875 
438.169067 267.235474 
179.260422 135.959366 
432.521332 295.045929 
448.099762 295.065338 
184.136383 255.906479 
292.982025 235.457642 
360.964966 235.413284 
359.079254 197.399307 
231.304062 283.213470 
386.270935 353.350403 
441.104340 332.730988 
344.575897 163.114288 
92.843079 145.787476 
275.757111 146.120865 
458.149261 344.376556 
121.872894 229.233704 
345.567261 134.557663 
288.431915 147.608109 
353.936340 229.304153 
468.618744 301.704437 
323.265350 240.836853 
126.747063 231.772247 
126.747063 231.772247 
257.120819 173.621918 
436.264252 310.174255 
300.509949 151.199982 
302.092438 146.806824 
339.866211 132.995529 
468.618744 301.704437 
432.385193 268.349548 
236.493118 177.523758 
236.493118 177.523758 
468.618744 301.704437 
407.966827 352.433929 
432.510101 355.727875 
269.989136 132.817596 
283.049133 239.104370 
282.633026 188.119934 
470.196869 307.512329 
413.084778 356.901398 
413.084778 356.901398 
193.745987 129.325745 
238.270157 271.467285 
135.928894 232.867798 
465.340515 305.860352 
351.913055 224.328552 
448.309174 332.002136 
306.607819 198.918411 
444.776428 284.857819 
448.309174 332.002136 
230.716034 285.982513 
442.052307 306.292053 
92.717224 159.111328 
353.250916 190.971786 
294.103180 144.151764 
371.970612 307.168457 
472.121246 319.964294 
449.520538 322.159210 
407.170135 296.145813 
329.868530 181.096283 
466.493195 299.845886 
432.610992 350.440186 
414.599548 290.735474 
282.633026 188.119934 
440.206940 301.554596 
294.775208 150.858856 
467.430023 360.843933 
345.579865 154.015091 
181.710907 132.505295 
474.483185 302.567444 
288.431915 147.608109 
343.802155 127.422142 
295.887268 181.073273 
338.849854 144.380630 
394.595551 276.359314 
188.611557 254.139587 
300.509949 151.199982 
294.103180 144.151764 
415.479553 285.037231 
201.822708 256.434265 
433.636993 302.893341 
421.953613 293.414520 
446.333344 355.416382 
324.392212 246.386032 
415.261963 275.206482 
96.903809 155.194122 
96.903809 155.194122 
338.849854 144.380630 
331.876984 181.353256 
325.089050 191.928070 
444.566772 277.605011 
140.973648 222.968338 
448.099762 295.065338 
413.091278 276.942200 
400.012604 297.190430 
441.990387 317.180420 
96.903809 155.194122 
442.052307 306.292053 
269.822296 144.719681 
85.566513 193.679276 
424.514709 311.247986 
424.514709 311.247986 
326.398590 246.409714 
401.513397 326.421570 
401.513397 326.421570 
478.426392 303.590637 
339.866211 132.995529 
292.982025 235.457642 
398.409363 354.012238 
432.385193 268.349548 
441.990387 317.180420 
438.694336 285.485779 
109.772667 214.369858 
438.694336 285.485779 
433.336121 347.911438 
427.155945 318.615265 
333.968811 266.685364 
93.492950 189.304901 
125.915878 213.363632 
294.103180 144.151764 
263.736542 190.594131 
339.016449 252.566940 
181.553375 124.928200 
181.553375 124.928200 
418.017090 304.217377 
462.615356 363.909149 
447.878906 266.826813 
272.984070 133.281174 
87.321449 161.212433 
437.959839 317.878662 
437.959839 317.878662 
96.652679 193.238129 
348.425201 289.475647 
326.662079 211.576843 
185.775040 121.809608 
265.912994 146.146042 
201.822708 256.434265 
444.776428 284.857819 
448.099762 295.065338 
346.053345 151.262543 
125.915878 213.363632 
431.810242 317.655426 
188.611557 254.139587 
308.513489 185.618057 
267.353241 151.126984 
435.866974 309.274597 
334.302673 250.018066 
326.398590 246.409714 
475.634674 296.244049 
452.106201 336.503113 
392.190948 353.676086 
269.989136 132.817596 
361.622589 190.733505 
267.279236 185.703186 
484.507355 337.059052 
282.132050 198.072144 
346.681519 190.480865 
99.371559 149.161209 
99.371559 149.161209 
443.668640 337.193237 
282.132050 198.072144 
81.111732 144.889938 
402.812866 293.168304 
441.087402 321.239746 
306.607819 198.918411 
308.513489 185.618057 
424.286713 264.654877 
399.102905 286.489044 
260.026245 146.891907 
474.289032 297.001251 
353.250916 190.971786 
326.933868 247.328232 
436.264252 310.174255 
90.012276 201.894653 
404.373962 295.164398 
346.053345 151.262543 
257.120819 173.621918 
462.615356 363.909149 
200.625565 125.654022 
285.919952 135.541794 
405.476929 315.409119 
436.264252 310.174255 
407.170135 296.145813 
116.801956 199.434784 
257.120819 173.621918 
343.802155 127.422142 
437.959839 317.878662 
302.092438 146.806824 
260.612640 125.091812 
322.001160 186.100937 
260.612640 125.091812 
459.639984 273.311035 
459.639984 273.311035 
442.871796 313.382355 
126.747063 231.772247 
294.255371 411.889099 
379.928131 320.404663 
441.104340 332.730988 
464.237549 288.738525 
303.273743 144.746506 
432.521332 295.045929 
336.469696 140.501404 
206.565521 128.060944 
412.147583 280.920593 
471.829041 321.111084 
433.015991 333.066711 
432.521332 295.045929 
433.015991 333.066711 
432.521332 295.045929 
476.812408 295.759552 
250.259674 166.098206 
330.800415 199.800644 
412.147583 280.920593 
445.457733 287.543579 
301.089844 138.654953 
301.089844 138.654953 
272.687347 165.829453 
339.866211 132.995529 
193.614578 107.367233 
473.533691 320.591858 
433.115387 290.393799 
433.115387 290.393799 
353.524323 233.875565 
449.178162 384.830017 
424.286713 264.654877 
125.915878 213.363632 
346.681519 190.480865 
405.486725 319.566010 
193.745987 129.325745 
413.591980 293.670929 
433.015991 333.066711 
413.084778 356.901398 
280.408112 144.929504 
379.928131 320.404663 
379.928131 320.404663 
313.697083 234.886551 
432.521332 295.045929 
251.680038 162.527054 
125.915878 213.363632 
125.915878 213.363632 
333.968811 266.685364 
289.187286 148.780090 
460.217743 278.479919 
125.915878 213.363632 
447.408783 273.259155 
81.498024 125.385742 
436.914032 290.767395 
390.913422 103.971718 
407.629761 309.167603 
431.810242 317.655426 
455.830322 281.240875 
302.092438 146.806824 
413.591980 293.670929 
402.712036 291.640961 
235.813522 383.400146 
436.367889 336.391083 
300.878204 165.022995 
411.293274 263.889618 
267.279236 185.703186 
391.989075 295.409271 
417.192596 299.052002 
272.687347 165.829453 
431.810242 317.655426 
292.550568 264.024292 
454.095490 281.590240 
200.625565 125.654022 
193.614578 107.367233 
445.847229 289.296570 
86.970215 175.149719 
248.410690 161.980392 
300.878204 165.022995 
312.651825 196.821213 
98.764191 200.046997 
158.529251 164.899887 
458.960693 282.220856 
85.076996 193.577209 
346.681519 190.480865 
391.148163 287.614777 
417.192596 299.052002 
438.191132 263.879852 
390.337646 272.120941 
351.739563 193.323578 
421.953613 293.414520 
406.808136 313.034210 
468.618744 301.704437 
201.928299 128.965057 
322.001160 186.100937 
265.071320 146.826096 
246.715546 161.278107 
361.622589 190.733505 
235.813522 383.400146 
240.866013 272.143585 
427.155945 318.615265 
112.530334 216.543945 
292.550568 264.024292 
235.813522 383.400146 
333.496704 140.697281 
469.772003 326.012756 
391.989075 295.409271 
339.642151 173.089706 
339.642151 173.089706 
444.063690 343.636200 
470.878296 302.665649 
421.953613 293.414520 
407.394348 321.302673 
462.252686 350.203369 
353.524323 233.875565 
139.041046 218.427933 
363.956940 248.172256 
345.567261 134.557663 
294.255371 411.889099 
330.370667 123.647316 
431.810242 317.655426 
437.297638 286.507111 
280.408112 144.929504 
433.636993 302.893341 
337.848511 261.922394 
206.565521 128.060944 
435.435791 318.202637 
328.515167 214.552277 
240.866013 272.143585 
424.514709 311.247986 
458.149261 344.376556 
328.515167 214.552277 
361.622589 190.733505 
201.928299 128.965057 
381.097260 380.267242 
446.787506 334.565277 
75.711258 122.305206 
435.435791 318.202637 
484.507355 337.059052 
280.408112 144.929504 
437.959839 317.878662 
421.953613 293.414520 
137.113235 229.072845 
312.651825 196.821213 
244.503510 169.343719 
473.362274 351.415955 
426.062073 312.519867 
446.787506 334.565277 
351.116425 281.092621 
450.324646 315.191498 
294.103180 144.151764 
125.915878 213.363632 
363.386383 193.047852 
82.819710 175.857620 
333.968811 266.685364 
292.550568 264.024292 
346.681519 190.480865 
436.824310 310.955872 
381.097260 380.267242 
400.514374 318.171570 
282.132050 198.072144 
462.652618 349.515930 
200.625565 125.654022 
280.408112 144.929504 
209.098450 263.334442 
474.225800 334.191406 
235.813522 383.400146 
125.915878 213.363632 
335.251465 258.605103 
468.474152 304.732941 
468.474152 304.732941 
360.400787 366.223328 
330.325287 245.972260 
343.802155 127.422142 
393.299896 361.264587 
386.017426 319.336700 
437.297638 286.507111 
460.217743 278.479919 
407.170135 296.145813 
253.089279 168.084152 
