972
279.194275 292.176422 
171.404816 396.693054 
300.036469 380.131744 
260.266907 280.483185 
279.030243 295.972076 
197.237946 319.167175 
420.310120 330.678925 
420.310120 330.678925 
279.030243 295.972076 
265.717072 299.283264 
271.551758 350.734955 
279.030243 295.972076 
201.067825 297.285400 
475.124115 326.221039 
191.040253 388.782074 
279.030243 295.972076 
279.194275 292.176422 
300.036469 380.131744 
278.023254 358.143646 
290.601746 307.862885 
199.025589 320.003967 
189.644272 374.059601 
169.576813 396.877930 
301.054626 386.803650 
279.739777 360.660431 
279.739777 360.660431 
278.023254 358.143646 
425.601257 305.694275 
281.074921 311.479950 
184.748428 385.774200 
202.909851 335.037720 
188.739929 362.663147 
188.103012 389.971832 
202.909851 335.037720 
261.107605 379.238647 
184.748428 385.774200 
300.899780 388.355133 
236.709290 324.978149 
199.025589 320.003967 
187.511948 391.165955 
307.086914 313.022217 
421.636505 329.832275 
271.551758 350.734955 
240.108093 324.929382 
290.601746 307.862885 
185.957520 382.345398 
304.935333 318.712616 
265.717072 299.283264 
265.717072 299.283264 
425.601257 305.694275 
429.679077 289.179688 
184.946579 388.845825 
184.946579 388.845825 
261.107605 379.238647 
425.601257 305.694275 
206.705048 364.205658 
410.792450 314.472260 
188.103012 389.971832 
190.095428 390.278595 
248.266037 289.973053 
310.333069 337.975739 
425.601257 305.694275 
429.679077 289.179688 
190.095428 390.278595 
298.045929 315.567291 
265.717072 299.283264 
410.792450 314.472260 
300.899780 388.355133 
470.011383 313.870239 
284.472290 300.105560 
284.472290 300.105560 
303.746429 320.404053 
429.679077 289.179688 
261.107605 379.238647 
261.107605 379.238647 
289.213989 303.833008 
289.213989 303.833008 
188.839554 330.057098 
279.735687 292.133545 
443.362274 342.646057 
197.269089 298.703827 
281.957062 363.399323 
310.333069 337.975739 
310.333069 337.975739 
265.810425 393.108826 
289.213989 303.833008 
202.301071 327.894409 
426.819794 286.721100 
265.833130 301.630066 
304.635651 295.445190 
301.896576 321.246948 
205.816177 321.345062 
487.465942 311.082764 
429.679077 289.179688 
252.640259 294.399536 
199.628601 305.277557 
292.365936 296.217773 
280.440125 409.875122 
206.705048 364.205658 
260.958405 317.314148 
287.391663 304.169159 
184.946579 388.845825 
185.957520 382.345398 
170.143661 369.859589 
271.551758 350.734955 
184.574036 384.282715 
254.822418 300.781403 
275.612000 310.137085 
184.946579 388.845825 
201.847778 368.795227 
285.005920 305.101257 
307.086914 313.022217 
443.362274 342.646057 
188.839554 330.057098 
247.446655 296.357544 
197.632874 306.795929 
304.910614 388.655304 
250.567444 318.978760 
254.564255 349.716858 
197.632874 306.795929 
292.365936 296.217773 
295.713379 314.511597 
421.636505 329.832275 
197.012314 331.965393 
470.011383 313.870239 
202.871735 364.646179 
185.270905 389.646912 
429.679077 289.179688 
191.040253 388.782074 
278.341888 307.713409 
201.505753 309.382843 
202.871735 364.646179 
247.503128 328.143219 
197.012314 331.965393 
294.120514 338.047760 
243.998062 320.200043 
290.601746 307.862885 
304.935333 318.712616 
420.310120 330.678925 
283.690186 303.220703 
428.410980 301.110657 
314.098816 327.766357 
206.932129 360.225586 
187.128098 372.062897 
304.321594 332.165863 
185.286957 376.286346 
285.119934 381.285889 
191.040253 388.782074 
300.787415 318.249512 
410.719025 306.186249 
300.787415 318.249512 
300.787415 318.249512 
410.792450 314.472260 
418.408417 289.683014 
418.408417 289.683014 
238.946320 329.076569 
307.297852 335.077240 
420.129974 370.941772 
295.177124 275.162292 
201.049561 331.376770 
288.435364 319.216522 
258.005066 377.227600 
437.728394 329.939819 
281.957062 363.399323 
198.611465 334.767090 
201.467010 301.646271 
420.310120 330.678925 
421.609619 314.898651 
201.166428 342.482330 
239.410919 288.102966 
185.286957 376.286346 
465.292755 371.929352 
280.309235 387.525848 
405.456512 284.662781 
298.881378 370.990448 
254.822418 300.781403 
469.227478 294.663849 
244.416748 300.589996 
301.447418 298.933594 
198.996780 302.084442 
279.408386 377.705444 
304.635651 295.445190 
260.958405 317.314148 
248.266037 289.973053 
239.410919 288.102966 
422.587036 300.574921 
284.099182 356.111969 
420.129974 370.941772 
427.997162 303.281372 
470.011383 313.870239 
244.416748 300.589996 
410.719025 306.186249 
188.103012 389.971832 
410.622162 292.745880 
278.341888 307.713409 
452.761353 326.361908 
205.816177 321.345062 
239.410919 288.102966 
263.668396 284.778168 
315.197968 303.657501 
201.815201 341.443390 
280.309235 387.525848 
201.067825 297.285400 
463.872253 374.961365 
197.009766 368.424713 
188.739929 362.663147 
422.587036 300.574921 
301.447418 298.933594 
434.246826 327.927612 
410.792450 314.472260 
284.472290 300.105560 
315.197968 303.657501 
243.998062 320.200043 
481.489624 319.774780 
293.783569 302.470734 
448.490051 339.449524 
420.129974 370.941772 
305.606262 280.369934 
410.719025 306.186249 
240.750366 317.899048 
233.356812 277.137512 
240.750366 317.899048 
285.104614 380.482910 
410.792450 314.472260 
405.456512 284.662781 
284.099182 356.111969 
434.246826 327.927612 
452.761353 326.361908 
465.292755 371.929352 
189.062576 345.636383 
195.444077 381.121429 
240.750366 317.899048 
279.514679 386.463043 
280.536377 357.476196 
195.444077 381.121429 
244.416748 300.589996 
147.704849 400.570435 
409.686859 291.151886 
185.270905 389.646912 
297.835175 273.557159 
244.416748 300.589996 
186.873505 294.724701 
248.266037 289.973053 
416.953552 324.461456 
262.363678 333.166504 
282.913452 315.261200 
411.294678 372.012115 
307.086914 313.022217 
201.505753 309.382843 
307.425659 291.267395 
295.177124 275.162292 
200.600616 358.177307 
302.524261 375.238739 
188.656616 314.216248 
420.129974 370.941772 
269.396362 380.159515 
202.909851 335.037720 
208.088028 319.403076 
481.489624 319.774780 
284.472290 300.105560 
284.472290 300.105560 
292.515320 265.601898 
277.080078 413.871735 
411.294678 372.012115 
189.062576 345.636383 
188.103012 389.971832 
279.030243 295.972076 
469.227478 294.663849 
304.321594 332.165863 
271.169922 298.624298 
270.813019 297.949371 
196.260483 394.061829 
422.587036 300.574921 
124.934059 401.365509 
414.400177 305.912354 
294.309967 275.422974 
280.309235 387.525848 
284.099182 356.111969 
248.266037 289.973053 
471.233734 292.802460 
294.562897 403.999146 
410.719025 306.186249 
312.395355 238.795700 
281.376953 396.902618 
275.775024 313.910950 
280.061798 397.096680 
467.083527 309.594574 
301.799316 61.320885 
411.294678 372.012115 
463.872253 374.961365 
484.391632 318.793152 
422.587036 300.574921 
296.811737 412.229950 
200.742722 308.362030 
312.348999 304.068359 
248.657471 301.693604 
293.694519 260.630432 
280.061798 397.096680 
307.425659 291.267395 
316.746216 348.789276 
414.400177 305.912354 
406.474792 320.014526 
293.783569 302.470734 
182.711090 391.095154 
315.197968 303.657501 
188.739929 362.663147 
170.143661 369.859589 
189.074509 306.449310 
296.811737 412.229950 
196.410126 369.246735 
193.687256 323.622925 
307.425659 291.267395 
280.629974 286.983459 
416.953552 324.461456 
296.811737 412.229950 
296.811737 412.229950 
397.435974 356.572571 
281.376953 396.902618 
477.773743 339.742523 
295.177124 275.162292 
281.376953 396.902618 
292.515320 265.601898 
464.108612 294.383118 
189.975433 345.972076 
189.074509 306.449310 
189.062576 345.636383 
279.514679 386.463043 
202.909851 335.037720 
195.316696 364.075134 
279.735687 292.133545 
426.274353 305.465240 
208.152954 311.756714 
484.391632 318.793152 
262.254395 338.533875 
183.382172 287.074829 
430.286377 289.754242 
430.286377 289.754242 
194.133133 296.176331 
203.448410 361.099915 
446.889313 343.155823 
446.889313 343.155823 
188.892227 380.070587 
477.773743 339.742523 
410.719025 306.186249 
248.266037 289.973053 
471.233734 292.802460 
282.618042 337.322113 
295.862976 293.848389 
106.709236 404.148285 
307.425659 291.267395 
203.448410 361.099915 
258.005066 377.227600 
452.761353 326.361908 
208.152954 311.756714 
271.551758 350.734955 
279.514679 386.463043 
288.435364 319.216522 
467.083527 309.594574 
270.813019 297.949371 
280.061798 397.096680 
106.709236 404.148285 
323.521606 302.013855 
296.811737 412.229950 
300.787415 318.249512 
260.266907 280.483185 
188.656616 314.216248 
406.986023 292.398621 
467.083527 309.594574 
410.622162 292.745880 
274.731598 398.538361 
274.731598 398.538361 
274.731598 398.538361 
290.601746 307.862885 
269.859833 371.148865 
422.587036 300.574921 
420.129974 370.941772 
312.348999 304.068359 
279.514679 386.463043 
230.147781 334.403229 
265.810425 393.108826 
239.410919 288.102966 
290.601746 307.862885 
416.542297 376.264099 
292.137421 278.600739 
260.553040 351.430481 
252.640259 294.399536 
469.227478 294.663849 
481.489624 319.774780 
481.489624 319.774780 
328.538208 350.184692 
439.737335 331.142731 
262.254395 338.533875 
197.522522 311.270325 
329.165222 302.850494 
406.474792 320.014526 
465.292755 371.929352 
124.934059 401.365509 
83.300209 406.165802 
203.448410 361.099915 
260.266907 280.483185 
421.636505 329.832275 
305.606262 280.369934 
92.609962 405.934296 
208.088028 319.403076 
437.728394 329.939819 
170.571762 375.625397 
307.425659 291.267395 
323.521606 302.013855 
260.553040 351.430481 
296.811737 412.229950 
183.999802 294.802429 
198.129303 295.161072 
197.522522 311.270325 
189.644272 374.059601 
201.067825 297.285400 
478.133423 319.955444 
262.472656 314.188660 
285.890991 260.059814 
307.425659 291.267395 
280.061798 397.096680 
456.822083 310.177185 
389.156250 355.814087 
201.815201 341.443390 
406.474792 320.014526 
276.891937 385.822266 
183.660919 310.236023 
189.644272 374.059601 
310.190765 301.937439 
405.646027 302.428406 
197.522522 311.270325 
188.656616 314.216248 
283.984192 398.017395 
212.209518 229.553085 
295.826538 356.258301 
443.945648 313.506195 
202.909851 335.037720 
170.143661 369.859589 
200.234146 371.676086 
258.714752 310.309906 
202.301071 327.894409 
284.472290 300.105560 
446.413483 314.704559 
410.717987 345.112793 
419.547546 386.583984 
315.197968 303.657501 
426.274353 305.465240 
269.859833 371.148865 
143.592072 401.729248 
218.431625 328.406525 
260.553040 351.430481 
487.465942 311.082764 
202.999268 320.835693 
197.632874 306.795929 
406.474792 320.014526 
219.259659 288.798004 
200.234146 371.676086 
208.152954 311.756714 
283.984192 398.017395 
92.609962 405.934296 
170.177185 375.155243 
208.152954 311.756714 
199.512833 345.121796 
280.858154 280.606537 
386.812927 353.427277 
131.084824 225.663269 
189.644272 374.059601 
491.605347 314.687073 
271.266846 318.226624 
219.259659 288.798004 
420.129974 370.941772 
420.129974 370.941772 
284.472290 300.105560 
410.792450 314.472260 
272.970673 280.768585 
292.515320 265.601898 
110.652634 405.713074 
324.739716 299.604340 
311.474243 280.700806 
432.967377 320.677521 
313.413879 276.970032 
419.584259 285.262512 
173.037659 318.272125 
290.646149 380.495819 
438.631744 340.271057 
284.099182 356.111969 
449.919312 312.071930 
170.177185 375.155243 
289.093201 408.279694 
336.024292 306.119690 
271.551758 350.734955 
288.802216 362.294464 
252.640259 294.399536 
434.764679 327.842682 
170.177185 375.155243 
252.640259 294.399536 
481.489624 319.774780 
131.084824 225.663269 
288.888763 321.493591 
465.292755 371.929352 
189.975433 345.972076 
477.773743 339.742523 
459.361481 311.694427 
430.598053 383.512329 
199.781769 348.625153 
194.054428 287.087494 
265.717072 299.283264 
454.138428 312.463287 
301.950897 292.926758 
400.113647 408.800720 
106.709236 404.148285 
296.811737 412.229950 
265.810425 393.108826 
198.129303 295.161072 
449.377197 315.194214 
179.684921 302.126251 
404.918152 298.769135 
165.516434 396.311340 
329.165222 302.850494 
239.410919 288.102966 
291.926788 384.773102 
289.093201 408.279694 
83.300209 406.165802 
269.396362 380.159515 
449.919312 312.071930 
194.133133 296.176331 
443.945648 313.506195 
171.750748 405.736847 
311.728271 281.277527 
188.739929 362.663147 
434.246826 327.927612 
209.634506 286.125946 
405.646027 302.428406 
191.793396 336.940765 
219.259659 288.798004 
289.093201 408.279694 
307.425659 291.267395 
296.811737 412.229950 
219.259659 288.798004 
239.410919 288.102966 
239.410919 288.102966 
199.781769 348.625153 
174.630875 317.097137 
194.133133 296.176331 
275.775024 313.910950 
187.128098 372.062897 
179.684921 302.126251 
481.489624 319.774780 
439.563446 381.215332 
428.286469 323.391754 
470.011383 313.870239 
454.138428 312.463287 
202.598312 265.479095 
307.425659 291.267395 
256.001160 292.253693 
476.054474 374.275330 
263.668396 284.778168 
244.877792 294.966370 
454.138428 312.463287 
428.286469 323.391754 
398.856628 336.743408 
295.762329 240.509064 
173.037659 318.272125 
484.391632 318.793152 
261.064453 293.907654 
260.958405 317.314148 
279.739777 360.660431 
263.668396 284.778168 
199.524826 383.353821 
281.957062 363.399323 
252.640259 294.399536 
398.856628 336.743408 
416.953552 324.461456 
449.919312 312.071930 
432.967377 320.677521 
454.138428 312.463287 
398.611084 306.580231 
281.957062 363.399323 
434.764679 327.842682 
438.631744 340.271057 
484.391632 318.793152 
313.413879 276.970032 
247.446655 296.357544 
192.328857 314.353882 
192.328857 314.353882 
281.957062 363.399323 
405.658875 299.040527 
279.030243 295.972076 
262.254395 338.533875 
265.019745 312.414246 
449.653320 279.320160 
261.107605 379.238647 
452.761353 326.361908 
198.129303 295.161072 
439.563446 381.215332 
206.162323 399.499451 
399.008759 313.957825 
399.008759 313.957825 
404.918152 298.769135 
312.395355 238.795700 
484.391632 318.793152 
405.782745 280.977539 
263.207764 344.502899 
300.782532 237.608826 
295.862976 293.848389 
426.403687 276.593658 
427.997162 303.281372 
459.361481 311.694427 
301.799316 61.320885 
439.563446 381.215332 
425.344940 383.466827 
450.236725 294.223022 
399.008759 313.957825 
180.017212 317.870270 
434.764679 327.842682 
291.926788 384.773102 
145.187134 406.684662 
173.760452 356.309052 
388.324066 329.163391 
388.324066 329.163391 
449.919312 312.071930 
206.580017 310.123840 
449.653320 279.320160 
262.254395 338.533875 
208.706451 318.889374 
299.628082 386.760620 
426.403687 276.593658 
170.177185 375.155243 
301.683472 232.864014 
404.217957 365.780090 
306.958069 381.016785 
226.209976 343.480377 
281.376953 396.902618 
398.611084 306.580231 
83.300209 406.165802 
200.600616 358.177307 
399.008759 313.957825 
338.840210 347.712372 
199.512833 345.121796 
247.446655 296.357544 
300.730743 230.412796 
204.407562 300.125488 
204.407562 300.125488 
399.008759 313.957825 
481.869598 305.109283 
443.719360 345.096527 
443.719360 345.096527 
159.179916 401.840820 
244.416748 300.589996 
211.538315 398.687988 
258.722504 57.415688 
211.008911 299.148956 
293.698730 367.611450 
416.123108 282.485107 
449.377197 315.194214 
180.736969 308.113098 
430.286377 289.754242 
269.422333 280.809631 
301.799316 61.320885 
295.976929 393.729462 
429.818634 348.306091 
451.295898 323.111816 
296.811737 412.229950 
301.183685 385.105774 
416.542297 376.264099 
262.254395 338.533875 
191.957443 288.968719 
449.377197 315.194214 
261.131592 281.838745 
262.363678 333.166504 
169.723114 345.978546 
416.123108 282.485107 
402.083801 313.828003 
281.957062 363.399323 
467.083527 309.594574 
421.757721 382.596466 
434.764679 327.842682 
306.958069 381.016785 
180.148651 305.136047 
179.684921 302.126251 
281.957062 363.399323 
468.204681 377.158844 
459.361481 311.694427 
285.640717 396.433411 
410.717987 345.112793 
459.361481 311.694427 
265.019745 312.414246 
278.791107 391.810181 
161.800690 414.042511 
428.748352 354.764404 
307.425659 291.267395 
448.132660 308.858704 
198.129303 295.161072 
281.074921 311.479950 
281.074921 311.479950 
183.660919 310.236023 
432.152985 321.954437 
467.189514 381.346558 
249.246368 231.557693 
307.425659 291.267395 
419.547546 386.583984 
478.273407 362.478210 
312.395355 238.795700 
446.413483 314.704559 
187.128098 372.062897 
446.413483 314.704559 
202.301071 327.894409 
262.363678 333.166504 
472.447510 367.039886 
261.107605 379.238647 
194.133133 296.176331 
472.447510 367.039886 
231.607559 405.687012 
481.642609 363.781311 
267.476440 334.866638 
487.465942 311.082764 
411.294678 372.012115 
142.958359 401.795868 
449.377197 315.194214 
201.067825 297.285400 
477.773743 339.742523 
277.326172 262.683807 
288.888763 321.493591 
176.528702 306.252441 
390.186066 321.844635 
173.062439 330.635345 
449.377197 315.194214 
452.761353 326.361908 
449.377197 315.194214 
281.376953 396.902618 
190.058151 397.922211 
173.037659 318.272125 
296.811737 412.229950 
332.261780 354.676575 
296.811737 412.229950 
198.129303 295.161072 
262.363678 333.166504 
452.761353 326.361908 
173.037659 318.272125 
405.782745 280.977539 
418.408417 289.683014 
405.456512 284.662781 
255.533539 322.433380 
183.660919 310.236023 
427.069305 275.154846 
280.061798 397.096680 
435.353790 303.494415 
185.057327 311.734375 
437.599243 385.659851 
434.246826 327.927612 
296.811737 412.229950 
429.929718 381.057098 
309.594452 223.441757 
260.532104 404.344452 
262.712921 395.721375 
306.958069 381.016785 
406.986023 292.398621 
178.518250 342.064148 
249.246368 231.557693 
161.800690 414.042511 
287.890289 258.275330 
438.688507 311.153503 
381.242981 344.546509 
444.831116 332.185120 
322.886353 332.843506 
315.987610 236.069366 
261.064453 293.907654 
264.483246 278.380280 
202.286316 403.876526 
83.300209 406.165802 
211.008911 299.148956 
270.471466 281.331635 
280.061798 397.096680 
260.266907 280.483185 
274.731598 398.538361 
231.479294 339.445648 
285.964142 364.558502 
322.886353 332.843506 
249.246368 231.557693 
297.886383 371.405365 
243.998062 320.200043 
466.790070 385.728790 
448.132660 308.858704 
170.194519 322.716919 
170.194519 322.716919 
189.975433 345.972076 
305.606262 280.369934 
204.970932 303.464172 
296.811737 412.229950 
449.919312 312.071930 
449.377197 315.194214 
197.522522 311.270325 
296.811737 412.229950 
248.657471 301.693604 
478.133423 319.955444 
426.274353 305.465240 
425.601257 305.694275 
436.527283 349.093109 
317.989899 275.911804 
481.470856 299.501678 
197.522522 311.270325 
173.928223 297.048187 
438.688507 311.153503 
278.341888 307.713409 
439.563446 381.215332 
226.209976 343.480377 
173.928223 297.048187 
173.928223 297.048187 
280.371643 392.091736 
280.371643 392.091736 
191.040253 388.782074 
159.595825 406.764679 
329.165222 302.850494 
332.261780 354.676575 
295.762329 240.509064 
321.478241 304.812256 
226.209976 343.480377 
466.669952 329.227173 
484.391632 318.793152 
298.263245 232.986359 
298.263245 232.986359 
322.886353 332.843506 
436.527283 349.093109 
446.413483 314.704559 
191.040253 388.782074 
176.528702 306.252441 
406.474792 320.014526 
284.416779 384.987915 
262.254395 338.533875 
211.368195 390.295166 
425.344940 383.466827 
310.333069 337.975739 
406.986023 292.398621 
310.333069 337.975739 
281.957062 363.399323 
481.642609 363.781311 
198.129303 295.161072 
446.413483 314.704559 
422.355957 378.714905 
309.594452 223.441757 
430.598053 383.512329 
430.598053 383.512329 
434.764679 327.842682 
231.479294 339.445648 
210.917679 413.514832 
317.329956 294.941467 
444.831116 332.185120 
444.831116 332.185120 
242.150314 298.274323 
161.800690 414.042511 
446.413483 314.704559 
347.612854 294.953156 
446.413483 314.704559 
181.375061 395.707245 
256.759644 371.880249 
416.123108 282.485107 
438.688507 311.153503 
267.476440 334.866638 
293.366974 303.885406 
410.717987 345.112793 
304.321594 332.165863 
194.891205 342.133057 
194.891205 342.133057 
280.858154 280.606537 
169.786194 313.454559 
317.134491 235.707321 
267.432678 313.029175 
322.014252 323.985870 
439.563446 381.215332 
434.246826 327.927612 
284.416779 384.987915 
280.858154 280.606537 
315.987610 236.069366 
296.635559 224.013901 
202.286316 403.876526 
295.762329 240.509064 
452.761353 326.361908 
429.818634 348.306091 
443.204132 345.410889 
285.640717 396.433411 
191.040253 388.782074 
276.840088 399.034973 
288.435364 319.216522 
281.376953 396.902618 
188.656616 314.216248 
451.295898 323.111816 
170.571762 375.625397 
424.469910 384.909424 
247.503128 328.143219 
198.562637 269.743530 
280.632050 339.670776 
231.479294 339.445648 
297.886383 371.405365 
466.669952 329.227173 
322.886353 332.843506 
260.532104 404.344452 
413.876312 280.649323 
444.831116 332.185120 
449.919312 312.071930 
441.872833 315.124359 
254.941818 347.165070 
180.122711 286.416290 
390.186066 321.844635 
420.129974 370.941772 
191.040253 388.782074 
284.416779 384.987915 
304.321594 332.165863 
440.184235 386.933960 
231.815384 341.057617 
191.040253 388.782074 
204.270370 417.273804 
247.503128 328.143219 
194.155334 344.037750 
290.958130 304.055786 
411.294678 372.012115 
423.523224 390.227295 
476.054474 374.275330 
283.984192 398.017395 
287.890289 258.275330 
284.472290 300.105560 
284.472290 300.105560 
418.408417 289.683014 
294.423187 233.207275 
416.123108 282.485107 
274.731598 398.538361 
245.783844 339.740265 
448.132660 308.858704 
448.132660 308.858704 
432.967377 320.677521 
243.998062 320.200043 
280.371643 392.091736 
283.522034 302.192047 
278.341888 307.713409 
224.939911 334.146362 
281.376953 396.902618 
312.395355 238.795700 
294.309967 275.422974 
294.309967 275.422974 
435.353790 303.494415 
446.413483 314.704559 
464.108612 294.383118 
418.408417 289.683014 
477.773743 339.742523 
446.803833 322.582855 
180.122711 286.416290 
167.343887 303.060944 
290.143005 305.916748 
274.731598 398.538361 
176.224777 360.526184 
435.353790 303.494415 
306.915680 221.256882 
290.601746 307.862885 
290.601746 307.862885 
297.886383 371.405365 
326.462433 353.646881 
284.416779 384.987915 
262.712921 395.721375 
202.301071 327.894409 
194.054428 287.087494 
194.054428 287.087494 
176.707840 366.091614 
231.815384 341.057617 
281.376953 396.902618 
190.058151 397.922211 
280.371643 392.091736 
293.783569 302.470734 
270.471466 281.331635 
260.532104 404.344452 
280.858154 280.606537 
446.413483 314.704559 
249.372665 322.023163 
287.890289 258.275330 
309.594452 223.441757 
