500
436.332794 226.580765 
429.653961 221.737976 
430.991577 222.423874 
432.838196 223.042953 
459.509827 220.808990 
440.862640 201.382996 
418.733673 228.432098 
420.224854 228.400513 
438.820221 223.463730 
445.319153 214.910843 
444.152191 217.529251 
460.693756 221.403214 
460.952057 221.133881 
417.463348 229.224258 
476.443207 210.209229 
438.998138 200.919327 
440.333740 200.796509 
433.092773 216.191467 
460.109894 223.441711 
448.348572 216.112732 
472.971191 192.587036 
448.063782 223.600327 
415.893463 206.184464 
439.715118 206.709900 
447.259308 224.446945 
228.482346 229.328751 
311.098297 278.970520 
460.400543 224.241867 
452.556030 247.821045 
228.619629 220.204239 
453.380463 231.897324 
232.099487 176.402374 
479.391998 207.700485 
475.469971 194.861237 
215.821045 208.454163 
314.033081 279.997681 
482.200562 208.129578 
522.760193 233.210480 
236.753830 213.997253 
478.496979 207.500641 
443.379181 221.279144 
443.335907 220.590134 
502.595276 214.078186 
234.962738 186.864227 
343.155396 242.046066 
455.625458 219.855743 
214.753464 207.627533 
234.803787 175.577850 
225.096817 208.164368 
309.960236 270.835297 
450.449097 228.160751 
450.497864 227.566467 
341.082001 237.221695 
442.756683 209.873672 
484.797760 193.085327 
340.629303 239.338165 
293.835876 265.149780 
339.992523 238.847870 
480.698212 198.632751 
255.216522 236.286880 
141.816086 304.102295 
454.447449 243.365128 
309.284515 185.201736 
296.854065 274.063416 
438.124786 218.982147 
412.924469 229.103012 
212.991806 206.734222 
479.454834 204.965393 
424.107605 388.581940 
298.079773 265.267181 
336.078064 263.015656 
482.839203 191.689438 
344.335663 240.859207 
145.664688 241.999344 
146.209671 242.334015 
139.824249 306.077972 
290.013855 307.430389 
234.052368 186.844788 
466.145966 207.142761 
441.131744 198.994675 
418.688660 232.780334 
498.888885 270.644104 
419.208984 232.677444 
169.854462 358.218079 
385.506989 388.852295 
473.226471 191.528610 
227.957962 197.168549 
483.046143 210.592773 
356.598206 219.583649 
224.234619 228.316132 
223.787094 229.705475 
222.885727 206.522629 
453.532776 219.568619 
293.072998 265.480408 
308.614655 185.569000 
222.386185 209.696655 
142.919678 183.854813 
455.690308 243.086426 
525.083252 236.773621 
295.071320 272.213715 
477.616577 200.449936 
461.142151 288.183105 
454.216064 202.652359 
506.246124 213.313507 
310.490570 269.410095 
228.171692 222.640411 
297.323303 272.483673 
457.034637 252.933212 
224.722977 228.605118 
469.046783 193.166885 
448.416779 310.961243 
454.966095 201.647659 
495.669281 216.525818 
350.660736 218.050522 
454.286255 253.191605 
329.268341 242.898239 
137.205933 234.782486 
459.515350 255.202072 
463.117126 220.887161 
187.810043 343.291260 
455.405304 200.519882 
226.979614 225.443069 
286.379883 307.200012 
471.862610 210.279297 
429.767059 202.466522 
483.461273 190.355270 
237.476105 189.229248 
290.602478 264.308136 
248.803665 210.165375 
462.194031 233.512207 
499.006378 212.602310 
499.224030 213.309479 
140.854721 309.947510 
140.876541 309.769440 
267.437561 155.548752 
153.054504 237.520538 
491.950867 268.080566 
476.635162 239.344788 
329.787415 241.477295 
277.151093 321.404083 
225.340073 191.089798 
223.160675 210.506958 
142.273865 183.857239 
232.978027 219.450806 
238.754730 183.500412 
310.554474 263.249756 
419.711548 201.916061 
168.934311 358.105103 
169.384827 358.093140 
287.565002 212.162613 
469.155701 214.632385 
421.994202 232.669220 
337.865631 260.231842 
289.884949 264.094757 
226.424377 235.928513 
299.441650 275.080017 
224.527985 225.067307 
225.126419 225.204132 
157.871841 343.858063 
156.859680 235.825073 
137.134506 304.950195 
464.767517 224.417969 
271.470917 185.878220 
136.771866 302.987122 
487.472534 199.996902 
221.067032 207.892120 
275.502258 337.885132 
325.691650 259.767059 
449.728516 207.182205 
336.521332 236.765503 
328.930328 241.075256 
238.560867 182.934814 
456.580750 212.277695 
440.225250 235.719254 
230.992279 228.521759 
488.975403 194.954147 
327.444763 242.615799 
433.909882 243.415894 
227.807236 177.758682 
251.949646 196.152786 
333.177124 248.299347 
264.771454 210.830200 
455.863495 279.359741 
475.378906 211.698151 
460.489410 206.868530 
214.453979 204.319733 
286.095032 188.703186 
337.346588 264.702881 
291.446747 267.140533 
299.567780 272.226105 
263.407043 351.104950 
338.268005 266.947113 
338.097382 267.024475 
454.004517 197.295837 
205.847992 344.573761 
426.391754 218.945129 
338.412262 268.123260 
219.839111 206.212524 
159.069122 344.441101 
467.175232 239.234482 
457.462158 212.850571 
296.922455 254.368729 
280.938660 202.224579 
310.100525 280.176117 
217.751556 227.601089 
233.639801 219.498215 
271.679596 154.417725 
237.628998 189.552307 
437.175903 191.928864 
136.083221 308.928680 
277.118378 319.964813 
297.782135 254.489594 
265.508423 352.481445 
279.422089 327.707245 
207.885635 236.283218 
388.642853 375.124908 
313.609283 181.475815 
444.916168 284.736786 
256.686829 195.607056 
478.454865 231.517487 
482.965668 204.144958 
403.544800 229.720947 
298.064026 193.100067 
297.512817 193.124481 
459.326447 192.087021 
455.071899 242.241531 
298.578064 165.676605 
156.084076 236.719162 
452.859650 178.872452 
275.489380 206.318069 
256.873901 197.485184 
345.499237 260.967224 
262.757385 348.520966 
159.760101 231.792145 
174.991211 351.859558 
401.723145 209.547394 
429.029053 222.890533 
509.031677 208.939148 
247.427948 235.573318 
162.009460 359.982849 
472.496033 238.946793 
465.590759 224.269592 
485.265594 194.785385 
402.699066 208.518265 
426.586975 244.672531 
256.176941 229.112793 
285.875458 215.350189 
220.875183 200.060715 
221.469376 200.330612 
314.670593 254.929611 
218.060318 203.691299 
327.921539 258.200897 
155.033661 227.395874 
154.457703 349.265045 
336.647644 210.054214 
144.116425 308.677673 
311.350708 187.079361 
409.130341 226.773300 
274.593597 330.095123 
313.334686 180.378937 
313.149841 261.221497 
408.516357 227.614761 
453.839996 277.710266 
294.982117 163.270966 
149.909515 241.834595 
138.488327 237.480957 
154.629547 249.807922 
229.466095 220.663040 
297.001740 312.411957 
265.369873 211.902954 
527.138489 233.871750 
180.871384 352.947479 
485.245789 248.577927 
342.228333 213.336273 
392.253265 390.279602 
293.725952 207.161118 
203.799118 346.088409 
237.224060 182.103546 
156.706116 225.918671 
176.130936 356.870575 
330.993652 259.761566 
273.790741 155.310440 
294.626099 208.357193 
314.408936 254.384766 
486.680603 261.664093 
406.017578 226.780914 
153.644501 228.653061 
268.311707 327.435455 
342.974915 248.351608 
237.116135 236.096756 
225.314331 199.376740 
446.061829 239.059998 
416.237305 261.594849 
304.817841 182.851562 
374.269623 252.218948 
152.880661 228.374283 
514.719055 217.582260 
305.221619 224.773392 
213.365311 227.407654 
237.731598 236.824539 
347.521667 214.713257 
150.424469 245.650299 
471.837097 238.041641 
305.376282 330.060059 
262.176422 209.362427 
153.642807 224.463074 
137.697983 307.589325 
309.510864 180.676666 
217.597763 201.334381 
318.189758 247.388580 
336.621826 242.453476 
344.504150 244.966599 
246.267273 187.612473 
416.836914 261.113037 
422.766235 270.293579 
473.180206 233.610489 
266.794281 139.591690 
277.358643 318.034393 
233.652771 228.438461 
248.387451 184.722076 
344.725525 261.807129 
460.045197 256.502319 
175.119980 357.206207 
280.945648 155.612823 
297.973572 313.367767 
246.308411 239.274460 
264.564087 283.646912 
505.231506 298.982269 
311.484467 256.930176 
509.712402 256.410950 
255.229416 208.354950 
254.694489 207.872330 
230.889572 337.555359 
261.913788 183.216858 
277.954132 316.842102 
488.659576 197.813354 
283.415741 335.672760 
428.048187 186.232880 
141.652298 291.536804 
452.379303 210.324860 
469.780518 233.442810 
460.244781 269.729584 
360.613831 215.802948 
331.441345 231.310364 
454.443939 274.576538 
310.917328 258.336853 
407.555786 229.525131 
453.614594 285.089844 
204.637070 261.988281 
254.931595 151.082367 
339.629089 269.998260 
268.431244 181.917816 
155.918762 253.701309 
237.705139 214.002701 
323.316376 234.207138 
282.219696 194.875641 
210.208527 182.888443 
222.061600 203.756821 
359.670715 218.735321 
327.860138 261.077789 
264.606079 220.402100 
232.246918 190.523453 
296.289185 198.740112 
468.920044 233.207108 
468.996887 233.351181 
267.515167 219.687775 
276.389801 329.970612 
342.628479 214.159790 
249.066437 184.639572 
476.886200 185.914627 
435.014587 183.570938 
256.433777 192.976257 
235.760849 192.030594 
299.982300 200.260117 
294.072021 253.359009 
232.959488 236.529205 
294.632996 205.969742 
159.728729 234.869476 
217.042404 224.995911 
266.480011 281.557129 
158.360550 227.694397 
244.765274 226.597412 
476.079529 184.352997 
153.580780 341.965363 
207.356964 193.788300 
311.194824 213.866119 
475.863342 253.342041 
154.168671 254.417450 
137.601532 238.305222 
469.019379 211.364059 
303.812622 183.273132 
269.474304 217.908569 
444.737213 196.528961 
270.992432 332.340576 
160.762009 233.471954 
137.835052 298.412201 
245.896713 231.918381 
204.629028 228.302414 
492.860779 313.468048 
287.359192 213.404556 
405.927979 207.468094 
437.614716 186.050339 
272.933868 301.257568 
322.641510 203.830673 
322.778442 204.449371 
287.881500 161.794983 
322.310822 238.937820 
333.953064 236.952393 
382.352875 243.046265 
245.524445 227.177521 
475.633148 254.822800 
145.165100 195.986160 
348.103546 250.020752 
269.861572 216.663574 
504.181641 296.532776 
264.769409 183.477646 
491.574768 247.817764 
243.837662 262.257141 
269.776886 153.949295 
232.409409 236.586685 
291.362885 271.535370 
276.665527 206.636459 
224.495041 238.912521 
309.483643 345.343719 
433.457458 240.750488 
325.133148 265.429779 
469.286804 270.763550 
210.673325 196.873795 
311.918945 241.095154 
278.191437 204.248642 
283.830902 336.298309 
136.680145 217.683456 
286.518768 265.854187 
291.116333 186.837341 
422.377289 195.807526 
315.023590 229.914536 
484.324890 255.572250 
286.551636 265.061310 
332.832550 218.665146 
334.703094 253.291885 
154.815536 357.406891 
266.666412 183.193436 
213.933197 225.113586 
302.728149 274.028900 
306.162170 185.647842 
332.179413 238.464096 
140.137543 235.660950 
302.846222 272.256256 
327.712433 262.063629 
150.315872 225.613251 
246.188156 181.979462 
462.919373 254.995239 
220.663010 230.949524 
204.949081 192.177109 
334.575378 250.391586 
445.156433 195.985825 
480.066711 231.884491 
416.721466 199.691833 
288.355774 194.537415 
138.847809 219.540527 
208.493225 190.537430 
252.013290 210.896667 
447.424133 196.111877 
286.990967 214.646515 
146.605087 251.137436 
402.895203 236.330093 
141.853683 357.794373 
309.620239 224.061386 
236.434601 178.818359 
264.210205 283.782379 
401.303070 220.344070 
476.164917 183.115250 
518.380188 200.094986 
424.011810 269.842285 
138.865860 287.339478 
306.998871 178.043091 
136.163483 291.380768 
137.673386 297.158539 
436.197662 185.156250 
315.344543 216.925217 
244.346237 339.794830 
223.130936 201.081848 
284.763519 157.767471 
253.284683 144.549728 
479.827209 253.257080 
347.606354 231.717026 
227.082504 189.261261 
246.270279 212.751312 
480.591888 244.550018 
268.537170 135.985901 
144.300552 290.026062 
339.892700 230.810593 
248.764053 236.464432 
318.480774 186.504791 
156.980957 348.603424 
157.308762 349.244690 
377.041534 242.548264 
359.480835 213.171799 
289.978851 308.051697 
243.310181 174.943420 
