500
297.580261 351.555573 
299.646667 345.741852 
299.646667 345.741852 
297.580261 351.555573 
288.006775 377.487701 
311.722565 363.702515 
293.517792 334.741547 
293.517792 334.741547 
299.942596 358.121399 
300.692841 362.682678 
300.692841 362.682678 
290.170776 378.054871 
290.170776 378.054871 
293.517792 334.741547 
296.835602 400.464294 
311.722565 363.702515 
311.722565 363.702515 
304.220642 354.576050 
288.006775 377.487701 
300.692841 362.682678 
313.571564 398.247192 
286.732086 366.402252 
314.907379 333.828796 
311.722565 363.702515 
286.732086 366.402252 
364.661011 152.833572 
287.022522 219.057632 
287.197937 377.650818 
267.608032 361.940613 
364.661011 152.833572 
285.253326 371.533173 
410.582031 175.765945 
298.811798 401.861786 
312.988007 401.408844 
386.720490 152.014191 
286.738403 217.759155 
292.656372 404.405518 
284.521545 427.601654 
373.468689 170.229324 
298.811798 401.861786 
299.942596 358.121399 
299.942596 358.121399 
288.720703 420.242950 
401.090912 179.071350 
311.662750 262.097961 
285.068054 381.369568 
386.720490 152.014191 
410.582031 175.765945 
384.998230 159.131485 
293.924164 220.352600 
286.033539 363.433502 
286.033539 363.433502 
311.662750 262.097961 
300.692841 362.682678 
314.360199 402.161011 
314.625641 259.489380 
306.721527 206.703659 
314.625641 259.489380 
309.917908 401.877625 
352.746765 171.814713 
322.915894 52.904034 
274.036621 366.428406 
375.465057 247.933441 
297.429901 207.190720 
299.942596 358.121399 
292.612823 326.791473 
386.720490 152.014191 
290.995850 409.866791 
284.235901 381.191437 
306.721527 206.703659 
290.733582 248.276428 
314.360199 402.161011 
311.662750 262.097961 
380.927612 74.613556 
380.927612 74.613556 
322.915894 52.904034 
266.478760 188.654587 
401.090912 179.071350 
305.063721 392.225647 
311.722565 363.702515 
293.517792 334.741547 
274.021881 385.959473 
293.517792 334.741547 
261.561707 58.051994 
270.796783 378.090240 
313.571564 398.247192 
392.591187 167.511322 
298.811798 401.861786 
285.477905 417.092712 
364.661011 152.833572 
364.661011 152.833572 
384.998230 159.131485 
285.068054 381.369568 
307.462463 205.876953 
375.465057 247.933441 
384.998230 159.131485 
430.691193 94.290237 
274.036621 366.428406 
284.521545 427.601654 
297.429901 207.190720 
307.958435 399.083557 
296.835602 400.464294 
311.722565 363.702515 
288.720703 420.242950 
296.137878 220.653992 
364.661011 152.833572 
297.429901 207.190720 
270.731293 389.476685 
364.661011 152.833572 
323.903503 392.095062 
209.178040 345.087097 
311.722565 363.702515 
282.458710 412.392212 
329.897156 281.257385 
285.068054 381.369568 
312.329590 251.735275 
389.091248 73.417320 
270.731293 389.476685 
290.170776 378.054871 
268.604309 79.213280 
311.722565 363.702515 
364.661011 152.833572 
266.478760 188.654587 
286.732086 366.402252 
312.009583 344.487732 
313.571564 398.247192 
401.090912 179.071350 
308.217499 205.073776 
369.489655 161.613083 
278.238403 375.083527 
266.754120 421.813843 
266.754120 421.813843 
322.095917 53.306961 
322.095917 53.306961 
417.750946 218.650467 
380.717865 83.465225 
285.068054 381.369568 
267.211090 386.775238 
316.281891 248.128052 
259.185883 171.770874 
399.336426 167.151596 
384.998230 159.131485 
430.691193 94.290237 
364.661011 152.833572 
401.350922 182.946381 
296.137878 220.653992 
313.889282 342.404297 
261.561707 58.051994 
261.561707 58.051994 
358.832001 221.079941 
285.022949 384.566223 
298.288361 335.965515 
290.371277 248.070724 
308.217499 205.073776 
361.178009 158.107559 
297.429901 207.190720 
364.661011 152.833572 
364.661011 152.833572 
276.586273 52.515503 
381.138702 87.913048 
322.915894 52.904034 
290.170776 378.054871 
364.661011 152.833572 
322.915894 52.904034 
288.720703 420.242950 
384.998230 159.131485 
243.524521 164.173096 
300.373413 247.502304 
300.692841 362.682678 
311.662750 262.097961 
316.281891 248.128052 
401.350922 182.946381 
274.036621 366.428406 
283.414276 353.642517 
359.380432 169.753845 
314.360199 402.161011 
316.832001 244.808044 
268.157288 329.345398 
410.582031 175.765945 
384.560791 193.311340 
300.373413 247.502304 
367.265808 197.217239 
296.386322 401.204132 
285.394318 359.154053 
286.732086 366.402252 
386.720490 152.014191 
380.498077 225.349762 
290.371277 248.070724 
306.781708 205.028168 
297.429901 207.190720 
233.902115 151.900513 
290.371277 248.070724 
290.371277 248.070724 
318.222351 386.139069 
261.531036 95.369553 
287.406647 363.007660 
290.371277 248.070724 
390.659454 157.466736 
276.586273 52.515503 
269.269897 379.926117 
274.036621 366.428406 
315.001099 213.033157 
368.850372 217.103439 
287.022522 219.057632 
367.502594 147.993942 
364.759277 151.753159 
416.532684 225.130722 
396.586853 177.745148 
325.360229 363.882538 
316.616150 47.760605 
259.713989 172.007919 
315.001099 213.033157 
229.634705 155.302719 
251.903214 172.266602 
370.466614 135.917923 
276.195740 381.659912 
377.357635 254.601669 
300.230988 389.379456 
384.560791 193.311340 
289.798462 394.797913 
306.180756 402.245575 
299.980743 323.540100 
372.537323 234.644623 
372.537323 234.644623 
318.222351 386.139069 
272.282837 363.383423 
397.846436 242.516129 
381.138702 87.913048 
331.520721 384.792419 
367.265808 197.217239 
384.380188 190.861572 
290.733582 248.276428 
233.902115 151.900513 
381.138702 87.913048 
264.434784 64.902283 
324.787354 335.997314 
286.033539 363.433502 
314.360199 402.161011 
357.656372 172.721558 
252.832458 64.113899 
242.727524 354.478882 
290.170776 378.054871 
312.113342 402.694305 
324.787354 335.997314 
268.157288 329.345398 
352.746765 171.814713 
358.832001 221.079941 
392.309875 160.381561 
392.309875 160.381561 
321.059082 242.675903 
386.720490 152.014191 
313.889465 246.677719 
388.421600 86.603828 
268.005798 47.450958 
337.846436 269.476288 
322.095917 53.306961 
375.465057 247.933441 
299.980743 323.540100 
251.903214 172.266602 
378.936523 254.357529 
293.924164 220.352600 
299.980743 323.540100 
296.835602 400.464294 
401.569489 241.652161 
376.628143 79.085197 
389.091248 73.417320 
363.908569 80.592026 
364.661011 152.833572 
252.921707 202.457550 
367.265808 197.217239 
288.689209 426.846527 
252.832458 64.113899 
112.752632 300.566986 
340.858887 272.458130 
274.036621 366.428406 
373.468689 170.229324 
261.531036 95.369553 
401.350922 182.946381 
388.421600 86.603828 
252.832458 64.113899 
305.040100 258.605408 
416.532684 225.130722 
373.468689 170.229324 
321.059082 242.675903 
221.719116 57.684177 
299.980743 323.540100 
388.421600 86.603828 
251.903214 172.266602 
290.733582 248.276428 
352.746765 171.814713 
392.591187 167.511322 
311.722565 363.702515 
261.662628 322.958008 
375.465057 247.933441 
292.477539 283.164948 
392.220123 87.059319 
295.382141 421.749451 
311.662750 262.097961 
369.174713 144.208923 
357.656372 172.721558 
335.634430 275.510376 
372.679596 77.995796 
242.727524 354.478882 
237.462280 203.179489 
367.265808 197.217239 
392.220123 87.059319 
322.915894 52.904034 
375.465057 247.933441 
392.743408 156.070496 
312.933502 238.438675 
311.606567 260.136902 
290.733582 248.276428 
395.968445 187.581238 
261.662628 322.958008 
250.821091 325.230499 
285.965027 351.662628 
430.595093 229.397247 
259.185883 171.770874 
373.468689 170.229324 
399.824585 190.797577 
290.733582 248.276428 
270.731293 389.476685 
252.832458 64.113899 
412.986389 232.910751 
252.921707 202.457550 
357.656372 172.721558 
298.045929 172.696686 
204.323730 393.490479 
373.468689 170.229324 
270.796783 378.090240 
364.661011 152.833572 
364.661011 152.833572 
251.471954 131.879791 
364.759277 151.753159 
259.185883 171.770874 
309.457733 411.029724 
243.862701 173.082230 
327.879456 332.806946 
332.715118 54.773823 
304.346436 361.331055 
285.965027 351.662628 
300.230988 389.379456 
331.782562 284.005096 
321.059082 242.675903 
296.835602 400.464294 
373.468689 170.229324 
299.980743 323.540100 
296.665039 392.757904 
410.582031 175.765945 
426.178070 208.782959 
290.371277 248.070724 
397.710999 235.750854 
363.908569 80.592026 
372.928314 171.343994 
319.413971 248.063995 
368.850372 217.103439 
403.140350 154.540237 
384.998230 159.131485 
328.278168 284.154877 
313.889465 246.677719 
355.328308 164.127991 
395.241241 169.787506 
367.094025 233.846313 
285.965027 351.662628 
285.965027 351.662628 
369.489655 161.613083 
251.903214 172.266602 
337.846436 269.476288 
399.824585 190.797577 
319.053833 404.922119 
324.787354 335.997314 
384.560791 193.311340 
395.241241 169.787506 
367.094025 233.846313 
315.001099 213.033157 
357.656372 172.721558 
373.468689 170.229324 
381.138702 87.913048 
367.502594 147.993942 
298.045929 172.696686 
387.032349 87.312325 
361.178009 158.107559 
305.770233 419.077148 
278.450317 47.838612 
402.251465 149.966537 
344.948181 241.659805 
299.512421 377.612213 
363.908569 80.592026 
389.091248 73.417320 
285.394318 359.154053 
379.626709 245.916031 
369.489655 161.613083 
322.497589 346.417450 
252.622314 161.230789 
381.138702 87.913048 
322.915894 52.904034 
359.380432 169.753845 
364.661011 152.833572 
191.600510 382.915497 
373.468689 170.229324 
322.059845 328.682983 
317.022125 346.162354 
284.235901 381.191437 
344.948181 241.659805 
344.948181 241.659805 
405.293457 236.611328 
317.156555 252.370239 
311.662750 262.097961 
296.697235 296.621094 
361.178009 158.107559 
299.512421 377.612213 
421.602203 90.760872 
299.690491 262.184784 
369.489655 161.613083 
204.323730 393.490479 
373.468689 170.229324 
303.613525 401.312378 
315.001099 213.033157 
406.822510 174.466736 
357.656372 172.721558 
307.462463 205.876953 
367.265808 197.217239 
361.178009 158.107559 
224.731552 207.661621 
268.157288 329.345398 
364.661011 152.833572 
274.021881 385.959473 
403.140350 154.540237 
322.600067 232.196259 
367.265808 197.217239 
243.862701 173.082230 
396.581879 72.510216 
307.462463 205.876953 
379.106476 229.001770 
325.938965 342.647003 
394.615417 74.320793 
251.457291 392.854797 
307.462463 205.876953 
341.611053 259.396301 
300.373413 247.502304 
262.902008 46.794846 
397.710999 235.750854 
365.626495 149.052856 
297.429901 207.190720 
375.465057 247.933441 
319.413971 248.063995 
388.217285 76.170212 
297.429901 207.190720 
313.889465 246.677719 
394.110413 86.884850 
403.596283 187.700378 
285.068054 381.369568 
364.759277 151.753159 
406.048370 151.796478 
300.373413 247.502304 
322.497589 346.417450 
289.798462 394.797913 
325.938965 342.647003 
374.445404 225.453506 
401.256805 75.788437 
278.238403 375.083527 
371.267761 164.570282 
322.497589 346.417450 
373.468689 170.229324 
369.782135 72.133850 
316.685913 349.240936 
269.165131 31.029274 
343.446869 237.690689 
406.739075 182.679520 
298.045929 172.696686 
315.163818 327.211975 
305.770233 419.077148 
311.997864 425.917358 
250.821091 325.230499 
332.715118 54.773823 
383.095856 248.719025 
332.715118 54.773823 
322.915894 52.904034 
324.787354 335.997314 
344.948181 241.659805 
252.198914 134.258820 
384.998230 159.131485 
409.645386 234.420959 
429.581390 207.398758 
186.277557 39.048534 
318.843353 265.010620 
399.336426 167.151596 
373.468689 170.229324 
99.528976 327.110535 
433.906860 223.975266 
332.715118 54.773823 
364.759277 151.753159 
357.656372 172.721558 
397.710999 235.750854 
271.430054 49.728241 
271.430054 49.728241 
299.011505 292.419525 
331.782562 284.005096 
266.478760 188.654587 
408.789642 187.655518 
