972
319.049316 417.923615 
532.497559 307.673096 
527.580688 306.266083 
462.408356 314.443207 
318.460144 418.401428 
349.918671 368.981873 
468.205139 313.451752 
525.289490 329.960663 
470.155945 304.150879 
259.648285 213.720947 
515.809387 349.456818 
565.120789 309.982361 
298.734955 290.688538 
260.090973 282.115143 
485.610596 300.746155 
493.691772 282.230225 
467.381409 301.939606 
192.063553 403.168976 
190.831665 405.755981 
515.067871 349.304108 
483.776428 297.085144 
470.068878 304.825745 
306.757263 404.297516 
464.935486 315.241455 
490.291565 324.301453 
493.226562 282.593628 
561.728699 322.653961 
192.358047 401.524689 
524.711243 307.460297 
259.535156 283.253143 
528.193359 308.473206 
490.087280 278.698853 
191.343353 404.540039 
322.460449 419.033508 
493.738495 282.562714 
466.472961 316.522003 
474.036407 304.229034 
454.228973 342.563385 
188.026352 411.415131 
328.357910 326.275146 
305.330627 428.214142 
453.488281 280.163544 
522.541870 332.069672 
325.583679 385.537292 
459.156311 312.292664 
185.250427 402.430756 
304.134399 419.058960 
559.704834 321.954803 
306.653809 348.085876 
331.470612 324.679108 
206.758530 323.946045 
186.687515 410.716522 
486.332153 328.304382 
308.792206 303.338867 
559.052917 300.534943 
549.998108 382.531158 
260.424469 283.575470 
538.579956 314.598175 
490.830627 309.933472 
494.224548 299.526001 
242.200409 267.745758 
484.659363 278.271454 
307.823242 418.414825 
325.157227 322.733185 
302.809814 346.797028 
480.614899 295.508026 
464.487915 284.557831 
298.222137 416.374298 
506.692047 315.524017 
457.026154 276.129120 
325.536438 433.773712 
333.297272 321.982758 
256.188110 283.999512 
186.276199 380.225006 
329.048981 319.536926 
183.632339 355.054443 
303.321503 416.022552 
180.018692 412.772247 
515.264465 354.914703 
514.676697 355.265228 
464.430786 319.227570 
329.812714 389.488434 
303.160095 418.323761 
309.545044 303.414734 
305.865784 344.582703 
554.465637 293.059845 
179.179214 408.544830 
179.355804 410.265076 
484.635132 335.609222 
178.578644 414.625488 
349.033691 371.150726 
335.962524 220.662109 
485.098236 334.633820 
559.481934 296.630829 
322.533386 433.059357 
306.155304 420.896729 
200.768799 292.602478 
300.488037 418.526428 
209.303375 322.240479 
299.643005 412.126221 
202.110046 332.266571 
461.645782 311.371552 
180.779221 413.167084 
322.710938 435.169525 
299.521271 411.254211 
302.863983 348.238770 
306.089355 422.377563 
347.870667 368.923981 
322.502716 438.021240 
322.502716 438.021240 
526.260803 331.862030 
318.361938 443.041138 
530.694336 407.496643 
473.922363 320.152893 
276.631592 362.031372 
334.658691 275.710297 
182.874222 355.016663 
293.037628 291.239899 
300.044861 408.341003 
308.165558 428.338593 
299.652802 401.885590 
209.532883 311.584442 
325.512695 315.523987 
326.242249 316.422302 
499.619965 320.581146 
296.039551 295.662750 
186.152847 414.383911 
494.784760 299.830414 
202.460617 345.597168 
183.076126 414.700531 
448.397797 298.738068 
200.517227 291.422241 
328.846313 326.847015 
181.158264 389.984711 
317.529205 438.264343 
491.515015 401.419373 
328.318420 320.452087 
301.795898 405.706451 
453.886230 313.093323 
206.795792 324.584229 
300.743073 404.350800 
489.460846 297.373260 
312.144257 405.406982 
494.467926 399.976746 
177.674316 414.385742 
305.038849 435.010437 
190.101868 418.956146 
555.299744 330.196533 
522.477966 330.620667 
565.744873 324.374298 
202.429230 384.633728 
518.357117 294.367889 
300.938019 285.794006 
293.947510 416.522369 
207.012894 381.209381 
181.080353 400.959503 
183.265244 414.157593 
325.141174 322.011932 
161.850586 423.576324 
518.410645 314.693176 
181.218597 451.789825 
247.915955 280.966248 
241.622116 424.119293 
323.928558 437.169678 
456.320587 311.359680 
178.483704 417.453949 
491.339050 298.349640 
300.546661 424.079376 
479.054901 292.332031 
453.839203 322.093750 
316.690887 263.143433 
325.016083 314.775299 
195.243118 386.197174 
324.541473 318.341675 
297.749908 288.017303 
312.221191 320.433014 
434.849060 362.149506 
519.201660 314.002838 
269.946106 297.108307 
200.305283 320.946747 
441.052887 324.908142 
303.361328 310.436554 
181.161804 451.166168 
198.509735 284.473358 
202.059738 346.940918 
547.741821 328.474060 
201.786728 336.422485 
181.054855 288.486237 
329.788635 286.653412 
296.716064 309.901398 
488.023163 334.553619 
249.146561 280.756287 
162.862640 330.169159 
195.504593 322.834503 
269.088470 300.470184 
498.406921 328.166870 
125.999420 205.937637 
329.975708 411.493195 
178.558807 403.528168 
500.909607 322.078278 
210.014740 321.551453 
520.489319 312.060913 
246.500458 271.778778 
211.033752 309.578125 
309.391724 362.486847 
210.692032 313.073364 
302.918884 434.837677 
233.511414 336.349121 
433.343628 361.052307 
467.869904 279.556061 
309.367889 363.037048 
520.358765 306.772552 
493.195679 335.871918 
528.551208 337.200348 
304.897644 343.454559 
202.676834 375.157257 
146.652222 434.571686 
204.743103 322.364441 
540.970825 345.080536 
200.080215 346.461395 
203.172989 380.504730 
188.409927 408.074860 
180.897537 400.162384 
485.729736 315.459747 
184.167877 411.283752 
513.681946 315.752075 
180.610840 396.054596 
446.377167 312.300629 
258.802368 288.270966 
513.533142 318.491119 
312.700165 303.132477 
467.018433 286.964874 
518.677429 324.513702 
547.377747 286.696747 
233.742355 337.589813 
553.408020 316.637115 
454.903717 285.698639 
325.656281 262.011627 
204.595459 327.896881 
298.678955 397.948364 
200.850998 297.995422 
308.708984 247.495895 
487.581360 398.584991 
322.232208 439.788818 
331.843506 405.944702 
199.626495 373.185028 
500.384827 362.626465 
511.768127 304.803101 
197.357285 423.126007 
558.245239 305.731476 
464.706879 336.633240 
179.912018 393.532990 
341.912323 301.132904 
470.403229 296.697723 
291.455963 360.577271 
341.900513 212.382431 
314.523956 321.339874 
199.712631 286.979919 
523.782837 326.378265 
290.874329 362.101471 
514.551636 305.240082 
322.290588 267.944305 
196.662842 310.776093 
324.906189 396.183594 
297.834412 398.476624 
308.347778 369.033844 
298.963501 286.793091 
502.249542 323.968506 
266.361328 353.260071 
334.575165 303.030029 
322.549072 418.510040 
523.796631 312.501801 
293.401062 419.695557 
292.507416 420.022369 
292.733673 420.201721 
473.899048 301.085358 
279.181030 416.155853 
290.576538 402.364929 
195.273880 398.559998 
317.833679 263.717682 
292.317657 269.009277 
320.853699 440.602478 
463.545105 335.878387 
313.689453 244.082825 
185.385498 303.293243 
546.609192 302.119934 
553.520081 391.185333 
516.271729 307.000885 
474.885437 353.741058 
209.108170 414.135101 
189.035736 408.461060 
197.991074 404.327301 
288.611359 386.222809 
338.953064 276.607666 
195.042206 401.890198 
200.052658 351.488525 
282.542969 413.592377 
196.119431 423.509308 
502.686035 324.949341 
448.672821 311.609650 
449.022522 311.919434 
344.213196 346.998291 
344.089203 346.533356 
165.039734 296.747223 
534.549194 329.336273 
337.622833 214.512451 
569.143860 327.323059 
176.354538 451.998199 
500.619720 305.240814 
287.667053 385.653503 
319.141602 264.443420 
319.487976 264.189209 
263.872406 354.684052 
334.538696 285.122284 
201.282669 375.245148 
477.312103 322.228333 
515.873230 307.686890 
307.844879 396.917419 
324.038208 219.097580 
489.402588 303.076050 
480.827911 265.544861 
294.294678 426.527710 
448.873016 307.497253 
540.975342 329.908325 
538.613098 288.811890 
290.413452 413.067474 
494.503082 308.622070 
487.249115 394.700409 
474.766357 351.184387 
488.698273 304.384155 
287.962921 291.435059 
201.333313 350.262390 
163.909729 369.471100 
318.668182 266.085480 
287.141510 445.435425 
316.424469 321.664734 
509.629150 266.972565 
474.436798 321.238678 
322.488281 278.398254 
197.933212 309.423950 
211.841431 318.437775 
314.880890 303.536316 
208.599670 414.559601 
517.793884 338.445709 
294.943176 420.505280 
545.264709 389.454437 
251.755737 283.319183 
195.526535 432.585663 
315.235016 304.772766 
179.408066 353.061859 
550.396667 349.237976 
164.655273 379.780823 
517.467224 320.901947 
299.587769 422.400269 
514.530396 297.815033 
441.576202 325.631622 
451.189453 314.228241 
318.590576 315.461304 
544.868530 345.077454 
481.418854 394.304474 
287.781464 427.240143 
183.013611 407.979828 
246.056702 312.575562 
313.951141 418.392609 
245.832169 313.174805 
499.319489 323.631927 
515.024719 333.234497 
470.158081 303.190948 
350.875671 292.019562 
330.148621 220.912628 
213.559555 296.116730 
308.748901 352.003510 
309.285614 352.340820 
470.893616 272.218872 
299.007294 363.505493 
192.884583 387.481995 
68.517189 426.991577 
197.490845 311.685486 
515.455200 312.822479 
514.935181 312.957581 
510.572418 333.098267 
301.284180 343.066772 
496.788574 291.432190 
509.953796 333.327087 
512.198730 302.841400 
340.388184 298.247711 
521.813843 325.134918 
325.687042 396.964935 
311.676239 427.949097 
470.635681 323.566223 
316.489563 402.763977 
333.802643 319.556976 
465.081177 296.840515 
543.422668 390.355499 
181.750580 410.411835 
197.434952 298.728546 
321.548218 265.474213 
341.144257 345.584106 
297.108429 439.637421 
173.089111 396.060486 
304.062836 370.836365 
541.649414 397.372406 
495.305328 405.371582 
169.977524 350.174988 
160.827820 381.101807 
353.535706 301.870026 
303.198242 319.352295 
499.791748 299.755981 
175.628174 420.355255 
305.166443 432.201111 
304.506470 432.102997 
480.328644 390.466766 
148.703903 441.921143 
472.288635 341.331757 
285.012909 402.313507 
180.891205 420.268738 
456.180206 296.611328 
248.263855 324.232971 
287.227783 419.822113 
278.040833 364.255859 
478.061768 324.213776 
496.638458 292.655731 
219.295700 272.840454 
318.127014 245.257492 
203.727066 297.429047 
204.296188 296.565155 
315.614746 305.908264 
495.103516 450.103210 
482.510895 343.609894 
294.104309 284.930115 
318.933502 283.452820 
176.212692 356.503204 
462.534180 346.868927 
234.508698 341.201355 
515.906799 310.612762 
548.977905 346.747040 
355.474487 357.197388 
105.562988 419.477081 
470.793762 353.647064 
471.264404 354.164520 
189.568466 414.966766 
357.122040 302.020660 
307.359253 370.434509 
350.640625 362.420654 
353.924622 301.404663 
278.127197 391.002258 
201.888580 354.233765 
247.809860 284.667419 
326.033142 327.218719 
58.211487 427.140320 
282.516541 296.248260 
160.423859 380.283936 
286.906677 419.195740 
312.036591 302.144135 
450.235565 309.449524 
322.543762 267.215881 
317.928192 246.124847 
279.363434 358.855042 
195.989532 304.487701 
290.254761 294.281189 
325.532410 265.411133 
289.577972 293.997711 
326.221619 265.149933 
503.416656 302.529114 
502.801239 303.006897 
329.905396 272.227448 
553.304443 356.538239 
477.996124 282.977570 
478.343048 282.956635 
545.897400 315.361938 
177.760849 343.293030 
498.584503 311.097015 
531.125000 335.378967 
506.327393 359.865295 
332.484070 221.821442 
560.752747 296.053986 
310.793060 442.004639 
452.687103 279.085419 
303.061859 374.894043 
568.023193 313.103760 
352.240753 362.022766 
543.028442 311.349976 
236.068588 349.220398 
184.246231 311.142273 
534.361267 330.081726 
176.902069 288.586578 
195.587753 304.932343 
311.649292 257.457672 
280.780121 408.997803 
344.553162 362.916016 
195.595612 386.532471 
299.484833 304.955994 
171.577621 379.685272 
330.208221 200.824249 
302.068024 280.379822 
207.855713 272.154144 
287.326416 436.012299 
138.638763 206.981781 
256.500214 346.893402 
298.061005 439.338196 
264.688568 358.433502 
196.267441 342.129486 
504.859497 298.310822 
307.537415 355.250427 
469.319275 388.326233 
345.036255 216.884323 
498.528412 314.649719 
287.359589 272.832703 
332.384644 289.370941 
338.851715 275.907074 
452.572968 306.987457 
447.992340 345.598450 
187.433075 294.535614 
199.487564 306.960999 
206.395432 329.689331 
498.468292 313.247833 
188.631561 279.391266 
181.868027 379.921478 
495.964203 450.213196 
514.224548 280.379608 
304.839050 376.757233 
545.198608 292.697449 
197.124451 289.713379 
294.650635 439.803802 
146.147766 427.650787 
233.599380 344.953156 
214.311295 297.338837 
351.567932 358.119110 
305.077972 279.073853 
461.989990 283.880219 
295.768707 443.233765 
298.025024 291.132935 
214.554794 407.465332 
260.846649 331.516693 
265.282379 294.911743 
160.485764 309.705933 
555.471252 290.700012 
355.101898 348.633484 
123.579735 422.217194 
506.321259 333.776276 
299.096100 273.526428 
300.663452 271.707458 
478.164337 292.183441 
196.869995 287.657501 
442.943817 325.905212 
164.502243 291.950409 
164.746063 292.101074 
267.931366 349.788330 
343.986664 300.711975 
198.793396 302.439758 
176.932510 351.835083 
299.591553 318.963135 
309.073151 202.467117 
501.032990 332.473358 
327.231140 406.795563 
176.060760 364.254974 
273.768005 308.895020 
351.424866 278.286407 
164.959274 317.300446 
521.277893 287.738129 
548.110596 312.541138 
300.168640 280.416443 
473.831451 387.493683 
270.766876 293.853149 
274.810974 282.573364 
351.024994 358.242798 
300.900787 436.496155 
281.569550 416.167755 
320.858948 214.290421 
481.346436 390.984283 
480.584259 390.971680 
534.635559 337.099609 
457.051300 330.355560 
571.662415 319.818909 
438.389862 312.273163 
287.513031 295.920502 
261.532257 343.937225 
341.334961 298.448334 
322.743042 211.819534 
306.631317 439.629333 
172.903305 362.880463 
258.066895 334.563934 
175.040222 275.547424 
310.981720 436.636597 
455.068207 342.446716 
324.572845 200.061707 
317.201508 362.203949 
342.172607 215.648468 
356.470459 279.721924 
321.310455 218.747070 
494.741730 272.743286 
175.502731 381.847687 
179.002838 364.950348 
198.082031 455.196442 
318.805817 293.049866 
332.801910 411.054047 
314.277802 299.474457 
314.277557 298.756317 
264.395050 320.882385 
316.740570 254.210892 
296.255585 430.913391 
187.551010 344.203644 
523.190918 409.424469 
263.444702 348.855011 
213.522629 404.705902 
191.414062 279.617004 
309.836761 440.233490 
345.852386 360.523743 
480.406738 282.743805 
327.201660 402.569733 
308.067291 439.754364 
346.152222 28.241970 
333.835602 222.560410 
180.523422 443.229828 
237.318100 349.167419 
286.568573 314.347229 
234.022186 342.148743 
378.128754 307.943878 
178.083603 312.661591 
204.225266 300.773621 
300.640015 437.047546 
179.295364 312.059967 
502.771088 359.404449 
174.182266 376.029114 
345.467621 364.647125 
197.639999 453.521667 
349.657867 300.880798 
310.074982 319.879822 
92.865646 203.878372 
261.825073 338.208771 
191.778259 281.724396 
532.026062 332.387939 
454.161621 293.757721 
270.057617 293.641144 
477.754333 288.252106 
477.999786 287.720093 
359.676270 192.366440 
209.050186 409.428192 
314.462036 396.258484 
159.322845 312.995605 
465.602142 296.245972 
481.349854 331.716522 
475.254456 386.338928 
316.581818 253.033966 
398.624939 295.737854 
194.855255 310.794128 
512.185120 398.725433 
318.323761 307.485199 
443.885986 294.760956 
135.565109 458.443176 
325.176361 403.829773 
162.623062 352.046753 
301.771790 316.761169 
501.183105 359.122498 
297.931244 303.176758 
300.802002 244.704971 
315.637695 445.681427 
198.803955 391.750549 
327.376007 254.848663 
397.202118 295.090912 
324.948212 414.927826 
350.036591 266.602905 
251.261902 317.620911 
318.806793 387.304352 
306.587921 355.731323 
396.576904 293.606140 
263.045868 324.102814 
192.294357 351.590057 
317.749207 220.386383 
350.554260 351.879486 
447.995270 314.875092 
172.895874 399.676056 
188.836716 280.745972 
345.308441 367.593567 
270.054138 358.831879 
174.739868 317.561951 
556.884705 317.222900 
556.989563 316.592377 
257.060120 318.877289 
299.128632 395.387878 
271.309570 290.744659 
333.879333 225.136627 
474.367645 387.665833 
462.659210 272.822968 
264.100067 340.882568 
177.418442 360.858734 
155.944214 388.196075 
289.050446 272.606934 
327.740875 213.126343 
263.562897 352.746063 
263.559875 353.434570 
479.330475 327.188324 
509.889465 348.201660 
518.837036 349.679932 
519.077759 350.295258 
256.842041 326.984558 
326.765198 308.527771 
557.380615 313.975159 
233.517059 344.282227 
190.329208 416.857941 
213.827927 341.977936 
528.584778 333.499786 
306.139313 298.609467 
194.913788 338.580383 
195.103592 337.777863 
377.578766 306.781616 
104.836060 205.032104 
536.987244 307.300537 
312.642639 433.740997 
305.476257 357.522644 
507.146576 368.876740 
268.417328 290.666290 
501.032593 299.844025 
190.838470 342.802856 
204.533768 330.653076 
180.883301 381.634216 
356.650055 360.784973 
506.643402 334.260437 
296.718994 312.426849 
351.029694 215.364517 
296.899780 300.271332 
481.517792 331.256134 
312.575348 433.108093 
288.076385 324.305969 
347.929352 356.941254 
300.393951 298.153351 
169.958832 376.653381 
180.997238 380.169769 
332.944672 411.514008 
190.904541 380.460022 
323.714813 307.286469 
284.659607 422.416382 
216.024338 341.983063 
495.385071 408.076538 
217.695389 273.435364 
251.833633 319.251709 
282.230713 397.554718 
180.187637 313.814545 
495.326324 366.771606 
359.952972 363.615723 
285.117981 391.818054 
168.018875 303.080902 
320.534332 200.507141 
502.266144 299.929718 
350.527496 301.390778 
299.300690 244.741486 
285.704681 325.407593 
326.057587 213.358978 
343.619202 363.161041 
524.078674 283.131042 
296.259430 275.213440 
171.636795 394.991089 
516.849426 310.924561 
171.487595 304.300354 
288.815277 339.099548 
201.131287 307.597595 
259.981110 314.193939 
215.953949 345.015656 
347.209900 303.445312 
452.334412 286.276825 
231.127396 343.648102 
504.424225 354.603973 
196.845337 359.792511 
375.654205 289.328247 
299.435486 433.082214 
299.498810 432.951935 
449.789673 367.648254 
99.179321 449.021729 
459.466431 297.095734 
289.377197 324.677979 
134.699310 452.405731 
352.013794 337.010742 
509.277832 348.205536 
350.525635 340.306061 
196.032974 370.930084 
474.121368 295.375366 
156.999069 300.645813 
306.463654 372.563263 
222.645645 271.619843 
316.524017 251.600220 
211.024582 300.047089 
123.926315 445.857819 
280.467377 325.902008 
294.409698 272.432098 
429.193329 21.030390 
163.844086 311.186768 
173.789230 277.862305 
256.949768 336.164368 
332.557800 327.896240 
278.660339 356.914581 
213.447525 454.295135 
336.803467 285.472076 
460.522552 278.664246 
266.398834 342.569641 
280.700745 342.307861 
360.245911 350.353241 
265.952911 288.692596 
372.608826 307.062927 
265.733582 300.721344 
542.795898 290.435638 
433.728424 305.781677 
362.495544 359.894104 
469.763977 388.262512 
457.787231 276.459534 
284.692566 314.142059 
195.391769 281.940857 
482.074890 332.348633 
277.000549 288.033264 
430.928162 365.284393 
264.321228 345.092468 
179.221786 359.498108 
317.330719 289.493164 
318.627380 387.509827 
449.739746 285.839966 
171.230103 300.073730 
251.082581 326.407837 
332.650146 335.412720 
287.635406 397.298431 
325.435455 327.725830 
562.428528 344.024872 
275.723419 316.765076 
442.583282 23.108503 
285.558502 340.716431 
264.644531 344.390686 
462.100830 294.873108 
469.763214 270.156525 
180.794983 350.023132 
328.258698 254.854202 
279.599792 338.320068 
254.765427 321.425476 
160.086655 355.675140 
193.816223 354.726898 
315.977844 207.372055 
495.552032 367.083832 
233.436493 349.649384 
290.545807 438.077393 
291.392151 438.457886 
193.090088 278.128113 
192.577454 277.673584 
288.995392 361.093323 
186.585968 313.034058 
187.361023 313.169434 
498.572784 403.195923 
282.042450 287.074371 
280.643250 329.541107 
269.477570 290.306305 
338.879822 283.013702 
182.870926 300.263428 
262.618469 330.879578 
280.627563 350.480499 
386.040833 291.023132 
303.494263 392.783783 
186.583939 393.278198 
537.761108 309.063141 
280.642456 351.040771 
456.565735 295.529541 
203.768799 376.767090 
317.401337 212.106766 
327.132996 210.787033 
326.896515 211.342407 
560.171204 380.292999 
194.831802 454.308136 
177.489014 318.160339 
159.730469 304.958466 
330.057495 282.062592 
484.799072 425.197113 
308.396729 296.834686 
307.688324 296.655243 
494.689941 429.849182 
320.533051 288.709808 
512.967896 369.261597 
298.278625 247.830750 
352.763885 340.862732 
370.556061 436.892212 
521.654175 348.042450 
209.615204 263.466705 
447.289856 317.134735 
277.255371 336.856079 
376.813293 288.641510 
146.688889 445.676025 
297.507965 248.573486 
138.920944 449.252869 
318.959839 344.137604 
350.263855 213.816696 
255.464050 333.635895 
369.677795 301.170593 
561.391541 380.204620 
163.755371 256.605042 
290.680328 215.710876 
504.141541 298.975586 
332.402893 414.422760 
188.894333 452.977692 
326.782715 208.350510 
264.036102 318.581207 
194.364914 426.563934 
521.714905 370.648193 
258.179169 278.554871 
283.104462 288.106934 
311.329010 250.316498 
581.368042 231.676773 
405.336914 310.626434 
297.323822 250.413651 
477.282532 386.552673 
300.393433 315.210693 
300.185455 314.636719 
291.860840 360.849792 
163.245468 391.380615 
162.554840 207.805939 
281.733368 393.495026 
185.172913 350.618103 
332.800995 313.102264 
254.667587 276.412964 
380.791443 306.295807 
378.868011 312.022156 
198.588745 434.691010 
185.313248 453.114319 
249.225815 213.345612 
372.267120 313.454681 
283.431061 276.322113 
314.344727 206.209061 
196.438385 461.595886 
325.406158 223.706680 
279.805389 327.650818 
295.667358 249.619949 
345.879333 299.866882 
254.718658 277.716675 
196.337479 276.523071 
330.842377 210.714706 
273.669037 365.256897 
173.795746 302.537537 
328.174866 211.111954 
184.347397 313.526428 
49.399094 201.638535 
322.535797 378.815613 
213.455841 356.465485 
191.929260 397.405365 
254.870300 292.937744 
192.148315 354.137360 
276.464691 395.940552 
283.196686 324.972687 
253.992569 335.326874 
346.341217 357.913788 
177.039337 351.302063 
535.632324 307.560699 
482.353210 342.935394 
460.279541 280.140533 
538.814575 392.784027 
369.899292 314.651886 
137.051910 453.875793 
325.980560 207.990463 
122.519402 445.117096 
124.783806 421.554718 
257.946320 290.608185 
340.118256 371.281097 
408.947693 312.161957 
170.986099 300.907043 
161.608490 301.284515 
363.162964 205.974564 
224.274246 211.492310 
346.521332 213.693893 
185.373810 348.322510 
562.974426 346.941772 
451.870667 430.174744 
439.632355 333.567688 
231.684784 349.115509 
440.370941 334.175507 
134.146698 450.464935 
172.625870 370.221771 
291.584259 215.609833 
259.356995 330.986877 
181.040848 440.055664 
160.747253 456.882355 
