500
252.591904 312.894196 
286.694855 145.225327 
252.591904 312.894196 
253.780167 349.436676 
253.780167 349.436676 
255.375351 312.737335 
257.232513 308.353699 
253.780167 349.436676 
378.071167 193.280487 
360.533783 53.247208 
360.533783 53.247208 
326.083618 202.977539 
372.479279 58.490589 
382.133453 226.599976 
299.583038 168.546768 
326.083618 202.977539 
446.721405 126.402237 
215.973495 325.172791 
260.774384 313.224518 
368.417267 261.510254 
368.417267 261.510254 
394.249725 31.758465 
213.098495 318.898621 
314.246735 114.347031 
326.083618 202.977539 
249.200150 331.269897 
394.249725 31.758465 
423.776154 86.065506 
326.083618 202.977539 
286.694855 145.225327 
303.895294 281.805878 
244.624664 311.623779 
250.807861 341.912048 
247.991318 323.140198 
326.083618 202.977539 
222.262390 283.021576 
383.778656 225.611298 
214.880768 367.054626 
402.320007 186.620438 
247.494644 311.877808 
235.260101 374.000122 
405.932312 34.906719 
364.598907 46.501350 
327.417267 110.509995 
364.024780 274.685394 
360.533783 53.247208 
394.677490 179.731079 
233.032745 312.706238 
245.615784 365.292969 
297.980072 237.450577 
402.320007 186.620438 
324.535431 110.997894 
289.241394 119.749626 
230.747833 375.074493 
247.944321 323.798157 
291.114807 120.081528 
233.951065 285.406616 
302.090118 205.269852 
302.271057 156.276337 
314.869537 242.975586 
314.869537 242.975586 
334.795258 171.037643 
244.893097 343.595215 
273.285797 151.282867 
302.271057 156.276337 
197.435272 377.304504 
249.890274 320.765564 
247.786240 327.001068 
315.322510 276.501648 
402.320007 186.620438 
364.024780 274.685394 
419.138580 283.183044 
227.743439 382.937225 
397.461151 28.846342 
261.087341 339.319977 
226.472687 373.924286 
306.595734 248.700653 
430.352509 229.952942 
243.383163 144.595261 
312.769470 245.044403 
329.301910 213.745193 
215.973495 325.172791 
220.040222 367.183594 
244.726715 356.312927 
233.951065 285.406616 
357.035614 74.478172 
260.660889 301.453857 
421.810913 278.107605 
366.057709 84.195869 
376.559540 41.294228 
327.417267 110.509995 
308.108734 252.090668 
413.121338 71.573158 
413.121338 71.573158 
380.339966 34.035622 
217.021957 326.389404 
324.600098 121.031609 
309.010620 280.294403 
273.285797 151.282867 
394.249725 31.758465 
186.445755 381.941193 
243.383163 144.595261 
244.726715 356.312927 
299.583038 168.546768 
244.726715 356.312927 
401.195068 206.360992 
437.596100 118.102684 
402.320007 186.620438 
327.417267 110.509995 
251.637573 164.708481 
355.591858 57.404030 
377.508301 212.125977 
220.040222 367.183594 
145.223526 310.887848 
329.301910 213.745193 
302.271057 156.276337 
382.133453 226.599976 
291.024048 136.589233 
395.467957 168.719727 
395.467957 168.719727 
184.236588 337.909271 
377.508301 212.125977 
302.271057 156.276337 
297.980072 237.450577 
249.950958 308.884460 
249.950958 308.884460 
334.795258 171.037643 
291.114807 120.081528 
225.263092 371.953461 
372.048981 43.925892 
375.561005 237.712357 
418.684418 213.791763 
196.094055 382.827759 
41.176723 219.156204 
374.102325 260.462677 
209.297394 371.999786 
222.262390 283.021576 
412.128174 232.803024 
449.850159 129.230759 
334.795258 171.037643 
309.577057 280.132751 
252.647537 357.929260 
263.440430 155.066559 
302.271057 156.276337 
175.067352 358.721008 
235.260101 374.000122 
378.071167 193.280487 
380.297089 53.739037 
368.652008 274.692017 
260.660889 301.453857 
418.860321 231.296692 
273.285797 151.282867 
359.291931 60.481785 
305.499420 253.909363 
258.867126 354.072296 
360.264618 53.406471 
260.660889 301.453857 
252.647537 357.929260 
260.741150 153.192719 
258.867126 354.072296 
427.078888 226.310242 
230.660568 309.155548 
382.195679 37.240166 
221.158829 369.244263 
218.243820 378.153381 
245.197311 337.418884 
244.893097 343.595215 
312.769470 245.044403 
220.040222 367.183594 
420.909088 227.419617 
377.508301 212.125977 
318.978516 243.023590 
237.630569 383.397430 
420.909088 227.419617 
426.832153 265.874207 
452.490051 121.428505 
258.867126 354.072296 
233.360443 184.253464 
400.140808 230.053024 
245.197311 337.418884 
258.867126 354.072296 
269.398773 317.889130 
430.352509 229.952942 
423.776154 86.065506 
235.260101 374.000122 
375.679077 262.154388 
394.677490 179.731079 
218.554504 387.598785 
184.236588 337.909271 
425.034698 216.664795 
377.508301 212.125977 
400.140808 230.053024 
379.086792 257.911652 
301.420959 137.667511 
437.596100 118.102684 
314.869537 242.975586 
231.353104 363.133698 
142.016098 294.362732 
265.348206 153.657898 
342.797089 82.296593 
418.860321 231.296692 
263.440430 155.066559 
423.776154 86.065506 
220.760452 383.395569 
263.183929 349.959778 
386.964874 278.822174 
251.177139 167.714737 
249.200150 331.269897 
249.200150 331.269897 
221.264053 371.531342 
226.472687 373.924286 
482.468964 161.393387 
378.071167 193.280487 
395.362610 279.912354 
404.379974 28.982769 
316.400604 271.026825 
482.468964 161.393387 
370.009613 46.682976 
330.038239 101.974205 
367.726593 83.371536 
260.158112 310.412994 
145.223526 310.887848 
251.345505 354.968353 
386.147217 281.079559 
172.979340 361.930573 
260.158112 310.412994 
306.535583 260.910889 
301.420959 137.667511 
430.352509 229.952942 
364.143890 258.246613 
299.583038 168.546768 
249.890274 320.765564 
326.083618 202.977539 
218.725815 344.639069 
423.918365 251.703461 
415.152924 273.420898 
255.230972 168.391754 
184.236588 337.909271 
260.660889 301.453857 
277.103424 338.341583 
405.009674 184.076599 
364.805023 50.921436 
439.808350 126.702858 
342.797089 82.296593 
368.652008 274.692017 
231.522079 320.168701 
179.604858 359.335358 
489.144104 169.246735 
412.243652 230.618195 
374.102325 260.462677 
261.385620 294.717560 
261.385620 294.717560 
218.725815 344.639069 
400.302338 206.944565 
421.705170 197.121872 
302.090118 205.269852 
419.857574 226.149658 
362.058075 281.731171 
501.683258 161.059433 
268.458832 327.560364 
314.271942 235.310699 
326.083618 202.977539 
143.258408 314.893921 
220.760452 383.395569 
417.645660 266.105927 
423.918365 251.703461 
372.479279 58.490589 
261.024475 356.714600 
240.587555 285.343964 
240.587555 285.343964 
175.067352 358.721008 
489.144104 169.246735 
431.840851 222.434174 
264.061371 319.401062 
374.426239 243.883484 
395.362610 279.912354 
262.517761 333.194244 
277.103424 338.341583 
428.320465 21.430017 
370.032135 279.217682 
419.776672 212.997940 
431.840851 222.434174 
256.005096 189.525162 
172.979340 361.930573 
200.170349 331.600067 
256.040985 167.915848 
209.297394 371.999786 
209.297394 371.999786 
449.115234 138.999802 
450.859802 135.000412 
240.587555 285.343964 
418.860321 231.296692 
363.218231 242.863785 
196.094055 382.827759 
421.705170 197.121872 
449.710327 147.989960 
202.587585 343.868378 
439.808350 126.702858 
224.172699 311.485443 
238.219788 384.453979 
416.738190 203.263550 
231.748947 342.523590 
383.778656 225.611298 
383.778656 225.611298 
249.004135 201.267380 
367.218933 287.093872 
372.479279 58.490589 
439.808350 126.702858 
419.857574 226.149658 
224.558517 321.794128 
302.490723 204.050598 
269.398773 317.889130 
218.725815 344.639069 
454.460876 141.167328 
413.121338 71.573158 
417.645660 266.105927 
363.710297 281.799103 
418.053040 223.853592 
463.735748 131.151413 
441.984100 212.862808 
329.049042 267.737152 
456.440155 141.717667 
223.909149 336.646545 
426.109344 270.398132 
247.786240 327.001068 
186.445755 381.941193 
431.840851 222.434174 
420.476776 217.538834 
375.561005 237.712357 
402.320007 186.620438 
402.320007 186.620438 
326.083618 202.977539 
413.121338 71.573158 
426.661346 282.514191 
324.600098 121.031609 
214.885559 324.920502 
257.766479 370.991333 
372.479279 58.490589 
383.468964 198.381378 
364.143890 258.246613 
231.748947 342.523590 
402.320007 186.620438 
295.405853 254.038361 
259.807770 296.679352 
311.142548 252.000183 
237.091461 382.049957 
456.440155 141.717667 
280.486023 268.471252 
364.024780 274.685394 
324.600098 121.031609 
293.625092 233.053070 
428.174194 268.709473 
277.244965 166.272202 
398.534760 34.203209 
407.718719 183.405930 
367.578705 210.765045 
401.195068 206.360992 
364.715485 274.650238 
270.777161 307.331512 
492.315094 169.934692 
245.197311 337.418884 
233.570831 377.492249 
364.143890 258.246613 
439.808350 126.702858 
277.244965 166.272202 
277.244965 166.272202 
273.111542 350.978302 
449.115234 138.999802 
489.591248 172.247055 
408.988800 185.471085 
270.910095 265.821106 
421.705170 197.121872 
449.925964 143.264481 
293.625092 233.053070 
253.732101 187.143051 
402.765106 186.104294 
371.333771 47.226803 
233.570831 377.492249 
202.587585 343.868378 
371.333771 47.226803 
377.508301 212.125977 
439.808350 126.702858 
443.251007 201.185669 
443.251007 201.185669 
363.710297 281.799103 
233.295197 286.287262 
277.534943 318.543549 
245.197311 337.418884 
245.197311 337.418884 
299.583038 168.546768 
428.320465 21.430017 
233.796188 394.231567 
501.683258 161.059433 
489.591248 172.247055 
290.237640 144.025391 
489.144104 169.246735 
437.596100 118.102684 
368.652008 274.692017 
459.103027 138.247986 
315.322510 276.501648 
462.920746 134.993958 
377.685272 60.694012 
305.254120 246.266983 
492.315094 169.934692 
408.988800 185.471085 
404.379974 28.982769 
423.718048 238.168732 
423.718048 238.168732 
212.883301 327.102051 
462.920746 134.993958 
418.307892 277.208160 
451.713531 145.726730 
375.561005 237.712357 
453.471558 142.348679 
421.705170 197.121872 
314.271942 235.310699 
420.674957 240.781616 
178.307236 374.988464 
489.591248 172.247055 
147.784195 294.004028 
270.371063 339.983398 
230.172348 325.811340 
223.861893 360.887695 
444.452576 114.971680 
402.765106 186.104294 
423.776154 86.065506 
300.925537 246.987640 
218.725815 344.639069 
459.117828 145.412277 
408.879395 186.052612 
172.979340 361.930573 
355.591858 57.404030 
423.776154 86.065506 
293.625092 233.053070 
376.393799 260.260803 
453.471558 142.348679 
425.034698 216.664795 
383.778656 225.611298 
413.121338 71.573158 
237.608932 341.000000 
402.320007 186.620438 
188.931351 339.550873 
402.765106 186.104294 
330.038239 101.974205 
463.735748 131.151413 
401.195068 206.360992 
218.034851 355.240967 
395.467957 168.719727 
386.147217 281.079559 
233.570831 377.492249 
394.677490 179.731079 
418.307892 277.208160 
427.519318 265.969147 
372.479279 58.490589 
137.686417 299.385956 
326.083618 202.977539 
449.115234 138.999802 
402.320007 186.620438 
172.979340 361.930573 
299.583038 168.546768 
243.288437 387.690887 
419.138580 283.183044 
425.143036 203.711578 
383.468964 198.381378 
400.140808 230.053024 
398.534760 34.203209 
435.639557 203.544754 
241.770432 354.710297 
394.677490 179.731079 
218.725815 344.639069 
185.726257 340.107483 
228.864090 305.786682 
214.880768 367.054626 
374.357330 254.880203 
218.725815 344.639069 
439.808350 126.702858 
459.103027 138.247986 
404.379974 28.982769 
308.734070 284.056488 
429.784241 197.469803 
429.784241 197.469803 
305.254120 246.266983 
423.776154 86.065506 
408.879395 186.052612 
368.652008 274.692017 
234.640381 355.598358 
402.765106 186.104294 
280.309540 323.951691 
398.534760 34.203209 
299.583038 168.546768 
230.372757 291.529663 
293.625092 233.053070 
227.257004 347.121857 
302.271057 156.276337 
401.195068 206.360992 
273.763306 346.180969 
243.288437 387.690887 
424.812836 20.924728 
258.867126 354.072296 
230.372757 291.529663 
