972
300.938019 285.794006 
161.850586 423.576324 
324.906189 396.183594 
275.432770 270.946014 
297.749908 288.017303 
196.027237 321.232452 
484.635132 335.609222 
485.098236 334.633820 
298.025024 291.132935 
287.513031 295.920502 
290.874329 362.101471 
298.734955 290.688538 
200.768799 292.602478 
555.299744 330.196533 
188.026352 411.415131 
298.963501 286.793091 
294.104309 284.930115 
325.687042 396.964935 
299.316589 368.779327 
318.323761 307.485199 
200.305283 320.946747 
186.583939 393.278198 
160.496109 423.018097 
327.201660 402.569733 
299.879425 372.439148 
300.291931 372.402863 
298.501953 369.856262 
490.830627 309.933472 
303.361328 310.436554 
179.179214 408.544830 
203.131088 341.229279 
183.804382 377.802979 
183.265244 414.157593 
202.160141 341.720398 
278.127197 391.002258 
179.355804 410.265076 
325.176361 403.829773 
244.902573 326.653412 
195.504593 322.834503 
183.076126 414.700531 
335.573303 310.125824 
488.023163 334.553619 
291.455963 360.577271 
251.082581 326.407837 
315.614746 305.908264 
181.080353 400.959503 
333.297272 321.982758 
290.254761 294.281189 
289.577972 293.997711 
489.402588 303.076050 
493.226562 282.593628 
180.018692 412.772247 
178.578644 414.625488 
276.464691 395.940552 
485.610596 300.746155 
208.447617 379.361450 
461.645782 311.371552 
184.167877 411.283752 
186.687515 410.716522 
258.802368 288.270966 
341.144257 345.584106 
488.698273 304.384155 
493.691772 282.230225 
186.152847 414.383911 
325.016083 314.775299 
287.962921 291.435059 
462.408356 314.443207 
327.231140 406.795563 
548.755554 313.117950 
308.396729 296.834686 
307.688324 296.655243 
329.048981 319.536926 
493.738495 282.562714 
277.507690 395.894714 
277.541168 395.987305 
315.235016 304.772766 
312.700165 303.132477 
184.491959 334.448120 
300.168640 280.416443 
515.809387 349.456818 
195.296082 294.608124 
303.061859 374.894043 
338.792053 343.192169 
339.403900 343.459076 
279.181030 416.155853 
314.880890 303.536316 
202.110046 332.266571 
484.659363 278.271454 
282.516541 296.248260 
332.384644 289.370941 
328.318420 320.452087 
206.758530 323.946045 
568.023193 313.103760 
490.087280 278.698853 
265.952911 288.692596 
198.793396 302.439758 
317.330719 289.493164 
300.640015 437.047546 
207.012894 381.209381 
278.087311 316.308167 
309.545044 303.414734 
180.779221 413.167084 
180.897537 400.162384 
160.151596 387.487640 
291.860840 360.849792 
178.558807 403.528168 
265.733582 300.721344 
296.718994 312.426849 
177.674316 414.385742 
202.429230 384.633728 
308.792206 303.338867 
336.248169 308.972778 
515.067871 349.304108 
183.512589 335.194336 
254.870300 292.937744 
195.587753 304.932343 
331.843506 405.944702 
259.981110 314.193939 
270.054138 358.831879 
195.989532 304.487701 
317.283112 295.867432 
318.590576 315.461304 
481.517792 331.256134 
195.103592 337.777863 
548.110596 312.541138 
203.172989 380.504730 
178.483704 417.453949 
480.406738 282.743805 
188.409927 408.074860 
299.484833 304.955994 
201.580658 307.229980 
203.767548 380.091431 
256.842041 326.984558 
194.913788 338.580383 
318.959839 344.137604 
251.833633 319.251709 
323.714813 307.286469 
333.802643 319.556976 
482.074890 332.348633 
306.139313 298.609467 
489.460846 297.373260 
345.556000 331.604950 
208.459732 374.194183 
181.158264 389.984711 
333.202362 338.368774 
180.610840 396.054596 
307.844879 396.917419 
189.035736 408.461060 
324.541473 318.341675 
467.381409 301.939606 
325.512695 315.523987 
326.242249 316.422302 
459.156311 312.292664 
477.996124 282.977570 
478.343048 282.956635 
253.275955 338.047882 
336.378296 339.963715 
473.831451 387.493683 
318.668182 266.085480 
201.786728 336.422485 
310.074982 319.879822 
272.700836 393.736053 
506.643402 334.260437 
304.839050 376.757233 
196.267441 342.129486 
200.850998 297.995422 
481.349854 331.716522 
485.729736 315.459747 
200.052658 351.488525 
249.146561 280.756287 
179.912018 393.532990 
541.819519 388.480530 
301.795898 405.706451 
453.488281 280.163544 
325.583679 385.537292 
269.088470 300.470184 
542.795898 290.435638 
256.227417 297.765015 
319.072845 298.921082 
197.434952 298.728546 
300.866455 393.436462 
329.788635 286.653412 
275.723419 316.765076 
260.424469 283.575470 
251.755737 283.319183 
479.054901 292.332031 
308.347778 369.033844 
474.367645 387.665833 
491.339050 298.349640 
550.574463 314.404694 
254.847610 296.306915 
470.068878 304.825745 
181.750580 410.411835 
467.018433 286.964874 
297.931244 303.176758 
525.289490 329.960663 
206.795792 324.584229 
247.915955 280.966248 
280.795898 277.492279 
340.388184 298.247711 
201.333313 350.262390 
300.044861 408.341003 
200.517227 291.422241 
543.422668 390.355499 
195.243118 386.197174 
186.276199 380.225006 
478.164337 292.183441 
318.946686 301.150879 
498.406921 328.166870 
464.935486 315.241455 
312.036591 302.144135 
341.334961 298.448334 
251.261902 317.620911 
558.116577 322.292480 
318.805817 293.049866 
521.654175 348.042450 
477.282532 386.552673 
329.905396 272.227448 
470.155945 304.150879 
246.056702 312.575562 
242.200409 267.745758 
245.832169 313.174805 
303.494263 392.783783 
468.205139 313.451752 
457.026154 276.129120 
307.359253 370.434509 
501.032990 332.473358 
522.541870 332.069672 
540.956482 389.334015 
183.632339 355.054443 
195.273880 398.559998 
245.111816 315.276611 
299.652802 401.885590 
299.007294 363.505493 
195.042206 401.890198 
252.657013 300.647614 
131.222778 422.834167 
461.989990 283.880219 
180.891205 420.268738 
321.548218 265.474213 
255.614761 296.702026 
181.054855 288.486237 
259.535156 283.253143 
479.330475 327.188324 
279.599792 338.320068 
306.040985 315.974823 
469.319275 388.326233 
336.112396 308.052612 
201.131287 307.597595 
338.879822 283.013702 
322.290588 267.944305 
199.626495 373.185028 
329.812714 389.488434 
180.187637 313.814545 
475.254456 386.338928 
287.635406 397.298431 
202.460617 345.597168 
209.303375 322.240479 
559.704834 321.954803 
314.277802 299.474457 
314.277557 298.756317 
316.581818 253.033966 
297.108429 439.637421 
470.643188 388.053162 
185.172913 350.618103 
183.013611 407.979828 
293.037628 291.239899 
545.198608 292.697449 
335.603729 339.201294 
283.104462 288.106934 
300.393951 298.153351 
194.149384 417.139954 
483.776428 297.085144 
108.060860 419.468475 
473.899048 301.085358 
316.690887 263.143433 
300.743073 404.350800 
304.062836 370.836365 
256.188110 283.999512 
547.377747 286.696747 
322.533386 433.059357 
470.158081 303.190948 
335.962524 220.662109 
303.160095 418.323761 
296.716064 309.901398 
299.643005 412.126221 
535.632324 307.560699 
249.225815 213.345612 
469.763977 388.262512 
538.814575 392.784027 
565.744873 324.374298 
480.614899 295.508026 
323.928558 437.169678 
199.487564 306.960999 
334.575165 303.030029 
267.323853 297.677490 
311.329010 250.316498 
299.587769 422.400269 
336.803467 285.472076 
351.567932 358.119110 
474.036407 304.229034 
453.886230 313.093323 
331.034241 298.845367 
175.628174 420.355255 
353.535706 301.870026 
190.253860 378.764740 
157.012070 387.452881 
185.385498 303.293243 
322.710938 435.169525 
192.884583 387.481995 
191.887314 322.429291 
334.538696 285.122284 
305.077972 279.073853 
478.061768 324.213776 
322.502716 438.021240 
322.502716 438.021240 
449.789673 367.648254 
304.134399 419.058960 
562.428528 344.024872 
317.833679 263.717682 
303.321503 416.022552 
316.740570 254.210892 
538.613098 288.811890 
186.060150 351.417023 
182.870926 300.263428 
182.874222 355.016663 
297.834412 398.476624 
200.080215 346.461395 
192.155014 377.958923 
302.068024 280.379822 
470.403229 296.697723 
209.532883 311.584442 
561.728699 322.653961 
284.879242 343.579193 
177.207626 279.599579 
477.754333 288.252106 
477.999786 287.720093 
188.708755 286.641052 
203.768799 376.767090 
518.837036 349.679932 
519.077759 350.295258 
185.250427 402.430756 
562.259949 344.792511 
465.081177 296.840515 
260.090973 282.115143 
554.465637 293.059845 
304.897644 343.454559 
320.533051 288.709808 
89.038635 423.762604 
340.965759 282.172211 
202.676834 375.157257 
273.199127 387.691528 
522.477966 330.620667 
208.832123 309.789978 
288.995392 361.093323 
298.678955 397.948364 
312.221191 320.433014 
536.987244 307.300537 
296.899780 300.271332 
300.546661 424.079376 
86.982155 423.640289 
355.642365 298.747711 
317.529205 438.264343 
332.800995 313.102264 
280.744598 269.350098 
179.295364 312.059967 
454.903717 285.698639 
537.761108 309.063141 
464.487915 284.557831 
293.401062 419.695557 
292.507416 420.022369 
292.733673 420.201721 
326.765198 308.527771 
287.667053 385.653503 
474.121368 295.375366 
480.328644 390.466766 
335.870148 302.912903 
299.128632 395.387878 
231.127396 343.648102 
281.569550 416.167755 
254.718658 277.716675 
333.026062 299.644409 
481.418854 394.304474 
322.543762 267.215881 
273.669037 365.256897 
269.477570 290.306305 
539.145569 289.658173 
556.884705 317.222900 
556.989563 316.592377 
355.474487 357.197388 
517.793884 338.445709 
280.627563 350.480499 
196.662842 310.776093 
359.747345 301.226715 
453.839203 322.093750 
543.391968 385.752625 
105.562988 419.477081 
58.211487 427.140320 
201.282669 375.245148 
282.461273 268.174042 
486.332153 328.304382 
334.658691 275.710297 
69.326477 423.874847 
210.014740 321.551453 
506.321259 333.776276 
161.907791 395.606842 
339.602570 283.951569 
361.604187 298.144928 
272.557587 365.186829 
310.981720 436.636597 
176.902069 288.586578 
199.712631 286.979919 
197.490845 311.685486 
190.361221 388.850861 
197.124451 289.713379 
545.897400 315.361938 
280.869049 315.357422 
308.708984 247.495895 
341.416077 285.511444 
300.488037 418.526428 
533.523865 307.657440 
434.849060 362.149506 
201.888580 354.233765 
456.320587 311.359680 
290.576538 402.364929 
172.496490 307.581970 
189.001144 396.599426 
337.815979 293.660034 
459.466431 297.095734 
194.855255 310.794128 
178.083603 312.661591 
306.089355 422.377563 
125.999420 205.937637 
317.201508 362.203949 
495.552032 367.083832 
202.059738 346.940918 
156.752762 388.181458 
198.803955 391.750549 
273.768005 308.895020 
204.595459 327.896881 
315.921814 301.940887 
506.692047 315.524017 
462.534180 346.868927 
483.467194 407.291840 
353.924622 301.404663 
465.602142 296.245972 
288.611359 386.222809 
124.783806 421.554718 
233.599380 344.953156 
278.040833 364.255859 
565.120789 309.982361 
204.743103 322.364441 
197.933212 309.423950 
451.189453 314.228241 
219.295700 272.840454 
195.595612 386.532471 
211.033752 309.578125 
306.155304 420.896729 
68.517189 426.991577 
158.829666 396.187866 
210.692032 313.073364 
198.365494 354.511353 
300.663452 271.707458 
433.343628 361.052307 
92.865646 203.878372 
190.028885 393.956909 
570.059265 310.555939 
303.198242 319.352295 
217.695389 273.435364 
481.346436 390.984283 
480.584259 390.971680 
316.083160 300.957153 
466.472961 316.522003 
299.096100 273.526428 
311.649292 257.457672 
85.910782 426.558014 
357.898376 297.795990 
338.953064 276.607666 
513.681946 315.752075 
342.279175 268.302673 
467.869904 279.556061 
164.335724 318.672668 
314.462036 396.258484 
509.277832 348.205536 
306.463654 372.563263 
520.358765 306.772552 
159.221039 395.460907 
311.676239 427.949097 
369.899017 309.798309 
233.517059 344.282227 
315.178711 375.852173 
268.417328 290.666290 
509.953796 333.327087 
160.345123 395.225372 
270.057617 293.641144 
553.408020 316.637115 
93.765846 204.160385 
315.694305 325.307129 
545.264709 389.454437 
186.762543 350.413666 
562.974426 346.941772 
514.530396 297.815033 
495.305328 405.371582 
196.845337 359.792511 
191.414062 279.617004 
296.039551 295.662750 
527.580688 306.266083 
322.488281 278.398254 
451.870667 430.174744 
84.458191 426.572479 
320.853699 440.602478 
282.542969 413.592377 
198.509735 284.473358 
520.489319 312.060913 
171.230103 300.073730 
456.565735 295.529541 
153.759003 421.916504 
364.870575 300.100403 
254.667587 276.412964 
312.144257 405.406982 
312.642639 433.740997 
60.389015 427.787811 
293.556274 392.784668 
516.849426 310.924561 
191.778259 281.724396 
495.326324 366.771606 
163.341278 432.757294 
338.851715 275.907074 
190.904541 380.460022 
499.319489 323.631927 
216.201859 280.535736 
456.180206 296.611328 
190.838470 342.802856 
222.645645 271.619843 
312.575348 433.108093 
338.148834 288.419647 
322.232208 439.788818 
222.123428 270.703125 
251.305267 277.466980 
250.620911 277.173126 
197.552124 359.992523 
164.959274 317.300446 
188.836716 280.745972 
295.843689 308.087433 
179.347992 390.358124 
170.986099 300.907043 
567.878845 328.529175 
498.572784 403.195923 
523.782837 326.378265 
552.641724 316.244537 
524.711243 307.460297 
203.093811 250.644318 
342.083923 284.974365 
274.810974 282.573364 
553.520081 391.185333 
283.431061 276.322113 
269.946106 297.108307 
528.193359 308.473206 
521.813843 325.134918 
447.992340 345.598450 
319.299957 219.564270 
163.079575 319.059357 
557.380615 313.975159 
273.645569 287.812927 
278.073425 317.581116 
297.562469 379.483734 
283.558105 284.576019 
197.991074 404.327301 
302.385498 383.952545 
271.309570 290.744659 
454.228973 342.563385 
477.312103 322.228333 
538.579956 314.598175 
513.533142 318.491119 
532.497559 307.673096 
446.377167 312.300629 
306.863464 379.436829 
502.686035 324.949341 
509.889465 348.201660 
572.695068 324.107269 
342.484161 266.117249 
265.282379 294.911743 
186.585968 313.034058 
187.361023 313.169434 
303.551971 382.685303 
462.100830 294.873108 
282.042450 287.074371 
280.642456 351.040771 
286.161072 311.822052 
509.460083 268.605713 
285.117981 391.818054 
518.677429 324.513702 
190.731461 290.881409 
505.535278 406.349091 
209.589966 420.424896 
448.672821 311.609650 
449.022522 311.919434 
454.161621 293.757721 
337.622833 214.512451 
569.143860 327.323059 
450.535950 277.540009 
237.477509 344.592163 
324.038208 219.097580 
318.933502 283.452820 
480.827911 265.544861 
494.224548 299.526001 
514.551636 305.240082 
224.274246 211.492310 
512.185120 398.725433 
487.581360 398.584991 
524.078674 283.131042 
447.995270 314.875092 
167.637939 319.117279 
502.249542 323.968506 
306.757263 404.297516 
129.780853 429.785614 
163.909729 369.471100 
439.632355 333.567688 
440.370941 334.175507 
515.906799 310.612762 
208.096710 315.468262 
509.629150 266.972565 
280.700745 342.307861 
211.841431 318.437775 
316.489563 402.763977 
485.893829 267.233704 
155.944214 388.196075 
322.743042 211.819534 
457.449005 374.951508 
334.004181 397.562134 
231.684784 349.115509 
307.823242 418.414825 
448.873016 307.497253 
55.771786 427.951019 
196.032974 370.930084 
450.235565 309.449524 
366.407532 360.356171 
200.285370 356.698517 
270.766876 293.853149 
325.980560 207.990463 
203.727066 297.429047 
204.296188 296.565155 
447.289856 317.134735 
559.052917 300.534943 
515.264465 354.914703 
514.676697 355.265228 
146.147766 427.650787 
253.330185 293.602478 
214.700989 417.165466 
457.051300 330.355560 
213.559555 296.116730 
308.032196 377.103027 
470.893616 272.218872 
518.410645 314.693176 
171.487595 304.300354 
494.741730 272.743286 
296.259430 275.213440 
259.648285 213.720947 
318.460144 418.401428 
501.183105 359.122498 
463.545105 335.878387 
309.836761 440.233490 
333.719757 403.121338 
479.876190 399.671783 
276.867004 343.953705 
188.631561 279.391266 
523.796631 312.501801 
276.387390 273.106323 
277.255371 336.856079 
162.623062 352.046753 
460.279541 280.140533 
452.572968 306.987457 
302.966125 384.556915 
518.357117 294.367889 
477.561066 400.109558 
510.572418 333.098267 
333.923065 396.482208 
168.018875 303.080902 
167.135605 299.416718 
307.341370 380.114960 
541.859009 395.301849 
512.198730 302.841400 
299.521271 411.254211 
455.068207 342.446716 
511.768127 304.803101 
285.359375 311.830750 
290.413452 413.067474 
151.939880 445.151947 
464.706879 336.633240 
340.016388 289.117523 
507.034668 301.998077 
196.869995 287.657501 
300.393433 315.210693 
300.185455 314.636719 
172.527283 303.393860 
547.741821 328.474060 
541.723694 399.872711 
138.638763 206.981781 
344.329742 283.733551 
481.520447 407.042542 
558.413696 376.076324 
333.835602 222.560410 
472.288635 341.331757 
177.996399 391.154114 
525.413696 337.508789 
204.533768 330.653076 
280.643250 329.541107 
549.998108 382.531158 
271.851074 403.388794 
187.433075 294.535614 
548.859497 383.947235 
243.709457 428.983643 
561.933228 378.480377 
284.593933 339.160004 
558.245239 305.731476 
462.701599 389.266815 
123.579735 422.217194 
519.201660 314.002838 
196.409622 289.873962 
474.436798 321.238678 
295.667358 249.619949 
347.209900 303.445312 
169.848358 313.273499 
441.251495 323.943268 
162.862640 330.169159 
515.455200 312.822479 
526.260803 331.862030 
514.935181 312.957581 
305.330627 428.214142 
185.970062 422.804779 
162.153793 318.742310 
318.361938 443.041138 
367.594421 362.792145 
325.536438 433.773712 
190.906509 290.360291 
279.805389 327.650818 
528.551208 337.200348 
164.204681 325.160828 
458.237488 272.069641 
258.066895 334.563934 
452.687103 279.085419 
276.523895 323.383179 
173.795746 302.537537 
469.763214 270.156525 
496.788574 291.432190 
499.791748 299.755981 
174.700607 302.315521 
506.393677 407.255524 
500.909607 322.078278 
310.793060 442.004639 
492.382843 401.500732 
330.208221 200.824249 
281.542999 422.324280 
278.091370 424.946960 
334.167511 395.467773 
452.334412 286.276825 
169.977524 350.174988 
104.836060 205.032104 
148.703903 441.921143 
242.444809 310.861572 
521.714905 370.648193 
428.677979 352.305176 
354.296661 212.637711 
352.013794 337.010742 
345.036255 216.884323 
277.000549 288.033264 
283.620392 265.348602 
216.849991 420.563690 
52.177017 422.717560 
214.311295 297.338837 
290.569397 272.320526 
496.638458 292.655731 
286.087311 266.874176 
294.294678 426.527710 
239.005432 343.229034 
307.856873 384.944977 
351.944427 336.038147 
189.923172 209.850204 
321.844513 376.183136 
267.931366 349.788330 
537.020874 405.409760 
500.619720 305.240814 
161.237396 324.587280 
160.810959 324.649872 
185.373810 348.322510 
333.841858 267.898621 
204.225266 300.773621 
308.067291 439.754364 
515.873230 307.686890 
517.467224 320.901947 
191.778580 310.178650 
306.631317 439.629333 
247.809860 284.667419 
543.028442 311.349976 
534.361267 330.081726 
534.549194 329.336273 
502.771088 359.404449 
350.036591 266.602905 
560.752747 296.053986 
193.027039 313.052979 
165.039734 296.747223 
500.384827 362.626465 
289.377197 324.677979 
517.132935 396.834839 
226.664001 347.743347 
164.502243 291.950409 
164.746063 292.101074 
305.166443 432.201111 
304.506470 432.102997 
190.329208 416.857941 
146.000305 425.379974 
366.679352 300.662170 
367.265503 365.385193 
317.749207 220.386383 
357.122040 302.020660 
230.762421 348.988525 
546.609192 302.119934 
571.662415 319.818909 
327.132996 210.787033 
326.896515 211.342407 
350.525635 340.306061 
506.327393 359.865295 
504.859497 298.310822 
190.101868 418.956146 
169.044754 310.329712 
346.152222 28.241970 
286.118561 340.096344 
288.122437 342.362915 
213.522629 404.705902 
484.477295 400.278473 
344.213196 346.998291 
449.739746 285.839966 
344.089203 346.533356 
306.122528 383.709808 
561.391541 380.204620 
195.391769 281.940857 
504.141541 298.975586 
342.172607 215.648468 
331.350677 200.344299 
494.467926 399.976746 
491.515015 401.419373 
515.024719 333.234497 
234.022186 342.148743 
218.081909 430.222931 
349.158173 282.171204 
354.470123 214.270065 
354.078949 213.683594 
247.969376 292.863983 
150.732254 446.603638 
498.584503 311.097015 
349.798553 217.763321 
502.266144 299.929718 
170.522186 424.290710 
270.645325 386.012085 
439.892944 296.409180 
540.970825 345.080536 
280.509460 338.538574 
361.704102 295.636841 
572.711060 383.930969 
332.650146 335.412720 
190.591644 354.470978 
191.100616 354.087341 
136.782425 453.367249 
159.322845 312.995605 
350.263855 213.816696 
284.692566 314.142059 
349.900452 329.187286 
206.395432 329.689331 
499.619965 320.581146 
308.165558 428.338593 
137.051910 453.875793 
266.361328 353.260071 
263.872406 354.684052 
217.423248 422.810547 
321.310455 218.747070 
531.125000 335.378967 
293.947510 416.522369 
504.424225 354.603973 
298.222137 416.374298 
189.568466 414.966766 
287.781464 427.240143 
345.879333 299.866882 
320.534332 200.507141 
177.489014 318.160339 
176.060760 364.254974 
163.245468 391.380615 
486.193085 404.450989 
317.450134 356.291168 
202.395096 255.003830 
305.865784 344.582703 
234.508698 341.201355 
322.535797 378.815613 
544.868530 345.077454 
352.763885 340.862732 
279.753693 424.281036 
462.659210 272.822968 
351.029694 215.364517 
516.271729 307.000885 
474.766357 351.184387 
261.532257 343.937225 
173.789230 277.862305 
441.052887 324.908142 
482.918396 386.171448 
191.343353 404.540039 
259.356995 330.986877 
325.435455 327.725830 
330.148621 220.912628 
237.318100 349.167419 
190.831665 405.755981 
204.486771 450.132416 
304.272308 259.718628 
514.224548 280.379608 
355.101898 348.633484 
461.120819 389.296661 
487.671326 407.595245 
329.975708 411.493195 
179.002838 364.950348 
242.151306 314.855194 
325.532410 265.411133 
326.221619 265.149933 
256.949768 336.164368 
347.929352 356.941254 
439.062836 297.603271 
287.227783 419.822113 
263.444702 348.855011 
503.416656 302.529114 
502.801239 303.006897 
473.922363 320.152893 
320.858948 214.290421 
305.038849 435.010437 
278.514832 324.918182 
288.076385 324.305969 
345.308441 367.593567 
319.049316 417.923615 
332.484070 221.821442 
319.141602 264.443420 
319.487976 264.189209 
494.503082 308.622070 
501.032593 299.844025 
521.277893 287.738129 
460.522552 278.664246 
553.304443 356.538239 
498.528412 314.649719 
173.066254 277.994843 
156.999069 300.645813 
369.677795 301.170593 
286.906677 419.195740 
167.028854 374.535309 
494.784760 299.830414 
337.584778 194.960709 
286.797485 332.866150 
287.248627 333.433868 
322.991180 370.034760 
369.899292 314.651886 
285.558502 340.716431 
298.061005 439.338196 
324.572845 200.061707 
193.090088 278.128113 
192.577454 277.673584 
164.655273 379.780823 
241.189438 347.787079 
313.951141 418.392609 
196.119431 423.509308 
302.918884 434.837677 
343.986664 300.711975 
287.861908 269.294342 
284.659607 422.416382 
135.565109 458.443176 
179.408066 353.061859 
309.073151 202.467117 
297.323822 250.413651 
330.071442 204.361420 
