972
480.614899 295.508026 
548.110596 312.541138 
532.497559 307.673096 
527.580688 306.266083 
493.691772 282.230225 
478.164337 292.183441 
493.226562 282.593628 
493.738495 282.562714 
456.320587 311.359680 
473.899048 301.085358 
477.754333 288.252106 
477.999786 287.720093 
459.156311 312.292664 
335.870148 302.912903 
180.779221 413.167084 
481.346436 390.984283 
480.584259 390.971680 
480.328644 390.466766 
483.776428 297.085144 
179.179214 408.544830 
179.355804 410.265076 
470.403229 296.697723 
518.677429 324.513702 
281.569550 416.167755 
304.134399 419.058960 
515.809387 349.456818 
506.643402 334.260437 
175.628174 420.355255 
453.886230 313.093323 
515.067871 349.304108 
287.227783 419.822113 
300.640015 437.047546 
454.903717 285.698639 
490.087280 278.698853 
528.193359 308.473206 
303.160095 418.323761 
178.578644 414.625488 
513.681946 315.752075 
184.167877 411.283752 
287.781464 427.240143 
281.542999 422.324280 
429.843414 347.948853 
286.906677 419.195740 
331.470612 324.679108 
524.711243 307.460297 
447.289856 317.134735 
448.873016 307.497253 
300.900787 436.496155 
310.981720 436.636597 
180.018692 412.772247 
297.108429 439.637421 
293.401062 419.695557 
292.507416 420.022369 
292.733673 420.201721 
474.121368 295.375366 
277.000549 288.033264 
298.061005 439.338196 
503.416656 302.529114 
502.801239 303.006897 
185.970062 422.804779 
287.326416 436.012299 
461.645782 311.371552 
454.228973 342.563385 
326.765198 308.527771 
325.512695 315.523987 
326.242249 316.422302 
290.545807 438.077393 
291.392151 438.457886 
325.157227 322.733185 
484.659363 278.271454 
303.321503 416.022552 
195.042206 401.890198 
454.161621 293.757721 
383.222839 292.896729 
504.859497 298.310822 
190.329208 416.857941 
180.897537 400.162384 
197.991074 404.327301 
513.533142 318.491119 
325.016083 314.775299 
429.161072 348.395569 
131.512405 439.821442 
448.397797 298.738068 
507.034668 301.998077 
308.748901 352.003510 
280.642456 351.040771 
309.285614 352.340820 
405.336914 310.626434 
259.535156 283.253143 
261.752747 272.448212 
482.510895 343.609894 
189.568466 414.966766 
462.408356 314.443207 
280.627563 350.480499 
447.995270 314.875092 
131.565216 435.474396 
131.615723 434.664154 
502.266144 299.929718 
177.674316 414.385742 
306.155304 420.896729 
234.508698 341.201355 
307.844879 396.917419 
485.098236 334.633820 
234.022186 342.148743 
293.838654 356.901581 
307.823242 418.414825 
181.080353 400.959503 
311.649292 257.457672 
320.853699 440.602478 
177.039337 351.302063 
475.254456 386.338928 
178.483704 417.453949 
334.575165 303.030029 
453.488281 280.163544 
171.383240 431.339722 
189.001144 396.599426 
310.793060 442.004639 
462.100830 294.873108 
214.029007 444.993988 
213.882736 444.618164 
328.357910 326.275146 
202.460617 345.597168 
322.460449 419.033508 
303.361328 310.436554 
456.565735 295.529541 
260.424469 283.575470 
556.884705 317.222900 
556.989563 316.592377 
504.141541 298.975586 
283.558105 284.576019 
258.802368 288.270966 
190.831665 405.755981 
269.022369 422.017822 
300.488037 418.526428 
322.232208 439.788818 
309.836761 440.233490 
192.063553 403.168976 
427.030579 349.962280 
306.089355 422.377563 
317.529205 438.264343 
558.116577 322.292480 
545.897400 315.361938 
325.583679 385.537292 
329.788635 286.653412 
195.273880 398.559998 
294.650635 439.803802 
506.692047 315.524017 
325.141174 322.011932 
484.635132 335.609222 
270.054138 358.831879 
258.179169 278.554871 
333.802643 319.556976 
473.831451 387.493683 
138.920944 449.252869 
200.080215 346.461395 
179.408066 353.061859 
260.090973 282.115143 
171.983551 429.995758 
326.033142 327.218719 
191.343353 404.540039 
186.152847 414.383911 
298.222137 416.374298 
190.101868 418.956146 
187.551010 344.203644 
309.367889 363.037048 
325.176361 403.829773 
315.614746 305.908264 
199.626495 373.185028 
201.333313 350.262390 
279.363434 358.855042 
201.888580 354.233765 
299.484833 304.955994 
323.928558 437.169678 
249.146561 280.756287 
309.391724 362.486847 
315.178711 375.852173 
541.859009 395.301849 
306.587921 355.731323 
322.502716 438.021240 
322.502716 438.021240 
200.285370 356.698517 
176.932510 351.835083 
200.052658 351.488525 
186.583939 393.278198 
457.026154 276.129120 
543.028442 311.349976 
297.931244 303.176758 
183.804382 377.802979 
178.558807 403.528168 
198.803955 391.750549 
325.536438 433.773712 
557.380615 313.975159 
493.195679 335.871918 
209.108170 414.135101 
278.660339 356.914581 
54.224319 428.158142 
333.297272 321.982758 
190.028885 393.956909 
192.358047 401.524689 
479.054901 292.332031 
183.632339 355.054443 
506.321259 333.776276 
314.523956 321.339874 
173.089111 396.060486 
459.466431 297.095734 
294.294678 426.527710 
302.809814 346.797028 
200.305283 320.946747 
312.221191 320.433014 
247.915955 280.966248 
319.049316 417.923615 
201.282669 375.245148 
326.057587 213.358978 
280.301025 434.077515 
280.064575 434.242889 
569.143860 327.323059 
208.599670 414.559601 
395.748199 365.117493 
182.874222 355.016663 
333.026062 299.644409 
195.504593 322.834503 
299.007294 363.505493 
284.659607 422.416382 
331.034241 298.845367 
510.776062 271.176941 
307.359253 370.434509 
405.378571 309.034821 
181.054855 288.486237 
206.795792 324.584229 
185.385498 303.293243 
204.743103 322.364441 
251.755737 283.319183 
444.336029 440.489441 
298.025024 291.132935 
305.865784 344.582703 
180.891205 420.268738 
485.729736 315.459747 
177.418442 360.858734 
488.698273 304.384155 
202.676834 375.157257 
145.074570 414.606354 
520.489319 312.060913 
515.264465 354.914703 
514.676697 355.265228 
161.608490 301.284515 
202.059738 346.940918 
312.575348 433.108093 
501.032593 299.844025 
324.541473 318.341675 
180.610840 396.054596 
515.455200 312.822479 
514.935181 312.957581 
456.180206 296.611328 
176.212692 356.503204 
155.944214 388.196075 
207.855713 272.154144 
501.032990 332.473358 
315.235016 304.772766 
199.487564 306.960999 
163.245468 391.380615 
520.358765 306.772552 
312.642639 433.740997 
347.209900 303.445312 
328.846313 326.847015 
295.768707 443.233765 
485.610596 300.746155 
304.062836 370.836365 
180.794983 350.023132 
268.417328 290.666290 
197.552124 359.992523 
324.038208 219.097580 
537.761108 309.063141 
283.819061 437.899200 
488.023163 334.553619 
206.539841 253.316330 
188.026352 411.415131 
170.986099 300.907043 
274.810974 282.573364 
329.048981 319.536926 
264.100067 340.882568 
186.687515 410.716522 
318.361938 443.041138 
446.712769 449.767426 
273.645569 287.812927 
453.545685 447.903809 
204.595459 327.896881 
309.545044 303.414734 
308.792206 303.338867 
268.057770 420.631348 
298.678955 397.948364 
233.517059 344.282227 
172.527283 303.393860 
464.935486 315.241455 
197.357285 423.126007 
233.742355 337.589813 
144.321976 414.709534 
518.357117 294.367889 
302.863983 348.238770 
322.488281 278.398254 
550.396667 349.237976 
173.795746 302.537537 
276.631592 362.031372 
189.035736 408.461060 
468.205139 313.451752 
299.587769 422.400269 
485.893829 267.233704 
297.834412 398.476624 
206.758530 323.946045 
298.963501 286.793091 
308.032196 377.103027 
327.231140 406.795563 
180.523422 443.229828 
517.467224 320.901947 
198.793396 302.439758 
340.016388 289.117523 
461.120819 389.296661 
373.778168 310.286774 
413.248108 301.725739 
324.906189 396.183594 
269.414368 411.728821 
541.819519 388.480530 
546.609192 302.119934 
336.287079 419.537689 
302.385498 383.952545 
300.168640 280.416443 
282.042450 287.074371 
171.230103 300.073730 
304.897644 343.454559 
494.503082 308.622070 
480.406738 282.743805 
196.662842 310.776093 
196.119431 423.509308 
413.775208 294.330322 
553.408020 316.637115 
271.309570 290.744659 
477.996124 282.977570 
478.343048 282.956635 
312.700165 303.132477 
284.879242 343.579193 
549.998108 382.531158 
312.144257 405.406982 
308.347778 369.033844 
209.532883 311.584442 
162.623062 352.046753 
211.526825 448.268646 
490.830627 309.933472 
449.739746 285.839966 
140.821381 439.412903 
318.460144 418.401428 
265.282379 294.911743 
318.668182 266.085480 
233.511414 336.349121 
500.619720 305.240814 
449.628967 448.825134 
499.619965 320.581146 
325.687042 396.964935 
489.402588 303.076050 
518.410645 314.693176 
303.494263 392.783783 
269.801544 408.481781 
169.044754 310.329712 
171.636795 394.991089 
481.418854 394.304474 
202.110046 332.266571 
297.749908 288.017303 
337.913605 382.651031 
163.909729 369.471100 
316.690887 263.143433 
327.201660 402.569733 
413.409851 304.456116 
555.471252 290.700012 
282.230713 397.554718 
179.912018 393.532990 
207.012894 381.209381 
467.018433 286.964874 
227.959442 274.280640 
451.189453 314.228241 
306.463654 372.563263 
306.653809 348.085876 
198.588745 434.691010 
204.225266 300.773621 
447.598022 451.932404 
197.490845 311.685486 
341.900513 212.382431 
322.743042 211.819534 
495.305328 405.371582 
474.367645 387.665833 
216.492035 436.746155 
462.534180 346.868927 
394.333130 300.456055 
154.885895 306.499054 
322.290588 267.944305 
533.523865 307.657440 
359.727631 198.760193 
233.599380 344.953156 
282.461273 268.174042 
519.201660 314.002838 
308.067291 439.754364 
264.644531 344.390686 
457.449005 374.951508 
297.507965 248.573486 
344.553162 362.916016 
380.791443 306.295807 
515.906799 310.612762 
281.733368 393.495026 
301.771790 316.761169 
323.714813 307.286469 
160.827820 381.101807 
277.255371 336.856079 
173.789230 277.862305 
346.521332 213.693893 
338.148834 288.419647 
462.701599 389.266815 
173.712006 345.247986 
174.419403 345.434204 
381.627441 306.150391 
277.227539 437.621033 
470.635681 323.566223 
215.537689 438.259430 
215.651855 437.644104 
300.866455 393.436462 
316.424469 321.664734 
276.017365 436.552277 
203.727066 297.429047 
204.296188 296.565155 
170.505875 438.476440 
254.718658 277.716675 
202.429230 384.633728 
327.798492 240.550064 
154.032928 452.455444 
324.948212 414.927826 
134.147903 429.569672 
279.599792 338.320068 
131.535858 429.484924 
543.391968 385.752625 
209.802780 259.489807 
295.843689 308.087433 
195.526535 432.585663 
318.959839 344.137604 
266.398834 342.569641 
287.861908 269.294342 
278.040833 364.255859 
194.855255 310.794128 
557.849243 391.742737 
285.117981 391.818054 
415.726501 308.022125 
160.423859 380.283936 
349.918671 368.981873 
300.546661 424.079376 
541.723694 399.872711 
186.585968 313.034058 
187.361023 313.169434 
317.833679 263.717682 
179.221786 359.498108 
311.676239 427.949097 
169.977524 350.174988 
300.393433 315.210693 
300.185455 314.636719 
336.112396 308.052612 
131.684067 421.748810 
303.061859 374.894043 
467.381409 301.939606 
107.780365 415.767090 
264.321228 345.092468 
282.516541 296.248260 
306.122528 383.709808 
535.632324 307.560699 
470.155945 304.150879 
336.803467 285.472076 
402.629852 311.333282 
349.033691 371.150726 
306.631317 439.629333 
134.479172 429.011108 
530.694336 407.496643 
314.880890 303.536316 
198.365494 354.511353 
412.659271 304.675354 
331.186981 231.562454 
153.607513 451.019928 
197.933212 309.423950 
190.253860 378.764740 
164.655273 379.780823 
494.224548 299.526001 
283.915314 272.726471 
200.768799 292.602478 
548.977905 346.747040 
521.654175 348.042450 
139.069458 421.967621 
306.757263 404.297516 
495.385071 408.076538 
283.124390 272.459534 
451.870667 430.174744 
210.692032 313.073364 
201.131287 307.597595 
347.870667 368.923981 
224.274246 211.492310 
221.794724 421.718262 
253.275955 338.047882 
413.722015 295.974823 
135.817154 425.652039 
332.484070 221.821442 
160.338257 460.304047 
499.791748 299.755981 
213.522629 404.705902 
136.266876 424.822479 
136.399475 425.475098 
172.895874 399.676056 
318.323761 307.485199 
319.141602 264.443420 
319.487976 264.189209 
171.577621 379.685272 
500.909607 322.078278 
287.513031 295.920502 
298.734955 290.688538 
299.435486 433.082214 
299.498810 432.951935 
330.148621 220.912628 
489.460846 297.373260 
499.033539 418.928772 
464.487915 284.557831 
188.409927 408.074860 
466.472961 316.522003 
190.731461 290.881409 
552.641724 316.244537 
305.166443 432.201111 
200.850998 297.995422 
304.506470 432.102997 
278.873627 436.069122 
200.517227 291.422241 
314.462036 396.258484 
537.020874 405.409760 
494.784760 299.830414 
559.052917 300.534943 
154.732407 458.406097 
477.561066 400.109558 
356.470459 279.721924 
296.899780 300.271332 
320.533051 288.709808 
256.188110 283.999512 
131.222778 422.834167 
440.066193 301.285950 
80.888748 429.683472 
516.849426 310.924561 
283.620392 265.348602 
330.842377 210.714706 
491.339050 298.349640 
568.023193 313.103760 
293.947510 416.522369 
178.155548 360.511444 
492.382843 401.500732 
287.962921 291.435059 
177.760849 343.293030 
522.541870 332.069672 
328.318420 320.452087 
201.786728 336.422485 
470.068878 304.825745 
439.892944 296.409180 
464.430786 319.227570 
312.036591 302.144135 
300.938019 285.794006 
204.533768 330.653076 
256.227417 297.765015 
318.933502 283.452820 
298.278625 247.830750 
517.793884 338.445709 
327.740875 213.126343 
359.842957 206.500015 
340.107178 234.716385 
339.540833 234.727570 
486.332153 328.304382 
463.545105 335.878387 
453.839203 322.093750 
416.637878 308.065582 
416.586273 308.204834 
290.413452 413.067474 
294.943176 420.505280 
296.255585 430.913391 
156.365860 457.857086 
474.036407 304.229034 
301.284180 343.066772 
322.543762 267.215881 
473.922363 320.152893 
325.656281 262.011627 
516.271729 307.000885 
351.024994 358.242798 
416.077576 311.044952 
193.816223 354.726898 
182.870926 300.263428 
267.323853 297.677490 
447.992340 345.598450 
325.406158 223.706680 
174.700607 302.315521 
502.771088 359.404449 
408.947693 312.161957 
479.876190 399.671783 
405.873505 356.733459 
460.522552 278.664246 
337.622833 214.512451 
328.258698 254.854202 
124.220390 453.453949 
184.602325 346.087341 
94.140450 449.884033 
305.330627 428.214142 
197.124451 289.713379 
265.410492 311.660065 
163.782257 336.331940 
321.548218 265.474213 
337.815979 293.660034 
477.282532 386.552673 
266.129883 365.330811 
266.750610 364.840179 
241.778946 272.194031 
498.406921 328.166870 
157.384445 453.637024 
227.998886 274.992035 
143.767914 452.611481 
157.080597 455.055969 
322.533386 433.059357 
190.591644 354.470978 
191.100616 354.087341 
283.104462 288.106934 
317.330719 289.493164 
280.744598 269.350098 
251.082581 326.407837 
297.692444 318.352325 
194.831802 454.308136 
263.872406 354.684052 
581.405823 351.928497 
465.081177 296.840515 
332.557800 327.896240 
502.249542 323.968506 
472.288635 341.331757 
320.858948 214.290421 
193.090088 278.128113 
192.577454 277.673584 
152.760437 450.591675 
308.165558 428.338593 
413.313690 314.608063 
129.646439 453.991180 
464.706879 336.633240 
280.509460 338.538574 
342.172607 215.648468 
138.638763 206.981781 
338.571899 234.789352 
390.567841 302.569794 
69.326477 423.874847 
506.327393 359.865295 
501.183105 359.122498 
293.037628 291.239899 
174.739868 317.561951 
547.741821 328.474060 
558.245239 305.731476 
93.227867 450.101532 
183.512589 335.194336 
427.386353 350.943481 
239.005432 343.229034 
290.576538 402.364929 
278.690887 437.451965 
176.902069 288.586578 
166.325424 339.046387 
177.207626 279.599579 
261.825073 338.208771 
484.477295 400.278473 
290.569397 272.320526 
316.489563 402.763977 
196.032974 370.930084 
373.506958 357.624512 
405.411621 307.071930 
132.295013 431.088043 
150.732254 446.603638 
177.489014 318.160339 
237.477509 344.592163 
282.542969 413.592377 
522.477966 330.620667 
500.384827 362.626465 
160.345123 395.225372 
536.987244 307.300537 
325.532410 265.411133 
326.221619 265.149933 
195.989532 304.487701 
452.687103 279.085419 
211.033752 309.578125 
477.312103 322.228333 
283.431061 276.322113 
307.537415 355.250427 
499.319489 323.631927 
299.128632 395.387878 
184.491959 334.448120 
548.755554 313.117950 
253.330185 293.602478 
502.686035 324.949341 
521.277893 287.738129 
290.254761 294.281189 
289.577972 293.997711 
372.608826 307.062927 
181.040848 440.055664 
533.997437 433.497101 
161.907791 395.606842 
580.440186 351.613251 
514.530396 297.815033 
199.712631 286.979919 
550.574463 314.404694 
188.894333 452.977692 
276.464691 395.940552 
525.413696 337.508789 
244.519119 317.200714 
515.873230 307.686890 
305.077972 279.073853 
302.068024 280.379822 
540.975342 329.908325 
544.868530 345.077454 
562.428528 344.024872 
521.813843 325.134918 
345.308441 367.593567 
514.224548 280.379608 
351.567932 358.119110 
504.424225 354.603973 
188.708755 286.641052 
318.294678 200.133011 
496.788574 291.432190 
198.082031 455.196442 
555.299744 330.196533 
509.953796 333.327087 
540.970825 345.080536 
322.549072 418.510040 
274.496979 418.195557 
92.865646 203.878372 
562.974426 346.941772 
189.785736 452.387726 
300.663452 271.707458 
470.158081 303.190948 
330.057495 282.062592 
210.760025 261.463196 
251.261902 317.620911 
272.700836 393.736053 
201.476227 461.209015 
340.118256 371.281097 
581.368042 231.676773 
517.132935 396.834839 
129.594131 454.933319 
211.739410 265.708649 
324.572845 200.061707 
322.535797 378.815613 
153.759003 421.916504 
373.349518 358.708679 
197.639999 453.521667 
261.916199 297.711670 
195.587753 304.932343 
166.450623 338.339783 
346.152222 28.241970 
322.710938 435.169525 
329.478790 281.102905 
174.182266 376.029114 
453.224670 387.675110 
517.214905 435.274658 
198.509735 284.473358 
191.887314 322.429291 
498.138092 419.219788 
131.236130 438.778473 
562.259949 344.792511 
299.643005 412.126221 
285.012909 402.313507 
313.848724 380.366699 
474.766357 351.184387 
474.885437 353.741058 
201.580658 307.229980 
509.889465 348.201660 
191.414062 279.617004 
509.460083 268.605713 
523.796631 312.501801 
169.848358 313.273499 
175.040222 275.547424 
350.640625 362.420654 
393.007385 303.476349 
496.638458 292.655731 
188.631561 279.391266 
196.869995 287.657501 
195.391769 281.940857 
160.747253 456.882355 
355.101898 348.633484 
203.172989 380.504730 
528.551208 337.200348 
333.879333 225.136627 
299.521271 411.254211 
414.178711 298.396362 
214.372223 451.883362 
341.315002 416.208923 
510.572418 333.098267 
335.962524 220.662109 
164.159149 451.857697 
347.929352 356.941254 
175.661209 430.268555 
306.040985 315.974823 
164.959274 317.300446 
190.906509 290.360291 
195.595612 386.532471 
275.200653 275.455475 
165.966766 309.447876 
333.835602 222.560410 
299.096100 273.526428 
534.361267 330.081726 
276.387390 273.106323 
460.824005 390.926025 
461.089996 390.836792 
377.578766 306.781616 
470.793762 353.647064 
471.264404 354.164520 
296.716064 309.901398 
321.310455 218.747070 
571.385620 375.599854 
280.780121 408.997803 
236.068588 349.220398 
316.055908 24.558363 
572.695068 324.107269 
304.839050 376.757233 
439.062836 297.603271 
313.951141 418.392609 
156.999069 300.645813 
249.320358 332.401917 
248.901123 332.033966 
275.723419 316.765076 
288.815277 339.099548 
258.066895 334.563934 
390.634674 301.563293 
188.836716 280.745972 
523.782837 326.378265 
360.245911 350.353241 
237.318100 349.167419 
211.024582 300.047089 
296.039551 295.662750 
362.846741 345.860687 
179.002838 364.950348 
260.846649 331.516693 
197.434952 298.728546 
159.221039 395.460907 
422.681488 446.396423 
286.087311 266.874176 
329.833466 238.316071 
320.534332 200.507141 
263.562897 352.746063 
263.559875 353.434570 
363.162964 205.974564 
263.045868 324.102814 
350.527496 301.390778 
452.334412 286.276825 
349.657867 300.880798 
196.337479 276.523071 
172.903305 362.880463 
160.348312 456.107391 
495.326324 366.771606 
273.199127 387.691528 
345.467621 364.647125 
316.581818 253.033966 
247.809860 284.667419 
534.635559 337.099609 
514.551636 305.240082 
214.700989 417.165466 
179.541855 457.022156 
264.688568 358.433502 
265.871216 310.962708 
251.833633 319.251709 
223.746735 271.044891 
355.474487 357.197388 
443.885986 294.760956 
509.277832 348.205536 
267.931366 349.788330 
191.778259 281.724396 
451.936371 386.173920 
451.690521 386.103485 
531.125000 335.378967 
159.730469 304.958466 
474.436798 321.238678 
168.373657 454.923340 
176.354538 451.998199 
482.353210 342.935394 
321.844513 376.183136 
266.361328 353.260071 
332.800995 313.102264 
294.104309 284.930115 
311.385437 391.512451 
526.260803 331.862030 
311.329010 250.316498 
275.041779 339.700165 
274.996063 340.355743 
270.645325 386.012085 
498.468292 313.247833 
277.507690 395.894714 
277.541168 395.987305 
318.805817 293.049866 
538.579956 314.598175 
398.624939 295.737854 
99.179321 449.021729 
209.050186 409.428192 
498.528412 314.649719 
316.740570 254.210892 
186.276199 380.225006 
300.743073 404.350800 
333.923065 396.482208 
495.552032 367.083832 
152.417679 450.531830 
352.240753 362.022766 
278.127197 391.002258 
192.148315 354.137360 
525.289490 329.960663 
301.795898 405.706451 
518.837036 349.679932 
519.077759 350.295258 
305.038849 435.010437 
389.912567 294.489380 
308.396729 296.834686 
307.688324 296.655243 
300.044861 408.341003 
452.572968 306.987457 
341.912323 301.132904 
329.827332 210.920563 
391.458282 296.668640 
265.733582 300.721344 
359.952972 363.615723 
515.024719 333.234497 
511.768127 304.803101 
528.584778 333.499786 
495.103516 450.103210 
158.593811 462.614990 
181.218597 451.789825 
389.754944 296.323914 
483.807495 458.309723 
329.905396 272.227448 
293.556274 392.784668 
169.070511 440.941589 
520.114258 266.452606 
478.061768 324.213776 
498.584503 311.097015 
385.950867 305.388000 
372.349457 311.989685 
249.381805 333.310455 
512.967896 369.261597 
317.749207 220.386383 
532.026062 332.387939 
534.549194 329.336273 
189.755585 324.101044 
209.743393 269.855560 
296.259430 275.213440 
503.119659 428.158264 
302.918884 434.837677 
506.883179 428.780609 
400.154785 309.732513 
490.291565 324.301453 
326.782715 208.350510 
254.667587 276.412964 
299.591553 318.963135 
487.249115 394.700409 
185.250427 402.430756 
248.969269 320.864990 
320.555603 207.879929 
346.341217 357.913788 
338.879822 283.013702 
318.806793 387.304352 
251.220215 333.195404 
129.780853 429.785614 
467.869904 279.556061 
465.602142 296.245972 
209.303375 322.240479 
238.305923 337.960663 
231.127396 343.648102 
327.376007 254.848663 
461.989990 283.880219 
280.700745 342.307861 
594.905029 232.519562 
191.929260 397.405365 
307.341370 380.114960 
364.551025 373.046844 
313.689453 244.082825 
