500
270.399445 398.702423 
271.587128 403.977997 
272.798370 397.232452 
271.184448 393.984497 
267.232269 395.798584 
252.974258 403.534973 
271.587128 403.977997 
274.801727 165.170471 
271.587128 403.977997 
379.130280 161.863037 
271.184448 393.984497 
251.225525 353.815155 
275.467560 409.045074 
274.801727 165.170471 
268.279175 394.683990 
307.886932 335.201324 
249.514114 358.309845 
379.130280 161.863037 
375.648193 204.716660 
253.930328 408.252533 
253.930328 408.252533 
253.452759 419.020905 
271.587128 403.977997 
379.130280 161.863037 
379.130280 161.863037 
466.276489 286.581635 
466.276489 286.581635 
309.891418 77.962143 
280.823273 342.869598 
400.605682 164.926147 
400.605682 164.926147 
290.105774 359.900787 
279.074799 386.958069 
398.392975 172.692627 
271.587128 403.977997 
298.681824 236.694046 
278.641907 345.828033 
262.836761 363.611481 
275.467560 409.045074 
314.941498 247.252457 
379.130280 161.863037 
421.707947 215.602722 
398.481720 172.152344 
245.594788 378.373444 
379.130280 161.863037 
277.772064 328.748047 
280.823273 342.869598 
421.707947 215.602722 
277.772064 328.748047 
277.772064 328.748047 
372.772186 232.434143 
334.320465 278.123260 
226.485870 406.204132 
245.835037 172.221237 
247.820374 367.404999 
251.908630 372.231781 
288.908295 347.541168 
396.297882 255.935501 
261.160034 373.214233 
375.648193 204.716660 
366.849426 237.262253 
245.835037 172.221237 
334.320465 278.123260 
379.130280 161.863037 
299.170837 323.124054 
280.823273 342.869598 
298.369202 353.772400 
298.681824 236.694046 
255.457428 353.718079 
379.130280 161.863037 
379.130280 161.863037 
349.830078 49.833702 
349.830078 49.833702 
295.415894 57.698421 
380.198669 241.695984 
296.080872 369.276978 
271.184448 393.984497 
253.452759 419.020905 
385.048035 176.234924 
273.505951 333.335297 
314.941498 247.252457 
385.048035 176.234924 
274.801727 165.170471 
223.797485 404.623627 
245.594788 378.373444 
392.527222 202.818954 
275.222046 355.950073 
275.222046 355.950073 
420.121948 193.430023 
398.481720 172.152344 
364.894592 59.855202 
292.353210 383.088989 
290.658112 376.920044 
398.481720 172.152344 
299.837494 63.421310 
223.797485 404.623627 
275.222046 355.950073 
312.448547 367.926880 
380.198669 241.695984 
380.198669 241.695984 
400.605682 164.926147 
271.587128 403.977997 
263.244232 365.855835 
251.908630 372.231781 
261.957092 160.086411 
298.681824 236.694046 
284.031311 330.248718 
425.159943 241.362396 
366.712616 146.967087 
366.712616 146.967087 
397.929321 83.233696 
265.162476 355.598633 
280.556549 109.129601 
314.941498 247.252457 
245.835037 172.221237 
290.658112 376.920044 
315.602600 251.582626 
454.662598 118.988541 
419.859100 195.582245 
289.515503 328.723083 
290.658112 376.920044 
274.801727 165.170471 
382.840515 157.639191 
254.115479 201.574234 
292.333801 342.044983 
301.807556 340.105255 
263.223999 329.652863 
284.031311 330.248718 
280.298584 353.255463 
271.382294 359.668854 
275.222046 355.950073 
223.797485 404.623627 
280.556549 109.129601 
265.162476 355.598633 
265.162476 355.598633 
261.160034 373.214233 
454.792786 115.789131 
314.941498 247.252457 
263.244232 365.855835 
270.769653 413.333771 
223.797485 404.623627 
267.664764 402.574951 
454.662598 118.988541 
290.105774 359.900787 
279.289062 378.560760 
286.278931 341.559601 
288.908295 347.541168 
381.960907 236.229828 
299.121918 243.779282 
286.359924 394.875946 
255.457428 353.718079 
400.605682 164.926147 
236.827362 421.859283 
392.527222 202.818954 
280.823273 342.869598 
269.503754 372.196411 
304.565491 369.456116 
65.666603 288.873657 
299.121918 243.779282 
293.481689 245.221573 
276.081665 180.337891 
274.499237 358.686493 
291.108856 213.553879 
275.222046 355.950073 
380.614105 158.740097 
398.481720 172.152344 
384.033508 181.443283 
314.934906 372.288940 
312.460510 51.934700 
375.648193 204.716660 
269.037354 325.120270 
283.457336 357.203949 
367.561218 219.021011 
347.374390 245.370667 
367.791656 179.952667 
291.027649 212.143661 
405.789215 171.125809 
405.789215 171.125809 
417.594788 290.688110 
404.058350 205.336838 
408.776062 206.274094 
261.829620 401.796997 
275.467560 409.045074 
349.830078 49.833702 
289.515503 328.723083 
454.662598 118.988541 
301.807556 340.105255 
367.561218 219.021011 
383.030151 157.137451 
367.561218 219.021011 
245.801239 320.321960 
276.081665 180.337891 
307.886932 335.201324 
367.297363 242.593750 
235.943359 193.100571 
291.108856 213.553879 
368.613342 180.498993 
311.304077 355.332367 
368.613342 180.498993 
284.769348 362.977539 
245.360428 172.015396 
304.565491 369.456116 
416.902100 170.280624 
276.081665 180.337891 
419.845001 163.883408 
347.374390 245.370667 
315.029755 251.651917 
275.467560 409.045074 
367.561218 219.021011 
364.640350 178.575363 
314.941498 247.252457 
335.040375 275.235779 
420.121948 193.430023 
349.830078 49.833702 
397.929321 83.233696 
313.643707 336.491669 
298.681824 236.694046 
307.965057 260.282104 
298.369202 353.772400 
337.347839 158.036057 
375.648193 204.716660 
375.648193 204.716660 
312.448547 367.926880 
334.320465 278.123260 
419.845001 163.883408 
367.561218 219.021011 
382.840515 157.639191 
384.771027 180.594131 
286.359924 394.875946 
454.662598 118.988541 
286.499084 376.932404 
408.776062 206.274094 
291.108856 213.553879 
454.792786 115.789131 
299.570526 327.692169 
307.654663 50.788342 
304.565491 369.456116 
294.982361 333.277649 
290.658112 376.920044 
301.807556 340.105255 
379.130280 161.863037 
409.095825 186.122406 
364.894592 59.855202 
312.072906 375.995880 
286.499084 376.932404 
307.965057 260.282104 
364.894592 59.855202 
349.830078 49.833702 
425.417877 173.036453 
454.662598 118.988541 
307.886932 335.201324 
405.134857 193.790741 
384.771027 180.594131 
311.239166 51.012844 
307.470612 251.216553 
297.956665 244.748260 
367.561218 219.021011 
298.929108 71.140549 
412.817291 165.542130 
364.894592 59.855202 
364.917297 176.601318 
261.160034 373.214233 
405.134857 193.790741 
292.627441 280.418854 
308.151245 52.736439 
375.471252 263.968964 
396.297882 255.935501 
256.565308 338.626953 
235.943359 193.100571 
225.573029 373.855194 
367.791656 179.952667 
364.894592 59.855202 
349.830078 49.833702 
286.082947 341.054840 
299.178558 57.590790 
267.322083 343.734650 
251.908630 372.231781 
361.469757 227.946579 
311.239166 51.012844 
366.849426 237.262253 
264.702576 157.291824 
410.431458 194.462799 
243.294617 371.847412 
314.941498 247.252457 
415.472534 90.577888 
367.561218 219.021011 
280.973633 421.065735 
286.289185 320.411987 
371.877991 274.452118 
314.641998 375.365601 
268.279175 394.683990 
358.893707 175.909149 
409.095825 186.122406 
264.702576 157.291824 
323.897491 232.531204 
132.731415 317.767456 
367.561218 219.021011 
384.771027 180.594131 
367.986969 221.651154 
367.791656 179.952667 
315.602600 251.582626 
454.662598 118.988541 
410.431458 194.462799 
298.681824 236.694046 
225.514526 401.829315 
367.986969 221.651154 
367.791656 179.952667 
409.095825 186.122406 
364.917297 176.601318 
309.577667 57.441154 
319.317963 284.615417 
349.830078 49.833702 
407.110840 190.433655 
367.561218 219.021011 
384.033508 181.443283 
245.594788 378.373444 
224.754471 217.895569 
289.515503 328.723083 
382.840515 157.639191 
409.923645 197.850189 
409.923645 197.850189 
415.909912 198.392624 
298.425964 259.047791 
367.561218 219.021011 
372.772186 232.434143 
296.080872 369.276978 
382.840515 157.639191 
286.289185 320.411987 
407.023254 189.203522 
252.342789 368.444519 
254.417679 312.523926 
286.359924 394.875946 
297.034943 372.801361 
404.058350 205.336838 
275.467560 409.045074 
404.058350 205.336838 
403.938354 201.689804 
255.344910 45.829834 
364.917297 176.601318 
419.449554 185.306229 
274.801727 165.170471 
291.027649 212.143661 
292.212494 62.618145 
225.573029 373.855194 
293.481689 245.221573 
296.080872 369.276978 
358.893707 175.909149 
200.291367 392.334320 
200.291367 392.334320 
384.771027 180.594131 
305.554932 383.401306 
384.033508 181.443283 
293.481689 245.221573 
306.453033 384.626007 
406.769714 100.882866 
409.923645 197.850189 
396.297882 255.935501 
379.130280 161.863037 
252.342789 368.444519 
434.862305 243.932388 
289.574463 243.138733 
280.667297 369.081146 
248.115875 200.749100 
268.201019 381.591156 
307.965057 260.282104 
254.115479 201.574234 
454.662598 118.988541 
312.208130 380.126831 
364.917297 176.601318 
232.061386 401.049347 
364.765686 194.077835 
294.462402 48.174915 
288.908295 347.541168 
293.481689 245.221573 
293.481689 245.221573 
224.077042 338.881409 
225.476440 377.944641 
454.662598 118.988541 
275.467560 409.045074 
301.536163 378.942749 
407.023254 189.203522 
323.897491 232.531204 
407.023254 189.203522 
289.515503 328.723083 
300.595978 320.464874 
245.360428 172.015396 
283.571594 410.117798 
275.852966 396.030487 
379.243378 161.264542 
243.294617 371.847412 
384.033508 181.443283 
267.993011 369.350800 
347.374390 245.370667 
347.374390 245.370667 
307.912292 258.687683 
367.561218 219.021011 
394.804321 249.993683 
314.941498 247.252457 
338.254974 263.336395 
290.658112 376.920044 
364.894592 59.855202 
274.801727 165.170471 
367.561218 219.021011 
367.791656 179.952667 
406.769714 100.882866 
307.965057 260.282104 
385.048035 176.234924 
337.347839 158.036057 
314.694366 203.309464 
283.571594 410.117798 
263.223999 329.652863 
225.476440 377.944641 
336.208923 271.357025 
254.417679 312.523926 
381.754822 140.933014 
293.481689 245.221573 
404.632690 180.477554 
297.034943 372.801361 
364.917297 176.601318 
276.018036 133.476379 
372.772186 232.434143 
420.121948 193.430023 
375.471252 263.968964 
245.360428 172.015396 
406.948364 96.407135 
307.912292 258.687683 
379.130280 161.863037 
314.327026 359.490173 
349.830078 49.833702 
408.776062 206.274094 
385.048035 176.234924 
358.893707 175.909149 
298.425964 259.047791 
261.160034 373.214233 
349.830078 49.833702 
206.599426 189.170227 
368.613342 180.498993 
416.474243 166.008850 
258.219513 349.713776 
255.169601 365.927765 
264.566467 345.885071 
427.920715 247.139069 
375.471252 263.968964 
385.048035 176.234924 
409.095825 186.122406 
412.467926 101.208527 
368.613342 180.498993 
340.283936 196.782028 
340.283936 196.782028 
373.223267 167.477554 
224.077042 338.881409 
313.643707 336.491669 
292.627441 280.418854 
270.769653 413.333771 
298.681824 236.694046 
364.894592 59.855202 
280.298584 353.255463 
276.081665 180.337891 
404.034546 181.498856 
404.034546 181.498856 
296.091919 265.102844 
412.467926 101.208527 
312.448547 367.926880 
364.894592 59.855202 
380.614105 158.740097 
420.952240 238.877213 
263.158234 337.824738 
287.205536 291.529419 
271.184448 393.984497 
276.081665 180.337891 
297.034943 372.801361 
384.033508 181.443283 
380.299500 267.583221 
367.791656 179.952667 
280.556549 109.129601 
372.408966 225.408966 
261.271149 309.695526 
261.271149 309.695526 
166.112244 256.337769 
367.561218 219.021011 
419.449554 185.306229 
291.108856 213.553879 
248.004303 386.815460 
338.254974 263.336395 
412.905884 98.363686 
349.830078 49.833702 
314.327026 359.490173 
276.081665 180.337891 
347.374390 245.370667 
220.524185 326.399780 
225.573029 373.855194 
367.791656 179.952667 
280.556549 109.129601 
325.333008 277.765930 
296.091919 265.102844 
294.982361 333.277649 
367.561218 219.021011 
361.469757 227.946579 
424.066528 231.400772 
392.527222 202.818954 
