972
300.938019 285.794006 
329.788635 286.653412 
327.201660 402.569733 
318.668182 266.085480 
295.843689 308.087433 
317.283112 295.867432 
325.176361 403.829773 
552.641724 316.244537 
202.460617 345.597168 
325.016083 314.775299 
317.833679 263.717682 
333.802643 319.556976 
334.538696 285.122284 
333.297272 321.982758 
548.110596 312.541138 
333.202362 338.368774 
325.687042 396.964935 
296.716064 309.901398 
553.408020 316.637115 
312.036591 302.144135 
183.265244 414.157593 
462.408356 314.443207 
183.076126 414.700531 
548.755554 313.117950 
448.873016 307.497253 
515.067871 349.304108 
324.541473 318.341675 
327.231140 406.795563 
538.579956 314.598175 
184.167877 411.283752 
332.384644 289.370941 
299.316589 368.779327 
329.048981 319.536926 
328.318420 320.452087 
501.032990 332.473358 
316.690887 263.143433 
181.080353 400.959503 
335.573303 310.125824 
180.897537 400.162384 
515.809387 349.456818 
186.583939 393.278198 
312.221191 320.433014 
203.131088 341.229279 
183.013611 407.979828 
180.610840 396.054596 
319.072845 298.921082 
326.765198 308.527771 
181.750580 410.411835 
186.152847 414.383911 
314.880890 303.536316 
312.700165 303.132477 
202.059738 346.940918 
297.931244 303.176758 
315.235016 304.772766 
318.805817 293.049866 
331.034241 298.845367 
196.027237 321.232452 
581.368042 231.676773 
473.899048 301.085358 
336.803467 285.472076 
299.879425 372.439148 
300.291931 372.402863 
300.640015 437.047546 
309.545044 303.414734 
467.381409 301.939606 
294.104309 284.930115 
470.068878 304.825745 
341.334961 298.448334 
470.158081 303.190948 
325.157227 322.733185 
202.160141 341.720398 
303.361328 310.436554 
203.767548 380.091431 
308.792206 303.338867 
470.155945 304.150879 
298.501953 369.856262 
299.484833 304.955994 
317.330719 289.493164 
323.714813 307.286469 
207.012894 381.209381 
340.388184 298.247711 
186.687515 410.716522 
201.333313 350.262390 
341.144257 345.584106 
464.935486 315.241455 
328.357910 326.275146 
200.080215 346.461395 
179.179214 408.544830 
480.406738 282.743805 
185.250427 402.430756 
217.423248 422.810547 
89.038635 423.762604 
325.512695 315.523987 
326.242249 316.422302 
178.558807 403.528168 
333.026062 299.644409 
160.345123 395.225372 
179.912018 393.532990 
299.007294 363.505493 
293.947510 416.522369 
477.996124 282.977570 
478.343048 282.956635 
86.982155 423.640289 
506.321259 333.776276 
450.235565 309.449524 
179.355804 410.265076 
331.470612 324.679108 
180.018692 412.772247 
195.103592 337.777863 
277.507690 395.894714 
277.541168 395.987305 
312.575348 433.108093 
332.800995 313.102264 
318.946686 301.150879 
504.141541 298.975586 
539.145569 289.658173 
287.513031 295.920502 
306.139313 298.609467 
474.036407 304.229034 
550.574463 314.404694 
307.844879 396.917419 
178.578644 414.625488 
181.158264 389.984711 
315.921814 301.940887 
538.613098 288.811890 
282.516541 296.248260 
301.795898 405.706451 
466.472961 316.522003 
353.535706 301.870026 
351.567932 358.119110 
322.290588 267.944305 
325.141174 322.011932 
200.052658 351.488525 
312.144257 405.406982 
335.603729 339.201294 
504.859497 298.310822 
203.172989 380.504730 
272.602936 215.143494 
477.754333 288.252106 
477.999786 287.720093 
308.396729 296.834686 
307.688324 296.655243 
336.248169 308.972778 
258.802368 288.270966 
208.447617 379.361450 
195.273880 398.559998 
456.565735 295.529541 
321.548218 265.474213 
336.378296 339.963715 
195.042206 401.890198 
332.557800 327.896240 
488.023163 334.553619 
324.906189 396.183594 
345.556000 331.604950 
255.614761 296.702026 
279.181030 416.155853 
316.581818 253.033966 
328.846313 326.847015 
474.766357 351.184387 
261.532257 343.937225 
298.963501 286.793091 
278.127197 391.002258 
300.168640 280.416443 
318.323761 307.485199 
291.455963 360.577271 
558.116577 322.292480 
553.304443 356.538239 
159.221039 395.460907 
158.829666 396.187866 
283.558105 284.576019 
256.227417 297.765015 
339.602570 283.951569 
276.464691 395.940552 
474.121368 295.375366 
180.891205 420.268738 
280.642456 351.040771 
283.104462 288.106934 
180.779221 413.167084 
484.659363 278.271454 
311.676239 427.949097 
177.207626 279.599579 
203.768799 376.767090 
183.804382 377.802979 
304.897644 343.454559 
316.083160 300.957153 
299.128632 395.387878 
556.884705 317.222900 
556.989563 316.592377 
275.432770 270.946014 
341.315002 416.208923 
198.803955 391.750549 
338.879822 283.013702 
177.674316 414.385742 
318.590576 315.461304 
315.614746 305.908264 
456.180206 296.611328 
557.380615 313.975159 
338.792053 343.192169 
339.403900 343.459076 
161.907791 395.606842 
312.642639 433.740997 
322.543762 267.215881 
524.078674 283.131042 
454.161621 293.757721 
287.635406 397.298431 
195.296082 294.608124 
478.164337 292.183441 
293.401062 419.695557 
292.507416 420.022369 
292.733673 420.201721 
286.797485 332.866150 
287.248627 333.433868 
293.556274 392.784668 
200.305283 320.946747 
522.477966 330.620667 
479.054901 292.332031 
190.253860 378.764740 
331.843506 405.944702 
300.044861 408.341003 
281.569550 416.167755 
160.151596 387.487640 
558.245239 305.731476 
300.743073 404.350800 
185.385498 303.293243 
254.847610 296.306915 
346.152222 28.241970 
542.795898 290.435638 
291.860840 360.849792 
353.924622 301.404663 
185.970062 422.804779 
470.403229 296.697723 
345.289551 290.407501 
204.595459 327.896881 
280.744598 269.350098 
270.054138 358.831879 
178.483704 417.453949 
453.886230 313.093323 
251.261902 317.620911 
201.888580 354.233765 
338.148834 288.419647 
179.347992 390.358124 
300.866455 393.436462 
194.913788 338.580383 
244.902573 326.653412 
559.704834 321.954803 
429.533539 356.810760 
288.122437 342.362915 
316.740570 254.210892 
562.428528 344.024872 
189.001144 396.599426 
245.111816 315.276611 
351.944427 336.038147 
251.833633 319.251709 
188.631561 279.391266 
314.277802 299.474457 
314.277557 298.756317 
304.062836 370.836365 
199.626495 373.185028 
298.678955 397.948364 
177.996399 391.154114 
565.744873 324.374298 
481.517792 331.256134 
197.552124 359.992523 
341.416077 285.511444 
157.012070 387.452881 
287.962921 291.435059 
288.815277 339.099548 
299.643005 412.126221 
200.285370 356.698517 
196.267441 342.129486 
562.259949 344.792511 
453.839203 322.093750 
456.320587 311.359680 
305.077972 279.073853 
536.987244 307.300537 
279.599792 338.320068 
319.110931 376.751648 
273.768005 308.895020 
282.542969 413.592377 
180.997238 380.169769 
206.758530 323.946045 
290.254761 294.281189 
289.577972 293.997711 
280.627563 350.480499 
297.834412 398.476624 
161.850586 423.576324 
594.905029 232.519562 
286.906677 419.195740 
468.205139 313.451752 
202.110046 332.266571 
507.034668 301.998077 
254.870300 292.937744 
190.904541 380.460022 
355.474487 357.197388 
310.074982 319.879822 
300.393951 298.153351 
282.461273 268.174042 
216.849991 420.563690 
214.700989 417.165466 
465.081177 296.840515 
461.989990 283.880219 
269.477570 290.306305 
344.213196 346.998291 
344.089203 346.533356 
182.874222 355.016663 
298.734955 290.688538 
286.118561 340.096344 
197.357285 423.126007 
283.431061 276.322113 
285.558502 340.716431 
288.995392 361.093323 
267.323853 297.677490 
188.409927 408.074860 
454.903717 285.698639 
197.991074 404.327301 
287.227783 419.822113 
160.496109 423.018097 
545.198608 292.697449 
506.643402 334.260437 
108.060860 419.468475 
260.424469 283.575470 
196.845337 359.792511 
318.959839 344.137604 
296.718994 312.426849 
299.521271 411.254211 
183.632339 355.054443 
522.541870 332.069672 
259.981110 314.193939 
480.614899 295.508026 
570.059265 310.555939 
194.149384 417.139954 
69.326477 423.874847 
93.765846 204.160385 
494.224548 299.526001 
252.657013 300.647614 
311.329010 250.316498 
482.074890 332.348633 
352.013794 337.010742 
294.943176 420.505280 
555.299744 330.196533 
299.652802 401.885590 
276.867004 343.953705 
459.466431 297.095734 
337.815979 293.660034 
545.897400 315.361938 
336.112396 308.052612 
201.131287 307.597595 
361.604187 298.144928 
448.672821 311.609650 
449.022522 311.919434 
170.986099 300.907043 
201.526642 429.741425 
171.487595 304.300354 
297.108429 439.637421 
533.523865 307.657440 
455.068207 342.446716 
196.119431 423.509308 
284.593933 339.160004 
201.786728 336.422485 
193.027039 313.052979 
188.026352 411.415131 
307.359253 370.434509 
268.417328 290.666290 
535.632324 307.560699 
507.146576 368.876740 
290.576538 402.364929 
334.575165 303.030029 
481.349854 331.716522 
467.869904 279.556061 
297.749908 288.017303 
333.923065 396.482208 
537.761108 309.063141 
251.082581 326.407837 
285.117981 391.818054 
311.649292 257.457672 
259.535156 283.253143 
329.905396 272.227448 
559.052917 300.534943 
335.870148 302.912903 
332.801910 411.054047 
204.533768 330.653076 
253.275955 338.047882 
52.177017 422.717560 
457.787231 276.459534 
256.188110 283.999512 
190.028885 393.956909 
296.899780 300.271332 
265.733582 300.721344 
186.276199 380.225006 
197.490845 311.685486 
197.434952 298.728546 
212.796768 337.627930 
520.358765 306.772552 
199.487564 306.960999 
459.156311 312.292664 
546.609192 302.119934 
156.752762 388.181458 
278.660339 356.914581 
198.365494 354.511353 
521.277893 287.738129 
306.463654 372.563263 
196.662842 310.776093 
298.222137 416.374298 
454.228973 342.563385 
284.659607 422.416382 
249.225815 213.345612 
346.714569 289.639496 
202.793594 430.201752 
179.295364 312.059967 
180.187637 313.814545 
206.395432 329.689331 
350.525635 340.306061 
483.776428 297.085144 
567.878845 328.529175 
334.167511 395.467773 
342.083923 284.974365 
280.643250 329.541107 
195.504593 322.834503 
191.414062 279.617004 
547.377747 286.696747 
290.874329 362.101471 
171.230103 300.073730 
449.739746 285.839966 
298.025024 291.132935 
500.384827 362.626465 
332.944672 411.514008 
330.057495 282.062592 
315.178711 375.852173 
308.347778 369.033844 
320.533051 288.709808 
485.098236 334.633820 
194.855255 310.794128 
247.915955 280.966248 
264.036102 318.581207 
548.859497 383.947235 
182.870926 300.263428 
280.700745 342.307861 
206.795792 324.584229 
296.039551 295.662750 
302.918884 434.837677 
561.728699 322.653961 
246.056702 312.575562 
245.832169 313.174805 
278.040833 364.255859 
172.527283 303.393860 
92.865646 203.878372 
305.166443 432.201111 
304.506470 432.102997 
340.965759 282.172211 
192.294357 351.590057 
168.018875 303.080902 
178.083603 312.661591 
512.198730 302.841400 
171.983551 429.995758 
265.952911 288.692596 
461.645782 311.371552 
366.679352 300.662170 
318.806793 387.304352 
452.572968 306.987457 
498.406921 328.166870 
260.090973 282.115143 
251.755737 283.319183 
534.549194 329.336273 
340.016388 289.117523 
465.602142 296.245972 
334.004181 397.562134 
493.226562 282.593628 
270.057617 293.641144 
269.088470 300.470184 
474.885437 353.741058 
329.478790 281.102905 
578.995056 333.696899 
304.134399 419.058960 
163.245468 391.380615 
277.255371 336.856079 
511.768127 304.803101 
58.211487 427.140320 
305.330627 428.214142 
352.763885 340.862732 
247.809860 284.667419 
169.977524 350.174988 
279.805389 327.650818 
191.778580 310.178650 
355.642365 298.747711 
296.259430 275.213440 
299.587769 422.400269 
484.635132 335.609222 
300.546661 424.079376 
271.309570 290.744659 
303.494263 392.783783 
282.042450 287.074371 
105.562988 419.477081 
565.120789 309.982361 
68.517189 426.991577 
491.339050 298.349640 
198.793396 302.439758 
230.064377 337.742462 
230.974533 337.805359 
274.810974 282.573364 
479.330475 327.188324 
457.449005 374.951508 
451.189453 314.228241 
490.087280 278.698853 
85.910782 426.558014 
176.932510 351.835083 
543.028442 311.349976 
446.377167 312.300629 
276.523895 323.383179 
201.282669 375.245148 
302.068024 280.379822 
322.743042 211.819534 
174.182266 376.029114 
447.289856 317.134735 
191.887314 322.429291 
549.998108 382.531158 
513.681946 315.752075 
265.871216 310.962708 
192.155014 377.958923 
201.580658 307.229980 
469.319275 388.326233 
280.509460 338.538574 
359.747345 301.226715 
306.757263 404.297516 
447.995270 314.875092 
155.944214 388.196075 
314.462036 396.258484 
493.738495 282.562714 
333.835602 222.560410 
470.793762 353.647064 
471.264404 354.164520 
525.289490 329.960663 
175.628174 420.355255 
306.863464 379.436829 
493.691772 282.230225 
369.899017 309.798309 
300.393433 315.210693 
300.185455 314.636719 
303.061859 374.894043 
451.870667 430.174744 
273.669037 365.256897 
302.966125 384.556915 
306.122528 383.709808 
185.172913 350.618103 
470.643188 388.053162 
489.460846 297.373260 
153.759003 421.916504 
190.101868 418.956146 
273.645569 287.812927 
325.583679 385.537292 
307.823242 418.414825 
543.391968 385.752625 
503.416656 302.529114 
502.801239 303.006897 
197.124451 289.713379 
357.898376 297.795990 
367.594421 362.792145 
562.974426 346.941772 
469.763977 388.262512 
448.397797 298.738068 
318.933502 283.452820 
293.037628 291.239899 
569.143860 327.323059 
305.038849 435.010437 
278.073425 317.581116 
303.321503 416.022552 
344.329742 283.733551 
264.321228 345.092468 
307.341370 380.114960 
246.151337 342.947052 
239.005432 343.229034 
281.542999 422.324280 
270.645325 386.012085 
286.087311 266.874176 
249.146561 280.756287 
190.591644 354.470978 
364.870575 300.100403 
191.100616 354.087341 
195.595612 386.532471 
294.294678 426.527710 
462.534180 346.868927 
464.430786 319.227570 
332.402893 414.422760 
204.743103 322.364441 
278.873627 436.069122 
197.933212 309.423950 
366.407532 360.356171 
254.718658 277.716675 
297.562469 379.483734 
367.265503 365.385193 
449.789673 367.648254 
440.354065 290.361755 
190.361221 388.850861 
179.408066 353.061859 
84.458191 426.572479 
169.273087 353.420441 
427.030579 349.962280 
216.024338 341.983063 
272.700836 393.736053 
304.839050 376.757233 
308.032196 377.103027 
302.385498 383.952545 
264.644531 344.390686 
171.383240 431.339722 
502.266144 299.929718 
429.161072 348.395569 
484.477295 400.278473 
568.023193 313.103760 
235.315353 268.818359 
521.654175 348.042450 
278.087311 316.308167 
535.370117 267.639801 
460.279541 280.140533 
264.100067 340.882568 
316.489563 402.763977 
300.488037 418.526428 
485.610596 300.746155 
398.661224 309.829163 
243.246964 268.896545 
355.964935 210.166534 
325.406158 223.706680 
131.222778 422.834167 
485.729736 315.459747 
490.830627 309.933472 
202.676834 375.157257 
161.971680 207.934555 
480.328644 390.466766 
514.551636 305.240082 
299.096100 273.526428 
287.359589 272.832703 
254.667587 276.412964 
572.695068 324.107269 
192.884583 387.481995 
513.533142 318.491119 
60.389015 427.787811 
283.819061 437.899200 
400.154785 309.732513 
272.557587 365.186829 
208.257889 260.801544 
160.423859 380.283936 
349.900452 329.187286 
309.367981 198.391495 
518.677429 324.513702 
350.875671 292.019562 
332.484070 221.821442 
509.277832 348.205536 
173.795746 302.537537 
210.760025 261.463196 
509.889465 348.201660 
488.698273 304.384155 
303.160095 418.323761 
470.893616 272.218872 
303.551971 382.685303 
265.282379 294.911743 
464.487915 284.557831 
359.733185 210.484207 
489.402588 303.076050 
329.975708 411.493195 
256.842041 326.984558 
245.003082 342.021240 
273.199127 387.691528 
287.781464 427.240143 
207.616882 425.186951 
257.946320 290.608185 
532.497559 307.673096 
195.243118 386.197174 
481.346436 390.984283 
480.584259 390.971680 
189.035736 408.461060 
524.711243 307.460297 
208.459732 374.194183 
506.692047 315.524017 
187.551010 344.203644 
518.837036 349.679932 
519.077759 350.295258 
483.467194 407.291840 
541.723694 399.872711 
188.836716 280.745972 
310.981720 436.636597 
318.627380 387.509827 
192.148315 354.137360 
479.876190 399.671783 
174.700607 302.315521 
176.212692 356.503204 
275.723419 316.765076 
200.850998 297.995422 
202.429230 384.633728 
322.991180 370.034760 
269.946106 297.108307 
541.649414 397.372406 
195.587753 304.932343 
433.343628 361.052307 
196.032974 370.930084 
324.530609 375.047974 
515.455200 312.822479 
514.935181 312.957581 
467.018433 286.964874 
256.500214 346.893402 
231.684784 349.115509 
185.373810 348.322510 
278.690887 437.451965 
325.532410 265.411133 
326.221619 265.149933 
474.367645 387.665833 
308.165558 428.338593 
278.514832 324.918182 
188.708755 286.641052 
492.382843 401.500732 
289.377197 324.677979 
477.282532 386.552673 
164.204681 325.160828 
226.664001 347.743347 
200.768799 292.602478 
527.580688 306.266083 
196.409622 289.873962 
305.865784 344.582703 
477.752960 263.266876 
500.909607 322.078278 
472.288635 341.331757 
186.762543 350.413666 
473.831451 387.493683 
499.619965 320.581146 
477.561066 400.109558 
280.467377 325.902008 
233.599380 344.953156 
280.869049 315.357422 
190.329208 416.857941 
190.731461 290.881409 
350.263855 213.816696 
188.795029 315.960602 
203.727066 297.429047 
204.296188 296.565155 
499.791748 299.755981 
177.039337 351.302063 
195.989532 304.487701 
502.249542 323.968506 
321.889679 225.185989 
277.000549 288.033264 
300.802002 244.704971 
263.444702 348.855011 
434.849060 362.149506 
175.661209 430.268555 
186.060150 351.417023 
523.796631 312.501801 
259.648285 213.720947 
541.819519 388.480530 
224.274246 211.492310 
553.520081 391.185333 
475.254456 386.338928 
265.410492 311.660065 
345.671051 286.572815 
191.778259 281.724396 
495.552032 367.083832 
270.766876 293.853149 
306.040985 315.974823 
322.533386 433.059357 
349.158173 282.171204 
129.780853 429.785614 
289.050446 272.606934 
481.418854 394.304474 
487.581360 398.584991 
170.505875 438.476440 
364.309570 197.567810 
499.319489 323.631927 
336.287079 419.537689 
270.986267 272.576752 
151.939880 445.151947 
266.398834 342.569641 
283.620392 265.348602 
55.771786 427.951019 
528.193359 308.473206 
198.588745 434.691010 
498.528412 314.649719 
478.061768 324.213776 
213.443314 393.506622 
127.122894 443.101166 
126.588799 442.993439 
184.602325 346.087341 
300.663452 271.707458 
501.032593 299.844025 
280.795898 277.492279 
290.413452 413.067474 
213.827927 341.977936 
481.520447 407.042542 
279.363434 358.855042 
198.509735 284.473358 
283.196686 324.972687 
517.793884 338.445709 
325.980560 207.990463 
138.638763 206.981781 
275.041779 339.700165 
274.996063 340.355743 
277.227539 437.621033 
332.650146 335.412720 
443.885986 294.760956 
146.904221 207.467468 
164.959274 317.300446 
462.100830 294.873108 
486.193085 404.450989 
357.122040 302.020660 
495.326324 366.771606 
278.091370 424.946960 
307.856873 384.944977 
160.827820 381.101807 
242.479416 339.853943 
241.550705 340.290710 
360.245911 350.353241 
271.851074 403.388794 
164.502243 291.950409 
164.746063 292.101074 
290.569397 272.320526 
521.813843 325.134918 
502.686035 324.949341 
240.172684 347.092285 
547.741821 328.474060 
486.332153 328.304382 
277.680267 321.823822 
501.183105 359.122498 
534.361267 330.081726 
509.460083 268.605713 
199.712631 286.979919 
241.189438 347.787079 
516.271729 307.000885 
283.915314 272.726471 
190.906509 290.360291 
462.619904 269.344116 
287.667053 385.653503 
233.517059 344.282227 
208.832123 309.789978 
125.999420 205.937637 
123.579735 422.217194 
260.846649 331.516693 
509.953796 333.327087 
559.481934 296.630829 
515.873230 307.686890 
288.076385 324.305969 
172.496490 307.581970 
242.444809 310.861572 
338.953064 276.607666 
506.327393 359.865295 
317.201508 362.203949 
322.488281 278.398254 
163.341278 432.757294 
558.413696 376.076324 
496.638458 292.655731 
269.561829 385.259186 
494.784760 299.830414 
258.066895 334.563934 
285.704681 325.407593 
540.956482 389.334015 
176.902069 288.586578 
209.802780 259.489807 
514.224548 280.379608 
276.017365 436.552277 
469.763214 270.156525 
234.508698 341.201355 
353.163574 216.410904 
263.450470 328.985168 
200.517227 291.422241 
560.752747 296.053986 
209.532883 311.584442 
515.264465 354.914703 
514.676697 355.265228 
269.022369 422.017822 
390.725159 348.300720 
543.422668 390.355499 
390.567841 302.569794 
300.900787 436.496155 
216.201859 280.535736 
496.788574 291.432190 
167.135605 299.416718 
306.089355 422.377563 
518.357117 294.367889 
323.115265 369.442474 
169.511398 253.709763 
285.359375 311.830750 
209.303375 322.240479 
490.291565 324.301453 
493.195679 335.871918 
571.662415 319.818909 
539.075989 269.316986 
539.075989 269.316986 
334.658691 275.710297 
358.511627 307.708588 
262.618469 330.879578 
247.969376 292.863983 
306.155304 420.896729 
500.619720 305.240814 
427.386353 350.943481 
316.524017 251.600220 
253.330185 293.602478 
284.879242 343.579193 
266.347992 329.140106 
206.387863 333.105774 
286.161072 311.822052 
230.762421 348.988525 
315.977844 207.372055 
359.842957 206.500015 
321.726318 206.732849 
174.476807 349.716766 
520.489319 312.060913 
276.387390 273.106323 
206.539841 253.316330 
534.635559 337.099609 
330.071442 204.361420 
537.020874 405.409760 
347.929352 356.941254 
351.029694 215.364517 
330.148621 220.912628 
303.198242 319.352295 
147.669342 207.304733 
453.224670 387.675110 
189.568466 414.966766 
538.814575 392.784027 
298.061005 439.338196 
363.162964 205.974564 
375.515900 354.004272 
477.312103 322.228333 
167.637939 319.117279 
278.287842 320.781952 
225.151489 267.913910 
237.477509 344.592163 
320.927490 223.781845 
360.646637 203.801315 
198.701157 252.965958 
217.309998 360.883484 
196.869995 287.657501 
355.965546 283.133972 
473.922363 320.152893 
282.230713 397.554718 
321.844513 376.183136 
275.134735 410.469666 
474.436798 321.238678 
510.572418 333.098267 
234.022186 342.148743 
151.960083 340.786377 
555.471252 290.700012 
523.782837 326.378265 
211.033752 309.578125 
516.849426 310.924561 
320.555603 207.879929 
181.054855 288.486237 
515.906799 310.612762 
164.335724 318.672668 
223.746735 271.044891 
530.053833 269.188812 
294.409698 272.432098 
282.059631 322.392487 
195.526535 432.585663 
462.659210 272.822968 
530.694336 407.496643 
288.401184 269.503784 
485.893829 267.233704 
517.467224 320.901947 
251.305267 277.466980 
250.620911 277.173126 
447.992340 345.598450 
317.450134 356.291168 
124.783806 421.554718 
264.395050 320.882385 
402.629852 311.333282 
150.732254 446.603638 
276.631592 362.031372 
326.033142 327.218719 
333.879333 225.136627 
498.584503 311.097015 
255.464050 333.635895 
439.892944 296.409180 
315.694305 325.307129 
320.858948 214.290421 
518.410645 314.693176 
153.607513 451.019928 
71.133209 433.812592 
