500
283.498352 235.322510 
405.944153 222.704987 
405.944153 222.704987 
251.646286 177.232513 
581.267822 383.770020 
381.057098 184.622070 
502.022614 293.001068 
322.287659 295.561005 
543.229797 349.757477 
543.229797 349.757477 
348.722046 229.009308 
278.194122 223.895279 
320.980347 291.581024 
356.767609 342.214966 
246.525528 171.548187 
544.153442 346.228394 
346.208252 338.684418 
503.999664 295.831665 
282.791840 338.307892 
418.850464 165.575348 
513.498657 284.598907 
281.296021 343.581787 
449.490051 247.417343 
356.634674 247.616104 
305.119812 294.357330 
316.116516 294.426239 
409.331757 221.637695 
355.727478 244.872482 
306.687347 286.329651 
433.297150 359.808350 
357.022461 246.083603 
433.597748 366.721405 
436.032898 357.970367 
285.195557 241.096085 
241.101395 133.098495 
274.281372 117.283852 
248.122177 167.494644 
325.664032 317.153473 
285.195557 241.096085 
416.499512 216.186310 
409.331757 221.637695 
233.557892 137.044022 
298.489746 288.417267 
298.489746 288.417267 
288.973175 236.400589 
435.388428 235.187897 
356.634674 247.616104 
232.897964 132.883301 
281.892395 341.810913 
234.827194 135.973495 
332.580383 340.909119 
356.288422 345.143036 
263.320648 179.807770 
332.580383 340.909119 
433.133667 235.990189 
555.267212 338.287872 
391.453247 219.583023 
239.831314 151.522079 
236.248886 173.103622 
325.664032 317.153473 
438.968384 244.600098 
381.057098 184.622070 
500.514954 293.036346 
192.816406 140.040222 
348.722046 229.009308 
379.067657 190.709564 
499.306000 297.685272 
436.032898 357.970367 
281.892395 341.810913 
252.295731 114.525406 
483.470917 293.741943 
192.945389 134.880768 
281.796387 246.827301 
543.216431 326.565674 
424.999573 370.859802 
546.814148 335.254303 
326.628601 345.268158 
427.674133 380.845062 
504.400604 296.729980 
192.816406 140.040222 
361.618591 303.468964 
430.769226 369.850159 
174.559174 115.842766 
391.453247 219.583023 
439.696228 366.352081 
422.332489 221.420944 
276.816956 339.138580 
184.447144 120.439507 
184.447144 120.439507 
172.401230 138.554504 
431.678223 380.008423 
220.680023 181.087357 
370.358734 316.652771 
323.365784 330.646973 
286.579102 335.152924 
268.470337 150.372757 
520.028687 371.769409 
523.046265 339.970032 
328.703308 338.860321 
284.924896 309.446777 
531.153687 317.461151 
502.595978 275.591858 
218.500504 149.222672 
225.080750 158.603439 
225.080750 158.603439 
423.410767 211.024048 
428.092377 378.600952 
316.976410 238.978500 
228.730103 169.200150 
237.231018 172.746323 
542.631165 344.369446 
285.314575 284.024780 
416.499512 216.186310 
220.232773 115.002678 
314.759216 251.062439 
504.400604 296.729980 
539.153564 317.390564 
216.102081 145.831329 
449.490051 247.417343 
477.974884 298.253357 
357.871552 341.365143 
211.292389 154.558228 
231.564621 160.504333 
215.907196 105.054329 
323.365784 330.646973 
328.533417 209.607285 
327.196960 332.128174 
497.941589 282.553650 
328.703308 338.860321 
219.143051 130.912491 
219.143051 130.912491 
204.759033 138.034851 
204.254578 118.207787 
293.894073 337.645660 
372.856934 173.732101 
192.433212 139.098526 
351.266022 221.087540 
219.143051 130.912491 
223.748306 135.862381 
347.874023 297.508301 
539.285034 317.664368 
239.234421 169.890289 
285.314575 284.024780 
329.946960 320.140808 
545.961243 311.348053 
211.292389 154.558228 
309.351196 292.410370 
356.736450 336.738190 
238.205887 144.558517 
436.032898 357.970367 
243.476486 128.510742 
439.696228 366.352081 
220.449112 108.931351 
237.231018 172.746323 
285.749298 247.874023 
320.980347 291.581024 
325.664032 317.153473 
433.133667 235.990189 
422.332489 221.420944 
357.971954 352.620575 
284.851288 330.998779 
299.537354 294.102325 
549.831543 329.936646 
441.897308 357.596100 
192.816406 140.040222 
333.744843 348.229889 
201.278976 95.067360 
317.123962 232.053131 
282.429779 311.571747 
207.788116 125.040573 
520.338562 299.079865 
177.062775 147.743439 
351.266022 221.087540 
262.560547 113.913849 
306.687347 286.329651 
321.253784 334.876709 
268.996094 107.632042 
183.940536 134.544281 
283.117920 311.948578 
231.130051 112.341805 
330.047058 350.352509 
391.280273 315.467957 
391.280273 315.467957 
252.295731 114.525406 
424.999573 370.859802 
334.388702 303.778656 
506.272278 290.137604 
349.234955 287.578705 
181.846619 138.243820 
299.739197 296.393799 
328.703308 338.860321 
509.393463 292.578064 
509.393463 292.578064 
229.740799 99.660469 
416.499512 216.186310 
210.040222 183.183929 
425.006042 382.920746 
279.705597 229.010620 
204.854599 174.051239 
418.832672 374.460876 
379.067657 190.709564 
362.878113 341.705139 
328.533417 209.607285 
233.796204 181.215424 
297.845612 295.679077 
308.516693 266.816589 
211.288849 131.229813 
211.660950 124.934685 
220.449112 108.931351 
445.028320 364.452576 
284.851288 330.998779 
283.159454 192.075485 
306.687347 286.329651 
284.852203 244.695877 
174.911972 141.288300 
347.960083 352.883453 
308.296539 343.918365 
247.293762 153.032745 
534.656555 324.955200 
308.296539 343.918365 
528.241516 314.249695 
261.934753 113.403831 
177.950027 157.091446 
279.777985 320.103027 
441.897308 357.596100 
202.070740 172.647537 
248.233109 108.559952 
248.233109 108.559952 
350.907654 354.107483 
248.249481 180.446396 
211.159668 130.428696 
186.075699 146.472672 
231.564621 160.504333 
305.557007 259.882446 
349.234955 287.578705 
361.275665 308.928802 
438.285248 368.553284 
299.739197 296.393799 
220.449112 108.931351 
225.123352 128.459717 
225.123352 128.459717 
177.950027 157.091446 
221.618042 125.762512 
202.401184 113.394012 
436.032898 357.970367 
228.399933 120.170357 
357.971954 352.620575 
506.154236 300.399780 
512.773193 291.333740 
283.498352 235.322510 
373.379547 322.320007 
317.136230 283.218231 
509.078583 284.805023 
283.159454 192.075485 
427.908264 113.673302 
427.908264 113.673302 
182.507736 153.570831 
305.557007 259.882446 
280.087646 315.362610 
175.546021 158.219788 
198.069412 92.979332 
251.646286 177.232513 
221.618042 125.762512 
438.968384 244.600098 
329.381805 332.243652 
183.389908 134.312500 
373.379547 322.320007 
347.874023 297.508301 
269.391449 278.567841 
187.340424 148.573944 
427.908264 113.673302 
221.618042 125.762512 
201.531479 104.598305 
319.399811 283.760040 
227.360474 114.674973 
184.447144 120.439507 
418.282349 376.440155 
349.234955 287.578705 
284.924896 309.446777 
293.894073 337.645660 
563.918396 227.827545 
231.130051 112.341805 
245.550613 105.119705 
373.379547 322.320007 
539.153564 317.390564 
226.376602 361.325958 
362.878113 341.705139 
347.874023 297.508301 
543.268188 401.696442 
438.968384 244.600098 
321.253784 334.876709 
285.314575 284.024780 
248.376221 164.624664 
250.844452 150.660568 
237.231018 172.746323 
237.231018 172.746323 
544.220642 353.143799 
563.918396 227.827545 
305.048615 221.467606 
201.531479 104.598305 
307.999786 231.142548 
242.205902 170.107452 
185.719177 157.265228 
184.925507 150.747833 
242.205902 170.107452 
209.021713 193.111557 
280.782318 290.032135 
434.717072 159.518570 
391.453247 219.583023 
495.855957 274.973389 
296.084198 193.885727 
445.028320 364.452576 
393.574219 197.458099 
361.275665 308.928802 
212.878159 147.256973 
197.080521 151.442963 
189.334961 121.028290 
184.447144 120.439507 
418.282349 376.440155 
509.393463 292.578064 
236.467087 117.587074 
352.575470 342.361206 
209.789185 127.450111 
293.894073 337.645660 
294.408508 349.178711 
314.759216 251.062439 
286.579102 335.152924 
310.544281 261.209900 
358.814331 363.251007 
358.814331 363.251007 
215.404846 145.101776 
215.180206 143.936905 
265.499542 114.330772 
391.453247 219.583023 
187.271515 165.404938 
184.925507 150.747833 
421.752014 379.102997 
212.188385 168.726608 
406.807281 180.741150 
192.413757 176.086060 
281.892395 341.810913 
212.100174 142.766647 
182.507736 153.570831 
189.912598 177.290817 
280.097412 236.277023 
209.789185 127.450111 
215.404846 145.101776 
234.188675 150.172348 
216.404785 164.893097 
189.008652 177.766479 
231.564621 160.504333 
293.894073 337.645660 
347.960083 352.883453 
524.222778 362.211151 
524.222778 362.211151 
423.111359 41.853989 
184.925507 150.747833 
246.525528 171.548187 
165.768433 153.796188 
351.266022 221.087540 
306.687347 286.329651 
321.253784 334.876709 
512.773193 291.333740 
375.381592 74.936447 
375.381592 74.936447 
226.751785 105.805954 
502.595978 275.591858 
192.413757 176.086060 
201.531479 104.598305 
201.364395 93.597557 
278.194122 223.895279 
286.087311 318.180450 
434.717072 159.518570 
177.954086 155.465118 
212.188385 168.726608 
420.043427 388.471466 
307.999786 231.142548 
410.260040 63.845959 
383.724823 321.436279 
184.925507 150.747833 
530.564148 344.612091 
383.724823 321.436279 
279.045349 322.874756 
172.309113 163.288437 
317.123962 232.053131 
539.075256 344.812866 
279.045349 322.874756 
361.618591 303.468964 
278.200897 283.710297 
239.831314 151.522079 
215.180206 143.936905 
245.089584 178.739212 
236.048325 200.309540 
420.043427 388.471466 
317.136230 283.218231 
231.564621 160.504333 
218.999985 157.608932 
386.806213 327.689301 
242.176880 128.446167 
329.422272 208.668228 
329.422272 208.668228 
231.564621 160.504333 
308.567932 211.847900 
597.685486 387.109070 
274.593384 153.951065 
549.646301 245.947021 
310.544281 261.209900 
356.736450 336.738190 
280.097412 236.277023 
274.857910 150.647690 
210.852432 152.638840 
317.123962 232.053131 
410.260040 63.845959 
308.567932 211.847900 
184.925507 150.747833 
427.674133 380.845062 
177.172226 116.094055 
376.594086 327.718719 
294.408508 349.178711 
257.816284 49.619987 
172.309113 163.288437 
421.221100 392.732239 
378.446625 330.753754 
375.381592 74.936447 
375.381592 74.936447 
164.817307 145.708786 
434.717072 159.518570 
347.002075 339.776703 
269.391449 278.567841 
268.068237 62.792210 
278.200897 283.710297 
275.943542 228.734055 
218.999985 157.608932 
374.528931 328.988800 
200.329025 192.523422 
201.531479 104.598305 
236.248886 173.103622 
543.216431 326.565674 
220.680023 181.087357 
434.717072 159.518570 
352.070709 285.155151 
189.334961 121.028290 
531.341248 251.434769 
274.857910 150.647690 
250.844452 150.660568 
231.564621 160.504333 
226.376602 361.325958 
310.544281 261.209900 
229.740799 99.660469 
297.520050 110.187241 
524.222778 362.211151 
201.531479 104.598305 
376.594086 327.718719 
292.134552 142.887741 
330.701569 280.249908 
315.681885 231.070312 
361.618591 303.468964 
235.844727 183.614716 
270.467316 65.853127 
236.201843 167.944321 
201.531479 104.598305 
220.680023 181.087357 
235.844727 183.614716 
375.381592 74.936447 
236.201843 167.944321 
197.080521 151.442963 
177.172226 116.094055 
321.253784 334.876709 
177.570099 99.499069 
265.995941 67.784187 
386.806213 327.689301 
347.002075 339.776703 
246.775482 180.774399 
246.775482 180.774399 
175.546021 158.219788 
388.420593 88.935654 
273.570892 341.170990 
307.909332 228.108719 
317.136230 283.218231 
217.237534 142.953476 
433.505981 236.930878 
249.112167 65.223534 
280.097412 236.277023 
280.097412 236.277023 
286.911407 197.456436 
171.804199 129.047379 
289.697693 352.661987 
273.712738 153.295197 
357.871552 341.365143 
302.211212 108.748512 
532.684998 374.447601 
461.787506 232.824402 
362.878113 341.705139 
226.874878 148.230331 
427.908264 113.673302 
502.595978 275.591858 
502.595978 275.591858 
218.500504 149.222672 
217.237534 142.953476 
236.048325 200.309540 
