500
482.965668 204.144958 
430.991577 222.423874 
429.653961 221.737976 
477.616577 200.449936 
459.515350 255.202072 
480.698212 198.632751 
506.246124 213.313507 
457.034637 252.933212 
479.454834 204.965393 
146.845322 288.252075 
502.595276 214.078186 
453.380463 231.897324 
225.096817 208.164368 
495.669281 216.525818 
222.885727 206.522629 
432.838196 223.042953 
350.660736 218.050522 
457.462158 212.850571 
522.760193 233.210480 
475.469971 194.861237 
476.443207 210.209229 
145.165100 195.986160 
433.092773 216.191467 
445.319153 214.910843 
125.238510 351.726929 
246.308411 239.274460 
436.332794 226.580765 
484.797760 193.085327 
222.386185 209.696655 
421.994202 232.669220 
472.971191 192.587036 
255.216522 236.286880 
455.690308 243.086426 
251.949646 196.152786 
456.580750 212.277695 
487.472534 199.996902 
418.688660 232.780334 
419.208984 232.677444 
439.715118 206.709900 
264.771454 210.830200 
215.821045 208.454163 
330.993652 259.761566 
221.067032 207.892120 
293.835876 265.149780 
478.496979 207.500641 
356.598206 219.583649 
482.200562 208.129578 
289.776459 168.517517 
293.072998 265.480408 
169.854462 358.218079 
479.391998 207.700485 
334.703094 253.291885 
466.145966 207.142761 
214.753464 207.627533 
105.602036 366.053406 
144.474930 196.830963 
288.355774 194.537415 
469.286804 270.763550 
485.245789 248.577927 
476.635162 239.344788 
223.160675 210.506958 
262.176422 209.362427 
482.839203 191.689438 
509.031677 208.939148 
168.934311 358.105103 
169.384827 358.093140 
424.107605 388.581940 
234.803787 175.577850 
442.756683 209.873672 
499.006378 212.602310 
499.224030 213.309479 
328.930328 241.075256 
336.078064 263.015656 
296.922455 254.368729 
339.481628 217.398972 
409.789520 256.887695 
409.823242 257.302277 
392.253265 390.279602 
412.924469 229.103012 
483.461273 190.355270 
448.348572 216.112732 
212.991806 206.734222 
325.691650 259.767059 
342.228333 213.336273 
298.079773 265.267181 
277.954132 316.842102 
329.268341 242.898239 
337.865631 260.231842 
236.753830 213.997253 
415.893463 206.184464 
219.839111 206.212524 
256.176941 229.112793 
455.625458 219.855743 
323.316376 234.207138 
498.888885 270.644104 
455.863495 279.359741 
334.575378 250.391586 
444.152191 217.529251 
473.226471 191.528610 
329.787415 241.477295 
405.927979 207.468094 
265.369873 211.902954 
327.444763 242.615799 
485.265594 194.785385 
488.975403 194.954147 
214.453979 204.319733 
290.602478 264.308136 
124.073280 358.581329 
217.597763 201.334381 
469.757233 260.276428 
140.854721 309.947510 
140.876541 309.769440 
137.205933 234.782486 
437.175903 191.928864 
385.506989 388.852295 
483.046143 210.592773 
448.063782 223.600327 
429.767059 202.466522 
488.659576 197.813354 
408.675995 257.622620 
155.033661 227.395874 
336.621826 242.453476 
479.827209 253.257080 
322.310822 238.937820 
135.155243 313.360687 
232.099487 176.402374 
453.532776 219.568619 
228.482346 229.328751 
412.948944 222.443085 
289.884949 264.094757 
311.194824 213.866119 
416.611420 212.894913 
340.629303 239.338165 
286.095032 188.703186 
438.998138 200.919327 
310.490570 269.410095 
402.649292 259.199219 
277.358643 318.034393 
525.083252 236.773621 
142.919678 183.854813 
447.259308 224.446945 
291.446747 267.140533 
438.820221 223.463730 
469.046783 193.166885 
339.992523 238.847870 
338.412262 268.123260 
327.921539 258.200897 
440.333740 200.796509 
343.155396 242.046066 
420.224854 228.400513 
491.950867 268.080566 
118.079704 360.485474 
336.521332 236.765503 
294.072021 253.359009 
511.354248 245.172775 
454.286255 253.191605 
297.782135 254.489594 
152.880661 228.374283 
449.728516 207.182205 
426.391754 218.945129 
174.991211 351.859558 
333.953064 236.952393 
512.354248 245.743256 
440.862640 201.382996 
429.029053 222.890533 
237.116135 236.096756 
424.614136 234.329758 
266.794281 139.591690 
459.326447 192.087021 
156.706116 225.918671 
240.558456 324.375427 
230.992279 228.521759 
256.686829 195.607056 
460.489410 206.868530 
314.637177 277.512238 
210.673325 196.873795 
453.839996 277.710266 
150.704926 206.784088 
475.863342 253.342041 
232.978027 219.450806 
417.463348 229.224258 
304.699463 175.289307 
256.433777 192.976257 
216.781448 246.309509 
217.147476 245.951736 
348.103546 250.020752 
308.614655 185.569000 
244.444305 224.728958 
438.124786 218.982147 
207.356964 193.788300 
333.177124 248.299347 
309.284515 185.201736 
315.020966 176.432098 
321.012512 318.175751 
185.139893 330.367493 
461.142151 288.183105 
274.851593 187.899124 
437.614716 186.050339 
440.915924 189.734283 
487.824249 229.451370 
118.771545 360.176239 
264.606079 220.402100 
327.860138 261.077789 
443.379181 221.279144 
443.335907 220.590134 
441.131744 198.994675 
278.191437 204.248642 
142.273865 183.857239 
256.873901 197.485184 
115.265945 347.821259 
224.722977 228.605118 
244.765274 226.597412 
349.027679 250.185608 
209.241455 186.891525 
224.234619 228.316132 
418.733673 228.432098 
313.609283 181.475815 
315.625214 276.738953 
153.644501 228.653061 
480.591888 244.550018 
501.057495 237.635727 
313.149841 261.221497 
472.051117 269.949310 
111.264595 358.983551 
237.731598 236.824539 
444.916168 284.736786 
228.619629 220.204239 
223.787094 229.705475 
311.549316 177.664429 
469.155701 214.632385 
232.409409 236.586685 
327.712433 262.063629 
422.419647 213.563156 
453.614594 285.089844 
337.346588 264.702881 
465.665558 270.771729 
465.853638 271.246643 
213.365311 227.407654 
402.699066 208.518265 
234.825760 242.732224 
287.366882 198.124771 
462.919373 254.995239 
232.959488 236.529205 
245.896713 231.918381 
277.118378 319.964813 
151.294128 204.180603 
419.711548 201.916061 
329.489227 264.886566 
394.284607 229.703232 
304.817841 182.851562 
264.769409 183.477646 
271.470917 185.878220 
138.488327 237.480957 
512.616333 268.227478 
512.920471 268.299927 
276.665527 206.636459 
279.422089 327.707245 
260.980621 154.895264 
471.862610 210.279297 
300.208954 338.536713 
251.569397 330.376740 
415.355957 212.548492 
310.554474 263.249756 
330.808289 213.296997 
247.427948 235.573318 
267.515167 219.687775 
180.871384 352.947479 
245.524445 227.177521 
452.556030 247.821045 
217.751556 227.601089 
247.564331 178.685577 
454.004517 197.295837 
275.489380 206.318069 
452.379303 210.324860 
449.409027 281.476318 
226.424377 235.928513 
255.727020 155.115356 
256.416321 155.375732 
331.859711 266.165649 
424.241974 192.043777 
224.727783 283.307220 
268.431244 181.917816 
246.188156 181.979462 
406.017578 226.780914 
309.620239 224.061386 
143.413666 229.467377 
233.639801 219.498215 
454.447449 243.365128 
433.457458 240.750488 
514.523560 245.769791 
480.709290 256.877594 
253.056992 329.753937 
282.265472 334.434967 
511.643127 241.435455 
338.268005 266.947113 
338.097382 267.024475 
388.642853 375.124908 
290.013855 307.430389 
306.162170 185.647842 
478.454865 231.517487 
224.495041 238.912521 
491.574768 247.817764 
227.807236 177.758682 
149.909515 241.834595 
266.319733 143.737717 
511.662964 242.092026 
294.632996 205.969742 
331.909912 267.876831 
290.416107 188.581863 
294.626099 208.357193 
346.823761 255.618179 
204.949081 192.177109 
341.082001 237.221695 
59.545513 333.088562 
403.544800 229.720947 
236.434601 178.818359 
204.880142 308.194611 
147.708893 293.711029 
345.499237 260.967224 
293.725952 207.161118 
278.889557 208.209000 
269.474304 217.908569 
269.861572 216.663574 
153.642807 224.463074 
401.723145 209.547394 
476.079529 184.352997 
306.978546 214.078522 
131.110336 184.489380 
141.537201 229.929520 
318.189758 247.388580 
154.274841 239.087433 
122.618179 346.934601 
194.066162 269.470245 
226.979614 225.443069 
254.931595 151.082367 
360.613831 215.802948 
401.303070 220.344070 
287.064056 90.533890 
287.086761 90.585007 
296.601868 175.862061 
297.222382 175.518295 
313.334686 180.378937 
292.807129 200.391083 
317.251587 280.417633 
309.960236 270.835297 
280.485474 314.904236 
460.244781 269.729584 
287.565002 212.162613 
213.125015 189.625305 
137.601532 238.305222 
332.179413 238.464096 
310.917328 258.336853 
484.324890 255.572250 
227.957962 197.168549 
241.297592 266.091553 
277.151093 321.404083 
261.913788 183.216858 
321.454498 318.971313 
228.171692 222.640411 
247.075500 177.787308 
487.734802 230.163132 
348.100433 245.838837 
238.708694 204.499207 
238.944275 203.831650 
315.638885 223.436035 
300.678711 208.521011 
343.081940 219.674149 
309.510864 180.676666 
210.208527 182.888443 
307.286835 341.231964 
300.392975 338.348663 
237.476105 189.229248 
311.484467 256.930176 
342.628479 214.159790 
266.666412 183.193436 
252.013290 210.896667 
128.015717 185.188232 
486.680603 261.664093 
176.130936 356.870575 
507.156189 241.176178 
460.400543 224.241867 
454.216064 202.652359 
283.148682 332.445831 
167.148773 358.505463 
344.725525 261.807129 
454.966095 201.647659 
220.875183 200.060715 
221.469376 200.330612 
231.685883 244.387527 
285.875458 215.350189 
151.828979 203.992584 
162.009460 359.982849 
238.754730 183.500412 
85.591255 314.312164 
315.023590 229.914536 
454.443939 274.576538 
212.306519 197.018814 
247.861328 226.352798 
94.124992 358.003601 
158.360550 227.694397 
246.270279 212.751312 
287.359192 213.404556 
224.527985 225.067307 
225.126419 225.204132 
315.344543 216.925217 
119.859894 347.173370 
314.303589 222.371414 
153.054504 237.520538 
199.972107 303.957092 
415.594452 209.087570 
112.247520 331.191132 
213.933197 225.113586 
204.629028 228.302414 
272.933868 301.257568 
374.269623 252.218948 
144.116425 308.677673 
144.964645 295.085327 
306.006226 252.186905 
305.221619 224.773392 
243.837662 262.257141 
150.422501 208.831360 
248.803665 210.165375 
283.498871 241.902542 
163.547180 348.080933 
288.658173 221.073166 
344.335663 240.859207 
340.748169 206.664093 
287.907074 228.773010 
298.360840 289.966858 
402.895203 236.330093 
162.561829 344.678345 
273.459900 284.300934 
97.632317 337.033020 
314.670593 254.929611 
331.441345 231.310364 
305.431396 252.119904 
359.670715 218.735321 
476.886200 185.914627 
469.019379 211.364059 
310.561890 342.239441 
279.952209 208.148148 
250.281219 175.976105 
233.652771 228.438461 
149.064896 201.305008 
237.628998 189.552307 
422.377289 195.807526 
150.424469 245.650299 
347.521667 214.713257 
455.071899 242.241531 
505.428192 239.228439 
283.885529 217.539230 
137.697983 307.589325 
156.859680 235.825073 
148.960297 286.767609 
227.082504 189.261261 
156.084076 236.719162 
270.321960 244.353424 
269.551910 244.029968 
218.060318 203.691299 
155.691193 211.149963 
220.663010 230.949524 
514.719055 217.582260 
342.974915 248.351608 
149.768539 287.090668 
460.109894 223.441711 
229.187378 193.955307 
238.560867 182.934814 
287.332245 257.406677 
492.143829 193.491501 
408.516357 227.614761 
373.184052 242.045959 
94.999809 317.161133 
140.137543 235.660950 
122.902138 341.897552 
229.466095 220.663040 
149.143539 200.068558 
436.453400 252.579132 
407.555786 229.525131 
286.990967 214.646515 
475.378906 211.698151 
291.848999 299.483032 
400.218170 237.097610 
400.301025 236.820160 
477.420166 250.447815 
127.435326 347.889587 
433.909882 243.415894 
146.427399 253.477539 
527.138489 233.871750 
203.508667 191.379761 
224.701218 190.437866 
455.405304 200.519882 
248.618805 179.863693 
280.938660 202.224579 
471.390228 217.741226 
339.629089 269.998260 
434.975006 260.079742 
164.439911 344.420197 
308.236206 172.560974 
223.130936 201.081848 
229.090988 193.150406 
