500
425.677612 154.542847 
430.763855 125.748642 
425.677612 154.542847 
306.322998 264.291901 
439.841339 130.314590 
363.633636 309.810883 
263.605347 302.356354 
421.229980 175.976059 
342.003693 200.982452 
411.397552 162.127243 
437.886719 178.912872 
390.220581 185.623352 
424.481659 147.685364 
424.739624 166.948883 
235.880524 410.392456 
304.540955 354.392761 
172.652664 325.690826 
412.869263 145.846375 
229.502899 186.383499 
307.795807 274.146301 
411.203827 157.617691 
390.220581 185.623352 
163.771942 420.309601 
163.771942 420.309601 
242.739243 422.948273 
306.794678 263.886658 
307.795807 274.146301 
446.802124 125.605576 
333.341278 274.025360 
432.951630 155.496582 
306.067352 274.570557 
348.053101 252.860947 
245.833847 419.167419 
363.091400 309.975891 
410.637177 152.445663 
322.364838 330.602386 
269.325653 216.265381 
444.955139 159.583832 
425.002838 148.032303 
407.937408 135.218475 
231.966339 190.463074 
175.497925 330.116302 
404.882141 161.798325 
172.841522 320.740082 
306.067352 274.570557 
444.955139 159.583832 
424.399811 140.878281 
172.841522 320.740082 
406.707672 182.378174 
348.053101 252.860947 
182.029404 330.631195 
417.405060 176.435486 
176.286972 442.646484 
321.496887 343.263367 
236.708099 408.540619 
304.555786 352.244873 
220.834976 231.566956 
591.067871 309.080353 
421.705719 160.608398 
202.640198 257.578949 
407.937408 135.218475 
257.563049 193.649933 
213.893509 259.918579 
333.341278 274.025360 
217.391998 249.018936 
471.030884 161.011154 
304.212921 364.596222 
431.416016 160.810318 
403.837158 181.368332 
343.069519 201.759567 
425.955872 368.352051 
205.465744 442.609283 
267.908020 396.298889 
437.562775 174.180771 
268.972351 232.099289 
432.951630 155.496582 
220.834976 231.566956 
202.640198 257.578949 
212.712585 244.640701 
327.998016 335.277985 
232.797028 411.578674 
219.764465 262.355896 
546.902466 319.475403 
260.138794 193.996613 
212.712585 244.640701 
418.701111 160.041351 
418.701111 160.041351 
333.341278 274.025360 
216.693069 257.050385 
178.306732 441.238037 
249.434509 272.452484 
444.955139 159.583832 
227.110153 225.950531 
431.416016 160.810318 
163.771942 420.309601 
439.477173 127.498062 
232.636078 406.874207 
321.496887 343.263367 
278.326752 229.448715 
282.833710 198.121094 
209.779083 450.580048 
168.591705 328.140625 
168.591705 328.140625 
436.317139 173.066269 
268.972351 232.099289 
232.061356 262.362549 
238.471390 414.603577 
172.983521 441.259583 
172.983521 441.259583 
439.490509 145.084274 
439.273254 163.523438 
436.317139 173.066269 
226.379303 225.079926 
419.190674 148.143845 
438.098267 154.160309 
278.326752 229.448715 
442.092743 128.182556 
405.700928 151.370331 
389.262756 194.347916 
454.756287 161.375595 
454.756287 161.375595 
469.138885 151.282135 
438.098267 154.160309 
222.272873 237.984650 
381.901611 157.251755 
364.908936 331.303040 
412.869263 145.846375 
313.960358 239.270874 
313.960358 239.270874 
205.526443 442.551300 
396.295013 179.633347 
390.220581 185.623352 
546.902466 319.475403 
254.328995 243.007812 
226.708450 225.282898 
295.880920 223.763306 
276.135315 210.364563 
276.135315 210.364563 
444.955139 159.583832 
444.955139 159.583832 
236.435623 189.483734 
219.394119 236.071823 
228.089325 231.098846 
212.712585 244.640701 
424.399811 140.878281 
402.469269 170.241333 
402.469269 170.241333 
435.961853 138.093796 
412.869263 145.846375 
369.689545 224.280762 
304.555786 352.244873 
444.955139 159.583832 
211.313766 255.518875 
219.764465 262.355896 
431.939178 155.247604 
419.190674 148.143845 
454.841797 194.554138 
395.641541 152.505280 
435.114197 160.612381 
220.834976 231.566956 
222.272873 237.984650 
253.446121 413.548279 
267.802521 210.401672 
183.526611 333.833923 
410.907349 157.048599 
185.286758 423.357788 
206.551071 434.200195 
322.364838 330.602386 
458.288086 241.579834 
425.523712 119.869865 
395.641541 152.505280 
395.641541 152.505280 
232.797028 411.578674 
431.416016 160.810318 
326.295288 270.247009 
328.089172 313.789154 
213.893509 259.918579 
255.652695 407.423676 
412.869263 145.846375 
418.098633 154.599350 
457.045776 206.012009 
236.435623 189.483734 
200.167801 432.951324 
232.061356 262.362549 
399.263123 169.211472 
195.860977 445.000031 
399.263123 169.211472 
227.664276 233.132858 
282.833710 198.121094 
591.067871 309.080353 
220.834976 231.566956 
363.872711 333.205353 
432.098328 158.295242 
396.295013 179.633347 
417.494812 155.596252 
267.545563 261.135162 
444.955139 159.583832 
454.841797 194.554138 
321.267700 237.097153 
232.797028 411.578674 
235.748672 276.290649 
418.035614 183.475998 
477.207306 145.015289 
430.568573 149.423126 
415.824158 211.352249 
435.979584 126.426414 
428.621918 121.373909 
219.764465 262.355896 
430.568573 149.423126 
183.526611 333.833923 
267.802521 210.401672 
428.621918 121.373909 
417.224335 139.488739 
429.358124 137.878937 
412.869263 145.846375 
435.979584 126.426414 
443.700745 182.723648 
183.526611 333.833923 
231.966339 190.463074 
295.188568 356.456451 
591.067871 309.080353 
461.220703 192.299866 
428.619781 134.164505 
469.869659 164.883926 
473.608063 175.634293 
260.138794 193.996613 
399.978638 168.748764 
260.719208 190.176010 
442.762360 113.967827 
235.591599 417.491425 
235.591599 417.491425 
432.098328 158.295242 
399.263123 169.211472 
425.027557 121.896530 
406.707672 182.378174 
470.807098 167.564880 
268.562927 208.704712 
328.089172 313.789154 
254.714569 187.811066 
221.427750 278.762665 
175.845703 341.318695 
165.596649 330.821350 
165.596649 330.821350 
168.568649 313.324677 
469.138885 151.282135 
470.807098 167.564880 
425.260773 209.472672 
402.469269 170.241333 
450.526001 166.340195 
236.082489 420.980103 
439.047241 181.582306 
326.295288 270.247009 
454.861633 170.400070 
227.406601 286.904968 
393.507996 176.676483 
246.817474 408.565979 
426.641876 210.210434 
339.280151 198.809952 
325.514862 206.051682 
165.586609 316.301483 
371.903198 342.420197 
166.558441 309.521362 
406.707672 182.378174 
166.558441 309.521362 
421.048462 190.719330 
245.833847 419.167419 
245.833847 419.167419 
428.408783 199.538559 
460.380219 170.913895 
325.514862 206.051682 
209.616638 230.651627 
220.834976 231.566956 
431.939178 155.247604 
431.939178 155.247604 
249.434509 272.452484 
413.778198 166.700531 
431.550934 122.461426 
236.082489 420.980103 
326.710266 339.054626 
444.287018 119.093582 
353.117340 144.570557 
381.901611 157.251755 
460.748199 126.686378 
191.416138 451.072327 
430.642639 119.470451 
405.690948 139.873901 
432.951630 155.496582 
260.719208 190.176010 
267.545563 261.135162 
235.748672 276.290649 
413.255432 190.432556 
278.326752 229.448715 
282.833710 198.121094 
435.961853 138.093796 
220.534302 281.845978 
333.341278 274.025360 
467.551880 120.280159 
471.030884 161.011154 
415.824158 211.352249 
393.893280 183.674423 
425.260773 209.472672 
342.003693 200.982452 
249.434509 272.452484 
306.322998 264.291901 
452.444427 202.302277 
432.951630 155.496582 
435.477264 116.102814 
452.617035 202.943863 
195.525452 255.981918 
331.328217 204.947388 
244.909042 268.920502 
457.054199 333.840881 
221.427750 278.762665 
457.054199 333.840881 
309.658844 232.515533 
278.326752 229.448715 
412.869263 145.846375 
405.700928 151.370331 
212.328003 264.576355 
425.955872 368.352051 
226.318771 426.841919 
431.939178 155.247604 
412.869263 145.846375 
322.011078 236.974365 
467.240662 119.123940 
457.054199 333.840881 
284.090942 191.274200 
468.951599 170.654388 
381.901611 157.251755 
185.286758 423.357788 
283.606049 187.467773 
460.408142 192.955673 
460.408142 192.955673 
219.540802 210.540817 
457.054199 333.840881 
435.961853 138.093796 
250.770294 271.276611 
201.559174 252.876495 
278.671539 243.770020 
393.079926 164.738434 
402.469269 170.241333 
390.876221 178.227631 
205.526443 442.551300 
228.967453 413.717285 
415.588257 138.325073 
393.079926 164.738434 
250.770294 271.276611 
267.545563 261.135162 
402.469269 170.241333 
199.508438 426.902130 
404.697357 144.167664 
472.757355 323.070496 
562.412781 322.629730 
284.090942 191.274200 
171.772461 312.951447 
213.893509 259.918579 
442.092743 128.182556 
210.651871 431.965698 
221.427750 278.762665 
379.452209 366.756714 
183.526611 333.833923 
229.890121 278.454193 
374.085449 211.852234 
427.868225 176.124374 
250.770294 271.276611 
270.470001 219.309662 
237.667877 421.845276 
247.800095 385.414185 
465.267914 210.901794 
408.853180 146.639740 
408.853180 146.639740 
442.762360 113.967827 
234.179306 259.056030 
199.061127 436.758453 
277.407410 192.621475 
430.568573 149.423126 
275.705750 233.297211 
263.681580 198.836349 
499.006744 216.697266 
183.526611 333.833923 
430.242432 171.533539 
471.054321 137.449600 
331.328217 204.947388 
378.164825 163.683838 
330.339844 337.855286 
374.085449 211.852234 
219.540802 210.540817 
295.188568 356.456451 
275.676788 219.723160 
230.541687 193.768311 
462.932922 171.682755 
229.890121 278.454193 
212.328003 264.576355 
255.606613 191.259521 
425.260773 209.472672 
457.054199 333.840881 
342.003693 200.982452 
406.019012 177.044556 
239.977997 392.357574 
455.303741 148.875977 
176.293716 308.616699 
253.446121 413.548279 
456.011322 205.753479 
454.756287 161.375595 
458.288086 241.579834 
373.713348 164.156097 
266.789490 390.943237 
331.857056 277.298218 
275.676788 219.723160 
449.400848 163.115967 
152.267822 313.409119 
408.853180 146.639740 
408.853180 146.639740 
400.604065 179.737137 
183.526611 333.833923 
245.766586 185.032974 
224.252823 222.383270 
170.575562 314.032654 
250.770294 271.276611 
212.712585 244.640701 
327.998016 335.277985 
426.641876 210.210434 
441.448242 104.180794 
393.079926 164.738434 
336.987244 222.290268 
328.580780 210.049988 
344.775574 248.318817 
221.427750 278.762665 
257.563049 193.649933 
257.563049 193.649933 
430.763855 125.748642 
180.533936 429.174133 
457.054199 333.840881 
306.794678 263.886658 
349.062286 320.034088 
331.857056 277.298218 
499.006744 216.697266 
373.713348 164.156097 
269.605621 263.684570 
306.794678 263.886658 
160.808823 318.382477 
438.028473 116.002518 
232.061356 262.362549 
255.606613 191.259521 
381.901611 157.251755 
427.868225 176.124374 
340.177399 229.777710 
329.922241 232.499542 
295.188568 356.456451 
328.089172 313.789154 
435.477264 116.102814 
212.712585 244.640701 
406.019012 177.044556 
229.920151 180.058884 
112.167809 437.424866 
464.495850 126.094017 
226.338989 280.496796 
418.098633 154.599350 
185.286758 423.357788 
176.293716 308.616699 
121.924370 433.901825 
378.164825 163.683838 
338.543335 227.360031 
275.705750 233.297211 
193.316818 366.381042 
303.704681 352.458649 
431.604340 320.491241 
195.525452 255.981918 
444.955139 159.583832 
369.796722 213.425476 
430.242432 171.533539 
250.770294 271.276611 
226.538712 223.731949 
241.858505 233.012726 
314.234039 204.750854 
499.761719 167.958298 
445.949188 165.639740 
485.047699 148.422272 
333.341278 274.025360 
226.708450 225.282898 
244.909042 268.920502 
278.326752 229.448715 
244.909042 268.920502 
244.909042 268.920502 
213.893509 259.918579 
432.098328 158.295242 
245.612335 386.209991 
249.434509 272.452484 
139.880005 447.098907 
187.116623 446.734863 
347.675842 362.685577 
270.885376 390.956757 
160.151993 323.130066 
112.167809 437.424866 
163.771942 420.309601 
338.543335 227.360031 
229.890121 278.454193 
224.252823 222.383270 
316.625397 225.964142 
473.893555 147.245285 
