500
399.327484 180.125076 
398.310455 180.636093 
432.951630 155.496582 
432.951630 155.496582 
399.327484 180.125076 
411.843658 151.245529 
404.321747 171.284897 
405.209442 169.955246 
405.700928 151.370331 
413.327026 169.835175 
307.795807 274.146301 
307.795807 274.146301 
411.203827 157.617691 
423.913208 164.903473 
423.913208 164.903473 
404.439301 144.942963 
225.725677 195.381271 
411.843658 151.245529 
411.203827 157.617691 
306.835999 274.315460 
409.071594 168.999924 
254.328995 243.007812 
404.439301 144.942963 
342.003693 200.982452 
397.211395 180.035141 
404.882141 161.798325 
404.439301 144.942963 
308.921539 274.042480 
432.951630 155.496582 
306.835999 274.315460 
247.782516 416.928955 
247.782516 416.928955 
209.616638 230.651627 
245.833847 419.167419 
247.782516 416.928955 
442.480957 133.304672 
218.170166 248.628693 
426.845978 123.056252 
229.890121 278.454193 
231.966339 190.463074 
250.770294 271.276611 
401.058777 184.147354 
401.058777 184.147354 
172.652664 325.690826 
307.795807 274.146301 
283.606049 187.467773 
429.358124 137.878937 
432.098328 158.295242 
198.848465 388.856232 
198.848465 388.856232 
229.890121 278.454193 
389.152283 189.768204 
229.890121 278.454193 
229.890121 278.454193 
411.203827 157.617691 
175.897552 329.577667 
389.152283 189.768204 
241.858505 233.012726 
282.833710 198.121094 
331.857056 277.298218 
328.089172 313.789154 
235.263321 258.630951 
421.705719 160.608398 
209.616638 230.651627 
415.433716 129.726379 
218.834335 234.832550 
241.858505 233.012726 
411.397552 162.127243 
411.203827 157.617691 
421.705719 160.608398 
421.705719 160.608398 
282.833710 198.121094 
421.705719 160.608398 
421.705719 160.608398 
438.098267 154.160309 
432.098328 158.295242 
446.930145 131.616180 
412.409302 210.396912 
218.834335 234.832550 
327.795227 238.218719 
403.406128 144.038086 
389.152283 189.768204 
212.036591 244.415878 
334.872864 233.681870 
435.859924 143.565964 
454.494812 204.884598 
432.098328 158.295242 
183.526611 333.833923 
327.795227 238.218719 
389.456604 187.155304 
421.705719 160.608398 
389.152283 189.768204 
476.879761 117.628113 
400.604065 179.737137 
459.589142 122.033287 
426.845978 123.056252 
331.328217 204.947388 
543.610229 326.148590 
172.841522 320.740082 
412.409302 210.396912 
206.947739 233.686005 
445.949188 165.639740 
440.341309 132.048386 
191.171234 373.684662 
218.834335 234.832550 
450.512970 181.603790 
333.341278 274.025360 
423.061737 165.528198 
327.795227 238.218719 
191.171234 373.684662 
395.641541 152.505280 
328.089172 313.789154 
426.845978 123.056252 
465.267914 210.901794 
266.789490 390.943237 
439.477173 127.498062 
440.341309 132.048386 
166.558441 309.521362 
427.984528 114.708015 
430.763855 125.748642 
222.376785 179.375015 
425.931976 113.123192 
253.053604 397.260010 
327.998016 335.277985 
230.541687 193.768311 
216.693069 257.050385 
281.489044 186.614929 
254.328995 243.007812 
264.435181 212.419998 
328.580780 210.049988 
443.700745 182.723648 
439.273254 163.523438 
266.789490 390.943237 
369.689545 224.280762 
198.848465 388.856232 
166.558441 309.521362 
215.673218 242.178864 
277.407410 192.621475 
166.558441 309.521362 
327.795227 238.218719 
328.195190 363.001953 
342.003693 200.982452 
254.328995 243.007812 
254.328995 243.007812 
234.179306 259.056030 
168.568649 313.324677 
306.322998 264.291901 
396.295013 179.633347 
330.628937 338.398804 
435.979584 126.426414 
456.011322 205.753479 
253.446121 413.548279 
426.845978 123.056252 
329.148956 362.971771 
386.766083 164.924271 
216.693069 257.050385 
216.693069 257.050385 
183.526611 333.833923 
221.097351 238.568817 
340.671509 204.043991 
172.841522 320.740082 
476.879761 117.628113 
218.477798 196.020477 
218.170166 248.628693 
277.962921 197.465286 
458.656586 181.869797 
210.651871 431.965698 
160.151993 323.130066 
465.267914 210.901794 
389.152283 189.768204 
448.191071 125.011284 
448.191071 125.011284 
219.394119 236.071823 
232.683365 297.356293 
232.683365 297.356293 
464.495850 126.094017 
255.652695 407.423676 
228.985855 278.742340 
408.853180 146.639740 
341.341827 246.670776 
250.618668 184.189133 
438.028473 116.002518 
183.526611 333.833923 
175.378815 317.218384 
340.671509 204.043991 
216.693069 257.050385 
204.599030 262.624298 
430.636108 166.265076 
308.921539 274.042480 
328.195190 363.001953 
335.824066 339.186371 
254.328995 243.007812 
165.044205 310.053406 
253.446121 413.548279 
432.098328 158.295242 
436.317139 173.066269 
459.518280 131.883453 
226.338989 280.496796 
454.494812 204.884598 
449.519897 216.195770 
399.327484 180.125076 
332.633911 334.178711 
425.523712 119.869865 
277.962921 197.465286 
187.116623 446.734863 
591.746399 309.747253 
425.523712 119.869865 
340.177399 229.777710 
467.240662 119.123940 
408.853180 146.639740 
469.731232 150.922180 
279.027313 226.063553 
344.593933 251.630219 
452.617035 202.943863 
424.739624 166.948883 
166.558441 309.521362 
216.693069 257.050385 
228.967453 413.717285 
469.731232 150.922180 
462.932922 171.682755 
191.171234 373.684662 
410.637177 152.445663 
344.775574 248.318817 
228.985855 278.742340 
307.795807 274.146301 
237.667877 421.845276 
260.719208 190.176010 
255.606613 191.259521 
334.872864 233.681870 
204.599030 262.624298 
254.714569 187.811066 
423.982819 214.489441 
217.391998 249.018936 
428.621918 121.373909 
362.870514 218.171021 
306.794678 263.886658 
427.507935 207.216797 
460.501495 163.451843 
457.045776 206.012009 
234.179306 259.056030 
344.775574 248.318817 
428.408783 199.538559 
423.061737 165.528198 
267.545563 261.135162 
256.647461 419.253540 
228.985855 278.742340 
283.606049 187.467773 
234.179306 259.056030 
279.027313 226.063553 
428.621918 121.373909 
403.837158 181.368332 
229.890121 278.454193 
330.957397 278.881561 
430.636108 166.265076 
218.875748 221.936203 
218.875748 221.936203 
210.651871 431.965698 
450.526001 166.340195 
425.931976 113.123192 
445.949188 165.639740 
439.047241 181.582306 
141.461990 280.152344 
454.861633 170.400070 
237.667877 421.845276 
195.860977 445.000031 
335.824066 339.186371 
404.697357 144.167664 
324.786774 245.655823 
390.785553 165.244888 
339.280151 198.809952 
249.434509 272.452484 
267.545563 261.135162 
403.892303 121.379669 
281.489044 186.614929 
334.606140 205.014877 
254.717484 275.916962 
331.328217 204.947388 
165.586609 316.301483 
282.833710 198.121094 
254.328995 243.007812 
254.717484 275.916962 
427.507935 207.216797 
308.921539 274.042480 
326.295288 270.247009 
443.700745 182.723648 
308.921539 274.042480 
454.841797 194.554138 
307.795807 274.146301 
277.111938 231.992752 
167.161194 327.523621 
167.161194 327.523621 
229.890121 278.454193 
236.082489 420.980103 
267.545563 261.135162 
152.267822 313.409119 
254.328995 243.007812 
423.061737 165.528198 
327.955048 236.258728 
150.945038 414.739258 
341.341827 246.670776 
249.434509 272.452484 
436.084167 138.747559 
235.263321 258.630951 
432.098328 158.295242 
229.890121 278.454193 
229.890121 278.454193 
175.378815 317.218384 
507.313263 196.754822 
183.526611 333.833923 
219.764465 262.355896 
336.987244 222.290268 
344.593933 251.630219 
198.848465 388.856232 
275.676788 219.723160 
141.461990 280.152344 
225.725677 195.381271 
225.725677 195.381271 
241.858505 233.012726 
216.693069 257.050385 
442.762360 113.967827 
229.502899 186.383499 
198.848465 388.856232 
260.719208 190.176010 
216.693069 257.050385 
234.179306 259.056030 
288.217010 368.385406 
221.427750 278.762665 
372.934662 212.281219 
224.236816 280.196777 
229.920151 180.058884 
206.873306 237.630280 
284.090942 191.274200 
229.920151 180.058884 
387.240845 196.680313 
387.240845 196.680313 
306.794678 263.886658 
215.673218 242.178864 
249.434509 272.452484 
232.636078 406.874207 
405.617889 209.159622 
210.651871 431.965698 
405.700928 151.370331 
344.593933 251.630219 
210.130936 257.531464 
160.151993 323.130066 
426.641876 210.210434 
363.872711 333.205353 
344.593933 251.630219 
330.026764 346.884705 
146.709427 289.037231 
267.545563 261.135162 
127.519630 286.175812 
412.409302 210.396912 
234.179306 259.056030 
403.406128 144.038086 
288.482635 367.266937 
249.434509 272.452484 
224.236816 280.196777 
243.149887 232.048660 
228.985855 278.742340 
284.090942 191.274200 
301.888123 222.536285 
354.621002 315.080048 
417.405060 176.435486 
417.405060 176.435486 
449.712097 113.931625 
509.871063 213.121246 
324.786774 245.655823 
204.599030 262.624298 
215.673218 242.178864 
254.717484 275.916962 
326.374481 237.490723 
183.526611 333.833923 
404.109100 143.586639 
254.717484 275.916962 
249.434509 272.452484 
228.985855 278.742340 
221.999741 290.518463 
396.588654 122.702553 
279.027313 226.063553 
234.179306 259.056030 
152.267822 313.409119 
277.962921 197.465286 
430.642639 119.470451 
216.693069 257.050385 
455.303741 148.875977 
326.295288 270.247009 
436.317139 173.066269 
330.628937 338.398804 
228.985855 278.742340 
267.545563 261.135162 
254.717484 275.916962 
385.325958 149.440338 
277.735474 218.632690 
542.922852 326.242981 
195.860977 445.000031 
277.111938 231.992752 
152.267822 313.409119 
269.325653 216.265381 
390.785553 165.244888 
213.169128 258.294983 
282.833710 198.121094 
279.027313 226.063553 
403.406128 144.038086 
499.006744 216.697266 
417.405060 176.435486 
417.405060 176.435486 
229.890121 278.454193 
227.664276 233.132858 
249.434509 272.452484 
228.985855 278.742340 
308.921539 274.042480 
327.998016 335.277985 
452.617035 202.943863 
330.628937 338.398804 
277.735474 218.632690 
146.709427 289.037231 
423.982819 214.489441 
218.170166 248.628693 
436.317139 173.066269 
328.089172 313.789154 
379.777374 346.761505 
254.714569 187.811066 
327.998016 335.277985 
424.399811 140.878281 
206.927383 428.932190 
254.328995 243.007812 
277.735474 218.632690 
216.837296 195.927948 
378.164825 163.683838 
436.317139 173.066269 
175.378815 317.218384 
374.085449 211.852234 
216.947388 294.988708 
183.526611 333.833923 
126.136497 285.666931 
499.006744 216.697266 
174.765732 335.849976 
344.593933 251.630219 
444.955139 159.583832 
269.605621 263.684570 
313.960358 239.270874 
403.406128 144.038086 
340.192444 235.522018 
203.938614 434.473846 
227.818176 177.009598 
195.525452 255.981918 
344.593933 251.630219 
229.890121 278.454193 
215.673218 242.178864 
452.286743 164.174179 
187.116623 446.734863 
254.328995 243.007812 
324.786774 245.655823 
249.434509 272.452484 
204.599030 262.624298 
141.461990 280.152344 
126.136497 285.666931 
254.717484 275.916962 
342.003693 200.982452 
301.888123 222.536285 
280.774933 213.672272 
205.526443 442.551300 
328.580780 210.049988 
193.316818 366.381042 
344.593933 251.630219 
235.591599 417.491425 
235.591599 417.491425 
373.713348 164.156097 
191.171234 373.684662 
245.612335 386.209991 
362.870514 218.171021 
280.774933 213.672272 
382.928619 156.318039 
279.027313 226.063553 
160.151993 323.130066 
344.023376 230.252075 
222.376785 179.375015 
321.496887 343.263367 
454.841797 194.554138 
454.841797 194.554138 
198.848465 388.856232 
243.149887 232.048660 
230.541687 193.768311 
268.562927 208.704712 
215.673218 242.178864 
234.179306 259.056030 
257.563049 193.649933 
162.882874 308.698395 
126.136497 285.666931 
235.661392 424.143677 
441.448242 104.180794 
175.378815 317.218384 
308.921539 274.042480 
439.490509 145.084274 
378.164825 163.683838 
389.262756 194.347916 
344.593933 251.630219 
344.593933 251.630219 
218.834335 234.832550 
