500
452.023590 348.158997 
510.723267 247.220795 
171.227554 145.778809 
344.112732 298.926727 
166.418182 162.763321 
255.648361 150.259232 
510.723267 247.220795 
510.723267 247.220795 
316.734650 239.163147 
481.357391 258.133179 
282.670258 237.578384 
500.958954 261.572052 
169.803146 172.487671 
175.529633 164.745422 
177.224075 162.126282 
245.602692 192.767746 
156.868210 133.404053 
307.126556 291.126038 
307.126556 291.126038 
554.013672 308.631500 
541.235840 279.953003 
506.905823 260.749817 
506.905823 260.749817 
279.105164 232.944656 
169.803146 172.487671 
399.133972 207.856415 
163.327942 171.475983 
347.017975 244.542358 
507.881836 260.164490 
309.425598 297.060669 
178.226486 164.247482 
489.517853 315.246490 
507.674438 264.261719 
161.510040 166.566971 
164.026276 164.594177 
344.112732 298.926727 
554.433472 286.320740 
399.825348 178.343826 
245.602692 192.767746 
293.414093 312.771271 
237.618698 194.368744 
347.017975 244.542358 
314.910980 288.071930 
558.543884 309.850006 
558.543884 309.850006 
255.814148 152.133560 
310.131470 298.903717 
399.695068 178.855057 
511.407318 263.869202 
165.774200 145.808594 
165.774200 145.808594 
224.260895 143.831345 
554.013672 308.631500 
345.012970 300.418610 
245.602692 192.767746 
358.977997 150.284805 
481.470764 315.100098 
381.081635 165.549210 
174.076401 117.235367 
280.030090 247.555984 
178.226486 164.247482 
350.867737 216.301712 
406.749512 190.505051 
211.975723 199.145874 
369.424652 181.620590 
253.982574 160.663315 
237.287964 188.359039 
381.081635 165.549210 
234.781006 215.982971 
399.695068 178.855057 
449.591339 225.367706 
245.404434 203.640686 
555.105347 282.341858 
230.489365 201.658829 
294.432739 345.442322 
367.312683 314.170532 
308.123016 298.646759 
372.646759 328.873016 
183.583633 174.126328 
386.871155 206.986053 
546.439026 286.412720 
225.400436 189.264511 
185.546707 129.844223 
171.381241 178.295563 
237.187149 186.831680 
206.884613 189.606216 
291.125183 312.445496 
382.879181 306.378082 
407.055054 199.429123 
201.305664 194.514236 
386.910736 311.915863 
562.639221 305.656921 
318.848236 217.674454 
488.955353 247.271484 
173.840103 169.977570 
561.888000 288.797180 
173.506836 180.154160 
245.602692 192.767746 
305.697327 229.981918 
307.211365 234.154114 
201.830933 212.764526 
224.260895 143.831345 
174.076401 117.235367 
542.332825 324.903961 
542.332825 324.903961 
184.181885 165.862640 
280.030090 247.555984 
321.783966 210.609772 
235.881546 178.051834 
260.071869 159.595337 
393.920013 169.899750 
171.525848 175.267044 
399.133972 207.856415 
193.250183 194.036331 
442.675110 212.348358 
451.388428 225.860397 
218.046371 186.585480 
549.987732 278.105347 
196.331360 142.806763 
179.950089 126.223358 
241.792877 189.947418 
164.896698 181.543564 
239.987396 182.809570 
239.987396 182.809570 
207.614822 211.650467 
363.293793 332.971344 
226.408020 186.329056 
350.867737 216.301712 
202.702347 193.492905 
311.528076 234.915207 
562.639221 305.656921 
549.987732 278.105347 
238.853180 182.388809 
205.070450 183.873016 
343.018646 329.383362 
211.210861 182.887085 
386.910736 311.915863 
464.778320 340.745117 
343.699310 317.719147 
568.762390 295.917358 
219.148254 80.291634 
324.100403 233.635620 
386.910736 311.915863 
199.202057 128.409821 
346.312103 345.978790 
260.071869 159.595337 
355.548462 335.098938 
237.287964 188.359039 
202.702347 193.492905 
312.821625 301.478180 
221.102219 184.103149 
304.198242 229.682922 
294.123657 294.049561 
502.886749 250.927155 
598.955566 336.003265 
221.102219 184.103149 
389.551453 165.982483 
171.381241 178.295563 
202.702347 193.492905 
372.646759 328.873016 
433.007446 190.399002 
537.773071 303.780823 
504.071106 247.132202 
399.133972 207.856415 
562.639221 305.656921 
174.772614 116.438202 
552.678528 318.787567 
370.927551 175.829132 
513.252930 248.227753 
547.282776 320.888672 
311.528076 234.915207 
194.719101 197.834320 
275.893616 352.270416 
403.506897 302.476227 
403.506897 302.476227 
173.840103 169.977570 
208.684280 214.945297 
208.189758 162.344559 
208.189758 162.344559 
452.023590 348.158997 
194.719101 197.834320 
489.517853 315.246490 
276.043060 231.827744 
372.646759 328.873016 
461.707977 220.150665 
162.463181 172.359970 
339.490051 328.800018 
395.372314 166.688431 
156.868210 133.404053 
305.697327 229.981918 
513.252930 248.227753 
502.120697 302.324188 
502.120697 302.324188 
302.584808 224.623718 
542.332825 324.903961 
240.897095 193.510941 
300.125397 343.299011 
399.133972 207.856415 
309.945007 262.926270 
337.907562 333.193176 
156.560608 139.777588 
352.331879 344.352692 
191.900253 184.934662 
513.252930 248.227753 
561.888000 288.797180 
326.594482 344.472656 
194.719101 197.834320 
194.719101 197.834320 
372.646759 328.873016 
339.490051 328.800018 
283.183044 253.100220 
191.900253 184.934662 
185.546707 129.844223 
195.433212 202.394974 
286.749084 289.028229 
205.070450 183.873016 
177.849442 117.904106 
562.639221 305.656921 
228.310394 211.376144 
346.312103 345.978790 
337.907562 333.193176 
379.973755 333.108093 
395.241425 171.132370 
367.860107 355.726105 
191.900253 184.934662 
458.612122 226.960449 
458.612122 226.960449 
389.740326 313.901794 
356.091888 346.776123 
309.945007 262.926270 
364.242889 333.879150 
406.749512 190.505051 
276.498810 121.680084 
318.848236 217.674454 
174.772614 116.438202 
224.738037 204.793518 
221.102219 184.103149 
407.055054 199.429123 
560.488220 298.556488 
561.888000 288.797180 
224.520447 194.962769 
305.640747 233.638672 
395.241425 171.132370 
407.055054 199.429123 
527.469666 263.455933 
333.392181 281.081604 
276.498810 121.680084 
525.378540 261.087952 
521.835205 256.071533 
417.230774 203.759979 
280.920746 282.600708 
379.973755 333.108093 
326.594482 344.472656 
276.498810 121.680084 
397.220520 144.964096 
204.564209 161.797363 
337.907562 333.193176 
282.910339 248.490860 
215.713287 215.345139 
288.848480 292.959717 
156.560608 139.777588 
177.062485 121.499916 
514.163574 266.599182 
514.163574 266.599182 
164.365311 183.755936 
285.153534 206.032806 
433.007446 190.399002 
417.230774 203.759979 
301.962067 224.458191 
343.699310 317.719147 
433.007446 190.399002 
397.220520 144.964096 
418.543335 397.382996 
345.896820 335.848236 
296.197845 352.577850 
294.764435 294.240601 
489.517853 315.246490 
192.121094 213.173187 
224.153000 196.974411 
174.076401 117.235367 
221.102219 184.103149 
349.394714 336.768158 
217.207825 201.032303 
316.734650 239.163147 
478.789703 234.603394 
351.084747 335.706207 
352.183624 333.135162 
204.564209 161.797363 
415.620239 393.716125 
182.823212 188.866486 
399.133972 207.856415 
238.486603 153.578415 
238.486603 153.578415 
293.946655 328.737457 
387.524445 312.331635 
386.910736 311.915863 
386.910736 311.915863 
386.871155 206.986053 
316.979675 252.328552 
415.620239 393.716125 
338.910156 341.345062 
338.910156 341.345062 
451.388428 225.860397 
386.910736 311.915863 
321.783966 210.609772 
243.065414 206.207077 
388.319977 317.472961 
346.312103 345.978790 
438.177307 223.565750 
386.910736 311.915863 
351.084747 335.706207 
390.582916 316.177673 
219.148254 80.291634 
355.548462 335.098938 
215.529770 166.259201 
345.896820 335.848236 
179.782272 201.520065 
310.342072 351.609406 
315.607788 233.613998 
288.848480 292.959717 
191.062698 175.921265 
195.898544 211.441132 
352.183624 333.135162 
325.513275 294.562866 
451.388428 225.860397 
356.091888 346.776123 
193.666656 124.583611 
361.054535 339.921082 
369.424652 181.620590 
355.548462 335.098938 
282.427734 294.565460 
221.102219 184.103149 
527.469666 263.455933 
415.620239 393.716125 
198.895660 147.268997 
294.764435 294.240601 
221.102219 184.103149 
221.102219 184.103149 
202.156219 202.649216 
345.224792 329.141144 
286.749084 289.028229 
386.871155 206.986053 
333.392181 281.081604 
382.873322 161.499283 
379.973755 333.108093 
236.053009 157.906906 
245.265991 151.854706 
372.464569 337.593292 
387.524445 312.331635 
379.387360 354.908203 
379.387360 354.908203 
376.263458 289.405884 
321.783966 210.609772 
321.783966 210.609772 
345.012970 300.418610 
345.012970 300.418610 
357.931519 348.031067 
372.646759 328.873016 
310.550964 343.533600 
205.070450 183.873016 
215.713287 215.345139 
305.697327 229.981918 
418.543335 397.382996 
201.808853 216.120132 
386.910736 311.915863 
336.726257 335.253479 
372.646759 328.873016 
387.524445 312.331635 
352.609192 216.403992 
442.243958 349.465027 
518.980530 254.927032 
554.922974 286.422791 
376.263458 289.405884 
162.304657 123.905991 
224.260895 143.831345 
261.141541 169.590790 
261.141541 169.590790 
254.269928 190.601303 
489.517853 315.246490 
274.291412 190.825012 
169.764435 176.719055 
300.983521 227.433075 
388.319977 317.472961 
200.111313 139.849670 
208.189758 162.344559 
163.187592 184.240463 
304.748535 221.394897 
385.123444 184.889038 
480.056793 238.707275 
243.065414 206.207077 
293.946655 328.737457 
195.898544 211.441132 
502.120697 302.324188 
337.962830 341.353546 
276.498810 121.680084 
318.848236 217.674454 
196.331360 142.806763 
282.831512 291.989655 
245.602692 192.767746 
305.520477 225.276245 
198.039780 167.058640 
169.803146 172.487671 
380.842468 340.578644 
379.973755 333.108093 
415.620239 393.716125 
367.312683 314.170532 
359.137299 168.250809 
399.133972 207.856415 
439.374451 354.345978 
294.764435 294.240601 
440.782715 355.212341 
192.591217 206.740860 
195.433212 202.394974 
152.918457 181.838867 
285.153534 206.032806 
429.034576 405.609100 
212.844055 161.384750 
234.973053 73.831963 
210.806732 177.592239 
322.162140 210.456680 
276.660706 285.298370 
514.163574 266.599182 
376.263458 289.405884 
370.927551 175.829132 
145.355164 159.650391 
454.763428 336.156677 
324.100403 233.635620 
233.191864 166.965775 
310.342072 351.609406 
302.151489 218.077606 
268.029388 172.831528 
318.848236 217.674454 
211.210861 182.887085 
228.706711 216.110382 
347.017975 244.542358 
489.517853 315.246490 
404.084900 195.968292 
489.517853 315.246490 
345.012970 300.418610 
537.773071 303.780823 
261.433594 169.461884 
440.764008 356.960876 
553.029785 304.850281 
372.720764 294.296814 
388.319977 317.472961 
442.243958 349.465027 
199.202057 128.409821 
296.440369 231.179520 
380.842468 340.578644 
380.842468 340.578644 
404.084900 195.968292 
386.871155 206.986053 
345.012970 300.418610 
450.084259 357.651825 
446.253998 350.674255 
283.852081 256.721588 
313.055878 350.373596 
318.848236 217.674454 
169.803146 172.487671 
191.062698 175.921265 
316.979675 252.328552 
502.120697 302.324188 
331.486511 294.381927 
155.492661 142.940948 
313.259460 345.450653 
313.259460 345.450653 
196.331360 142.806763 
196.331360 142.806763 
181.315216 200.579544 
355.548462 335.098938 
407.055054 199.429123 
347.017975 244.542358 
191.062698 175.921265 
382.879181 306.378082 
391.589294 318.019592 
282.427734 294.565460 
152.918457 181.838867 
464.778320 340.745117 
345.896820 335.848236 
415.620239 393.716125 
190.821854 95.169975 
190.821854 95.169975 
366.571198 313.401611 
364.242889 333.879150 
442.243958 349.465027 
415.620239 393.716125 
358.840576 267.287109 
358.840576 267.287109 
329.678772 83.735474 
180.360001 206.688950 
180.360001 206.688950 
546.507019 290.695099 
502.120697 302.324188 
254.269928 190.601303 
254.269928 190.601303 
331.486511 294.381927 
189.675354 164.808502 
165.710999 182.998779 
489.517853 315.246490 
294.764435 294.240601 
