500
487.472534 199.996902 
477.616577 200.449936 
475.469971 194.861237 
480.698212 198.632751 
499.006378 212.602310 
499.224030 213.309479 
460.400543 224.241867 
455.405304 200.519882 
217.597763 201.334381 
417.463348 229.224258 
460.109894 223.441711 
462.194031 233.512207 
471.837097 238.041641 
270.992432 332.340576 
454.447449 243.365128 
416.836914 261.113037 
455.071899 242.241531 
327.860138 261.077789 
472.496033 238.946793 
473.226471 191.528610 
438.820221 223.463730 
454.004517 197.295837 
416.237305 261.594849 
455.690308 243.086426 
474.284607 227.762741 
502.595276 214.078186 
472.971191 192.587036 
145.664688 241.999344 
146.209671 242.334015 
469.046783 193.166885 
472.622803 248.342728 
310.490570 269.410095 
293.835876 265.149780 
453.380463 231.897324 
257.983459 224.956467 
277.954132 316.842102 
454.966095 201.647659 
454.216064 202.652359 
459.509827 220.808990 
467.175232 239.234482 
327.712433 262.063629 
455.863495 279.359741 
491.574768 247.817764 
469.155701 214.632385 
293.072998 265.480408 
426.391754 218.945129 
486.680603 261.664093 
453.839996 277.710266 
163.547180 348.080933 
473.876984 226.937515 
245.896713 231.918381 
149.909515 241.834595 
475.441101 245.267715 
418.733673 228.432098 
262.176422 209.362427 
141.847855 232.789413 
460.489410 206.868530 
495.669281 216.525818 
473.180206 233.610489 
478.454865 231.517487 
416.611420 212.894913 
448.348572 216.112732 
277.358643 318.034393 
509.031677 208.939148 
271.115631 330.809509 
253.056992 329.753937 
288.355774 194.537415 
325.141846 227.763016 
443.379181 221.279144 
443.335907 220.590134 
251.569397 330.376740 
218.060318 203.691299 
292.807129 200.391083 
412.948944 222.443085 
289.654449 165.507187 
471.862610 210.279297 
342.228333 213.336273 
436.332794 226.580765 
347.521667 214.713257 
290.602478 264.308136 
264.210205 283.782379 
450.449097 228.160751 
450.497864 227.566467 
441.131744 198.994675 
342.628479 214.159790 
429.653961 221.737976 
429.029053 222.890533 
276.389801 329.970612 
297.370148 166.683060 
415.355957 212.548492 
294.897858 201.270309 
327.444763 242.615799 
258.032715 226.228745 
457.462158 212.850571 
449.728516 207.182205 
477.733826 228.211914 
477.390442 227.550339 
309.960236 270.835297 
174.991211 351.859558 
167.148773 358.505463 
415.159454 199.998611 
430.991577 222.423874 
278.460114 209.986755 
291.383606 162.534088 
288.636597 165.905716 
274.593597 330.095123 
219.839111 206.212524 
460.160126 269.354584 
264.564087 283.646912 
418.688660 232.780334 
419.208984 232.677444 
460.244781 269.729584 
456.580750 212.277695 
440.862640 201.382996 
258.718750 195.151413 
256.686829 195.607056 
475.863342 253.342041 
338.360077 211.904373 
210.673325 196.873795 
144.072876 234.656677 
215.882553 188.698410 
476.635162 239.344788 
229.199844 195.374512 
438.124786 218.982147 
435.014587 183.570938 
153.054504 237.520538 
448.063782 223.600327 
298.064026 193.100067 
297.512817 193.124481 
279.422089 327.707245 
300.208954 338.536713 
438.664948 254.334351 
438.886658 253.850357 
415.893463 206.184464 
227.807236 177.758682 
438.998138 200.919327 
475.378906 211.698151 
442.756683 209.873672 
229.187378 193.955307 
525.083252 236.773621 
323.271057 322.871704 
222.061600 203.756821 
146.605087 251.137436 
346.718689 208.824356 
311.756226 322.241821 
392.253265 390.279602 
215.607285 191.404312 
465.590759 224.269592 
440.333740 200.796509 
477.420166 250.447815 
432.838196 223.042953 
283.885529 217.539230 
346.210571 209.843353 
469.019379 211.364059 
455.625458 219.855743 
491.950867 268.080566 
321.012512 318.175751 
336.647644 210.054214 
212.306519 197.018814 
175.119980 357.206207 
246.308411 239.274460 
487.452209 253.028503 
449.409027 281.476318 
311.350708 187.079361 
313.609283 181.475815 
180.871384 352.947479 
256.873901 197.485184 
446.061829 239.059998 
217.751556 227.601089 
483.046143 210.592773 
469.757233 260.276428 
415.594452 209.087570 
402.649292 259.199219 
229.090988 193.150406 
334.189667 207.894043 
445.319153 214.910843 
309.284515 185.201736 
482.839203 191.689438 
487.734802 230.163132 
246.188156 181.979462 
483.461273 190.355270 
452.379303 210.324860 
482.200562 208.129578 
308.614655 185.569000 
275.502258 337.885132 
145.217224 246.788361 
433.909882 243.415894 
249.066437 184.639572 
486.983704 253.691315 
485.245789 248.577927 
284.338959 220.687485 
339.481628 217.398972 
496.405548 234.997147 
464.767517 224.417969 
479.391998 207.700485 
266.480011 281.557129 
385.506989 388.852295 
511.662964 242.092026 
315.711670 130.612549 
329.268341 242.898239 
341.082001 237.221695 
480.591888 244.550018 
216.781448 246.309509 
217.147476 245.951736 
321.559296 179.136185 
454.443939 274.576538 
480.066711 231.884491 
479.454834 204.965393 
424.241974 192.043777 
217.042404 224.995911 
416.721466 199.691833 
300.392975 338.348663 
453.532776 219.568619 
248.387451 184.722076 
287.038086 201.001633 
507.156189 241.176178 
311.098297 278.970520 
501.057495 237.635727 
204.949081 192.177109 
286.837555 314.062286 
469.825623 224.688889 
213.125015 189.625305 
465.665558 270.771729 
465.853638 271.246643 
423.488770 190.728790 
459.326447 192.087021 
405.495544 200.001221 
213.933197 225.113586 
447.259308 224.446945 
436.197662 185.156250 
146.427399 253.477539 
348.103546 250.020752 
168.934311 358.105103 
169.384827 358.093140 
289.884949 264.094757 
484.324890 255.572250 
225.314331 199.376740 
466.145966 207.142761 
505.428192 239.228439 
460.693756 221.403214 
460.952057 221.133881 
478.496979 207.500641 
328.930328 241.075256 
248.242371 331.843353 
424.614136 234.329758 
468.920044 233.207108 
468.996887 233.351181 
437.175903 191.928864 
472.969604 189.549072 
421.994202 232.669220 
213.365311 227.407654 
447.424133 196.111877 
445.156433 195.985825 
422.377289 195.807526 
230.889572 337.555359 
444.152191 217.529251 
444.916168 284.736786 
313.334686 180.378937 
412.924469 229.103012 
289.776459 168.517517 
521.098816 436.673004 
215.821045 208.454163 
141.537201 229.929520 
475.633148 254.822800 
232.246918 190.523453 
444.737213 196.528961 
444.037384 192.521576 
336.078064 263.015656 
514.523560 245.769791 
461.142151 288.183105 
295.694794 169.280807 
469.780518 233.442810 
287.565002 212.162613 
266.267609 139.225967 
296.289185 198.740112 
429.767059 202.466522 
294.505798 190.120422 
439.715118 206.709900 
479.827209 253.257080 
522.760193 233.210480 
522.839355 205.858078 
329.787415 241.477295 
440.225250 235.719254 
324.199127 177.871887 
336.621826 242.453476 
322.310242 322.555450 
502.442902 276.652527 
349.027679 250.185608 
498.888885 270.644104 
343.081940 219.674149 
409.789520 256.887695 
409.823242 257.302277 
287.656708 201.396912 
291.446747 267.140533 
437.614716 186.050339 
443.766174 179.342789 
256.544312 221.066711 
476.443207 210.209229 
457.034637 252.933212 
282.158936 164.509048 
203.508667 191.379761 
321.454498 318.971313 
221.067032 207.892120 
311.918945 241.095154 
471.390228 217.741226 
236.434601 178.818359 
463.117126 220.887161 
427.357513 267.696564 
291.470215 170.573074 
512.616333 268.227478 
512.920471 268.299927 
433.092773 216.191467 
271.828430 310.610199 
453.614594 285.089844 
424.107605 388.581940 
247.427948 235.573318 
485.265594 194.785385 
420.224854 228.400513 
422.766235 270.293579 
309.479492 341.615753 
407.924438 201.230774 
309.620239 224.061386 
451.627289 182.800873 
272.273346 301.133636 
452.242096 180.824448 
310.561890 342.239441 
269.632599 301.751648 
233.639801 219.498215 
290.698181 173.847443 
299.771942 169.073502 
452.510681 184.218277 
167.856125 339.465454 
388.642853 375.124908 
162.009460 359.982849 
488.659576 197.813354 
329.489227 264.886566 
509.712402 256.410950 
406.017578 226.780914 
307.286835 341.231964 
250.281219 175.976105 
228.370865 181.848770 
454.286255 253.191605 
303.150879 202.586456 
447.103516 193.067688 
408.516357 227.614761 
304.736542 322.001526 
268.575195 299.846069 
337.346588 264.702881 
421.939453 258.685944 
208.493225 190.537430 
293.725952 207.161118 
494.158020 238.724655 
476.164917 183.115250 
422.419647 213.563156 
313.912750 364.059143 
228.275467 335.456573 
256.433777 192.976257 
469.286804 270.763550 
506.246124 213.313507 
511.643127 241.435455 
287.359192 213.404556 
160.453491 226.985352 
157.871841 343.858063 
511.354248 245.172775 
148.430161 228.970596 
426.586975 244.672531 
142.237366 247.400330 
359.360962 207.432922 
356.598206 219.583649 
314.033081 279.997681 
154.274841 239.087433 
487.824249 229.451370 
426.187927 267.344818 
266.580780 316.853577 
280.938660 202.224579 
272.651001 143.708038 
248.240860 227.563034 
183.070358 329.747833 
232.978027 219.450806 
512.354248 245.743256 
272.933868 301.257568 
314.637177 277.512238 
259.798096 230.915665 
258.989166 328.356873 
495.019745 238.501221 
403.990906 201.044083 
247.861328 226.352798 
466.228546 274.259338 
440.574432 311.511627 
266.660736 315.534149 
476.886200 185.914627 
309.483643 345.343719 
369.201813 345.954285 
140.668793 240.606125 
140.515274 241.248611 
211.198303 225.216705 
298.077087 336.358917 
270.873993 305.055786 
155.960251 348.822083 
244.765274 226.597412 
202.166626 214.561295 
443.860321 250.403015 
310.100525 280.176117 
158.360550 227.694397 
212.176910 257.702484 
304.699463 175.289307 
424.011810 269.842285 
441.261383 315.784637 
333.953064 236.952393 
245.524445 227.177521 
402.699066 208.518265 
207.356964 193.788300 
232.409409 236.586685 
156.084076 236.719162 
241.995026 251.727737 
407.555786 229.525131 
156.980957 348.603424 
157.308762 349.244690 
480.709290 256.877594 
232.959488 236.529205 
169.854462 358.218079 
471.290375 273.976135 
476.079529 184.352997 
205.847992 344.573761 
350.660736 218.050522 
436.167358 251.901321 
156.706116 225.918671 
248.764053 236.464432 
123.327278 345.838806 
248.618805 179.863693 
268.431244 181.917816 
326.548431 341.158569 
324.310913 180.366318 
359.480835 213.171799 
434.975006 260.079742 
292.332245 308.354889 
482.965668 204.144958 
484.797760 193.085327 
246.267273 187.612473 
411.187164 282.964722 
230.992279 228.521759 
350.093262 251.765533 
417.569427 195.231064 
269.529846 308.077057 
153.644501 228.653061 
491.947266 231.499207 
462.919373 254.995239 
311.549316 177.664429 
330.808289 213.296997 
283.148682 332.445831 
318.804321 362.654358 
342.340149 288.725586 
409.130341 226.773300 
332.832550 218.665146 
153.580780 341.965363 
433.529907 183.404251 
154.457703 349.265045 
292.345306 176.609634 
155.033661 227.395874 
286.648590 109.533501 
136.680145 217.683456 
436.453400 252.579132 
158.945023 280.095947 
436.631714 234.182556 
156.859680 235.825073 
159.760101 231.792145 
234.962738 186.864227 
138.847809 219.540527 
336.521332 236.765503 
176.130936 356.870575 
228.619629 220.204239 
140.137543 235.660950 
519.484314 249.740601 
322.272400 267.803406 
408.675995 257.622620 
210.208527 182.888443 
224.616959 346.472870 
244.444305 224.728958 
253.284683 144.549728 
266.598022 314.231323 
299.278595 110.299019 
268.198914 146.101501 
315.625214 276.738953 
214.061234 222.645111 
244.809769 266.665924 
251.949646 196.152786 
224.727783 283.307220 
281.928375 223.974426 
344.504150 244.966599 
330.993652 259.761566 
96.163383 327.721741 
438.222473 312.612915 
202.362289 186.995270 
401.723145 209.547394 
315.023590 229.914536 
238.754730 183.500412 
150.424469 245.650299 
174.563416 330.416473 
286.990967 214.646515 
162.336136 228.539398 
