500
482.965668 204.144958 
477.616577 200.449936 
480.698212 198.632751 
474.284607 227.762741 
430.991577 222.423874 
429.653961 221.737976 
350.660736 218.050522 
495.669281 216.525818 
455.690308 243.086426 
479.454834 204.965393 
146.845322 288.252075 
482.200562 208.129578 
472.051117 269.949310 
455.071899 242.241531 
436.332794 226.580765 
487.472534 199.996902 
145.165100 195.986160 
460.400543 224.241867 
421.994202 232.669220 
454.447449 243.365128 
418.688660 232.780334 
419.208984 232.677444 
455.625458 219.855743 
125.238510 351.726929 
293.835876 265.149780 
522.760193 233.210480 
480.066711 231.884491 
432.838196 223.042953 
225.096817 208.164368 
293.072998 265.480408 
246.308411 239.274460 
485.265594 194.785385 
433.092773 216.191467 
485.245789 248.577927 
251.949646 196.152786 
453.532776 219.568619 
287.064056 90.533890 
453.380463 231.897324 
287.086761 90.585007 
473.876984 226.937515 
502.595276 214.078186 
385.506989 388.852295 
264.771454 210.830200 
222.885727 206.522629 
506.246124 213.313507 
460.109894 223.441711 
145.664688 241.999344 
146.209671 242.334015 
475.469971 194.861237 
339.481628 217.398972 
469.286804 270.763550 
169.854462 358.218079 
464.767517 224.417969 
448.348572 216.112732 
334.703094 253.291885 
105.602036 366.053406 
460.693756 221.403214 
460.952057 221.133881 
477.420166 250.447815 
289.776459 168.517517 
328.930328 241.075256 
124.073280 358.581329 
472.971191 192.587036 
477.390442 227.550339 
459.509827 220.808990 
499.006378 212.602310 
499.224030 213.309479 
330.993652 259.761566 
255.216522 236.286880 
144.474930 196.830963 
438.820221 223.463730 
445.319153 214.910843 
483.046143 210.592773 
262.176422 209.362427 
439.715118 206.709900 
471.837097 238.041641 
168.934311 358.105103 
169.384827 358.093140 
329.268341 242.898239 
215.821045 208.454163 
476.443207 210.209229 
488.659576 197.813354 
488.975403 194.954147 
477.733826 228.211914 
325.691650 259.767059 
234.803787 175.577850 
479.391998 207.700485 
329.787415 241.477295 
298.079773 265.267181 
277.954132 316.842102 
256.176941 229.112793 
342.228333 213.336273 
214.753464 207.627533 
222.386185 209.696655 
290.602478 264.308136 
478.454865 231.517487 
443.379181 221.279144 
443.335907 220.590134 
288.355774 194.537415 
412.924469 229.103012 
323.316376 234.207138 
466.145966 207.142761 
356.598206 219.583649 
392.253265 390.279602 
475.863342 253.342041 
296.922455 254.368729 
465.590759 224.269592 
322.310822 238.937820 
327.444763 242.615799 
447.259308 224.446945 
450.449097 228.160751 
450.497864 227.566467 
265.369873 211.902954 
509.031677 208.939148 
236.753830 213.997253 
221.067032 207.892120 
442.756683 209.873672 
212.991806 206.734222 
266.319733 143.737717 
337.865631 260.231842 
336.078064 263.015656 
420.224854 228.400513 
424.614136 234.329758 
415.893463 206.184464 
409.789520 256.887695 
409.823242 257.302277 
448.063782 223.600327 
334.575378 250.391586 
118.079704 360.485474 
455.863495 279.359741 
469.757233 260.276428 
437.175903 191.928864 
304.699463 175.289307 
289.884949 264.094757 
473.226471 191.528610 
214.453979 204.319733 
310.490570 269.410095 
291.446747 267.140533 
223.160675 210.506958 
444.152191 217.529251 
217.597763 201.334381 
484.797760 193.085327 
266.794281 139.591690 
142.919678 183.854813 
185.139893 330.367493 
498.888885 270.644104 
219.839111 206.212524 
438.998138 200.919327 
336.621826 242.453476 
460.489410 206.868530 
437.614716 186.050339 
483.461273 190.355270 
118.771545 360.176239 
228.482346 229.328751 
469.155701 214.632385 
525.083252 236.773621 
416.611420 212.894913 
207.356964 193.788300 
277.358643 318.034393 
471.862610 210.279297 
473.180206 233.610489 
440.333740 200.796509 
140.854721 309.947510 
140.876541 309.769440 
501.057495 237.635727 
152.880661 228.374283 
417.463348 229.224258 
412.948944 222.443085 
440.915924 189.734283 
153.644501 228.653061 
343.155396 242.046066 
240.558456 324.375427 
232.099487 176.402374 
482.839203 191.689438 
155.033661 227.395874 
429.767059 202.466522 
418.733673 228.432098 
327.921539 258.200897 
405.927979 207.468094 
480.591888 244.550018 
440.862640 201.382996 
491.950867 268.080566 
213.365311 227.407654 
453.839996 277.710266 
137.205933 234.782486 
457.034637 252.933212 
315.020966 176.432098 
467.175232 239.234482 
321.012512 318.175751 
297.782135 254.489594 
142.273865 183.857239 
342.628479 214.159790 
408.675995 257.622620 
511.354248 245.172775 
294.072021 253.359009 
338.412262 268.123260 
465.665558 270.771729 
465.853638 271.246643 
441.131744 198.994675 
426.391754 218.945129 
313.609283 181.475815 
509.712402 256.410950 
348.103546 250.020752 
336.521332 236.765503 
333.953064 236.952393 
224.722977 228.605118 
232.978027 219.450806 
174.991211 351.859558 
429.029053 222.890533 
478.496979 207.500641 
256.433777 192.976257 
512.354248 245.743256 
244.444305 224.728958 
232.409409 236.586685 
135.155243 313.360687 
472.496033 238.946793 
463.117126 220.887161 
309.284515 185.201736 
438.124786 218.982147 
224.234619 228.316132 
237.116135 236.096756 
216.781448 246.309509 
217.147476 245.951736 
111.264595 358.983551 
247.564331 178.685577 
230.992279 228.521759 
308.614655 185.569000 
223.787094 229.705475 
349.027679 250.185608 
244.765274 226.597412 
251.569397 330.376740 
469.046783 193.166885 
454.286255 253.191605 
232.959488 236.529205 
394.284607 229.703232 
472.622803 248.342728 
310.561890 342.239441 
388.642853 375.124908 
311.194824 213.866119 
204.949081 192.177109 
327.860138 261.077789 
311.549316 177.664429 
115.265945 347.821259 
424.107605 388.581940 
150.704926 206.784088 
210.673325 196.873795 
278.191437 204.248642 
449.728516 207.182205 
234.825760 242.732224 
264.606079 220.402100 
456.580750 212.277695 
209.241455 186.891525 
475.378906 211.698151 
339.992523 238.847870 
264.769409 183.477646 
253.056992 329.753937 
313.149841 261.221497 
333.177124 248.299347 
307.286835 341.231964 
469.825623 224.688889 
327.712433 262.063629 
330.808289 213.296997 
143.413666 229.467377 
340.629303 239.338165 
310.554474 263.249756 
237.731598 236.824539 
415.355957 212.548492 
279.422089 327.707245 
156.706116 225.918671 
422.419647 213.563156 
453.614594 285.089844 
277.118378 319.964813 
274.851593 187.899124 
287.366882 198.124771 
461.142151 288.183105 
329.489227 264.886566 
256.686829 195.607056 
402.649292 259.199219 
457.462158 212.850571 
286.095032 188.703186 
444.916168 284.736786 
245.896713 231.918381 
246.188156 181.979462 
454.004517 197.295837 
419.711548 201.916061 
236.434601 178.818359 
226.424377 235.928513 
268.431244 181.917816 
224.495041 238.912521 
275.489380 206.318069 
491.574768 247.817764 
228.619629 220.204239 
469.780518 233.442810 
245.524445 227.177521 
256.873901 197.485184 
468.920044 233.207108 
468.996887 233.351181 
406.017578 226.780914 
247.075500 177.787308 
233.639801 219.498215 
122.618179 346.934601 
255.727020 155.115356 
256.416321 155.375732 
149.909515 241.834595 
514.523560 245.769791 
267.515167 219.687775 
459.326447 192.087021 
314.637177 277.512238 
309.479492 341.615753 
271.470917 185.878220 
337.346588 264.702881 
278.889557 208.209000 
141.537201 229.929520 
290.013855 307.430389 
153.642807 224.463074 
247.427948 235.573318 
304.817841 182.851562 
276.665527 206.636459 
511.662964 242.092026 
300.208954 338.536713 
331.859711 266.165649 
151.294128 204.180603 
282.265472 334.434967 
346.823761 255.618179 
203.508667 191.379761 
180.871384 352.947479 
347.521667 214.713257 
280.485474 314.904236 
309.960236 270.835297 
436.631714 234.182556 
213.933197 225.113586 
332.179413 238.464096 
475.633148 254.822800 
402.699066 208.518265 
449.409027 281.476318 
290.416107 188.581863 
313.334686 180.378937 
521.098816 436.673004 
341.082001 237.221695 
476.079529 184.352997 
452.556030 247.821045 
403.544800 229.720947 
469.019379 211.364059 
309.620239 224.061386 
112.247520 331.191132 
293.725952 207.161118 
294.626099 208.357193 
224.727783 283.307220 
283.148682 332.445831 
138.488327 237.480957 
338.268005 266.947113 
338.097382 267.024475 
315.625214 276.738953 
204.880142 308.194611 
227.807236 177.758682 
306.162170 185.647842 
309.510864 180.676666 
512.616333 268.227478 
512.920471 268.299927 
131.110336 184.489380 
331.909912 267.876831 
279.952209 208.148148 
241.297592 266.091553 
269.861572 216.663574 
147.708893 293.711029 
266.666412 183.193436 
308.236206 172.560974 
194.066162 269.470245 
260.980621 154.895264 
269.474304 217.908569 
459.515350 255.202072 
128.015717 185.188232 
511.643127 241.435455 
340.748169 206.664093 
217.751556 227.601089 
321.454498 318.971313 
348.100433 245.838837 
401.303070 220.344070 
277.151093 321.404083 
294.632996 205.969742 
227.957962 197.168549 
250.281219 175.976105 
496.405548 234.997147 
204.629028 228.302414 
119.859894 347.173370 
345.499237 260.967224 
226.979614 225.443069 
310.917328 258.336853 
287.332245 257.406677 
252.013290 210.896667 
527.138489 233.871750 
94.124992 358.003601 
346.718689 208.824356 
59.545513 333.088562 
238.754730 183.500412 
492.143829 193.491501 
287.359192 213.404556 
238.708694 204.499207 
238.944275 203.831650 
127.435326 347.889587 
322.303009 341.533569 
217.042404 224.995911 
318.189758 247.388580 
475.441101 245.267715 
94.999809 317.161133 
229.187378 193.955307 
208.493225 190.537430 
487.824249 229.451370 
300.678711 208.521011 
283.498871 241.902542 
150.424469 245.650299 
154.274841 239.087433 
424.241974 192.043777 
401.723145 209.547394 
476.635162 239.344788 
315.638885 223.436035 
454.443939 274.576538 
261.913788 183.216858 
228.171692 222.640411 
462.919373 254.995239 
155.691193 211.149963 
342.974915 248.351608 
311.484467 256.930176 
309.483643 345.343719 
163.547180 348.080933 
248.803665 210.165375 
144.964645 295.085327 
254.931595 151.082367 
210.208527 182.888443 
247.861328 226.352798 
436.453400 252.579132 
306.978546 214.078522 
415.594452 209.087570 
24.693386 360.296051 
237.476105 189.229248 
213.125015 189.625305 
343.081940 219.674149 
146.427399 253.477539 
344.335663 240.859207 
237.628998 189.552307 
287.907074 228.773010 
231.685883 244.387527 
246.270279 212.751312 
220.875183 200.060715 
221.469376 200.330612 
314.670593 254.929611 
360.613831 215.802948 
229.090988 193.150406 
300.392975 338.348663 
462.194031 233.512207 
305.221619 224.773392 
220.663010 230.949524 
224.527985 225.067307 
287.565002 212.162613 
225.126419 225.204132 
273.459900 284.300934 
296.601868 175.862061 
297.222382 175.518295 
248.618805 179.863693 
407.555786 229.525131 
238.560867 182.934814 
97.632317 337.033020 
119.132904 346.044434 
451.627289 182.800873 
233.652771 228.438461 
176.130936 356.870575 
314.303589 222.371414 
153.054504 237.520538 
480.709290 256.877594 
476.164917 183.115250 
505.428192 239.228439 
270.321960 244.353424 
269.551910 244.029968 
315.023590 229.914536 
288.658173 221.073166 
306.006226 252.186905 
269.056030 149.507660 
280.849182 331.136444 
460.045197 256.502319 
436.197662 185.156250 
317.251587 280.417633 
286.990967 214.646515 
137.601532 238.305222 
507.156189 241.176178 
359.480835 213.171799 
122.902138 341.897552 
148.960297 286.767609 
150.422501 208.831360 
373.184052 242.045959 
344.725525 261.807129 
332.832550 218.665146 
151.828979 203.992584 
493.707550 182.000778 
495.019745 238.501221 
476.886200 185.914627 
212.306519 197.018814 
243.837662 262.257141 
266.322754 229.384552 
265.331665 230.575470 
422.377289 195.807526 
