972
275.432770 270.946014 
338.792053 343.192169 
339.403900 343.459076 
324.906189 396.183594 
300.938019 285.794006 
344.329742 283.733551 
325.687042 396.964935 
270.645325 386.012085 
294.104309 284.930115 
191.778259 281.724396 
325.176361 403.829773 
548.110596 312.541138 
324.541473 318.341675 
335.573303 310.125824 
548.755554 313.117950 
188.708755 286.641052 
333.802643 319.556976 
342.083923 284.974365 
317.330719 289.493164 
188.836716 280.745972 
312.221191 320.433014 
265.733582 300.721344 
336.248169 308.972778 
327.201660 402.569733 
319.110931 376.751648 
336.112396 308.052612 
323.714813 307.286469 
269.088470 300.470184 
314.880890 303.536316 
161.850586 423.576324 
196.027237 321.232452 
331.034241 298.845367 
282.516541 296.248260 
329.048981 319.536926 
315.235016 304.772766 
336.378296 339.963715 
267.323853 297.677490 
550.574463 314.404694 
328.318420 320.452087 
333.297272 321.982758 
340.965759 282.172211 
318.323761 307.485199 
256.227417 297.765015 
254.847610 296.306915 
341.144257 345.584106 
255.614761 296.702026 
195.296082 294.608124 
312.700165 303.132477 
332.800995 313.102264 
315.614746 305.908264 
298.501953 369.856262 
287.513031 295.920502 
299.879425 372.439148 
300.291931 372.402863 
252.657013 300.647614 
333.026062 299.644409 
254.870300 292.937744 
552.641724 316.244537 
335.603729 339.201294 
309.545044 303.414734 
558.116577 322.292480 
288.611359 386.222809 
453.488281 280.163544 
553.408020 316.637115 
341.416077 285.511444 
480.406738 282.743805 
326.765198 308.527771 
299.316589 368.779327 
319.072845 298.921082 
355.474487 357.197388 
536.987244 307.300537 
290.254761 294.281189 
289.577972 293.997711 
333.202362 338.368774 
332.384644 289.370941 
535.632324 307.560699 
305.077972 279.073853 
318.590576 315.461304 
320.533051 288.709808 
308.792206 303.338867 
311.676239 427.949097 
553.304443 356.538239 
219.295700 272.840454 
318.946686 301.150879 
279.181030 416.155853 
317.283112 295.867432 
556.884705 317.222900 
556.989563 316.592377 
160.496109 423.018097 
318.805817 293.049866 
453.839203 322.093750 
334.167511 395.467773 
339.602570 283.951569 
306.139313 298.609467 
200.850998 297.995422 
325.512695 315.523987 
326.242249 316.422302 
333.923065 396.482208 
539.145569 289.658173 
322.290588 267.944305 
282.461273 268.174042 
477.996124 282.977570 
478.343048 282.956635 
300.640015 437.047546 
537.761108 309.063141 
203.767548 380.091431 
270.766876 293.853149 
287.667053 385.653503 
298.963501 286.793091 
187.433075 294.535614 
481.418854 394.304474 
204.225266 300.773621 
191.414062 279.617004 
338.879822 283.013702 
318.668182 266.085480 
217.695389 273.435364 
310.074982 319.879822 
200.305283 320.946747 
545.897400 315.361938 
280.744598 269.350098 
334.575165 303.030029 
222.123428 270.703125 
287.962921 291.435059 
453.886230 313.093323 
581.368042 231.676773 
321.548218 265.474213 
327.231140 406.795563 
452.572968 306.987457 
295.667358 249.619949 
538.613098 288.811890 
308.396729 296.834686 
307.688324 296.655243 
269.561829 385.259186 
345.556000 331.604950 
351.567932 358.119110 
270.054138 358.831879 
300.168640 280.416443 
200.768799 292.602478 
297.562469 379.483734 
306.122528 383.709808 
181.040848 440.055664 
456.320587 311.359680 
568.023193 313.103760 
334.658691 275.710297 
456.180206 296.611328 
203.172989 380.504730 
349.158173 282.171204 
259.981110 314.193939 
180.891205 420.268738 
335.870148 302.912903 
449.789673 367.648254 
105.562988 419.477081 
316.489563 402.763977 
322.543762 267.215881 
307.844879 396.917419 
231.127396 343.648102 
203.727066 297.429047 
204.296188 296.565155 
318.933502 283.452820 
329.905396 272.227448 
559.704834 321.954803 
493.738495 282.562714 
297.749908 288.017303 
493.226562 282.593628 
303.494263 392.783783 
186.583939 393.278198 
329.788635 286.653412 
249.225815 213.345612 
233.599380 344.953156 
312.036591 302.144135 
185.250427 402.430756 
322.488281 278.398254 
291.455963 360.577271 
317.833679 263.717682 
493.691772 282.230225 
338.953064 276.607666 
291.860840 360.849792 
256.842041 326.984558 
484.659363 278.271454 
459.156311 312.292664 
461.989990 283.880219 
314.462036 396.258484 
108.060860 419.468475 
546.609192 302.119934 
340.388184 298.247711 
451.189453 314.228241 
290.569397 272.320526 
189.001144 396.599426 
203.768799 376.767090 
316.690887 263.143433 
270.057617 293.641144 
183.076126 414.700531 
465.081177 296.840515 
337.815979 293.660034 
300.866455 393.436462 
448.873016 307.497253 
269.946106 297.108307 
171.487595 304.300354 
472.288635 341.331757 
448.672821 311.609650 
449.022522 311.919434 
183.265244 414.157593 
393.888428 297.120697 
316.424469 321.664734 
169.848358 313.273499 
455.068207 342.446716 
325.016083 314.775299 
233.517059 344.282227 
533.523865 307.657440 
459.466431 297.095734 
477.754333 288.252106 
477.999786 287.720093 
172.496490 307.581970 
545.198608 292.697449 
306.463654 372.563263 
450.235565 309.449524 
562.974426 346.941772 
265.282379 294.911743 
273.199127 387.691528 
457.026154 276.129120 
341.334961 298.448334 
197.552124 359.992523 
490.087280 278.698853 
199.626495 373.185028 
333.402435 387.110504 
296.039551 295.662750 
298.025024 291.132935 
330.148621 220.912628 
312.575348 433.108093 
180.523422 443.229828 
557.380615 313.975159 
332.380981 387.636566 
188.631561 279.391266 
308.347778 369.033844 
307.359253 370.434509 
201.333313 350.262390 
224.274246 211.492310 
312.144257 405.406982 
198.365494 354.511353 
521.277893 287.738129 
197.434952 298.728546 
196.845337 359.792511 
288.122437 342.362915 
465.602142 296.245972 
302.068024 280.379822 
200.052658 351.488525 
506.643402 334.260437 
478.164337 292.183441 
454.228973 342.563385 
543.028442 311.349976 
542.795898 290.435638 
304.062836 370.836365 
185.385498 303.293243 
334.004181 397.562134 
454.903717 285.698639 
195.504593 322.834503 
565.120789 309.982361 
457.051300 330.355560 
361.604187 298.144928 
168.018875 303.080902 
474.367645 387.665833 
177.207626 279.599579 
498.572784 403.195923 
594.905029 232.519562 
470.068878 304.825745 
447.995270 314.875092 
470.643188 388.053162 
470.403229 296.697723 
509.953796 333.327087 
312.642639 433.740997 
207.012894 381.209381 
359.747345 301.226715 
314.277802 299.474457 
314.277557 298.756317 
196.662842 310.776093 
470.155945 304.150879 
317.201508 362.203949 
506.321259 333.776276 
506.692047 315.524017 
222.645645 271.619843 
324.572845 200.061707 
283.558105 284.576019 
369.899017 309.798309 
296.716064 309.901398 
561.728699 322.653961 
338.851715 275.907074 
268.417328 290.666290 
163.245468 391.380615 
284.879242 343.579193 
258.802368 288.270966 
479.054901 292.332031 
499.619965 320.581146 
366.407532 360.356171 
467.869904 279.556061 
293.037628 291.239899 
456.565735 295.529541 
216.849991 420.563690 
306.863464 379.436829 
286.087311 266.874176 
562.259949 344.792511 
395.852631 426.621613 
480.328644 390.466766 
469.763977 388.262512 
197.490845 311.685486 
208.447617 379.361450 
180.018692 412.772247 
523.782837 326.378265 
325.532410 265.411133 
326.221619 265.149933 
464.487915 284.557831 
237.477509 344.592163 
462.100830 294.873108 
184.167877 411.283752 
502.249542 323.968506 
562.428528 344.024872 
500.909607 322.078278 
502.686035 324.949341 
304.839050 376.757233 
548.977905 346.747040 
356.470459 279.721924 
490.830627 309.933472 
297.834412 398.476624 
481.346436 390.984283 
480.584259 390.971680 
298.734955 290.688538 
271.309570 290.744659 
303.551971 382.685303 
253.275955 338.047882 
197.933212 309.423950 
217.423248 422.810547 
467.018433 286.964874 
367.265503 365.385193 
258.066895 334.563934 
172.527283 303.393860 
469.319275 388.326233 
290.874329 362.101471 
449.739746 285.839966 
357.898376 297.795990 
567.878845 328.529175 
485.729736 315.459747 
487.581360 398.584991 
505.535278 406.349091 
300.393951 298.153351 
473.831451 387.493683 
331.843506 405.944702 
298.678955 397.948364 
470.158081 303.190948 
178.578644 414.625488 
307.341370 380.114960 
333.719757 403.121338 
315.921814 301.940887 
202.676834 375.157257 
170.986099 300.907043 
462.408356 314.443207 
350.554260 351.879486 
161.907791 395.606842 
226.664001 347.743347 
299.007294 363.505493 
293.401062 419.695557 
292.507416 420.022369 
292.733673 420.201721 
559.052917 300.534943 
288.995392 361.093323 
501.032990 332.473358 
364.870575 300.100403 
355.642365 298.747711 
180.779221 413.167084 
323.115265 369.442474 
296.899780 300.271332 
332.484070 221.821442 
175.628174 420.355255 
452.334412 286.276825 
316.083160 300.957153 
299.652802 401.885590 
447.289856 317.134735 
542.838684 229.676620 
308.032196 377.103027 
336.803467 285.472076 
200.285370 356.698517 
498.406921 328.166870 
178.483704 417.453949 
299.096100 273.526428 
532.497559 307.673096 
228.039963 331.726410 
163.341278 432.757294 
179.355804 410.265076 
322.991180 370.034760 
501.032593 299.844025 
353.924622 301.404663 
169.044754 310.329712 
284.593933 339.160004 
447.992340 345.598450 
296.718994 312.426849 
521.813843 325.134918 
201.282669 375.245148 
460.279541 280.140533 
275.723419 316.765076 
461.645782 311.371552 
283.104462 288.106934 
191.887314 322.429291 
549.998108 382.531158 
179.179214 408.544830 
344.213196 346.998291 
344.089203 346.533356 
498.528412 314.649719 
353.535706 301.870026 
299.128632 395.387878 
531.125000 335.378967 
324.038208 219.097580 
273.669037 365.256897 
295.843689 308.087433 
334.538696 285.122284 
474.121368 295.375366 
502.266144 299.929718 
181.054855 288.486237 
195.042206 401.890198 
494.503082 308.622070 
199.487564 306.960999 
548.859497 383.947235 
167.637939 319.117279 
491.515015 401.419373 
510.572418 333.098267 
474.036407 304.229034 
366.679352 300.662170 
302.966125 384.556915 
181.750580 410.411835 
538.579956 314.598175 
352.022339 284.967987 
317.450134 356.291168 
488.023163 334.553619 
269.477570 290.306305 
177.674316 414.385742 
176.902069 288.586578 
265.952911 288.692596 
180.897537 400.162384 
273.645569 287.812927 
477.282532 386.552673 
345.308441 367.593567 
494.224548 299.526001 
181.080353 400.959503 
251.833633 319.251709 
259.648285 213.720947 
558.245239 305.731476 
272.700836 393.736053 
504.141541 298.975586 
190.028885 393.956909 
483.467194 407.291840 
539.075989 269.316986 
539.075989 269.316986 
303.160095 418.323761 
543.391968 385.752625 
333.835602 222.560410 
494.467926 399.976746 
247.809860 284.667419 
528.584778 333.499786 
171.230103 300.073730 
182.870926 300.263428 
69.326477 423.874847 
272.557587 365.186829 
524.078674 283.131042 
251.082581 326.407837 
473.899048 301.085358 
280.627563 350.480499 
303.061859 374.894043 
163.884628 258.304474 
467.381409 301.939606 
518.677429 324.513702 
301.795898 405.706451 
180.187637 313.814545 
306.757263 404.297516 
517.793884 338.445709 
484.477295 400.278473 
322.533386 433.059357 
173.795746 302.537537 
477.561066 400.109558 
547.377747 286.696747 
492.382843 401.500732 
473.922363 320.152893 
253.330185 293.602478 
543.422668 390.355499 
538.814575 392.784027 
303.321503 416.022552 
528.551208 337.200348 
195.595612 386.532471 
194.149384 417.139954 
138.638763 206.981781 
475.838135 263.489807 
448.397797 298.738068 
325.157227 322.733185 
194.855255 310.794128 
474.436798 321.238678 
484.635132 335.609222 
282.042450 287.074371 
491.339050 298.349640 
462.534180 346.868927 
195.273880 398.559998 
279.805389 327.650818 
475.254456 386.338928 
517.132935 396.834839 
300.044861 408.341003 
527.580688 306.266083 
276.464691 395.940552 
247.969376 292.863983 
179.295364 312.059967 
180.610840 396.054596 
477.752960 263.266876 
201.888580 354.233765 
524.361450 228.061569 
555.299744 330.196533 
183.013611 407.979828 
300.663452 271.707458 
485.098236 334.633820 
280.642456 351.040771 
501.470917 404.573090 
174.182266 376.029114 
297.931244 303.176758 
296.259430 275.213440 
306.089355 422.377563 
278.127197 391.002258 
242.151306 314.855194 
286.118561 340.096344 
164.204681 325.160828 
178.083603 312.661591 
190.361221 388.850861 
518.357117 294.367889 
315.178711 375.852173 
569.143860 327.323059 
256.949768 336.164368 
288.815277 339.099548 
197.124451 289.713379 
515.024719 333.234497 
299.484833 304.955994 
503.416656 302.529114 
502.801239 303.006897 
522.477966 330.620667 
278.091370 424.946960 
572.695068 324.107269 
278.040833 364.255859 
186.152847 414.383911 
479.876190 399.671783 
201.131287 307.597595 
313.951141 418.392609 
485.610596 300.746155 
251.261902 317.620911 
285.558502 340.716431 
499.319489 323.631927 
359.676270 192.366440 
174.700607 302.315521 
320.858948 214.290421 
198.793396 302.439758 
276.387390 273.106323 
391.458282 296.668640 
326.057587 213.358978 
290.576538 402.364929 
341.912323 301.132904 
571.662415 319.818909 
345.879333 299.866882 
367.594421 362.792145 
523.190918 409.424469 
519.161255 266.997955 
299.587769 422.400269 
347.929352 356.941254 
357.122040 302.020660 
503.119659 428.158264 
303.198242 319.352295 
499.791748 299.755981 
242.479416 339.853943 
241.550705 340.290710 
329.975708 411.493195 
300.743073 404.350800 
537.020874 405.409760 
327.740875 213.126343 
513.681946 315.752075 
330.071442 204.361420 
325.141174 322.011932 
324.948212 414.927826 
196.032974 370.930084 
243.709457 428.983643 
164.502243 291.950409 
164.746063 292.101074 
281.569550 416.167755 
558.413696 376.076324 
369.677795 301.170593 
513.533142 318.491119 
489.460846 297.373260 
515.455200 312.822479 
514.935181 312.957581 
242.444809 310.861572 
311.649292 257.457672 
306.155304 420.896729 
500.619720 305.240814 
322.743042 211.819534 
286.161072 311.822052 
532.026062 332.387939 
512.185120 398.725433 
530.694336 407.496643 
208.459732 374.194183 
458.237488 272.069641 
287.781464 427.240143 
504.859497 298.310822 
561.933228 378.480377 
443.885986 294.760956 
157.778366 207.640167 
304.134399 419.058960 
514.054932 227.733063 
364.124420 355.942017 
321.844513 376.183136 
308.165558 428.338593 
389.754944 296.323914 
565.744873 324.374298 
180.997238 380.169769 
195.243118 386.197174 
200.517227 291.422241 
389.912567 294.489380 
177.418442 360.858734 
470.635681 323.566223 
477.312103 322.228333 
305.330627 428.214142 
338.148834 288.419647 
260.846649 331.516693 
322.535797 378.815613 
489.402588 303.076050 
259.356995 330.986877 
454.161621 293.757721 
201.580658 307.229980 
176.060760 364.254974 
241.622116 424.119293 
294.294678 426.527710 
171.383240 431.339722 
178.155548 360.511444 
298.222137 416.374298 
244.902573 326.653412 
296.255585 430.913391 
578.995056 333.696899 
525.413696 337.508789 
470.893616 272.218872 
570.059265 310.555939 
302.385498 383.952545 
300.546661 424.079376 
372.248596 360.488098 
307.856873 384.944977 
452.687103 279.085419 
346.341217 357.913788 
325.656281 262.011627 
219.338440 428.151581 
383.222839 292.896729 
332.557800 327.896240 
453.224670 387.675110 
286.797485 332.866150 
287.248627 333.433868 
290.413452 413.067474 
496.788574 291.432190 
193.090088 278.128113 
192.577454 277.673584 
300.393433 315.210693 
300.185455 314.636719 
131.222778 422.834167 
163.782257 336.331940 
178.558807 403.528168 
468.205139 313.451752 
534.635559 337.099609 
192.155014 377.958923 
92.865646 203.878372 
397.536743 313.913666 
332.650146 335.412720 
160.151596 387.487640 
319.049316 417.923615 
190.904541 380.460022 
264.036102 318.581207 
514.530396 297.815033 
348.333771 373.165161 
173.789230 277.862305 
267.931366 349.788330 
327.132996 210.787033 
326.896515 211.342407 
171.983551 429.995758 
135.565109 458.443176 
192.883636 378.137146 
502.966858 431.458344 
189.923172 209.850204 
464.935486 315.241455 
306.040985 315.974823 
514.224548 280.379608 
217.309998 360.883484 
52.177017 422.717560 
195.587753 304.932343 
193.816223 354.726898 
517.467224 320.901947 
360.451385 342.087830 
335.962524 220.662109 
319.141602 264.443420 
319.487976 264.189209 
266.361328 353.260071 
263.562897 352.746063 
263.559875 353.434570 
316.524017 251.600220 
507.034668 301.998077 
340.118256 371.281097 
275.041779 339.700165 
274.996063 340.355743 
277.000549 288.033264 
284.692566 314.142059 
280.869049 315.357422 
179.002838 364.950348 
345.852386 360.523743 
330.208221 200.824249 
346.152222 28.241970 
498.584503 311.097015 
487.249115 394.700409 
190.731461 290.881409 
279.753693 424.281036 
547.741821 328.474060 
299.643005 412.126221 
494.741730 272.743286 
281.542999 422.324280 
306.653809 348.085876 
284.659607 422.416382 
125.999420 205.937637 
245.111816 315.276611 
285.359375 311.830750 
530.053833 269.188812 
528.193359 308.473206 
483.776428 297.085144 
331.470612 324.679108 
93.765846 204.160385 
457.449005 374.951508 
300.488037 418.526428 
326.033142 327.218719 
315.694305 325.307129 
186.687515 410.716522 
358.511627 307.708588 
321.310455 218.747070 
277.507690 395.894714 
277.541168 395.987305 
349.918671 368.981873 
374.988953 303.758087 
541.723694 399.872711 
466.472961 316.522003 
325.583679 385.537292 
282.542969 413.592377 
518.837036 349.679932 
519.077759 350.295258 
293.947510 416.522369 
191.343353 404.540039 
461.120819 389.296661 
272.170898 338.729584 
488.698273 304.384155 
498.138092 419.219788 
414.178711 298.396362 
340.016388 289.117523 
289.050446 272.606934 
463.545105 335.878387 
311.329010 250.316498 
164.959274 317.300446 
192.358047 401.524689 
519.693420 227.801132 
182.874222 355.016663 
318.460144 418.401428 
331.777313 197.267883 
499.033539 418.928772 
324.300873 362.878723 
175.661209 430.268555 
522.541870 332.069672 
358.067352 304.412567 
486.332153 328.304382 
280.780121 408.997803 
193.315857 334.868958 
278.514832 324.918182 
273.768005 308.895020 
212.271072 284.331146 
280.643250 329.541107 
279.599792 338.320068 
196.119431 423.509308 
481.517792 331.256134 
276.523895 323.383179 
494.784760 299.830414 
351.024994 358.242798 
192.063553 403.168976 
362.846741 345.860687 
297.323822 250.413651 
294.943176 420.505280 
189.035736 408.461060 
509.460083 268.605713 
321.889679 225.185989 
331.350677 200.344299 
509.277832 348.205536 
278.087311 316.308167 
378.868011 312.022156 
328.174866 211.111954 
261.532257 343.937225 
347.209900 303.445312 
526.260803 331.862030 
275.200653 275.455475 
58.211487 427.140320 
305.166443 432.201111 
304.506470 432.102997 
480.614899 295.508026 
486.193085 404.450989 
278.660339 356.914581 
504.424225 354.603973 
481.520447 407.042542 
217.072968 284.205719 
297.108429 439.637421 
303.361328 310.436554 
214.700989 417.165466 
253.444550 267.113281 
515.906799 310.612762 
195.989532 304.487701 
308.748901 352.003510 
309.285614 352.340820 
170.522186 424.290710 
179.912018 393.532990 
495.305328 405.371582 
191.929260 397.405365 
262.618469 330.879578 
305.865784 344.582703 
325.406158 223.706680 
319.299957 219.564270 
561.391541 380.204620 
240.172684 347.092285 
157.012070 387.452881 
515.809387 349.456818 
506.327393 359.865295 
530.359070 270.616394 
218.081909 430.222931 
57.039146 201.771988 
261.825073 338.208771 
361.704102 295.636841 
198.509735 284.473358 
482.918396 386.171448 
280.467377 325.902008 
272.602936 215.143494 
181.161804 451.166168 
324.530609 375.047974 
231.684784 349.115509 
183.632339 355.054443 
287.227783 419.822113 
314.523956 321.339874 
345.036255 216.884323 
190.831665 405.755981 
329.812714 389.488434 
186.276199 380.225006 
181.218597 451.789825 
208.832123 309.789978 
332.821411 197.331131 
192.148315 354.137360 
171.908295 318.420959 
481.349854 331.716522 
327.376007 254.848663 
278.073425 317.581116 
447.194214 281.476318 
255.464050 333.635895 
263.450470 328.985168 
496.638458 292.655731 
163.909729 369.471100 
195.103592 337.777863 
356.650055 360.784973 
293.556274 392.784668 
325.435455 327.725830 
520.489319 312.060913 
170.505875 438.476440 
136.782425 453.367249 
350.875671 292.019562 
197.357285 423.126007 
541.819519 388.480530 
321.726318 206.732849 
509.889465 348.201660 
515.067871 349.304108 
343.986664 300.711975 
188.409927 408.074860 
127.122894 443.101166 
126.588799 442.993439 
179.408066 353.061859 
272.195892 338.123199 
192.294357 351.590057 
377.578766 306.781616 
68.517189 426.991577 
287.635406 397.298431 
307.823242 418.414825 
369.899292 314.651886 
287.359589 272.832703 
179.221786 359.498108 
288.401184 269.503784 
516.849426 310.924561 
355.965546 283.133972 
325.980560 207.990463 
460.522552 278.664246 
372.267120 313.454681 
172.903305 362.880463 
524.711243 307.460297 
516.309753 261.452545 
351.029694 215.364517 
482.074890 332.348633 
350.036591 266.602905 
196.409622 289.873962 
163.755371 256.605042 
71.133209 433.812592 
482.510895 343.609894 
264.100067 340.882568 
484.633881 426.645172 
285.012909 402.313507 
286.906677 419.195740 
502.771088 359.404449 
169.977524 350.174988 
218.196823 443.106750 
241.189438 347.787079 
350.263855 213.816696 
70.799347 430.210571 
308.803467 205.613037 
504.228912 450.715515 
504.253448 450.749115 
80.888748 429.683472 
137.051910 453.875793 
202.429230 384.633728 
478.061768 324.213776 
308.708984 247.495895 
248.263855 324.232971 
153.759003 421.916504 
180.794983 350.023132 
271.421143 405.232269 
202.110046 332.266571 
362.448975 202.785675 
198.803955 391.750549 
560.171204 380.292999 
333.841858 267.898621 
364.197937 301.652039 
265.410492 311.660065 
494.689941 429.849182 
283.431061 276.322113 
320.927490 223.781845 
350.640625 362.420654 
266.398834 342.569641 
311.385437 391.512451 
355.101898 348.633484 
509.629150 266.972565 
265.871216 310.962708 
525.289490 329.960663 
554.730469 229.782669 
309.073151 202.467117 
329.827332 210.920563 
209.532883 311.584442 
263.444702 348.855011 
520.358765 306.772552 
349.033691 371.150726 
314.344727 206.209061 
328.846313 326.847015 
482.353210 342.935394 
312.858368 390.075867 
472.587494 428.354614 
204.595459 327.896881 
498.468292 313.247833 
506.730530 453.842072 
520.114258 266.452606 
469.763214 270.156525 
544.868530 345.077454 
280.509460 338.538574 
375.654205 289.328247 
499.761566 451.954346 
193.027039 313.052979 
322.460449 419.033508 
501.183105 359.122498 
479.330475 327.188324 
185.172913 350.618103 
213.455841 356.465485 
280.700745 342.307861 
563.814270 381.771240 
523.796631 312.501801 
167.135605 299.416718 
174.739868 317.561951 
194.913788 338.580383 
439.632355 333.567688 
440.370941 334.175507 
