500
227.220291 235.545044 
204.774277 175.139481 
220.270706 234.575546 
412.387451 154.516830 
290.172150 265.349182 
496.939758 149.646408 
345.741211 230.782516 
378.681366 159.916443 
405.095062 162.575836 
546.588989 162.595398 
498.070435 166.025818 
357.419800 146.807770 
378.681366 159.916443 
351.356750 221.465225 
401.132324 163.527542 
414.351532 297.112732 
351.356750 221.465225 
499.385101 160.014740 
499.385101 160.014740 
337.979950 315.858154 
188.353409 250.897720 
557.428650 176.800797 
348.331543 138.873383 
492.545410 167.837051 
216.408768 228.151764 
201.566330 223.922897 
488.774628 263.963928 
209.947464 238.924973 
492.936157 163.455582 
184.726318 246.652222 
555.276794 166.511490 
357.419800 146.807770 
516.531555 154.134964 
361.496460 178.504181 
343.227600 289.976959 
334.676208 213.173233 
537.898499 158.291885 
209.947464 238.924973 
498.070435 166.025818 
287.484222 260.781281 
500.763947 154.924393 
345.741211 230.782516 
484.703400 255.601074 
537.898499 158.291885 
496.560089 164.203949 
213.922668 241.829224 
494.138123 263.959015 
415.134857 168.535492 
376.844177 168.026321 
492.127899 164.219330 
293.755005 262.913666 
156.921753 244.397247 
542.460388 149.907364 
190.357056 211.011978 
561.064392 176.920670 
403.602905 299.273193 
482.461090 174.603653 
156.921753 244.397247 
421.149536 302.216217 
602.916931 188.843124 
352.104614 284.430664 
307.029877 213.497360 
415.134857 168.535492 
414.229889 293.446960 
336.065674 313.552338 
392.495331 303.648987 
336.702179 307.622528 
355.185944 334.308655 
395.925873 318.656738 
209.947464 238.924973 
238.643951 229.852951 
307.029877 213.497360 
484.703400 255.601074 
563.449097 163.933487 
333.194641 164.276855 
560.602783 181.622696 
560.602783 181.622696 
424.474152 162.515579 
122.623947 234.097366 
360.612793 330.861115 
354.359924 338.665863 
555.019348 202.307480 
555.019348 202.307480 
403.988831 164.059723 
344.673035 297.375671 
220.807724 230.483246 
161.806488 256.074799 
278.344879 254.881622 
148.693970 211.808304 
499.385101 160.014740 
351.829956 222.374802 
175.820007 195.047165 
290.172150 265.349182 
487.794098 269.588074 
278.666718 256.223053 
204.428894 225.821564 
195.872772 220.080215 
403.345581 228.438171 
361.496460 178.504181 
204.513199 244.576843 
182.939743 270.487396 
222.894501 204.329697 
414.553558 258.188141 
305.562347 240.862183 
375.581726 161.686615 
336.641144 358.764679 
378.729950 266.340424 
482.591492 154.742722 
293.755005 262.913666 
165.323380 243.413010 
484.669342 272.677887 
191.374191 235.802505 
165.323380 243.413010 
194.679260 248.741669 
334.676208 213.173233 
317.040680 241.358124 
421.149536 302.216217 
333.032501 159.661087 
595.257874 220.216324 
417.361176 289.465027 
353.719269 333.785583 
527.306702 163.144333 
410.135254 290.332947 
377.873108 295.381714 
484.703400 255.601074 
331.118927 317.026489 
384.905243 305.738861 
146.490173 255.829819 
357.469879 280.342926 
189.812973 243.131989 
516.819214 174.022064 
187.852753 261.613678 
197.778839 244.946167 
500.763947 154.924393 
385.373657 159.916534 
227.973557 200.482971 
343.141754 141.020065 
347.766449 121.001556 
180.526596 235.601929 
341.095703 296.228119 
179.063736 232.289536 
149.434708 247.104675 
531.677307 163.420517 
362.958862 329.691803 
187.292770 214.303040 
187.852753 261.613678 
181.154236 229.879272 
501.270386 165.941483 
148.693970 211.808304 
560.316772 192.114899 
410.135254 290.332947 
194.600647 241.472794 
482.461090 174.603653 
300.249237 269.824158 
141.524490 211.313293 
322.913086 251.913513 
333.000977 316.088562 
333.194641 164.276855 
219.763580 254.862335 
339.160278 296.990143 
400.032745 314.014221 
413.911926 268.049316 
351.848175 269.228363 
385.373657 159.916534 
156.921753 244.397247 
138.554504 236.388596 
339.160278 296.990143 
495.993164 254.771255 
381.957520 311.792175 
392.495331 303.648987 
615.044739 183.869766 
156.708557 201.577271 
374.440948 171.766342 
193.828537 183.790756 
187.558243 216.710678 
175.820007 195.047165 
189.748047 214.516541 
175.312378 215.529755 
175.312378 215.529755 
157.635956 199.365891 
174.333557 229.676910 
125.124664 228.817978 
493.000458 260.346222 
156.921753 244.397247 
351.829956 222.374802 
525.773193 169.149307 
152.963181 241.486069 
154.720154 262.326843 
326.771271 393.461578 
326.771271 393.461578 
135.940201 205.513733 
174.333557 229.676910 
492.453949 282.178955 
555.019348 202.307480 
217.390869 270.460846 
177.923508 199.473114 
233.689636 235.150848 
494.873169 280.541809 
179.063736 232.289536 
304.226074 241.263489 
256.970215 78.287392 
187.852753 261.613678 
373.009094 257.138550 
393.244446 143.933731 
540.112366 185.625900 
484.703400 255.601074 
585.136414 198.844711 
374.440948 171.766342 
218.697861 263.575043 
199.332764 267.016510 
418.002197 292.958618 
218.697861 263.575043 
191.374191 235.802505 
256.970215 78.287392 
170.454880 219.915909 
501.735626 150.753326 
180.526596 235.601929 
189.812973 243.131989 
334.472168 291.019257 
334.472168 291.019257 
356.745392 342.625916 
345.479492 287.604614 
181.436523 272.691681 
192.926697 228.988586 
497.959503 270.086639 
497.959503 270.086639 
157.519943 222.626678 
351.553467 331.843445 
150.135498 258.601837 
395.925873 318.656738 
345.148315 274.881897 
536.422241 168.534515 
393.255707 303.981781 
378.729950 266.340424 
260.435455 226.843079 
219.822006 256.383057 
176.597290 249.274963 
217.390869 270.460846 
408.199127 165.528946 
175.820007 195.047165 
169.452499 200.457321 
327.557007 241.664200 
317.863464 155.339233 
347.726013 273.700043 
484.669342 272.677887 
493.000458 260.346222 
344.527924 321.490021 
555.019348 202.307480 
139.709091 257.819794 
193.806412 274.279602 
170.531601 216.957962 
333.032501 159.661087 
138.554504 236.388596 
138.554504 236.388596 
200.770126 235.900787 
418.002197 292.958618 
160.777237 190.161575 
321.865784 303.455414 
170.857361 269.929962 
532.598083 174.342346 
393.522675 267.953094 
340.891296 329.355621 
275.197937 80.062706 
275.197937 80.062706 
282.580566 221.981140 
209.428314 272.492920 
261.148132 227.130264 
546.891846 161.761551 
301.786285 271.007812 
238.118073 249.082825 
480.393677 279.386047 
452.172058 57.941372 
188.641907 204.604828 
413.911926 268.049316 
356.745392 342.625916 
428.798279 309.728668 
428.798279 309.728668 
377.689453 327.356232 
256.970215 78.287392 
410.986267 297.454193 
373.655640 257.028595 
181.436523 272.691681 
341.588348 160.091766 
153.501587 150.930557 
180.728500 255.817581 
514.056396 156.576904 
418.780121 306.700897 
413.911926 268.049316 
336.065674 313.552338 
377.873108 295.381714 
193.447998 259.217682 
484.703400 255.601074 
355.576782 105.284660 
541.547485 170.598694 
190.409622 204.151398 
176.597290 249.274963 
219.169205 194.357254 
285.207977 259.601105 
377.873108 295.381714 
275.197937 80.062706 
191.967850 254.335190 
424.474152 162.515579 
180.728500 255.817581 
159.314423 258.702301 
200.770126 235.900787 
200.770126 235.900787 
361.496460 178.504181 
298.859314 268.167633 
372.015198 154.013748 
211.536392 267.568054 
211.536392 267.568054 
452.172058 57.941372 
158.254669 252.692566 
293.022614 267.925934 
508.869263 156.121826 
298.035645 234.872330 
159.250885 262.257050 
481.929626 279.519073 
373.009094 257.138550 
333.210144 320.724915 
377.689453 327.356232 
184.235184 228.718201 
180.170029 226.731323 
169.238052 219.867737 
345.741211 230.782516 
176.597290 249.274963 
483.120056 149.150208 
145.470840 247.406403 
355.462555 348.842194 
180.170029 226.731323 
331.078735 284.342133 
169.238052 219.867737 
516.819214 174.022064 
148.151321 248.776123 
227.220291 235.545044 
163.189972 208.563568 
425.916107 307.978302 
425.916107 307.978302 
378.729950 266.340424 
179.935699 275.526062 
129.414169 237.349792 
196.014862 274.877045 
230.198151 228.237762 
295.974365 265.727325 
196.202454 226.334824 
405.450958 314.605988 
169.452499 200.457321 
149.837936 133.929230 
406.933746 314.966064 
205.208664 240.871674 
132.354095 206.032120 
320.861725 73.592613 
320.861725 73.592613 
476.841827 280.236572 
369.892975 279.377380 
171.937164 213.220398 
424.904572 307.191071 
499.385101 160.014740 
372.015198 154.013748 
200.770126 235.900787 
418.002197 292.958618 
157.849274 254.437668 
169.631210 199.593155 
350.040497 272.987885 
300.083679 238.029175 
300.083679 238.029175 
357.692566 343.955353 
175.820007 195.047165 
405.450958 314.605988 
331.117676 280.444244 
406.877838 265.923401 
213.922668 241.829224 
213.922668 241.829224 
495.401520 291.631042 
361.496460 178.504181 
153.501587 150.930557 
322.517242 264.625244 
322.517242 264.625244 
392.801056 260.759949 
159.314423 258.702301 
555.784302 197.825134 
256.970215 78.287392 
278.808746 259.339172 
208.319397 220.271866 
355.462555 348.842194 
159.314423 258.702301 
141.524490 211.313293 
484.703400 255.601074 
154.720154 262.326843 
160.625931 277.333740 
474.317505 279.803864 
198.286789 277.137665 
210.296875 273.657074 
216.408768 228.151764 
508.831848 90.502869 
194.047867 258.516846 
381.957520 311.792175 
212.487930 243.079254 
332.142731 34.676395 
208.507462 217.750229 
381.957520 311.792175 
537.898499 158.291885 
175.312378 215.529755 
175.312378 215.529755 
324.891602 268.207428 
452.172058 57.941372 
484.703400 255.601074 
410.135254 290.332947 
296.702942 238.066406 
146.076599 273.919159 
332.142731 34.676395 
175.312378 215.529755 
165.323380 243.413010 
160.777237 190.161575 
345.148315 274.881897 
190.756256 266.100494 
220.270706 234.575546 
355.092529 282.503845 
114.211716 237.026703 
196.014862 274.877045 
305.088654 301.825378 
230.309372 263.481934 
138.554504 236.388596 
130.148056 236.699554 
223.647125 248.925873 
152.963181 241.486069 
217.390869 270.460846 
370.490540 341.723785 
347.726013 273.700043 
169.092209 251.603226 
194.067917 179.839966 
191.967850 254.335190 
191.967850 254.335190 
386.481354 304.586823 
223.652954 241.036697 
195.872772 220.080215 
293.353882 225.556549 
278.344879 254.881622 
219.475357 234.480316 
146.076599 273.919159 
282.580566 221.981140 
575.706970 203.160233 
351.848175 269.228363 
540.112366 185.625900 
206.271454 237.633606 
136.642029 265.369019 
179.935699 275.526062 
320.861725 73.592613 
336.089142 203.474655 
141.366165 268.470886 
219.859741 195.714233 
189.281784 228.563309 
181.154236 229.879272 
322.913086 251.913513 
278.893402 25.324392 
201.566330 223.922897 
381.957520 311.792175 
196.918777 258.199280 
413.911926 268.049316 
169.092209 251.603226 
217.931641 251.690094 
373.655640 257.028595 
199.275818 279.943085 
548.205383 184.914978 
219.475357 234.480316 
219.859741 195.714233 
136.642029 265.369019 
357.419800 146.807770 
502.147247 217.501526 
483.404785 281.066895 
355.185944 334.308655 
395.181641 260.678009 
328.376190 267.796936 
475.344116 178.205734 
278.344879 254.881622 
169.092209 251.603226 
357.419800 146.807770 
181.154236 229.879272 
344.527924 321.490021 
312.520355 33.335274 
227.973557 200.482971 
196.997253 28.352509 
370.490540 341.723785 
178.602020 181.976151 
208.014282 240.761322 
208.014282 240.761322 
508.831848 90.502869 
480.440704 273.824890 
234.372269 261.954132 
227.127151 260.605438 
556.976807 194.664993 
355.092529 282.503845 
346.199463 230.482834 
480.440704 273.824890 
285.923492 106.584160 
395.181641 260.678009 
370.490540 341.723785 
415.134857 168.535492 
293.618469 230.135437 
227.973557 200.482971 
