500
230.564499 99.980156 
267.075745 146.407074 
267.075745 146.407074 
230.022873 102.268333 
262.494781 102.085388 
225.669342 96.952469 
225.328354 97.069550 
262.494781 102.085388 
230.022873 102.268333 
422.505920 386.911072 
225.669342 96.952469 
264.725677 119.535950 
321.518433 343.281799 
451.657867 91.133621 
321.896881 343.920532 
267.075745 146.407074 
287.505096 219.775238 
259.263153 118.348625 
226.699539 73.980064 
223.503540 114.761154 
234.650711 103.120941 
338.157623 418.830353 
257.740509 147.399567 
253.969360 136.582321 
491.296600 388.119110 
343.937927 310.360565 
267.075745 146.407074 
221.941803 113.000107 
321.896881 343.920532 
274.590240 150.233063 
223.503540 114.761154 
339.003204 312.966370 
436.120483 121.334778 
300.772339 318.065674 
259.263153 118.348625 
225.669342 96.952469 
275.127258 152.193405 
275.127258 152.193405 
253.436508 143.197983 
311.232758 303.047089 
318.782593 354.240021 
332.394592 216.805695 
321.896881 343.920532 
352.829620 258.381165 
266.402771 123.867340 
232.618622 82.097870 
236.931305 97.527367 
263.755829 293.770874 
352.829620 258.381165 
481.642212 341.473877 
266.402771 123.867340 
330.263916 220.123138 
238.590210 114.552307 
318.782593 354.240021 
507.811096 412.647552 
338.157623 418.830353 
291.267853 285.304321 
297.479614 91.733528 
268.582764 77.587486 
265.601654 93.553238 
321.518433 343.281799 
311.232758 303.047089 
220.272278 114.766777 
219.336441 97.412918 
481.642212 341.473877 
481.642212 341.473877 
256.118774 108.849884 
292.631287 348.527222 
253.969360 136.582321 
232.618622 82.097870 
232.618622 82.097870 
317.632080 231.200546 
332.394592 216.805695 
341.411713 256.686584 
287.708313 228.511795 
304.507812 150.226837 
304.507812 150.226837 
436.120483 121.334778 
285.000427 156.178909 
220.272278 114.766777 
253.969360 136.582321 
318.782593 354.240021 
330.585938 221.682053 
282.685852 226.507919 
351.896118 256.689606 
406.481049 253.479965 
317.632080 231.200546 
332.394592 216.805695 
323.858612 327.922943 
262.520050 163.446762 
318.935059 344.591278 
343.937927 310.360565 
261.833374 116.634293 
317.595459 237.163849 
262.494781 102.085388 
232.524658 102.799644 
330.263916 220.123138 
253.969360 136.582321 
222.111847 122.619865 
317.632080 231.200546 
254.568741 169.487427 
311.232758 303.047089 
318.803009 233.240005 
222.609207 102.093521 
221.941803 113.000107 
315.882141 353.904602 
352.829620 258.381165 
500.427307 397.841583 
316.039948 350.449890 
285.500854 108.497169 
446.102509 385.260071 
446.102509 385.260071 
377.371643 414.184631 
231.056839 145.162949 
436.120483 121.334778 
236.931305 97.527367 
261.833374 116.634293 
258.917297 155.127579 
225.669342 96.952469 
304.507812 150.226837 
363.728455 404.206848 
314.429535 229.449310 
543.936096 328.788055 
318.803009 233.240005 
446.102509 385.260071 
292.631287 348.527222 
261.833374 116.634293 
340.843842 329.506226 
266.638153 165.824417 
352.829620 258.381165 
299.609985 253.289429 
255.426468 161.898880 
311.701385 221.487534 
282.834717 289.643524 
238.879547 140.083679 
323.858612 327.922943 
308.831848 155.975723 
406.481049 253.479965 
226.699539 73.980064 
328.831116 422.867767 
261.833374 116.634293 
352.829620 258.381165 
257.907776 142.680481 
222.111847 122.619865 
311.701385 221.487534 
332.394592 216.805695 
330.585938 221.682053 
238.879547 140.083679 
310.573395 227.254318 
275.127258 152.193405 
262.397919 102.617676 
500.427307 397.841583 
310.573395 227.254318 
341.411713 256.686584 
262.999054 66.083900 
262.397919 102.617676 
341.411713 256.686584 
363.728455 404.206848 
253.969360 136.582321 
263.891418 148.479416 
475.890289 338.322937 
311.654449 228.431534 
257.093811 62.564259 
238.879547 140.083679 
267.075745 146.407074 
339.968170 315.116638 
275.864685 147.495575 
242.168121 319.577515 
232.073929 135.187744 
363.728455 404.206848 
429.113312 287.284912 
334.679565 319.399628 
301.754089 318.623383 
247.377930 139.675644 
356.045807 232.989059 
312.728912 358.566071 
234.650711 103.120941 
338.157623 418.830353 
278.760406 89.840561 
342.346130 335.624390 
270.721344 156.916931 
261.617035 278.700165 
298.290619 313.652435 
361.292419 335.449097 
361.292419 335.449097 
322.941254 208.463959 
270.903076 274.239349 
313.600616 309.826233 
257.740509 147.399567 
314.592072 361.330017 
332.394592 216.805695 
270.903076 274.239349 
261.867004 265.760468 
391.293243 213.425598 
450.531128 337.032990 
234.650711 103.120941 
303.855072 290.525452 
231.056839 145.162949 
231.056839 145.162949 
281.298370 133.504669 
500.427307 397.841583 
313.600616 309.826233 
332.394592 216.805695 
253.969360 136.582321 
253.969360 136.582321 
255.426468 161.898880 
303.855072 290.525452 
328.831116 422.867767 
300.772339 318.065674 
491.089325 397.282166 
340.843842 329.506226 
334.476807 315.312164 
322.941254 208.463959 
303.602539 363.685791 
340.843842 329.506226 
275.127258 152.193405 
265.912476 266.935425 
356.045807 232.989059 
363.728455 404.206848 
268.582764 77.587486 
255.540222 71.574005 
323.858612 327.922943 
297.479614 91.733528 
505.200806 403.220734 
339.968170 315.116638 
245.018585 109.303680 
340.843842 329.506226 
340.843842 329.506226 
261.867004 265.760468 
243.822845 102.263283 
343.937927 310.360565 
332.394592 216.805695 
259.735504 153.171738 
318.994415 107.961243 
332.394592 216.805695 
298.783691 99.193077 
298.783691 99.193077 
344.006744 345.219025 
254.568741 169.487427 
343.937927 310.360565 
291.267853 285.304321 
262.494781 102.085388 
334.476807 315.312164 
334.476807 315.312164 
406.481049 253.479965 
338.157623 418.830353 
258.668884 157.199188 
335.766113 217.404434 
270.529785 171.961868 
270.903076 274.239349 
313.600616 309.826233 
288.100403 285.357483 
377.371643 414.184631 
280.230469 50.271442 
280.230469 50.271442 
313.600616 309.826233 
414.624908 248.210846 
259.868744 325.888733 
253.436508 143.197983 
402.830902 177.468506 
427.549164 274.914520 
255.426468 161.898880 
323.858612 327.922943 
290.284302 238.900681 
339.003204 312.966370 
334.476807 315.312164 
473.963776 334.312286 
334.476807 315.312164 
216.859268 97.429565 
342.946442 341.155518 
289.354431 329.457062 
227.447571 126.649101 
303.855072 290.525452 
265.489410 140.150543 
318.994415 107.961243 
342.346130 335.624390 
260.416382 327.579071 
260.416382 327.579071 
335.766113 217.404434 
254.568741 169.487427 
300.772339 318.065674 
313.600616 309.826233 
292.467896 326.547607 
273.244507 171.078384 
316.256226 224.384476 
372.497101 412.173065 
321.518433 343.281799 
259.263153 118.348625 
253.809311 90.547073 
254.655563 60.691135 
543.949219 341.732086 
427.549164 274.914520 
421.045563 244.785614 
254.655563 60.691135 
332.394592 216.805695 
332.394592 216.805695 
256.118774 108.849884 
394.355042 244.563950 
270.903076 274.239349 
318.994415 107.961243 
342.346130 335.624390 
268.582764 77.587486 
292.631287 348.527222 
379.212677 399.756866 
248.499237 324.461212 
254.655563 60.691135 
291.638062 279.401154 
335.766113 217.404434 
282.596985 283.619751 
291.638062 279.401154 
314.609009 207.066437 
314.013672 365.647919 
310.573395 227.254318 
491.462738 451.720032 
273.244507 171.078384 
290.145416 340.188080 
422.133179 327.114075 
422.505920 386.911072 
332.394592 216.805695 
291.638062 279.401154 
303.855072 290.525452 
291.638062 279.401154 
291.638062 279.401154 
363.728455 404.206848 
254.568741 169.487427 
213.342056 102.444763 
299.877960 260.939667 
332.319641 437.325836 
372.497101 412.173065 
321.076569 232.285034 
371.122589 395.722504 
486.579834 383.928955 
288.100403 285.357483 
340.843842 329.506226 
258.659027 333.916351 
282.625397 213.946152 
271.618530 173.735962 
269.601501 65.084137 
269.601501 65.084137 
314.168060 364.448090 
314.168060 364.448090 
265.912476 266.935425 
353.385498 237.887527 
359.340210 235.543442 
323.858612 327.922943 
406.481049 253.479965 
239.672226 107.975983 
304.373413 280.874847 
314.168060 364.448090 
377.371643 414.184631 
318.803009 233.240005 
323.858612 327.922943 
543.936096 328.788055 
310.691528 341.643555 
371.381378 306.208557 
406.481049 253.479965 
481.657349 342.056274 
391.293243 213.425598 
340.843842 329.506226 
289.206421 329.558136 
278.674805 136.250992 
314.708191 214.464600 
287.654968 275.157806 
287.654968 275.157806 
316.256226 224.384476 
291.638062 279.401154 
287.708313 228.511795 
265.912476 266.935425 
309.679565 357.691559 
420.053070 226.348709 
402.830902 177.468506 
294.700134 335.359528 
313.600616 309.826233 
287.029785 229.291534 
313.600616 309.826233 
313.600616 309.826233 
332.319641 437.325836 
515.973511 323.336700 
473.963776 334.312286 
257.804535 68.045540 
261.833374 116.634293 
265.052216 109.071114 
421.045563 244.785614 
483.587494 344.132233 
332.394592 216.805695 
265.052216 109.071114 
318.935059 344.591278 
318.935059 344.591278 
343.937927 310.360565 
304.373413 280.874847 
338.157623 418.830353 
484.502625 353.358368 
294.700134 335.359528 
462.992065 436.635345 
317.590424 238.309525 
270.104156 126.378876 
311.378784 355.304718 
313.600616 309.826233 
502.686798 407.337067 
366.217438 401.537781 
323.695374 326.714996 
323.858612 327.922943 
340.843842 329.506226 
340.843842 329.506226 
299.609985 253.289429 
491.089325 397.282166 
316.256226 224.384476 
373.860138 398.873505 
425.708160 346.824738 
255.426468 161.898880 
477.005859 403.829895 
344.006744 345.219025 
334.347351 369.187469 
253.647537 120.353455 
313.313080 188.383041 
446.102509 385.260071 
429.312988 390.080414 
341.411713 256.686584 
311.701385 221.487534 
341.654572 257.855438 
338.157623 418.830353 
342.346130 335.624390 
291.638062 279.401154 
471.599670 351.519135 
303.855072 290.525452 
312.017242 217.677139 
280.722382 227.359848 
311.232758 303.047089 
288.100403 285.357483 
281.458374 172.776093 
471.301361 352.750031 
341.411713 256.686584 
488.174866 416.417786 
330.585938 221.682053 
321.076569 232.285034 
291.638062 279.401154 
229.279617 70.633919 
216.859268 97.429565 
253.916107 106.153923 
419.651886 217.704712 
291.638062 279.401154 
289.354431 329.457062 
334.679565 319.399628 
338.157623 418.830353 
294.700134 335.359528 
232.073929 135.187744 
383.283173 398.205261 
287.755768 222.844528 
230.022873 102.268333 
257.804535 68.045540 
310.791016 282.383667 
446.102509 385.260071 
371.122589 395.722504 
422.505920 386.911072 
305.629639 347.012421 
373.860138 398.873505 
340.163055 283.118439 
340.163055 283.118439 
318.782593 354.240021 
338.157623 418.830353 
343.578674 339.525024 
225.328354 97.069550 
319.423981 223.386902 
422.505920 386.911072 
261.833374 116.634293 
303.621735 343.148834 
294.700134 335.359528 
351.362579 259.399170 
219.336441 97.412918 
285.000427 156.178909 
303.842499 190.760727 
470.020630 425.381805 
374.095459 407.222778 
483.333221 391.252441 
340.843842 329.506226 
338.157623 418.830353 
308.897369 129.905945 
274.708038 159.841873 
323.858612 327.922943 
257.740509 147.399567 
288.100403 285.357483 
281.458374 172.776093 
281.458374 172.776093 
243.822845 102.263283 
486.579834 383.928955 
243.822845 102.263283 
394.474823 400.169434 
226.060547 67.324120 
314.013672 365.647919 
305.629639 347.012421 
265.052216 109.071114 
292.467896 326.547607 
297.285065 289.010010 
270.104156 126.378876 
332.394592 216.805695 
299.277527 126.418655 
471.301361 352.750031 
261.617035 278.700165 
318.935059 344.591278 
303.621735 343.148834 
