500
277.358643 318.034393 
277.954132 316.842102 
323.271057 322.871704 
162.561829 344.678345 
150.424469 245.650299 
160.369324 344.687012 
241.297592 266.091553 
275.489380 206.318069 
293.835876 265.149780 
359.670715 218.735321 
296.922455 254.368729 
142.237366 247.400330 
288.355774 194.537415 
293.072998 265.480408 
162.009460 359.982849 
146.605087 251.137436 
269.056030 149.507660 
290.602478 264.308136 
298.064026 193.100067 
297.512817 193.124481 
227.957962 197.168549 
218.060318 203.691299 
277.118378 319.964813 
290.013855 307.430389 
145.664688 241.999344 
146.209671 242.334015 
154.629547 249.807922 
452.556030 247.821045 
289.776459 168.517517 
155.918762 253.701309 
279.952209 208.148148 
277.151093 321.404083 
289.884949 264.094757 
159.069122 344.441101 
164.439911 344.420197 
162.029678 340.988892 
149.909515 241.834595 
217.597763 201.334381 
421.994202 232.669220 
514.719055 217.582260 
251.569397 330.376740 
440.225250 235.719254 
276.389801 329.970612 
234.962738 186.864227 
234.052368 186.844788 
454.447449 243.365128 
238.871078 327.525055 
248.242371 331.843353 
140.137543 235.660950 
154.168671 254.417450 
321.012512 318.175751 
455.071899 242.241531 
289.978851 308.051697 
140.668793 240.606125 
140.515274 241.248611 
455.690308 243.086426 
275.502258 337.885132 
313.912750 364.059143 
157.871841 343.858063 
322.310242 322.555450 
494.158020 238.724655 
175.119980 357.206207 
141.847855 232.789413 
245.896713 231.918381 
153.054504 237.520538 
460.160126 269.354584 
488.975403 194.954147 
125.238510 351.726929 
270.992432 332.340576 
246.267273 187.612473 
471.390228 217.741226 
311.756226 322.241821 
453.532776 219.568619 
146.427399 253.477539 
340.748169 206.664093 
465.590759 224.269592 
228.482346 229.328751 
249.066437 184.639572 
421.939453 258.685944 
291.470215 170.573074 
464.767517 224.417969 
174.563416 330.416473 
511.643127 241.435455 
469.780518 233.442810 
491.574768 247.817764 
174.743668 347.517303 
144.072876 234.656677 
263.127136 157.795364 
219.839111 206.212524 
443.379181 221.279144 
443.335907 220.590134 
337.346588 264.702881 
238.754730 183.500412 
269.776886 153.949295 
482.200562 208.129578 
297.782135 254.489594 
492.143829 193.491501 
444.152191 217.529251 
468.920044 233.207108 
468.996887 233.351181 
118.771545 360.176239 
433.092773 216.191467 
438.820221 223.463730 
151.637482 258.556854 
309.284515 185.201736 
210.673325 196.873795 
456.580750 212.277695 
462.194031 233.512207 
224.495041 238.912521 
334.189667 207.894043 
455.625458 219.855743 
287.366882 198.124771 
272.651001 143.708038 
509.031677 208.939148 
118.079704 360.485474 
144.961624 256.759308 
274.593597 330.095123 
454.286255 253.191605 
314.637177 277.512238 
248.387451 184.722076 
402.895203 236.330093 
438.124786 218.982147 
90.325943 309.339233 
322.310822 238.937820 
315.023590 229.914536 
124.073280 358.581329 
238.560867 182.934814 
457.462158 212.850571 
221.067032 207.892120 
273.790741 155.310440 
253.056992 329.753937 
174.991211 351.859558 
232.099487 176.402374 
308.614655 185.569000 
156.323822 256.482849 
216.781448 246.309509 
217.147476 245.951736 
507.156189 241.176178 
110.230438 355.415344 
480.698212 198.632751 
487.452209 253.028503 
262.176422 209.362427 
267.652130 136.707382 
415.594452 209.087570 
246.188156 181.979462 
271.115631 330.809509 
163.547180 348.080933 
295.694794 169.280807 
475.633148 254.822800 
144.957062 354.162292 
315.625214 276.738953 
337.145081 324.055054 
483.702820 229.438843 
453.839996 277.710266 
336.078064 263.015656 
297.370148 166.683060 
278.889557 208.209000 
484.797760 193.085327 
145.217224 246.788361 
290.416107 188.581863 
154.274841 239.087433 
212.306519 197.018814 
92.858292 341.317688 
93.249245 340.766693 
495.019745 238.501221 
475.863342 253.342041 
265.331665 230.575470 
294.505798 190.120422 
214.753464 207.627533 
151.889145 259.686157 
279.422089 327.707245 
306.978546 214.078522 
291.116333 186.837341 
460.244781 269.729584 
356.598206 219.583649 
244.346237 339.794830 
288.636597 165.905716 
156.980957 348.603424 
157.308762 349.244690 
244.765274 226.597412 
321.454498 318.971313 
97.904732 344.235321 
514.521362 215.660385 
432.838196 223.042953 
237.224060 182.103546 
153.580780 341.965363 
473.876984 226.937515 
234.803787 175.577850 
385.506989 388.852295 
455.863495 279.359741 
475.469971 194.861237 
289.654449 165.507187 
271.679596 154.417725 
486.680603 261.664093 
416.611938 192.561844 
248.577560 164.029572 
478.454865 231.517487 
248.617050 164.803467 
472.496033 238.946793 
486.983704 253.691315 
158.360550 227.694397 
284.763519 157.767471 
380.840485 242.874969 
266.267609 139.225967 
167.148773 358.505463 
141.537201 229.929520 
157.158630 355.677551 
332.347473 206.930939 
266.322754 229.384552 
154.279572 259.523224 
454.004517 197.295837 
447.103516 193.067688 
241.950378 190.879517 
482.965668 204.144958 
485.245789 248.577927 
117.246025 350.705475 
412.948944 222.443085 
382.352875 243.046265 
422.419647 213.563156 
213.125015 189.625305 
453.380463 231.897324 
467.175232 239.234482 
146.051941 256.534210 
444.037384 192.521576 
474.284607 227.762741 
322.777039 177.062225 
153.644501 228.653061 
291.507111 189.882538 
243.263123 327.784302 
422.377289 195.807526 
465.665558 270.771729 
465.853638 271.246643 
268.537170 135.985901 
416.711823 193.745270 
287.565002 212.162613 
471.862610 210.279297 
224.234619 228.316132 
472.622803 248.342728 
224.722977 228.605118 
152.880661 228.374283 
471.837097 238.041641 
487.824249 229.451370 
454.443939 274.576538 
423.488770 190.728790 
119.859894 347.173370 
433.457458 240.750488 
291.383606 162.534088 
480.709290 256.877594 
223.787094 229.705475 
294.072021 253.359009 
440.862640 201.382996 
469.286804 270.763550 
238.150620 326.893646 
286.379883 307.200012 
263.372101 158.847198 
245.524445 227.177521 
311.350708 187.079361 
264.181122 232.427567 
487.734802 230.163132 
212.991806 206.734222 
472.971191 192.587036 
180.871384 352.947479 
287.359192 213.404556 
487.472534 199.996902 
476.164917 183.115250 
290.698181 173.847443 
448.348572 216.112732 
333.953064 236.952393 
258.733765 155.791290 
469.046783 193.166885 
498.888885 270.644104 
440.333740 200.796509 
438.998138 200.919327 
309.479492 341.615753 
454.216064 202.652359 
260.980621 154.895264 
309.510864 180.676666 
472.706482 219.916321 
466.145966 207.142761 
162.336136 228.539398 
299.771942 169.073502 
283.830902 336.298309 
283.415741 335.672760 
160.453491 226.985352 
392.253265 390.279602 
159.760101 231.792145 
374.269623 252.218948 
441.131744 198.994675 
430.991577 222.423874 
311.098297 278.970520 
445.319153 214.910843 
484.324890 255.572250 
292.332245 308.354889 
479.827209 253.257080 
155.960251 348.822083 
155.033661 227.395874 
222.061600 203.756821 
477.420166 250.447815 
415.893463 206.184464 
314.452362 221.494812 
292.345306 176.609634 
304.736542 322.001526 
155.845978 353.763550 
94.874336 317.723511 
94.989006 317.818146 
455.405304 200.519882 
477.390442 227.550339 
429.653961 221.737976 
433.909882 243.415894 
469.019379 211.364059 
282.158936 164.509048 
401.303070 220.344070 
477.616577 200.449936 
449.409027 281.476318 
141.576950 220.898956 
459.509827 220.808990 
429.767059 202.466522 
457.034637 252.933212 
169.854462 358.218079 
521.098816 436.673004 
491.950867 268.080566 
248.618805 179.863693 
363.554626 219.903809 
429.029053 222.890533 
148.430161 228.970596 
267.437561 155.548752 
424.107605 388.581940 
344.335663 240.859207 
215.882553 188.698410 
460.109894 223.441711 
200.725677 190.824982 
201.351746 190.961014 
280.945648 155.612823 
416.836914 261.113037 
471.290375 273.976135 
336.521332 236.765503 
136.680145 217.683456 
473.226471 191.528610 
416.237305 261.594849 
281.572968 155.270935 
291.807770 211.285492 
509.712402 256.410950 
446.061829 239.059998 
413.144165 285.468048 
460.400543 224.241867 
439.715118 206.709900 
318.804321 362.654358 
247.427948 235.573318 
485.523224 177.531418 
506.246124 213.313507 
483.046143 210.592773 
313.109528 227.775177 
487.964142 233.269318 
418.733673 228.432098 
282.849762 224.349167 
338.268005 266.947113 
448.063782 223.600327 
338.097382 267.024475 
444.916168 284.736786 
436.332794 226.580765 
141.856400 221.528839 
418.688660 232.780334 
419.208984 232.677444 
440.574432 311.511627 
444.737213 196.528961 
313.609283 181.475815 
442.756683 209.873672 
213.933197 225.113586 
502.442902 276.652527 
477.733826 228.211914 
454.966095 201.647659 
482.839203 191.689438 
268.575195 299.846069 
447.424133 196.111877 
215.607285 191.404312 
408.675995 257.622620 
480.371521 260.497803 
98.161324 316.961182 
222.386185 209.696655 
247.564331 178.685577 
315.087311 220.671036 
443.766174 179.342789 
127.435326 347.889587 
485.265594 194.785385 
420.224854 228.400513 
436.167358 251.901321 
409.789520 256.887695 
409.823242 257.302277 
426.586975 244.672531 
94.999809 317.161133 
436.563263 178.632843 
436.631714 234.182556 
460.693756 221.403214 
460.952057 221.133881 
483.461273 190.355270 
213.835129 236.299408 
436.453400 252.579132 
269.632599 301.751648 
450.449097 228.160751 
450.497864 227.566467 
99.478806 340.212189 
217.042404 224.995911 
417.463348 229.224258 
248.764053 236.464432 
512.616333 268.227478 
512.920471 268.299927 
427.357513 267.696564 
459.326447 192.087021 
360.613831 215.802948 
499.867218 298.485077 
388.642853 375.124908 
213.095200 236.570175 
213.365311 227.407654 
417.569427 195.231064 
463.117126 220.887161 
424.241974 192.043777 
313.334686 180.378937 
453.614594 285.089844 
163.096436 95.963226 
461.142151 288.183105 
426.391754 218.945129 
416.611420 212.894913 
314.303589 222.371414 
488.743103 315.306915 
265.538574 236.212158 
445.156433 195.985825 
332.832550 218.665146 
495.669281 216.525818 
331.556335 271.256195 
210.084167 235.284134 
475.378906 211.698151 
324.450684 176.054520 
476.443207 210.209229 
452.379303 210.324860 
415.355957 212.548492 
469.155701 214.632385 
447.259308 224.446945 
472.887054 175.807159 
214.453979 204.319733 
488.659576 197.813354 
247.157379 326.726929 
438.222473 312.612915 
426.187927 267.344818 
286.990967 214.646515 
323.407074 183.852219 
505.231506 298.982269 
272.273346 301.133636 
360.658356 251.461624 
460.489410 206.868530 
449.728516 207.182205 
331.941010 271.884399 
484.597961 314.025482 
217.751556 227.601089 
247.075500 177.787308 
424.011810 269.842285 
475.441101 245.267715 
156.706116 225.918671 
309.483643 345.343719 
168.934311 358.105103 
169.384827 358.093140 
483.727081 309.583801 
160.762009 233.471954 
480.591888 244.550018 
90.430161 336.858978 
336.621826 242.453476 
272.611298 140.057938 
473.853546 176.087723 
422.766235 270.293579 
486.049286 176.907928 
233.639801 219.498215 
342.974915 248.351608 
498.542267 299.490753 
480.066711 231.884491 
462.919373 254.995239 
365.034271 221.492889 
416.721466 199.691833 
159.728729 234.869476 
522.760193 233.210480 
476.635162 239.344788 
348.100433 245.838837 
215.821045 208.454163 
377.041534 242.548264 
424.614136 234.329758 
499.006378 212.602310 
499.224030 213.309479 
476.095398 181.783798 
232.588531 349.782196 
248.240860 227.563034 
243.310181 174.943420 
242.838516 174.708389 
507.211823 297.588684 
334.703094 253.291885 
443.860321 250.403015 
473.180206 233.610489 
208.493225 190.537430 
327.921539 258.200897 
137.202728 216.591888 
95.085289 324.914062 
478.496979 207.500641 
519.484314 249.740601 
