500
259.737152 159.395950 
260.636108 161.689545 
260.125061 160.672516 
251.284912 155.678223 
251.284912 155.678223 
237.048599 149.092651 
354.146301 252.204208 
231.245529 148.156357 
354.146301 252.204208 
231.370331 154.299072 
223.586639 155.890915 
280.982452 217.996292 
354.315460 253.164017 
250.200577 154.455200 
275.381287 334.274323 
231.245529 148.156357 
260.035126 162.788605 
264.147339 158.941208 
264.147339 158.941208 
224.942947 155.560715 
354.315460 253.164017 
223.586639 155.890915 
237.617691 148.796173 
209.726379 144.566299 
203.056244 133.154022 
213.304626 117.519035 
323.007812 305.670990 
354.042480 251.078445 
499.167419 314.166168 
241.798325 155.117844 
237.617691 148.796173 
496.928955 312.217468 
496.928955 312.217468 
278.121094 277.166260 
314.832550 341.165649 
354.146301 252.204208 
217.878937 130.641876 
358.454193 330.109863 
496.928955 312.217468 
351.276611 309.229706 
269.768219 170.847702 
278.121094 277.166260 
269.768219 170.847702 
203.056244 133.154022 
314.832550 341.165649 
358.454193 330.109863 
328.628693 341.829834 
310.651642 350.383331 
358.454193 330.109863 
357.298218 228.142944 
358.454193 330.109863 
211.616180 113.069847 
250.200577 154.455200 
313.012726 318.141510 
318.218719 232.204758 
224.038086 156.593872 
270.463074 328.033661 
405.690826 387.347351 
269.768219 170.847702 
468.856232 361.151550 
468.856232 361.151550 
338.630951 324.736694 
313.012726 318.141510 
393.789154 231.910828 
313.681885 225.127121 
318.218719 232.204758 
324.640717 347.287415 
570.086853 435.232544 
269.768219 170.847702 
212.048386 119.658676 
267.155304 170.543396 
290.396912 147.590714 
202.019424 100.449028 
202.461426 128.449051 
204.600540 125.098061 
267.467773 276.393951 
212.048386 119.658676 
206.426407 124.020432 
261.603790 109.487015 
316.071838 340.605896 
318.218719 232.204758 
284.947388 228.671799 
354.025360 226.658737 
259.737152 159.395950 
201.896530 134.972458 
207.498077 120.522842 
310.651642 350.383331 
196.002518 121.971535 
434.628876 76.279549 
262.723663 116.299248 
197.628113 83.120232 
443.001953 231.804825 
322.178864 344.326782 
292.420013 295.564819 
193.123199 134.068024 
290.049988 231.419220 
526.282104 359.712921 
246.948883 135.260391 
259.633362 163.704987 
409.577667 384.102448 
318.218719 232.204758 
280.982452 217.996292 
290.396912 147.590714 
272.621460 282.592590 
237.617691 148.796173 
403.130066 399.847992 
261.869812 101.343414 
400.740082 387.158478 
269.768219 170.847702 
279.538544 131.591202 
453.684662 368.828766 
202.019424 100.449028 
206.426407 124.020432 
442.971771 230.851044 
389.521362 393.441559 
232.505280 164.358459 
273.768311 329.458313 
196.002518 121.971535 
453.684662 368.828766 
493.548279 306.553894 
525.994995 377.566040 
246.147324 153.563995 
418.398804 229.371063 
313.686005 353.052246 
304.280731 190.310394 
415.277985 232.001984 
393.789154 231.910828 
525.000061 364.139038 
344.291901 253.677002 
477.260010 306.946411 
487.423676 304.347321 
197.628113 83.120232 
203.056244 133.154022 
443.001953 231.804825 
397.218384 384.621185 
323.007812 305.670990 
468.856232 361.151550 
413.833923 376.473389 
318.568817 338.902649 
414.178711 227.366104 
337.050385 343.306915 
276.020477 341.522186 
511.965698 349.348114 
396.301483 394.413391 
470.943237 293.210541 
358.742340 331.014130 
264.189117 309.381317 
493.548279 306.553894 
277.465302 282.037079 
226.639725 151.146805 
194.708008 132.015472 
337.050385 343.306915 
237.617691 148.796173 
237.617691 148.796173 
266.614929 278.510956 
316.071838 340.605896 
326.670776 218.658157 
354.146301 252.204208 
337.050385 343.306915 
337.050385 343.306915 
239.583832 115.044868 
199.123947 92.759338 
323.007812 305.670990 
323.007812 305.670990 
526.734863 372.883392 
244.924271 173.233932 
557.012878 291.717590 
393.324677 391.431366 
525.000061 364.139038 
274.554138 105.158195 
525.994995 377.566040 
400.740082 387.158478 
328.318817 215.224411 
201.373901 131.378082 
234.160309 121.901726 
337.050385 343.306915 
266.383514 330.497101 
270.175995 299.280792 
328.628693 341.829834 
267.811066 305.285431 
470.943237 293.210541 
260.125061 160.672516 
389.521362 393.441559 
419.186371 224.175888 
201.373901 131.378082 
389.521362 393.441559 
199.869858 134.476288 
526.282104 359.712921 
360.496796 333.660980 
354.042480 251.078445 
500.980103 323.917511 
277.465302 282.037079 
309.777710 219.822617 
323.007812 305.670990 
205.011276 111.808929 
226.639725 151.146805 
205.011276 111.808929 
273.649933 302.436951 
413.833923 376.473389 
339.056030 325.820679 
259.375000 337.623199 
278.121094 277.166260 
328.318817 215.224411 
278.809937 220.719833 
316.258728 232.044968 
397.218384 384.621185 
193.123199 134.068024 
501.845276 322.332123 
499.253571 303.352570 
354.146301 252.204208 
227.685364 135.518326 
201.896530 134.972458 
232.445663 149.362839 
390.053436 394.955811 
337.050385 343.306915 
352.452484 310.565491 
358.742340 331.014130 
234.109299 133.504044 
493.704620 330.940796 
525.000061 364.139038 
282.943848 107.382973 
358.742340 331.014130 
358.881561 229.042587 
313.681885 225.127121 
337.050385 343.306915 
448.385406 271.782959 
298.171021 197.129486 
284.947388 228.671799 
511.965698 349.348114 
196.002518 121.971535 
224.167648 155.302628 
275.381287 334.274323 
275.381287 334.274323 
325.655823 235.213242 
331.630219 215.406082 
322.178864 344.326782 
396.301483 394.413391 
358.454193 330.109863 
369.037231 413.290558 
230.922180 90.268776 
245.244873 169.214447 
276.680328 172.759155 
276.680328 172.759155 
306.063568 280.972687 
337.050385 343.306915 
426.761536 180.222641 
339.056030 325.820679 
317.630280 353.126678 
407.523621 392.838806 
407.523621 392.838806 
358.454193 330.109863 
358.454193 330.109863 
234.160309 121.901726 
426.884705 229.973221 
343.886658 253.205322 
329.018951 342.608002 
354.042480 251.078445 
196.176865 116.916344 
403.130066 399.847992 
294.489441 136.017166 
238.295242 127.901680 
413.205444 196.127335 
447.266968 271.517395 
341.135162 292.454437 
246.265076 129.363892 
577.713562 439.580444 
342.624298 355.400970 
350.247009 233.704697 
377.356293 327.316650 
377.356293 327.316650 
419.186371 224.175888 
230.922180 90.268776 
261.368317 156.162842 
339.056030 325.820679 
511.965698 349.348114 
338.630951 324.736694 
501.845276 322.332123 
453.684662 368.828766 
341.135162 292.454437 
266.614929 278.510956 
360.152344 418.537994 
248.999924 150.928406 
339.056030 325.820679 
302.290253 223.012772 
311.992767 282.888062 
413.833923 376.473389 
246.265076 129.363892 
293.338531 51.884247 
284.947388 228.671799 
296.618195 54.426968 
262.723663 116.299248 
337.050385 343.306915 
352.452484 310.565491 
358.454193 330.109863 
352.452484 310.565491 
301.936188 341.124268 
301.936188 341.124268 
322.178864 344.326782 
267.467773 276.393951 
290.210419 133.358139 
354.042480 251.078445 
248.999924 150.928406 
313.012726 318.141510 
395.080048 205.379013 
418.398804 229.371063 
282.943848 107.382973 
468.856232 361.151550 
201.379669 156.107697 
267.811066 305.285431 
341.135162 292.454437 
393.409119 407.732178 
292.281219 187.065338 
234.599350 141.901367 
323.007812 305.670990 
234.160309 121.901726 
224.038086 156.593872 
261.582306 120.952744 
224.038086 156.593872 
296.697266 60.993271 
239.583832 115.044868 
317.490723 233.625519 
245.244873 169.214447 
342.624298 355.400970 
358.762665 338.572266 
270.175995 299.280792 
331.630219 215.406082 
218.093796 124.038139 
251.533539 129.757568 
331.630219 215.406082 
358.454193 330.109863 
360.152344 418.537994 
369.037231 413.290558 
339.056030 325.820679 
526.282104 359.712921 
426.761536 180.222641 
418.398804 229.371063 
282.943848 107.382973 
358.742340 331.014130 
494.963959 408.771759 
212.048386 119.658676 
271.274200 275.909058 
337.531464 349.869049 
468.856232 361.151550 
352.452484 310.565491 
218.747559 123.915848 
337.050385 343.306915 
331.630219 215.406082 
309.448730 281.673248 
278.121094 277.166260 
260.058899 330.079834 
339.056030 325.820679 
343.886658 253.205322 
309.977386 229.535233 
212.048386 119.658676 
361.845978 339.465698 
227.685364 135.518326 
366.175812 432.480377 
255.793839 129.020874 
260.058899 330.079834 
277.465302 282.037079 
290.210419 133.358139 
202.702530 163.411301 
358.742340 331.014130 
339.056030 325.820679 
413.833923 376.473389 
360.196777 335.763184 
290.396912 147.590714 
325.655823 235.213242 
335.686768 360.197510 
397.218384 384.621185 
358.454193 330.109863 
224.038086 156.593872 
271.274200 275.909058 
338.294983 346.830872 
234.160309 121.901726 
274.554138 105.158195 
504.143677 324.338623 
322.178864 344.326782 
415.277985 232.001984 
411.303070 195.091080 
275.927948 343.162689 
276.754822 52.686726 
393.409119 407.732178 
370.518463 338.000275 
306.063568 280.972687 
296.697266 60.993271 
234.160309 121.901726 
326.670776 218.658157 
351.276611 309.229706 
289.159637 154.382111 
415.277985 232.001984 
486.874207 327.363953 
193.931625 110.287895 
403.130066 399.847992 
393.409119 407.732178 
358.742340 331.014130 
312.048645 316.850098 
423.263306 238.503082 
267.295837 334.002930 
306.063568 280.972687 
397.218384 384.621185 
314.832550 341.165649 
411.303070 195.091080 
224.038086 156.593872 
358.742340 331.014130 
341.135162 292.454437 
448.220947 271.044159 
243.683838 181.835159 
328.628693 341.829834 
257.009613 332.181824 
280.982452 217.996292 
322.178864 344.326782 
388.698395 397.117157 
299.723175 284.323212 
352.452484 310.565491 
557.012878 291.717590 
217.878937 130.641876 
323.007812 305.670990 
313.132874 332.335724 
352.452484 310.565491 
325.655823 235.213242 
323.007812 305.670990 
509.225098 379.432617 
291.852234 185.914551 
296.265381 290.674347 
223.544983 178.384293 
274.347931 170.737259 
453.684662 368.828766 
352.452484 310.565491 
234.160309 121.901726 
311.992767 282.888062 
243.683838 181.835159 
294.981110 193.087570 
411.303070 195.091080 
341.135162 292.454437 
237.251755 178.098389 
243.683838 181.835159 
294.489441 136.017166 
298.171021 197.129486 
466.209991 314.387665 
285.014862 225.393860 
243.683838 181.835159 
331.630219 215.406082 
365.666931 433.863495 
354.042480 251.078445 
235.496582 127.048370 
288.759460 36.943497 
260.636108 161.689545 
241.011154 88.969124 
338.940247 347.600433 
497.491425 324.408386 
497.491425 324.408386 
557.012878 291.717590 
508.932190 353.072601 
243.683838 181.835159 
335.981934 364.474548 
392.951416 388.227539 
358.526642 421.274597 
559.533569 411.620605 
312.048645 316.850098 
323.007812 305.670990 
527.046631 288.051544 
453.684662 368.828766 
278.809937 220.719833 
255.793839 129.020874 
446.381042 366.683197 
306.063568 280.972687 
240.612381 124.885803 
235.496582 127.048370 
352.452484 310.565491 
393.789154 231.910828 
338.630951 324.736694 
447.266968 271.517395 
331.630219 215.406082 
317.630280 353.126678 
237.251755 178.098389 
273.451477 341.096191 
331.630219 215.406082 
319.270874 246.039658 
374.988708 343.052612 
323.007812 305.670990 
273.768311 329.458313 
339.056030 325.820679 
352.452484 310.565491 
213.304626 117.519035 
496.928955 312.217468 
354.042480 251.078445 
229.423126 129.431412 
269.212952 287.347229 
526.734863 372.883392 
316.974365 237.988922 
273.038300 130.928833 
273.038300 130.928833 
288.704712 291.437073 
273.649933 302.436951 
315.522003 219.807541 
290.049988 231.419220 
415.849976 385.234283 
314.832550 341.165649 
380.750488 185.810837 
