500
429.653961 221.737976 
429.029053 222.890533 
459.509827 220.808990 
460.400543 224.241867 
480.698212 198.632751 
456.580750 212.277695 
430.991577 222.423874 
444.916168 284.736786 
450.449097 228.160751 
450.497864 227.566467 
449.409027 281.476318 
289.776459 168.517517 
487.472534 199.996902 
460.109894 223.441711 
441.131744 198.994675 
418.733673 228.432098 
438.124786 218.982147 
445.156433 195.985825 
444.737213 196.528961 
457.462158 212.850571 
336.078064 263.015656 
454.216064 202.652359 
455.405304 200.519882 
469.019379 211.364059 
337.346588 264.702881 
291.470215 170.573074 
426.391754 218.945129 
454.004517 197.295837 
438.820221 223.463730 
207.356964 193.788300 
491.950867 268.080566 
409.130341 226.773300 
447.424133 196.111877 
444.152191 217.529251 
455.690308 243.086426 
212.306519 197.018814 
228.619629 220.204239 
385.506989 388.852295 
408.516357 227.614761 
462.919373 254.995239 
486.983704 253.691315 
469.046783 193.166885 
296.922455 254.368729 
471.862610 210.279297 
245.896713 231.918381 
453.532776 219.568619 
485.265594 194.785385 
449.728516 207.182205 
440.862640 201.382996 
437.175903 191.928864 
459.515350 255.202072 
297.782135 254.489594 
495.669281 216.525818 
392.253265 390.279602 
452.556030 247.821045 
442.756683 209.873672 
232.978027 219.450806 
322.310242 322.555450 
476.443207 210.209229 
467.175232 239.234482 
438.998138 200.919327 
421.939453 258.685944 
445.319153 214.910843 
475.469971 194.861237 
420.224854 228.400513 
464.767517 224.417969 
506.246124 213.313507 
277.118378 319.964813 
454.966095 201.647659 
487.452209 253.028503 
455.625458 219.855743 
277.151093 321.404083 
210.673325 196.873795 
440.333740 200.796509 
453.839996 277.710266 
228.370865 181.848770 
421.994202 232.669220 
415.594452 209.087570 
469.155701 214.632385 
475.378906 211.698151 
424.107605 388.581940 
482.839203 191.689438 
290.698181 173.847443 
453.380463 231.897324 
460.489410 206.868530 
432.838196 223.042953 
455.071899 242.241531 
157.871841 343.858063 
237.476105 189.229248 
433.092773 216.191467 
290.013855 307.430389 
469.780518 233.442810 
471.837097 238.041641 
167.148773 358.505463 
468.920044 233.207108 
468.996887 233.351181 
491.574768 247.817764 
454.443939 274.576538 
238.754730 183.500412 
460.244781 269.729584 
246.267273 187.612473 
484.324890 255.572250 
454.447449 243.365128 
443.379181 221.279144 
443.335907 220.590134 
233.639801 219.498215 
342.228333 213.336273 
424.614136 234.329758 
444.037384 192.521576 
145.664688 241.999344 
146.209671 242.334015 
323.271057 322.871704 
154.457703 349.265045 
287.359192 213.404556 
412.924469 229.103012 
440.225250 235.719254 
238.560867 182.934814 
160.369324 344.687012 
457.034637 252.933212 
429.767059 202.466522 
514.523560 245.769791 
248.387451 184.722076 
229.466095 220.663040 
436.631714 234.182556 
509.712402 256.410950 
159.069122 344.441101 
472.496033 238.946793 
407.555786 229.525131 
288.355774 194.537415 
462.194031 233.512207 
472.971191 192.587036 
455.863495 279.359741 
314.637177 277.512238 
162.561829 344.678345 
356.598206 219.583649 
461.142151 288.183105 
477.616577 200.449936 
460.160126 269.354584 
480.066711 231.884491 
154.279572 259.523224 
466.145966 207.142761 
237.628998 189.552307 
156.980957 348.603424 
157.308762 349.244690 
475.863342 253.342041 
150.424469 245.650299 
246.188156 181.979462 
465.590759 224.269592 
478.454865 231.517487 
427.357513 267.696564 
525.083252 236.773621 
311.350708 187.079361 
436.332794 226.580765 
217.751556 227.601089 
347.521667 214.713257 
287.565002 212.162613 
224.701218 190.437866 
507.156189 241.176178 
488.659576 197.813354 
448.348572 216.112732 
479.827209 253.257080 
483.046143 210.592773 
417.463348 229.224258 
440.915924 189.734283 
249.066437 184.639572 
298.064026 193.100067 
297.512817 193.124481 
450.317719 186.563080 
162.009460 359.982849 
279.422089 327.707245 
220.875183 200.060715 
221.469376 200.330612 
292.345306 176.609634 
315.625214 276.738953 
287.881500 161.794983 
473.226471 191.528610 
293.835876 265.149780 
484.797760 193.085327 
154.629547 249.807922 
443.860321 250.403015 
494.158020 238.724655 
154.168671 254.417450 
521.098816 436.673004 
156.706116 225.918671 
416.611420 212.894913 
522.760193 233.210480 
235.760849 192.030594 
289.978851 308.051697 
469.825623 224.688889 
141.847855 232.789413 
454.286255 253.191605 
478.496979 207.500641 
164.439911 344.420197 
213.365311 227.407654 
452.379303 210.324860 
469.757233 260.276428 
297.323303 272.483673 
426.187927 267.344818 
416.721466 199.691833 
241.297592 266.091553 
218.976822 235.717819 
416.237305 261.594849 
479.391998 207.700485 
236.753830 213.997253 
168.934311 358.105103 
169.384827 358.093140 
227.082504 189.261261 
408.675995 257.622620 
342.628479 214.159790 
480.709290 256.877594 
221.067032 207.892120 
286.095032 188.703186 
447.259308 224.446945 
509.031677 208.939148 
460.693756 221.403214 
460.952057 221.133881 
453.614594 285.089844 
465.665558 270.771729 
465.853638 271.246643 
336.647644 210.054214 
225.340073 191.089798 
322.310822 238.937820 
487.964142 233.269318 
219.839111 206.212524 
295.071320 272.213715 
213.125015 189.625305 
486.680603 261.664093 
215.607285 191.404312 
412.948944 222.443085 
218.060318 203.691299 
237.224060 182.103546 
293.072998 265.480408 
155.960251 348.822083 
217.597763 201.334381 
498.888885 270.644104 
333.953064 236.952393 
287.366882 198.124771 
155.918762 253.701309 
213.933197 225.113586 
343.081940 219.674149 
426.586975 244.672531 
267.910004 144.536240 
418.688660 232.780334 
433.909882 243.415894 
419.208984 232.677444 
153.054504 237.520538 
268.198914 146.101501 
227.957962 197.168549 
241.428619 251.939346 
459.326447 192.087021 
215.882553 188.698410 
163.547180 348.080933 
448.063782 223.600327 
436.167358 251.901321 
463.117126 220.887161 
476.635162 239.344788 
511.643127 241.435455 
257.983459 224.956467 
472.622803 248.342728 
477.420166 250.447815 
244.765274 226.597412 
374.269623 252.218948 
512.354248 245.743256 
422.766235 270.293579 
415.355957 212.548492 
158.360550 227.694397 
286.990967 214.646515 
369.201813 345.954285 
232.099487 176.402374 
482.200562 208.129578 
234.803787 175.577850 
309.479492 341.615753 
174.991211 351.859558 
272.273346 301.133636 
447.103516 193.067688 
460.045197 256.502319 
254.931595 151.082367 
350.660736 218.050522 
415.159454 199.998611 
233.652771 228.438461 
406.017578 226.780914 
483.702820 229.438843 
360.613831 215.802948 
321.454498 318.971313 
446.061829 239.059998 
311.098297 278.970520 
325.141846 227.763016 
287.064056 90.533890 
287.086761 90.585007 
428.048187 186.232880 
151.637482 258.556854 
436.453400 252.579132 
422.419647 213.563156 
155.033661 227.395874 
336.521332 236.765503 
291.116333 186.837341 
234.962738 186.864227 
433.457458 240.750488 
473.180206 233.610489 
140.668793 240.606125 
140.515274 241.248611 
288.636597 165.905716 
382.352875 243.046265 
151.889145 259.686157 
268.575195 299.846069 
313.334686 180.378937 
480.591888 244.550018 
346.210571 209.843353 
270.873993 305.055786 
518.380188 200.094986 
308.614655 185.569000 
247.861328 226.352798 
488.975403 194.954147 
141.853683 357.794373 
236.434601 178.818359 
473.876984 226.937515 
269.776886 153.949295 
388.642853 375.124908 
416.836914 261.113037 
495.019745 238.501221 
289.654449 165.507187 
346.718689 208.824356 
271.679596 154.417725 
424.011810 269.842285 
519.484314 249.740601 
475.633148 254.822800 
269.056030 149.507660 
310.917328 258.336853 
258.032715 226.228745 
162.029678 340.988892 
311.549316 177.664429 
247.427948 235.573318 
269.632599 301.751648 
217.042404 224.995911 
222.061600 203.756821 
313.609283 181.475815 
338.360077 211.904373 
290.416107 188.581863 
266.660736 315.534149 
152.880661 228.374283 
466.228546 274.259338 
482.965668 204.144958 
262.176422 209.362427 
245.524445 227.177521 
291.507111 189.882538 
316.308960 238.374298 
316.306244 237.709457 
158.945023 280.095947 
347.606354 231.717026 
228.171692 222.640411 
479.454834 204.965393 
256.686829 195.607056 
307.286835 341.231964 
309.284515 185.201736 
499.006378 212.602310 
499.224030 213.309479 
238.678558 250.087555 
475.441101 245.267715 
234.052368 186.844788 
241.950378 190.879517 
248.240860 227.563034 
485.245789 248.577927 
501.057495 237.635727 
469.286804 270.763550 
287.646698 109.720177 
284.763519 157.767471 
268.935791 294.051697 
474.284607 227.762741 
153.580780 341.965363 
502.442902 276.652527 
272.933868 301.257568 
266.267609 139.225967 
417.569427 195.231064 
415.834503 280.617767 
212.176910 257.702484 
356.476471 231.919800 
291.807770 211.285492 
336.621826 242.453476 
256.873901 197.485184 
311.484467 256.930176 
246.308411 239.274460 
266.598022 314.231323 
415.893463 206.184464 
359.670715 218.735321 
439.715118 206.709900 
253.284683 144.549728 
145.217224 246.788361 
175.119980 357.206207 
276.389801 329.970612 
472.887054 175.807159 
286.379883 307.200012 
237.116135 236.096756 
318.189758 247.388580 
409.789520 256.887695 
409.823242 257.302277 
169.854462 358.218079 
214.753464 207.627533 
251.949646 196.152786 
363.554626 219.903809 
266.319733 143.737717 
266.580780 316.853577 
405.923157 214.109802 
183.070358 329.747833 
310.490570 269.410095 
237.731598 236.824539 
265.331665 230.575470 
487.734802 230.163132 
309.510864 180.676666 
472.969604 189.549072 
225.314331 199.376740 
274.593597 330.095123 
248.764053 236.464432 
321.012512 318.175751 
272.651001 143.708038 
156.323822 256.482849 
299.441650 275.080017 
373.795227 256.703033 
290.602478 264.308136 
365.034271 221.492889 
505.428192 239.228439 
247.564331 178.685577 
471.290375 273.976135 
280.849182 331.136444 
332.179413 238.464096 
377.041534 242.548264 
327.921539 258.200897 
299.567780 272.226105 
476.886200 185.914627 
286.648590 109.533501 
413.144165 285.468048 
522.839355 205.858078 
318.804321 362.654358 
273.790741 155.310440 
253.056992 329.753937 
331.556335 271.256195 
419.711548 201.916061 
149.909515 241.834595 
153.644501 228.653061 
247.075500 177.787308 
323.316376 234.207138 
238.871078 327.525055 
527.138489 233.871750 
268.431244 181.917816 
305.221619 224.773392 
146.605087 251.137436 
480.371521 260.497803 
292.332245 308.354889 
157.158630 355.677551 
214.453979 204.319733 
212.991806 206.734222 
483.461273 190.355270 
141.537201 229.929520 
411.187164 282.964722 
269.474304 217.908569 
136.771866 302.987122 
422.377289 195.807526 
274.391296 284.349365 
271.828430 310.610199 
224.616959 346.472870 
472.706482 219.916321 
331.941010 271.884399 
296.854065 274.063416 
244.444305 224.728958 
222.386185 209.696655 
226.979614 225.443069 
51.317047 311.106567 
222.885727 206.522629 
462.495209 187.076187 
512.616333 268.227478 
512.920471 268.299927 
278.460114 209.986755 
472.051117 269.949310 
125.238510 351.726929 
248.618805 179.863693 
309.483643 345.343719 
214.061234 222.645111 
154.274841 239.087433 
269.529846 308.077057 
302.302216 198.653412 
441.384216 247.557892 
296.286499 294.342834 
296.396271 293.637054 
436.197662 185.156250 
228.482346 229.328751 
452.242096 180.824448 
310.100525 280.176117 
321.300598 274.544464 
306.978546 214.078522 
232.870010 213.045731 
129.971649 350.693451 
293.188599 211.943695 
144.072876 234.656677 
244.178864 294.440521 
280.485474 314.904236 
514.521362 215.660385 
349.419922 337.304108 
325.133148 265.429779 
402.895203 236.330093 
118.079704 360.485474 
476.079529 184.352997 
