972
253.852448 280.383392 
293.291809 326.734161 
293.291809 326.734161 
284.831970 362.361145 
269.505005 289.944672 
301.433472 288.110168 
286.570343 365.662170 
251.317688 356.637268 
269.505005 289.944672 
197.893265 287.738464 
283.340912 368.842682 
430.626587 309.728882 
286.839996 312.837250 
296.421082 304.293762 
430.626587 309.728882 
197.893265 287.738464 
290.837708 311.396271 
301.433472 288.110168 
282.841461 291.433716 
197.893265 287.738464 
282.990448 311.243469 
246.799286 299.108734 
296.421082 304.293762 
283.340912 368.842682 
280.115875 352.582367 
296.421082 304.293762 
291.290710 301.134735 
246.799286 299.108734 
276.529938 299.085724 
180.840912 375.764282 
203.032059 313.289948 
291.290710 301.134735 
258.109436 296.411102 
286.839996 312.837250 
276.529938 299.085724 
293.291809 326.734161 
244.048904 297.688446 
430.626587 309.728882 
286.839996 312.837250 
290.837708 311.396271 
301.433472 288.110168 
277.581299 299.912323 
244.048904 297.688446 
240.708130 297.120026 
293.291809 326.734161 
240.708130 297.120026 
205.222580 294.712708 
276.529938 299.085724 
290.837708 311.396271 
277.581299 299.912323 
267.580811 350.717987 
258.109436 296.411102 
267.580811 350.717987 
267.580811 350.717987 
240.708130 297.120026 
291.290710 301.134735 
244.048904 297.688446 
432.556793 313.221497 
293.291809 326.734161 
276.529938 299.085724 
430.626587 309.728882 
261.733765 355.536591 
375.183350 285.347778 
430.626587 309.728882 
301.433472 288.110168 
390.120422 287.169861 
291.290710 301.134735 
267.580811 350.717987 
286.811096 295.340302 
307.722656 336.760223 
421.967407 303.565063 
258.109436 296.411102 
258.109436 296.411102 
293.291809 326.734161 
288.407471 290.798553 
421.967407 303.565063 
276.233704 286.390625 
282.005005 307.217316 
286.811096 295.340302 
275.885864 299.981720 
276.282532 384.341736 
429.013214 333.465729 
213.614639 282.067596 
286.811096 295.340302 
257.651642 375.740112 
286.811096 295.340302 
430.626587 309.728882 
430.626587 309.728882 
180.840912 375.764282 
281.094086 299.581879 
382.662201 319.217194 
293.325348 362.127106 
301.433472 288.110168 
272.529602 297.841492 
207.409286 297.372406 
286.839996 312.837250 
286.839996 312.837250 
293.325348 362.127106 
422.341034 292.320251 
283.676422 278.506897 
257.504883 278.337250 
390.120422 287.169861 
390.120422 287.169861 
269.560638 386.851440 
421.967407 303.565063 
206.405991 348.577454 
248.946182 297.321198 
261.733765 355.536591 
269.505005 289.944672 
200.305649 293.818481 
385.394043 356.650177 
207.409286 297.372406 
197.893265 287.738464 
301.433472 288.110168 
282.357666 277.261444 
213.614639 282.067596 
276.540710 312.325043 
203.032059 313.289948 
426.278168 308.331970 
257.504883 278.337250 
296.421082 304.293762 
211.038498 275.639526 
258.109436 296.411102 
374.478546 310.134735 
476.121185 249.598297 
282.357666 277.261444 
288.586395 373.481445 
372.101074 300.121033 
267.750916 265.554047 
422.341034 292.320251 
283.676422 278.506897 
283.676422 278.506897 
251.317688 356.637268 
298.073486 319.206482 
307.722656 336.760223 
248.420120 337.532104 
267.733002 283.139404 
205.222580 294.712708 
267.580811 350.717987 
278.742737 354.796814 
195.819550 376.553162 
377.144318 311.251740 
438.411987 300.869659 
292.437592 280.159210 
372.101074 300.121033 
206.405991 348.577454 
300.195343 288.108612 
249.606613 315.165985 
194.062714 370.109741 
297.127319 299.889984 
368.354797 343.627777 
136.995682 382.244232 
283.340912 368.842682 
283.676422 278.506897 
273.671814 366.746765 
225.179184 333.432648 
207.409286 297.372406 
207.409286 297.372406 
282.473053 288.944611 
292.437592 280.159210 
436.297546 313.518158 
393.868683 288.484589 
269.505005 289.944672 
390.120422 287.169861 
273.671814 366.746765 
195.119858 361.373291 
290.106873 288.499207 
238.052673 237.500626 
225.179184 333.432648 
276.529938 299.085724 
195.119858 361.373291 
290.106873 288.499207 
263.513153 337.254486 
282.357666 277.261444 
393.868683 288.484589 
292.437592 280.159210 
263.513153 337.254486 
249.606613 315.165985 
390.120422 287.169861 
374.478546 310.134735 
381.668121 287.440338 
284.831970 362.361145 
136.995682 382.244232 
430.539856 308.094696 
298.005341 299.924561 
374.478546 310.134735 
258.965851 282.767944 
195.119858 361.373291 
206.405991 348.577454 
282.357666 277.261444 
247.377701 296.996185 
194.062714 370.109741 
394.177032 314.083069 
299.114471 299.321686 
269.538574 360.866943 
370.906952 306.547363 
244.048904 297.688446 
191.124130 304.914917 
378.755035 330.725220 
370.906952 306.547363 
370.906952 306.547363 
194.062714 370.109741 
329.448486 294.874390 
274.667053 312.075439 
185.618958 305.717529 
378.755035 330.725220 
282.005005 307.217316 
225.179184 333.432648 
421.967407 303.565063 
377.649780 301.087189 
390.120422 287.169861 
390.120422 287.169861 
187.889938 305.838684 
422.341034 292.320251 
279.105316 354.204376 
370.906952 306.547363 
434.278503 329.502319 
244.048904 297.688446 
251.317688 356.637268 
375.183350 285.347778 
298.005341 299.924561 
203.947479 333.182800 
390.120422 287.169861 
205.039124 343.685577 
292.355743 357.043671 
258.109436 296.411102 
283.676422 278.506897 
290.767212 247.002380 
276.282532 384.341736 
195.819550 376.553162 
430.626587 309.728882 
292.355743 357.043671 
197.893265 287.738464 
279.105316 354.204376 
279.105316 354.204376 
205.636200 331.080200 
283.132141 89.318390 
283.340912 368.842682 
203.947479 333.182800 
422.341034 292.320251 
205.222580 294.712708 
203.947479 333.182800 
259.485901 326.179962 
394.177032 314.083069 
271.232849 280.127686 
205.636200 331.080200 
591.653931 126.315651 
284.745178 100.729164 
378.755035 330.725220 
426.278168 308.331970 
423.376953 289.425873 
279.105316 354.204376 
197.889526 308.028809 
293.325348 362.127106 
373.441376 293.057739 
203.032059 313.289948 
438.411987 300.869659 
384.397736 321.401581 
309.337311 300.104248 
191.124130 304.914917 
384.959625 354.654877 
190.648499 286.397095 
401.843079 367.617706 
476.121185 249.598297 
284.745178 100.729164 
370.906952 306.547363 
384.959625 354.654877 
284.745178 100.729164 
591.653931 126.315651 
276.282532 384.341736 
209.251144 349.004608 
309.337311 300.104248 
276.529938 299.085724 
276.529938 299.085724 
202.157303 306.077454 
284.745178 100.729164 
282.667389 343.467072 
591.653931 126.315651 
591.653931 126.315651 
211.038498 275.639526 
290.093170 233.303604 
257.728638 290.816620 
317.813507 303.198853 
272.136017 308.352875 
439.128174 316.582275 
292.437592 280.159210 
247.377701 296.996185 
185.124847 351.258392 
259.068726 327.605530 
243.479401 293.767883 
284.745178 100.729164 
591.653931 126.315651 
318.170227 335.985840 
373.441376 293.057739 
258.109436 296.411102 
372.101074 300.121033 
214.560974 382.986450 
278.999359 351.386719 
257.504883 278.337250 
434.278503 329.502319 
554.983948 392.052002 
384.959625 354.654877 
384.959625 354.654877 
202.157303 306.077454 
209.251144 349.004608 
194.062714 370.109741 
384.397736 321.401581 
286.176392 277.446869 
286.176392 277.446869 
381.668121 287.440338 
180.840912 375.764282 
394.177032 314.083069 
194.062714 370.109741 
591.653931 126.315651 
434.278503 329.502319 
591.653931 126.315651 
591.653931 126.315651 
278.742737 354.796814 
431.029510 328.891754 
306.446045 285.511780 
393.257599 298.564758 
270.570923 365.429077 
385.657654 357.203796 
385.657654 357.203796 
283.676422 278.506897 
247.377701 296.996185 
278.742737 354.796814 
251.939621 325.089020 
202.157303 306.077454 
214.560974 382.986450 
381.668121 287.440338 
313.135773 341.230194 
390.120422 287.169861 
191.124130 304.914917 
384.959625 354.654877 
263.513153 337.254486 
373.441376 293.057739 
309.917664 298.775116 
439.128174 316.582275 
380.585785 300.767090 
397.313690 364.736664 
401.843079 367.617706 
283.676422 278.506897 
384.959625 354.654877 
286.570343 365.662170 
270.570923 365.429077 
284.745178 100.729164 
194.062714 370.109741 
279.105316 354.204376 
292.349701 372.285828 
276.529938 299.085724 
206.405991 348.577454 
191.124130 304.914917 
374.478546 310.134735 
292.918884 309.457062 
180.514496 357.877472 
221.115540 329.890106 
271.881836 335.536041 
263.931702 377.978607 
263.931702 377.978607 
263.931702 377.978607 
438.411987 300.869659 
263.513153 337.254486 
591.653931 126.315651 
310.559143 300.472565 
309.917664 298.775116 
194.062714 370.109741 
282.473053 288.944611 
283.676422 278.506897 
291.793488 248.145172 
194.062714 370.109741 
373.441376 293.057739 
276.529938 299.085724 
267.778931 367.910583 
370.906952 306.547363 
436.634399 247.427338 
278.999359 351.386719 
295.094574 287.242371 
203.947479 333.182800 
591.653931 126.315651 
194.062714 370.109741 
267.733002 283.139404 
380.464111 314.758087 
260.670624 320.790802 
180.840912 375.764282 
194.062714 370.109741 
282.473053 288.944611 
391.092041 321.335266 
303.822021 300.663300 
185.618958 305.717529 
274.667053 312.075439 
373.750061 331.280884 
272.357391 305.568695 
384.397736 321.401581 
205.039124 343.685577 
387.656555 283.293518 
249.606613 315.165985 
374.478546 310.134735 
248.946182 297.321198 
199.532166 313.440094 
426.333649 351.907166 
194.062714 370.109741 
293.291809 326.734161 
293.291809 326.734161 
591.653931 126.315651 
293.727570 307.084412 
267.690369 363.966370 
384.205414 342.013702 
289.595856 246.755783 
248.420120 337.532104 
272.136017 308.352875 
295.094574 287.242371 
284.745178 100.729164 
594.569763 244.448776 
270.831329 326.641296 
199.122162 363.901093 
594.569763 244.448776 
202.157303 306.077454 
426.333649 351.907166 
184.241943 310.958221 
397.313690 364.736664 
591.653931 126.315651 
283.132141 89.318390 
317.813507 303.198853 
278.742737 354.796814 
194.062714 370.109741 
380.585785 300.767090 
300.195343 288.108612 
283.676422 278.506897 
391.092041 321.335266 
282.005005 307.217316 
194.062714 370.109741 
185.276443 298.304474 
282.990448 311.243469 
195.119858 361.373291 
247.377701 296.996185 
384.959625 354.654877 
182.509079 395.969574 
393.257599 298.564758 
195.119858 361.373291 
248.420120 337.532104 
238.052673 237.500626 
438.411987 300.869659 
254.419800 362.575592 
594.569763 244.448776 
195.119858 361.373291 
398.763855 374.732697 
597.817505 392.344177 
597.817505 392.344177 
394.177032 314.083069 
425.130188 351.734985 
297.179718 245.423370 
397.313690 364.736664 
247.377701 296.996185 
382.448364 335.968262 
191.124130 304.914917 
194.562820 301.172241 
103.872482 384.071289 
248.420120 337.532104 
423.376953 289.425873 
185.607330 350.242950 
283.132141 89.318390 
254.640274 336.110199 
278.742737 354.796814 
202.128647 272.808624 
394.177032 314.083069 
591.653931 126.315651 
269.594025 368.624420 
195.190750 315.319336 
189.866318 363.867950 
591.653931 126.315651 
397.313690 364.736664 
276.282532 384.341736 
191.124130 304.914917 
385.908203 360.299316 
423.376953 289.425873 
397.313690 364.736664 
284.745178 100.729164 
244.048904 297.688446 
420.385223 357.942902 
420.385223 357.942902 
394.177032 314.083069 
382.448364 335.968262 
200.606140 352.933929 
194.062714 370.109741 
303.197815 91.378662 
392.595551 273.405396 
372.101074 300.121033 
279.940369 318.239044 
202.157303 306.077454 
429.013214 333.465729 
391.375885 340.921997 
268.715881 299.009857 
393.257599 298.564758 
591.653931 126.315651 
199.122162 363.901093 
272.357391 305.568695 
384.959625 354.654877 
408.797821 362.123871 
269.594025 368.624420 
380.464111 314.758087 
254.419800 362.575592 
213.115143 285.079895 
195.190750 315.319336 
195.119858 361.373291 
392.595551 273.405396 
205.636200 331.080200 
436.634399 247.427338 
436.297546 313.518158 
194.062714 370.109741 
292.918884 309.457062 
391.375885 340.921997 
254.640274 336.110199 
401.843079 367.617706 
393.990204 312.979614 
268.715881 299.009857 
303.058502 320.287598 
185.902634 346.087128 
254.419800 362.575592 
249.606613 315.165985 
274.667053 312.075439 
182.816101 316.032562 
195.190750 315.319336 
195.373520 356.495972 
421.967407 303.565063 
279.438324 349.514069 
439.128174 316.582275 
390.120422 287.169861 
269.287415 306.879517 
205.222580 294.712708 
591.653931 126.315651 
268.715881 299.009857 
594.569763 244.448776 
594.569763 244.448776 
591.653931 126.315651 
260.678040 377.765106 
439.128174 316.582275 
248.420120 337.532104 
194.062714 370.109741 
385.908203 360.299316 
202.157303 306.077454 
273.867584 377.666840 
284.745178 100.729164 
248.420120 337.532104 
274.667053 312.075439 
591.653931 126.315651 
302.230530 252.717682 
191.124130 304.914917 
185.607330 350.242950 
205.222580 294.712708 
261.140198 280.049377 
329.448486 294.874390 
189.866318 363.867950 
269.220245 372.477539 
306.144684 301.632965 
430.539856 308.094696 
272.136017 308.352875 
313.135773 341.230194 
410.263885 371.105530 
553.831360 392.195496 
394.177032 314.083069 
252.476440 336.820343 
306.144684 301.632965 
209.706757 370.630829 
283.676422 278.506897 
570.725037 103.245522 
231.058594 327.213867 
231.058594 327.213867 
373.441376 293.057739 
276.540710 312.325043 
417.960907 369.469269 
205.180969 321.950623 
284.745178 100.729164 
290.093170 233.303604 
279.940369 318.239044 
394.177032 314.083069 
205.039124 343.685577 
229.908707 390.249817 
182.944733 294.488525 
182.944733 294.488525 
260.678040 377.765106 
432.111481 347.917755 
276.540710 312.325043 
283.132141 89.318390 
393.257599 298.564758 
284.745178 100.729164 
284.745178 100.729164 
274.667053 312.075439 
266.241638 305.154968 
185.902634 346.087128 
391.375885 340.921997 
248.420120 337.532104 
267.189606 311.168335 
382.448364 335.968262 
408.797821 362.123871 
410.263885 371.105530 
202.370499 352.089050 
385.849884 275.292938 
263.931702 377.978607 
380.585785 300.767090 
432.111481 347.917755 
374.497314 295.095184 
573.594910 266.170471 
394.177032 314.083069 
436.634399 247.427338 
203.947479 333.182800 
285.477936 355.078552 
194.525513 369.445129 
329.448486 294.874390 
439.128174 316.582275 
203.947479 333.182800 
200.606140 352.933929 
205.222580 294.712708 
328.752777 294.213562 
266.112183 239.211716 
284.745178 100.729164 
433.354156 326.770813 
194.525513 369.445129 
295.094574 287.242371 
189.866318 363.867950 
285.477936 355.078552 
393.257599 298.564758 
189.866318 363.867950 
372.101074 300.121033 
205.482758 303.784973 
591.653931 126.315651 
574.268250 394.621338 
287.751526 249.735184 
291.773743 308.745636 
266.112183 239.211716 
393.868683 288.484589 
282.473053 288.944611 
269.764465 388.000519 
446.911591 320.695648 
391.092041 321.335266 
387.656555 283.293518 
438.411987 300.869659 
278.742737 354.796814 
194.062714 370.109741 
368.354797 343.627777 
279.105316 354.204376 
369.224945 289.512939 
290.767212 247.002380 
275.885864 299.981720 
219.247070 383.821167 
323.374969 291.561951 
309.337311 300.104248 
373.784180 357.091675 
282.990448 311.243469 
282.990448 311.243469 
269.220245 372.477539 
393.257599 298.564758 
197.893265 287.738464 
197.893265 287.738464 
273.795929 311.821594 
273.795929 311.821594 
163.316376 376.981903 
269.731140 376.847168 
195.119858 361.373291 
380.585785 300.767090 
382.662201 319.217194 
247.546661 338.910767 
266.112183 239.211716 
203.786072 402.795715 
293.291809 326.734161 
185.138870 345.678986 
273.867584 377.666840 
195.373520 356.495972 
245.755539 311.266418 
380.464111 314.758087 
182.815384 395.347717 
190.648499 286.397095 
185.607330 350.242950 
248.420120 337.532104 
248.420120 337.532104 
291.290710 301.134735 
186.199631 382.411957 
200.161682 379.111328 
291.573242 305.133270 
591.653931 126.315651 
374.478546 310.134735 
276.540710 312.325043 
409.952820 289.946167 
216.769089 338.796753 
103.872482 384.071289 
202.157303 306.077454 
393.257599 298.564758 
384.397736 321.401581 
393.990204 312.979614 
297.179718 245.423370 
286.176392 277.446869 
286.176392 277.446869 
177.727158 354.464020 
195.321243 318.017487 
195.321243 318.017487 
284.824219 267.461090 
594.569763 244.448776 
300.866638 343.499237 
393.868683 288.484589 
393.868683 288.484589 
207.409286 297.372406 
257.728638 290.816620 
257.728638 290.816620 
266.112183 239.211716 
290.767212 247.002380 
405.229919 314.457916 
380.464111 314.758087 
391.375885 340.921997 
397.313690 364.736664 
205.222580 294.712708 
260.678040 377.765106 
284.745178 100.729164 
283.132141 89.318390 
372.101074 300.121033 
263.931702 377.978607 
274.667053 312.075439 
263.931702 377.978607 
591.653931 126.315651 
248.420120 337.532104 
267.189606 311.168335 
506.116730 396.218658 
380.464111 314.758087 
284.745178 100.729164 
309.337311 300.104248 
266.112183 239.211716 
437.476288 408.685028 
393.257599 298.564758 
289.921448 323.007019 
291.773743 308.745636 
194.062714 370.109741 
293.727570 307.084412 
289.595856 246.755783 
254.419800 362.575592 
254.419800 362.575592 
401.843079 367.617706 
276.540710 312.325043 
424.012817 363.275055 
379.044342 310.557678 
238.852646 321.083038 
266.066223 374.205200 
283.132141 89.318390 
283.132141 89.318390 
393.257599 298.564758 
270.831329 326.641296 
389.562134 364.327118 
393.868683 288.484589 
393.257599 298.564758 
225.587051 325.406158 
341.756531 306.133026 
295.094574 287.242371 
269.220245 372.477539 
591.653931 126.315651 
268.395752 259.339020 
184.241943 310.958221 
270.831329 326.641296 
436.634399 247.427338 
394.177032 314.083069 
248.420120 337.532104 
295.556854 228.669312 
225.587051 325.406158 
282.473053 288.944611 
291.290710 301.134735 
591.653931 126.315651 
291.773743 308.745636 
436.634399 247.427338 
591.653931 126.315651 
199.731049 329.233704 
272.357391 305.568695 
261.055878 314.774689 
209.147705 298.493408 
278.464844 302.733917 
276.540710 312.325043 
195.819550 376.553162 
391.092041 321.335266 
272.357391 305.568695 
570.725037 103.245522 
290.767212 247.002380 
270.831329 326.641296 
309.269287 329.590057 
246.799286 299.108734 
269.731140 376.847168 
270.831329 326.641296 
404.816559 280.035370 
289.595856 246.755783 
292.103149 230.351761 
303.197815 91.378662 
257.728638 290.816620 
167.663528 402.551178 
248.420120 337.532104 
251.939621 325.089020 
276.540710 312.325043 
382.448364 335.968262 
195.373520 356.495972 
104.931252 385.800873 
225.587051 325.406158 
225.587051 325.406158 
284.745178 100.729164 
367.962097 326.472198 
278.592377 362.670074 
402.583221 302.401611 
398.763855 374.732697 
255.609283 308.382874 
269.560638 386.851440 
272.972412 299.079224 
213.336105 379.082916 
391.092041 321.335266 
284.745178 100.729164 
202.157303 306.077454 
272.529602 297.841492 
272.529602 297.841492 
224.811447 323.194855 
195.373520 356.495972 
367.598846 326.865295 
259.485901 326.179962 
189.866318 363.867950 
240.708130 297.120026 
289.595856 246.755783 
284.460266 249.500031 
384.205414 342.013702 
230.771286 332.249084 
180.609512 349.098236 
427.703979 333.955475 
421.967407 303.565063 
430.211761 357.638397 
219.247070 383.821167 
266.112183 239.211716 
248.420120 337.532104 
276.540710 312.325043 
269.287415 306.879517 
376.370026 333.073853 
272.357391 305.568695 
238.052673 237.500626 
195.819550 376.553162 
184.108704 372.379761 
225.754044 333.535248 
394.177032 314.083069 
263.931702 377.978607 
405.620209 281.116089 
390.273804 365.372498 
270.831329 326.641296 
283.676422 278.506897 
195.373520 356.495972 
195.819550 376.553162 
209.735626 305.997559 
295.556854 228.669312 
409.952820 289.946167 
320.817841 310.593658 
391.375885 340.921997 
211.684189 310.873199 
283.676422 278.506897 
203.306091 402.269409 
390.120422 287.169861 
189.866318 363.867950 
393.257599 298.564758 
185.138870 345.678986 
201.290802 321.906647 
269.220245 372.477539 
285.995178 310.683899 
289.921448 323.007019 
284.745178 100.729164 
286.027527 240.550949 
290.837708 311.396271 
324.327332 329.800293 
212.025299 305.945404 
426.333649 351.907166 
290.093170 233.303604 
303.197815 91.378662 
427.703979 333.955475 
309.917664 298.775116 
194.062714 370.109741 
278.664032 313.205048 
278.664032 313.205048 
391.092041 321.335266 
274.389862 363.181244 
409.952820 289.946167 
301.522858 243.135040 
103.872482 384.071289 
269.220245 372.477539 
192.954071 358.543671 
300.866638 343.499237 
286.839996 312.837250 
266.112183 239.211716 
261.140198 280.049377 
284.745178 100.729164 
301.433472 288.110168 
272.529602 297.841492 
381.668121 287.440338 
300.866638 343.499237 
591.653931 126.315651 
380.464111 314.758087 
406.111725 272.930573 
296.342194 229.549088 
391.375885 340.921997 
247.454071 317.703979 
205.222580 294.712708 
202.128647 272.808624 
391.375885 340.921997 
391.375885 340.921997 
188.662689 375.201599 
257.680664 314.715820 
273.867584 377.666840 
287.751526 249.735184 
421.967407 303.565063 
186.639053 330.452759 
202.087769 280.013336 
230.771286 332.249084 
296.342194 229.549088 
173.515671 400.889740 
277.318817 237.069565 
276.233704 286.390625 
276.233704 286.390625 
406.993439 318.594727 
290.837708 311.396271 
209.251144 349.004608 
433.354156 326.770813 
270.570923 365.429077 
355.434540 335.139465 
176.812851 376.052643 
406.993439 318.594727 
390.273804 365.372498 
309.159698 240.834015 
308.777161 237.064728 
206.579697 358.867065 
384.205414 342.013702 
292.437592 280.159210 
306.144684 301.632965 
245.755539 311.266418 
266.241638 305.154968 
255.178574 281.299927 
406.993439 318.594727 
290.767212 247.002380 
190.071228 372.950500 
273.795929 311.821594 
276.540710 312.325043 
177.727158 354.464020 
184.755737 378.455353 
384.205414 342.013702 
436.634399 247.427338 
247.017746 339.595825 
191.912567 355.023163 
209.735626 305.997559 
195.681992 405.099518 
380.464111 314.758087 
401.843079 367.617706 
185.607330 350.242950 
279.940369 318.239044 
391.375885 340.921997 
274.389862 363.181244 
245.040375 334.732117 
309.159698 240.834015 
430.223480 306.917999 
276.233704 286.390625 
575.466431 393.421173 
435.880615 359.079407 
591.653931 126.315651 
274.667053 312.075439 
289.595856 246.755783 
276.233704 286.390625 
199.532166 313.440094 
591.653931 126.315651 
396.380707 335.958282 
389.612366 315.719482 
384.950836 308.763062 
197.697495 340.280670 
249.606613 315.165985 
384.205414 342.013702 
283.132141 89.318390 
188.548798 300.782654 
320.817841 310.593658 
201.290802 321.906647 
372.101074 300.121033 
372.101074 300.121033 
