500
495.669281 216.525818 
499.006378 212.602310 
499.224030 213.309479 
140.854721 309.947510 
140.876541 309.769440 
487.472534 199.996902 
115.265945 347.821259 
277.954132 316.842102 
168.934311 358.105103 
169.384827 358.093140 
477.616577 200.449936 
258.032715 226.228745 
473.180206 233.610489 
482.200562 208.129578 
277.358643 318.034393 
185.139893 330.367493 
475.469971 194.861237 
257.983459 224.956467 
480.698212 198.632751 
514.521362 215.660385 
511.354248 245.172775 
473.876984 226.937515 
422.766235 270.293579 
293.072998 265.480408 
264.564087 283.646912 
94.874336 317.723511 
94.989006 317.818146 
293.835876 265.149780 
316.308960 238.374298 
316.306244 237.709457 
409.789520 256.887695 
409.823242 257.302277 
264.210205 283.782379 
328.930328 241.075256 
140.137543 235.660950 
322.310822 238.937820 
146.605087 251.137436 
512.354248 245.743256 
117.246025 350.705475 
237.705139 214.002701 
469.780518 233.442810 
145.664688 241.999344 
146.209671 242.334015 
329.787415 241.477295 
125.238510 351.726929 
321.012512 318.175751 
141.652298 291.536804 
95.085289 324.914062 
511.662964 242.092026 
511.643127 241.435455 
468.920044 233.207108 
468.996887 233.351181 
471.837097 238.041641 
424.011810 269.842285 
459.509827 220.808990 
180.871384 352.947479 
287.064056 90.533890 
287.086761 90.585007 
295.694794 169.280807 
488.975403 194.954147 
140.668793 240.606125 
140.515274 241.248611 
474.284607 227.762741 
475.378906 211.698151 
174.991211 351.859558 
144.961624 256.759308 
482.965668 204.144958 
446.061829 239.059998 
342.628479 214.159790 
145.217224 246.788361 
454.447449 243.365128 
514.523560 245.769791 
329.268341 242.898239 
483.461273 190.355270 
460.109894 223.441711 
290.602478 264.308136 
484.797760 193.085327 
224.234619 228.316132 
266.480011 281.557129 
402.649292 259.199219 
262.176422 209.362427 
251.949646 196.152786 
479.391998 207.700485 
472.622803 248.342728 
336.078064 263.015656 
479.454834 204.965393 
244.444305 224.728958 
229.187378 193.955307 
455.690308 243.086426 
228.482346 229.328751 
505.428192 239.228439 
483.046143 210.592773 
111.264595 358.983551 
207.356964 193.788300 
421.994202 232.669220 
145.165100 195.986160 
338.360077 211.904373 
507.156189 241.176178 
460.400543 224.241867 
455.071899 242.241531 
94.999809 317.161133 
327.860138 261.077789 
309.479492 341.615753 
229.199844 195.374512 
122.902138 341.897552 
408.675995 257.622620 
417.463348 229.224258 
259.798096 230.915665 
118.079704 360.485474 
453.380463 231.897324 
169.854462 358.218079 
163.547180 348.080933 
204.880142 308.194611 
435.014587 183.570938 
472.971191 192.587036 
464.767517 224.417969 
418.733673 228.432098 
327.712433 262.063629 
499.867218 298.485077 
322.303009 341.533569 
310.561890 342.239441 
297.782135 254.489594 
162.009460 359.982849 
339.992523 238.847870 
253.056992 329.753937 
124.073280 358.581329 
313.912750 364.059143 
291.446747 267.140533 
321.559296 179.136185 
164.439911 344.420197 
478.454865 231.517487 
270.992432 332.340576 
229.090988 193.150406 
141.537201 229.929520 
289.884949 264.094757 
472.496033 238.946793 
307.286835 341.231964 
418.688660 232.780334 
419.208984 232.677444 
131.289047 352.136749 
96.997047 337.415680 
276.389801 329.970612 
224.722977 228.605118 
294.982117 163.270966 
424.614136 234.329758 
334.703094 253.291885 
300.208954 338.536713 
139.824249 306.077972 
280.849182 331.136444 
266.319733 143.737717 
480.709290 256.877594 
235.760849 192.030594 
306.998871 178.043091 
333.953064 236.952393 
162.561829 344.678345 
477.733826 228.211914 
488.659576 197.813354 
241.297592 266.091553 
223.787094 229.705475 
187.810043 343.291260 
340.629303 239.338165 
498.542267 299.490753 
256.719116 229.286301 
315.344543 216.925217 
465.590759 224.269592 
501.057495 237.635727 
472.706482 219.916321 
343.155396 242.046066 
322.834015 336.758362 
422.377289 195.807526 
471.862610 210.279297 
271.115631 330.809509 
321.454498 318.971313 
129.971649 350.693451 
346.210571 209.843353 
214.794708 222.964828 
248.387451 184.722076 
297.370148 166.683060 
217.751556 227.601089 
514.719055 217.582260 
104.891609 358.638428 
478.496979 207.500641 
144.474930 196.830963 
137.697983 307.589325 
349.027679 250.185608 
274.593597 330.095123 
336.621826 242.453476 
280.938660 202.224579 
118.771545 360.176239 
226.979614 225.443069 
330.993652 259.761566 
412.948944 222.443085 
283.148682 332.445831 
336.521332 236.765503 
480.066711 231.884491 
405.927979 207.468094 
346.718689 208.824356 
282.265472 334.434967 
450.449097 228.160751 
450.497864 227.566467 
145.280746 185.281174 
247.564331 178.685577 
222.885727 206.522629 
477.390442 227.550339 
482.839203 191.689438 
237.628998 189.552307 
318.804321 362.654358 
420.224854 228.400513 
97.632317 337.033020 
438.124786 218.982147 
264.771454 210.830200 
233.482452 335.916534 
224.616959 346.472870 
162.029678 340.988892 
216.781448 246.309509 
217.147476 245.951736 
439.715118 206.709900 
311.918945 241.095154 
407.555786 229.525131 
326.548431 341.158569 
416.836914 261.113037 
224.527985 225.067307 
225.126419 225.204132 
480.977509 362.270782 
426.391754 218.945129 
332.179413 238.464096 
279.422089 327.707245 
348.103546 250.020752 
429.029053 222.890533 
245.896713 231.918381 
313.881561 174.472549 
249.066437 184.639572 
401.303070 220.344070 
433.092773 216.191467 
294.626099 208.357193 
356.598206 219.583649 
337.346588 264.702881 
422.419647 213.563156 
228.619629 220.204239 
217.597763 201.334381 
311.194824 213.866119 
175.119980 357.206207 
203.799118 346.088409 
277.118378 319.964813 
321.234406 336.869720 
309.483643 345.343719 
436.631714 234.182556 
146.051941 256.534210 
147.688766 183.587692 
294.632996 205.969742 
230.889572 337.555359 
304.817841 182.851562 
176.130936 356.870575 
512.616333 268.227478 
512.920471 268.299927 
92.858292 341.317688 
93.249245 340.766693 
315.020966 176.432098 
440.862640 201.382996 
337.865631 260.231842 
112.247520 331.191132 
271.679596 154.417725 
403.990906 201.044083 
438.998138 200.919327 
203.508667 191.379761 
214.753464 207.627533 
232.588531 349.782196 
228.171692 222.640411 
338.412262 268.123260 
244.346237 339.794830 
256.433777 192.976257 
214.061234 222.645111 
293.725952 207.161118 
147.502335 183.423813 
251.569397 330.376740 
344.335663 240.859207 
338.268005 266.947113 
338.097382 267.024475 
429.767059 202.466522 
473.226471 191.528610 
141.853683 357.794373 
408.516357 227.614761 
238.754730 183.500412 
327.444763 242.615799 
269.056030 149.507660 
287.366882 198.124771 
283.830902 336.298309 
412.924469 229.103012 
247.075500 177.787308 
105.602036 366.053406 
246.308411 239.274460 
212.991806 206.734222 
436.197662 185.156250 
506.246124 213.313507 
440.333740 200.796509 
238.871078 327.525055 
359.480835 213.171799 
347.606354 231.717026 
522.760193 233.210480 
137.134506 304.950195 
277.151093 321.404083 
232.978027 219.450806 
217.042404 224.995911 
145.829193 188.398727 
385.506989 388.852295 
298.079773 265.267181 
248.618805 179.863693 
144.957062 354.162292 
146.427399 253.477539 
141.816086 304.102295 
300.392975 338.348663 
174.563416 330.416473 
334.575378 250.391586 
454.004517 197.295837 
343.081940 219.674149 
437.175903 191.928864 
233.639801 219.498215 
329.489227 264.886566 
298.578064 165.676605 
313.609283 181.475815 
223.130936 201.081848 
123.327278 345.838806 
204.949081 192.177109 
148.502716 355.251404 
105.462227 358.172729 
215.821045 208.454163 
477.420166 250.447815 
167.148773 358.505463 
220.875183 200.060715 
221.469376 200.330612 
221.067032 207.892120 
272.889160 242.952789 
265.369873 211.902954 
448.348572 216.112732 
456.580750 212.277695 
263.372101 158.847198 
457.462158 212.850571 
416.611420 212.894913 
144.300552 290.026062 
214.453979 204.319733 
225.096817 208.164368 
265.331665 230.575470 
283.500732 126.528732 
440.915924 189.734283 
154.274841 239.087433 
285.875458 215.350189 
247.861328 226.352798 
509.031677 208.939148 
416.237305 261.594849 
265.508423 352.481445 
471.390228 217.741226 
229.387512 340.233215 
138.865860 287.339478 
409.130341 226.773300 
213.365311 227.407654 
237.476105 189.229248 
311.549316 177.664429 
415.355957 212.548492 
266.794281 139.591690 
289.776459 168.517517 
315.625214 276.738953 
244.765274 226.597412 
270.321960 244.353424 
269.551910 244.029968 
275.502258 337.885132 
119.859894 347.173370 
402.699066 208.518265 
476.635162 239.344788 
255.727020 155.115356 
256.416321 155.375732 
492.143829 193.491501 
449.728516 207.182205 
441.131744 198.994675 
341.082001 237.221695 
466.145966 207.142761 
282.219696 194.875641 
149.352554 183.643234 
430.991577 222.423874 
436.332794 226.580765 
359.670715 218.735321 
246.188156 181.979462 
160.369324 344.687012 
339.481628 217.398972 
445.319153 214.910843 
314.637177 277.512238 
325.691650 259.767059 
373.184052 242.045959 
142.919678 183.854813 
238.560867 182.934814 
415.594452 209.087570 
157.158630 355.677551 
353.350647 244.621735 
213.933197 225.113586 
443.379181 221.279144 
443.335907 220.590134 
405.744080 231.668915 
273.790741 155.310440 
309.284515 185.201736 
455.405304 200.519882 
484.324890 255.572250 
442.756683 209.873672 
453.532776 219.568619 
200.725677 190.824982 
201.351746 190.961014 
240.558456 324.375427 
502.595276 214.078186 
243.263123 327.784302 
287.565002 212.162613 
273.146515 244.093445 
444.152191 217.529251 
225.314331 199.376740 
228.275467 335.456573 
467.175232 239.234482 
136.771866 302.987122 
331.859711 266.165649 
236.753830 213.997253 
353.828461 244.020630 
224.701218 190.437866 
294.505798 190.120422 
229.880875 334.217041 
405.495544 200.001221 
135.155243 313.360687 
448.063782 223.600327 
447.259308 224.446945 
313.334686 180.378937 
309.510864 180.676666 
432.838196 223.042953 
283.415741 335.672760 
438.820221 223.463730 
245.524445 227.177521 
291.507111 189.882538 
455.625458 219.855743 
300.678711 208.521011 
485.265594 194.785385 
219.839111 206.212524 
406.017578 226.780914 
234.052368 186.844788 
267.437561 155.548752 
433.909882 243.415894 
405.923157 214.109802 
237.116135 236.096756 
222.386185 209.696655 
241.760925 221.754303 
349.419922 337.304108 
230.992279 228.521759 
247.427948 235.573318 
205.847992 344.573761 
454.966095 201.647659 
143.413666 229.467377 
476.443207 210.209229 
249.569305 172.178528 
436.563263 178.632843 
476.886200 185.914627 
454.216064 202.652359 
116.228767 346.046112 
342.228333 213.336273 
136.856613 293.629425 
327.921539 258.200897 
475.441101 245.267715 
234.962738 186.864227 
472.969604 189.549072 
429.653961 221.737976 
313.052399 175.205338 
146.678329 188.414856 
443.766174 179.342789 
330.808289 213.296997 
227.082504 189.261261 
401.723145 209.547394 
248.242371 331.843353 
392.253265 390.279602 
421.939453 258.685944 
263.127136 157.795364 
288.355774 194.537415 
290.416107 188.581863 
476.079529 184.352997 
452.242096 180.824448 
308.614655 185.569000 
94.124992 358.003601 
262.757385 348.520966 
222.061600 203.756821 
142.273865 183.857239 
403.544800 229.720947 
265.538574 236.212158 
441.384216 247.557892 
220.584824 185.872406 
223.160675 210.506958 
460.489410 206.868530 
298.077087 336.358917 
144.072876 234.656677 
129.744049 349.987610 
232.246918 190.523453 
342.974915 248.351608 
310.554474 263.249756 
469.155701 214.632385 
122.618179 346.934601 
331.909912 267.876831 
440.169189 177.531525 
136.163483 291.380768 
271.470917 185.878220 
437.614716 186.050339 
