500
412.924469 229.103012 
444.916168 284.736786 
418.733673 228.432098 
244.346237 339.794830 
346.210571 209.843353 
162.009460 359.982849 
296.922455 254.368729 
274.593597 330.095123 
248.242371 331.843353 
110.230438 355.415344 
157.871841 343.858063 
300.208954 338.536713 
276.389801 329.970612 
293.835876 265.149780 
253.056992 329.753937 
217.597763 201.334381 
293.072998 265.480408 
156.980957 348.603424 
157.308762 349.244690 
289.776459 168.517517 
449.728516 207.182205 
97.904732 344.235321 
309.483643 345.343719 
162.029678 340.988892 
424.614136 234.329758 
440.225250 235.719254 
150.424469 245.650299 
429.029053 222.890533 
162.561829 344.678345 
452.379303 210.324860 
100.939125 353.330231 
300.392975 338.348663 
141.853683 357.794373 
290.013855 307.430389 
288.355774 194.537415 
309.960236 270.835297 
118.771545 360.176239 
429.653961 221.737976 
159.069122 344.441101 
347.521667 214.713257 
157.158630 355.677551 
297.782135 254.489594 
154.168671 254.417450 
118.079704 360.485474 
160.369324 344.687012 
426.391754 218.945129 
145.217224 246.788361 
238.871078 327.525055 
277.151093 321.404083 
164.439911 344.420197 
342.228333 213.336273 
479.391998 207.700485 
119.344109 367.901917 
452.556030 247.821045 
95.352943 344.733612 
227.957962 197.168549 
171.922699 332.584015 
478.496979 207.500641 
210.673325 196.873795 
50.703453 340.091034 
280.938660 202.224579 
337.346588 264.702881 
238.150620 326.893646 
218.060318 203.691299 
291.470215 170.573074 
237.628998 189.552307 
292.345306 176.609634 
269.776886 153.949295 
232.099487 176.402374 
430.991577 222.423874 
402.895203 236.330093 
336.078064 263.015656 
154.629547 249.807922 
94.124992 358.003601 
321.012512 318.175751 
92.858292 341.317688 
93.249245 340.766693 
229.880875 334.217041 
514.521362 215.660385 
263.127136 157.795364 
269.056030 149.507660 
94.874336 317.723511 
94.989006 317.818146 
251.569397 330.376740 
286.095032 188.703186 
421.994202 232.669220 
475.469971 194.861237 
359.670715 218.735321 
494.158020 238.724655 
155.960251 348.822083 
290.602478 264.308136 
469.757233 260.276428 
346.718689 208.824356 
149.909515 241.834595 
356.598206 219.583649 
436.631714 234.182556 
446.061829 239.059998 
241.297592 266.091553 
289.978851 308.051697 
433.092773 216.191467 
450.317719 186.563080 
421.939453 258.685944 
224.495041 238.912521 
333.953064 236.952393 
279.422089 327.707245 
283.500732 126.528732 
257.983459 224.956467 
174.991211 351.859558 
342.628479 214.159790 
475.378906 211.698151 
153.054504 237.520538 
447.259308 224.446945 
471.862610 210.279297 
442.756683 209.873672 
310.490570 269.410095 
322.310822 238.937820 
212.306519 197.018814 
322.310242 322.555450 
51.253273 306.947327 
215.821045 208.454163 
271.679596 154.417725 
131.289047 352.136749 
219.839111 206.212524 
251.949646 196.152786 
155.918762 253.701309 
297.370148 166.683060 
246.267273 187.612473 
488.975403 194.954147 
275.489380 206.318069 
448.348572 216.112732 
138.114975 340.015991 
445.156433 195.985825 
438.124786 218.982147 
155.845978 353.763550 
271.115631 330.809509 
521.098816 436.673004 
310.561890 342.239441 
313.912750 364.059143 
459.509827 220.808990 
290.416107 188.581863 
455.625458 219.855743 
480.698212 198.632751 
125.238510 351.726929 
263.372101 158.847198 
455.690308 243.086426 
447.424133 196.111877 
460.400543 224.241867 
153.580780 341.965363 
495.019745 238.501221 
91.564331 329.835907 
221.067032 207.892120 
444.152191 217.529251 
171.675644 332.025726 
334.189667 207.894043 
501.057495 237.635727 
315.023590 229.914536 
295.694794 169.280807 
321.454498 318.971313 
415.594452 209.087570 
291.116333 186.837341 
228.370865 181.848770 
223.787094 229.705475 
283.885529 217.539230 
270.992432 332.340576 
476.443207 210.209229 
495.669281 216.525818 
291.507111 189.882538 
144.961624 256.759308 
246.188156 181.979462 
237.476105 189.229248 
43.104763 347.265991 
487.452209 253.028503 
277.118378 319.964813 
454.443939 274.576538 
455.071899 242.241531 
459.515350 255.202072 
454.447449 243.365128 
418.688660 232.780334 
419.208984 232.677444 
486.983704 253.691315 
464.767517 224.417969 
514.719055 217.582260 
146.605087 251.137436 
483.046143 210.592773 
289.884949 264.094757 
129.929016 346.459656 
480.709290 256.877594 
482.839203 191.689438 
287.064056 90.533890 
287.086761 90.585007 
507.156189 241.176178 
465.590759 224.269592 
141.537201 229.929520 
94.999809 317.161133 
416.611938 192.561844 
462.919373 254.995239 
406.017578 226.780914 
143.413666 229.467377 
453.532776 219.568619 
336.521332 236.765503 
471.837097 238.041641 
444.737213 196.528961 
265.331665 230.575470 
262.757385 348.520966 
112.247520 331.191132 
154.279572 259.523224 
69.210281 326.064392 
280.485474 314.904236 
415.159454 199.998611 
437.175903 191.928864 
214.453979 204.319733 
416.721466 199.691833 
385.506989 388.852295 
472.496033 238.946793 
473.180206 233.610489 
154.815536 357.406891 
460.109894 223.441711 
445.319153 214.910843 
298.064026 193.100067 
297.512817 193.124481 
268.198914 146.101501 
287.366882 198.124771 
452.510681 184.218277 
453.380463 231.897324 
140.668793 240.606125 
140.515274 241.248611 
483.702820 229.438843 
273.790741 155.310440 
484.797760 193.085327 
234.803787 175.577850 
287.565002 212.162613 
119.859894 347.173370 
235.760849 192.030594 
258.032715 226.228745 
382.352875 243.046265 
415.893463 206.184464 
455.405304 200.519882 
416.711823 193.745270 
243.263123 327.784302 
457.034637 252.933212 
475.633148 254.822800 
311.918945 241.095154 
337.145081 324.055054 
287.359192 213.404556 
154.274841 239.087433 
146.427399 253.477539 
282.158936 164.509048 
98.161324 316.961182 
492.143829 193.491501 
437.614716 186.050339 
467.175232 239.234482 
323.271057 322.871704 
499.006378 212.602310 
499.224030 213.309479 
432.838196 223.042953 
214.753464 207.627533 
486.680603 261.664093 
309.510864 180.676666 
462.495209 187.076187 
122.902138 341.897552 
244.444305 224.728958 
284.763519 157.767471 
409.789520 256.887695 
409.823242 257.302277 
360.658356 251.461624 
423.488770 190.728790 
380.840485 242.874969 
111.264595 358.983551 
332.347473 206.930939 
401.303070 220.344070 
158.360550 227.694397 
392.253265 390.279602 
471.290375 273.976135 
224.722977 228.605118 
267.910004 144.536240 
200.725677 190.824982 
201.351746 190.961014 
248.617050 164.803467 
440.862640 201.382996 
222.061600 203.756821 
264.181122 232.427567 
451.627289 182.800873 
311.756226 322.241821 
498.542267 299.490753 
456.580750 212.277695 
144.957062 354.162292 
213.125015 189.625305 
224.234619 228.316132 
290.698181 173.847443 
256.873901 197.485184 
454.004517 197.295837 
156.323822 256.482849 
498.888885 270.644104 
115.265945 347.821259 
454.286255 253.191605 
453.839996 277.710266 
479.827209 253.257080 
350.660736 218.050522 
256.686829 195.607056 
478.454865 231.517487 
477.616577 200.449936 
233.482452 335.916534 
457.462158 212.850571 
472.971191 192.587036 
443.379181 221.279144 
443.335907 220.590134 
286.379883 307.200012 
336.647644 210.054214 
283.415741 335.672760 
422.377289 195.807526 
424.241974 192.043777 
429.767059 202.466522 
487.472534 199.996902 
340.748169 206.664093 
148.502716 355.251404 
343.155396 242.046066 
485.265594 194.785385 
156.706116 225.918671 
266.322754 229.384552 
291.383606 162.534088 
248.577560 164.029572 
441.131744 198.994675 
459.326447 192.087021 
440.333740 200.796509 
294.072021 253.359009 
455.863495 279.359741 
175.119980 357.206207 
479.454834 204.965393 
267.652130 136.707382 
448.063782 223.600327 
302.302216 198.653412 
438.998138 200.919327 
134.846756 337.541229 
482.965668 204.144958 
417.463348 229.224258 
480.591888 244.550018 
204.949081 192.177109 
203.508667 191.379761 
256.544312 221.066711 
452.242096 180.824448 
509.031677 208.939148 
436.197662 185.156250 
485.245789 248.577927 
338.360077 211.904373 
469.046783 193.166885 
224.376175 182.746857 
475.863342 253.342041 
506.897339 316.366211 
221.606827 181.985123 
469.019379 211.364059 
511.643127 241.435455 
460.693756 221.403214 
460.952057 221.133881 
160.453491 226.985352 
262.176422 209.362427 
475.441101 245.267715 
208.493225 190.537430 
154.457703 349.265045 
283.830902 336.298309 
438.820221 223.463730 
212.991806 206.734222 
424.107605 388.581940 
476.635162 239.344788 
285.875458 215.350189 
339.992523 238.847870 
340.629303 239.338165 
266.319733 143.737717 
460.045197 256.502319 
222.881027 182.005325 
303.150879 202.586456 
230.992279 228.521759 
450.449097 228.160751 
450.497864 227.566467 
138.847809 219.540527 
292.332245 308.354889 
499.867218 298.485077 
315.344543 216.925217 
314.019531 217.237885 
245.896713 231.918381 
473.226471 191.528610 
96.163383 327.721741 
439.715118 206.709900 
360.613831 215.802948 
487.734802 230.163132 
266.267609 139.225967 
506.246124 213.313507 
505.428192 239.228439 
151.637482 258.556854 
483.461273 190.355270 
472.887054 175.807159 
162.336136 228.539398 
433.529907 183.404251 
422.429169 188.994843 
469.825623 224.688889 
433.909882 243.415894 
416.611420 212.894913 
248.387451 184.722076 
436.332794 226.580765 
454.216064 202.652359 
426.586975 244.672531 
249.066437 184.639572 
124.073280 358.581329 
468.920044 233.207108 
468.996887 233.351181 
311.194824 213.866119 
420.224854 228.400513 
151.889145 259.686157 
222.386185 209.696655 
341.082001 237.221695 
485.523224 177.531418 
454.966095 201.647659 
469.780518 233.442810 
469.155701 214.632385 
509.712402 256.410950 
291.807770 211.285492 
440.915924 189.734283 
491.950867 268.080566 
278.889557 208.209000 
522.839355 205.858078 
435.014587 183.570938 
324.199127 177.871887 
407.924438 201.230774 
502.595276 214.078186 
413.144165 285.468048 
412.948944 222.443085 
480.371521 260.497803 
417.569427 195.231064 
252.947998 148.655426 
286.990967 214.646515 
268.575195 299.846069 
460.489410 206.868530 
416.237305 261.594849 
416.836914 261.113037 
241.950378 190.879517 
415.355957 212.548492 
343.081940 219.674149 
349.027679 250.185608 
363.554626 219.903809 
388.642853 375.124908 
486.049286 176.907928 
360.145325 253.397095 
77.436989 319.977417 
284.338959 220.687485 
109.965797 334.865723 
427.357513 267.696564 
496.137543 184.266739 
452.859650 178.872452 
463.117126 220.887161 
327.921539 258.200897 
443.766174 179.342789 
436.453400 252.579132 
491.574768 247.817764 
266.660736 315.534149 
313.109528 227.775177 
305.376282 330.060059 
466.145966 207.142761 
248.618805 179.863693 
426.187927 267.344818 
228.482346 229.328751 
268.935791 294.051697 
473.876984 226.937515 
265.538574 236.212158 
433.728546 179.700241 
101.518227 336.428711 
480.066711 231.884491 
436.167358 251.901321 
494.584747 183.104095 
298.077087 336.358917 
144.964645 295.085327 
153.642807 224.463074 
267.437561 155.548752 
237.116135 236.096756 
306.978546 214.078522 
183.070358 329.747833 
365.034271 221.492889 
269.632599 301.751648 
307.286835 341.231964 
266.580780 316.853577 
313.918762 261.752258 
318.804321 362.654358 
471.390228 217.741226 
408.516357 227.614761 
254.931595 151.082367 
466.228546 274.259338 
447.103516 193.067688 
502.442902 276.652527 
433.457458 240.750488 
159.760101 231.792145 
400.891785 205.119644 
405.927979 207.468094 
95.085289 324.914062 
279.952209 208.148148 
331.941010 271.884399 
159.728729 234.869476 
408.675995 257.622620 
237.731598 236.824539 
253.284683 144.549728 
240.395493 324.265045 
348.100433 245.838837 
409.130341 226.773300 
