500
225.225372 273.305176 
27.762300 87.745544 
100.846451 162.609436 
392.894196 307.408081 
392.253235 306.961578 
447.054626 345.119232 
273.280487 181.928833 
138.490585 187.520737 
133.247208 199.466217 
133.247208 199.466217 
100.846451 162.609436 
306.599976 177.866547 
398.898621 346.901520 
96.783554 153.434326 
429.436676 306.219818 
96.783554 153.434326 
429.436676 306.219818 
392.737335 304.624664 
388.353699 302.767487 
225.225372 273.305176 
361.805908 256.104736 
282.977539 233.916397 
429.436676 306.219818 
282.977539 233.916397 
424.819794 336.063080 
424.819794 336.063080 
206.402237 113.278587 
405.172791 344.026489 
248.546768 260.416962 
341.510254 191.582748 
341.510254 191.582748 
282.977539 233.916397 
403.140198 312.008698 
363.021576 337.737610 
194.347031 245.753281 
413.125122 331.769684 
413.125122 331.769684 
282.977539 233.916397 
354.685425 195.975235 
282.977539 233.916397 
411.269897 310.799866 
391.623779 315.375336 
266.620453 157.680008 
305.611298 176.221359 
259.731079 165.322510 
403.798157 312.055695 
457.304504 362.564728 
365.406616 326.048950 
266.620453 157.680008 
133.247208 199.466217 
166.065506 136.223846 
317.450592 262.019928 
285.269836 257.909882 
447.183594 339.959778 
421.212372 328.518890 
322.975586 245.130447 
365.718628 362.716156 
190.509918 232.582657 
93.085945 139.265457 
455.074493 329.252167 
93.085945 139.265457 
322.975586 245.130447 
421.912048 309.192139 
391.877838 312.505341 
454.000153 324.739899 
391.781525 299.589050 
356.501648 244.677490 
445.292969 314.384216 
199.749634 270.758636 
126.501350 195.401077 
236.276337 257.728943 
421.499481 330.777344 
449.244263 338.841156 
325.044403 247.230545 
85.781128 156.101761 
407.001068 312.213745 
400.765564 310.109711 
309.952942 129.647491 
200.081528 268.885193 
354.685425 195.975235 
108.982773 155.620041 
328.700653 253.404251 
365.406616 326.048950 
423.595215 315.106903 
421.000000 322.391052 
266.620453 157.680008 
447.183594 339.959778 
416.251678 344.137634 
36.501846 89.790710 
453.924286 333.527313 
114.906715 154.067673 
190.997894 235.464569 
363.183044 140.861435 
266.620453 157.680008 
392.706238 326.967255 
231.282867 286.714203 
164.195862 193.942307 
306.599976 177.866547 
154.478180 202.964401 
293.745209 230.698074 
340.462646 185.897690 
201.031616 235.399902 
388.884460 310.049042 
388.884460 310.049042 
286.360992 158.804932 
408.435364 319.495667 
390.887848 414.776459 
251.037643 225.204742 
405.172791 344.026489 
151.573166 146.878662 
151.573166 146.878662 
90.168449 150.063354 
373.765961 378.337616 
415.916199 326.887726 
461.941193 373.554260 
451.953461 334.736908 
236.276337 257.728943 
332.090668 251.891281 
363.021576 337.737610 
244.708511 308.362427 
447.183594 339.959778 
358.107605 138.189087 
121.294220 183.440552 
198.102692 122.403893 
231.282867 286.714203 
412.572205 316.363403 
462.937195 332.256561 
405.172791 344.026489 
111.758461 165.750290 
137.404022 204.408142 
424.819794 336.063080 
273.280487 181.928833 
312.803040 147.871826 
419.319977 298.912659 
420.856934 349.087524 
420.856934 349.087524 
317.712341 184.438995 
317.450592 262.019928 
293.791748 141.315598 
123.925888 187.951019 
387.704254 365.474579 
354.692017 191.348007 
251.037643 225.204742 
248.719727 164.532043 
248.719727 164.532043 
293.745209 230.698074 
437.929260 307.352448 
248.546768 260.416962 
292.125977 182.491714 
93.185875 144.745697 
417.418884 314.802673 
423.595215 315.106903 
381.453827 299.339111 
418.693176 335.845886 
415.916199 326.887726 
190.509918 232.582657 
264.107330 326.819580 
436.327484 365.209625 
100.846451 162.609436 
310.053040 159.859192 
437.929260 307.352448 
236.276337 257.728943 
411.572388 368.217957 
333.909363 254.500595 
236.276337 257.728943 
200.081528 268.885193 
460.523529 356.669556 
140.481781 200.708069 
216.589249 268.975952 
133.406479 199.735367 
235.066544 296.559540 
436.312927 315.273285 
323.023590 241.021500 
190.509918 232.582657 
417.909271 375.763397 
310.053040 159.859192 
443.128693 328.519928 
306.310242 132.921112 
322.876038 247.946869 
133.609497 179.818085 
414.919250 321.396576 
342.154388 184.320938 
209.230774 110.149826 
411.572388 368.217957 
436.312927 315.273285 
311.296692 141.139679 
84.732811 141.712128 
454.000153 324.739899 
93.085945 139.265457 
231.282867 286.714203 
292.125977 182.491714 
438.721008 384.932617 
95.891502 158.118958 
463.397400 322.369415 
360.294403 250.989380 
337.911652 180.913193 
377.481812 369.291809 
224.595245 316.616791 
111.758461 165.750290 
434.072296 301.132874 
166.065506 136.223846 
408.435364 319.495667 
201.428497 107.509972 
90.168449 150.063354 
233.192749 299.258911 
111.758461 165.750290 
101.430016 131.679520 
322.975586 245.130447 
358.822174 173.035126 
381.453827 299.339111 
436.312927 315.273285 
458.153381 341.756195 
292.125977 182.491714 
340.910858 253.464432 
451.999786 350.702606 
309.952942 129.647491 
360.132751 250.422943 
273.280487 181.928833 
435.240967 341.965149 
451.531342 338.735931 
454.000153 324.739899 
236.276337 257.728943 
434.072296 301.132874 
420.856934 349.087524 
233.657928 294.651825 
251.037643 225.204742 
415.916199 326.887726 
415.916199 326.887726 
247.714752 308.822876 
296.664795 134.965302 
419.767242 364.997314 
292.125977 182.491714 
361.079559 173.852798 
377.481812 369.291809 
371.003937 372.367950 
235.066544 296.559540 
307.419617 139.090897 
359.912354 164.637405 
217.667496 258.579041 
307.419617 139.090897 
311.296692 141.139679 
453.924286 333.527313 
434.072296 301.132874 
241.393387 77.531029 
166.065506 136.223846 
417.909271 375.763397 
117.240166 177.804306 
198.102692 122.403893 
390.887848 414.776459 
410.971405 337.569580 
340.462646 185.897690 
437.929260 307.352448 
345.874207 133.167831 
399.401062 295.938629 
241.393387 77.531029 
309.952942 129.647491 
259.731079 165.322510 
163.371536 192.273407 
224.595245 316.616791 
463.395569 339.239532 
381.453827 299.339111 
248.546768 260.416962 
162.296616 217.202942 
400.765564 310.109711 
331.703461 136.081635 
181.974274 229.961884 
206.702866 120.191650 
436.714600 298.975525 
429.959778 296.816071 
414.876648 351.540283 
434.072296 301.132874 
126.682976 189.990387 
418.341583 282.896576 
130.921432 195.194977 
353.420898 144.847076 
249.246735 70.855881 
392.706238 326.967255 
420.170105 374.248871 
420.856934 349.087524 
108.982773 155.620041 
285.269836 257.909882 
217.667496 258.579041 
282.977539 233.916397 
302.434174 128.159149 
351.026825 243.599411 
248.391769 304.769043 
400.168671 328.477936 
394.893921 416.741608 
361.731171 197.941910 
283.263550 143.261810 
277.121887 138.294846 
338.246613 195.856110 
428.339050 355.065308 
354.692017 191.348007 
138.490585 187.520737 
162.293106 213.724731 
117.240166 177.804306 
249.246735 70.855881 
463.395569 339.239532 
381.453827 299.339111 
241.059433 58.316738 
359.217682 189.967865 
282.977539 233.916397 
390.412994 299.841888 
206.702866 120.191650 
467.598785 341.445496 
418.341583 282.896576 
435.240967 341.965149 
284.050598 257.509277 
399.401062 295.938629 
315.310699 245.728058 
338.246613 195.856110 
331.703461 136.081635 
461.941193 373.554260 
286.944580 159.697678 
374.362762 417.983917 
264.076599 154.990326 
390.412994 299.841888 
151.573166 146.878662 
108.982773 155.620041 
323.883484 185.573761 
101.430016 131.679520 
462.827759 363.905945 
411.600067 359.829651 
302.434174 128.159149 
277.121887 138.294846 
391.485443 335.827301 
292.862823 118.015900 
428.339050 355.065308 
439.335358 380.395142 
302.434174 128.159149 
310.618195 147.756348 
438.721008 384.932617 
359.912354 164.637405 
374.500458 365.669220 
407.560364 291.541168 
138.490585 187.520737 
348.471252 279.513977 
322.863770 196.781784 
428.840332 349.571320 
292.997925 140.223312 
378.065247 366.596161 
269.525177 303.994904 
365.343964 319.412445 
365.343964 319.412445 
266.620453 157.680008 
266.620453 157.680008 
367.093872 192.781082 
206.702866 120.191650 
464.453979 321.780212 
266.620453 157.680008 
247.915848 303.959015 
412.639526 365.325043 
361.731171 197.941910 
374.717560 298.614380 
374.717560 298.614380 
413.194275 297.482208 
451.999786 350.702606 
451.999786 350.702606 
306.149658 140.142410 
424.639069 341.274200 
311.296692 141.139679 
227.989960 110.289688 
430.978302 286.888458 
280.240295 309.740692 
206.702866 120.191650 
138.490585 187.520737 
365.343964 319.412445 
346.105927 142.354355 
313.053070 266.374908 
328.650360 247.841415 
297.538849 139.523209 
211.151413 96.264236 
278.381378 176.531036 
218.999802 110.884773 
305.611298 176.221359 
305.611298 176.221359 
201.031616 235.399902 
350.367889 133.842392 
462.049957 322.908539 
201.031616 235.399902 
317.712341 184.438995 
105.343422 155.044785 
346.105927 142.354355 
397.889099 290.601227 
441.930573 387.020660 
401.794128 335.441498 
354.685425 195.975235 
114.203209 161.465256 
340.260803 183.606216 
313.053070 266.374908 
387.704254 365.474579 
151.573166 146.878662 
348.709473 131.825806 
290.765045 192.421310 
428.840332 349.571320 
366.287292 326.704803 
387.331512 289.222839 
221.167328 105.539124 
215.000412 109.140198 
266.104309 157.234879 
221.717667 103.559853 
277.121887 138.294846 
354.650238 195.284500 
221.717667 103.559853 
381.453827 299.339111 
334.038361 264.594147 
304.973816 143.436249 
347.737152 230.950943 
297.538849 139.523209 
282.977539 233.916397 
411.159851 328.792267 
417.217285 360.522949 
338.246613 195.856110 
361.079559 173.852798 
362.514191 133.338638 
326.292145 254.682022 
249.934692 67.684891 
394.449402 374.880280 
249.246735 70.855881 
263.405945 152.281296 
277.121887 138.294846 
343.915771 286.114258 
354.692017 191.348007 
267.143066 306.267883 
241.059433 58.316738 
266.620453 157.680008 
252.247055 70.408768 
265.471069 151.011215 
474.231567 326.203827 
407.102051 347.116699 
361.799103 196.289703 
127.226807 188.666245 
329.438660 442.939117 
462.937195 332.256561 
107.879295 159.571426 
419.983398 289.628937 
140.694016 182.314713 
320.781616 139.325027 
281.185669 116.749001 
281.185669 116.749001 
127.226807 188.666245 
224.025391 269.762360 
223.264481 110.074028 
198.102692 122.403893 
266.620453 157.680008 
356.501648 244.677490 
454.988464 381.692780 
313.053070 266.374908 
181.974274 229.961884 
252.247055 70.408768 
93.476685 140.043793 
246.442932 283.078094 
246.442932 283.078094 
249.934692 67.684891 
248.546768 260.416962 
413.623383 118.674049 
413.623383 118.674049 
218.999802 110.884773 
206.702866 120.191650 
430.210815 352.549896 
418.381958 354.237488 
310.053040 159.859192 
317.712341 184.438995 
421.499481 330.777344 
296.664795 134.965302 
265.471069 151.011215 
142.058426 197.446350 
225.412262 100.882172 
326.987640 259.074463 
441.930573 387.020660 
246.442932 283.078094 
421.499481 330.777344 
391.766907 371.440033 
391.766907 371.440033 
194.971680 115.547409 
318.168640 136.281860 
318.168640 136.281860 
357.208160 141.692123 
266.104309 157.234879 
436.714600 298.975525 
450.991333 302.233521 
405.811340 329.827637 
283.544769 124.360451 
206.702866 120.191650 
225.726730 108.286469 
398.543549 282.465057 
394.449402 374.880280 
286.360992 158.804932 
151.573166 146.878662 
252.247055 70.408768 
457.492279 326.429169 
266.052612 151.120621 
286.360992 158.804932 
292.125977 182.491714 
116.611000 139.828125 
430.210815 352.549896 
305.611298 176.221359 
371.931763 417.207794 
259.731079 165.322510 
