500
409.435516 380.019836 
409.977142 377.731659 
372.924255 333.592865 
414.330658 383.047516 
402.586487 396.565643 
372.924255 333.592865 
385.643860 382.654633 
374.510590 339.849457 
217.494064 93.088928 
414.696533 383.023987 
413.300476 406.019928 
344.577850 392.439880 
409.977142 377.731659 
380.736847 361.651367 
380.736847 361.651367 
383.268066 366.302917 
374.510590 339.849457 
412.587738 385.375305 
301.842377 61.169651 
352.494904 260.224762 
364.872742 327.806580 
364.872742 327.806580 
416.496460 365.238861 
296.062073 169.639435 
148.703415 91.880867 
386.030640 343.417664 
378.166626 363.365723 
405.349274 376.879059 
318.481567 136.718201 
403.068695 382.472626 
416.496460 365.238861 
318.103119 136.079453 
366.085724 366.684906 
414.330658 383.047516 
382.092224 337.319519 
380.736847 361.651367 
365.284698 370.265564 
328.767242 176.952896 
365.367798 328.779205 
418.058197 366.999908 
259.676758 76.287636 
259.676758 76.287636 
383.268066 366.302917 
158.357803 138.526138 
386.563507 336.802032 
386.190704 389.452942 
371.217896 377.151123 
401.409790 365.447693 
339.227661 161.934341 
366.085724 366.684906 
387.009735 367.444946 
387.009735 367.444946 
307.605408 263.194305 
383.765686 365.388031 
309.736084 259.876862 
347.368713 131.472748 
417.390778 377.906494 
385.643860 382.654633 
376.244171 186.229126 
420.663544 382.587097 
449.385437 156.856094 
449.385437 156.856094 
300.903046 165.541794 
158.357803 138.526138 
158.357803 138.526138 
407.381378 397.902130 
383.765686 365.388031 
301.842377 61.169651 
386.030640 343.417664 
385.643860 382.654633 
328.767242 176.952896 
287.170380 221.618851 
298.588287 223.313416 
364.506897 389.927979 
318.481567 136.718201 
287.170380 221.618851 
309.414062 258.317963 
419.727722 365.233215 
417.390778 377.906494 
380.796173 343.496979 
418.058197 366.999908 
385.643860 382.654633 
376.119598 357.339355 
322.367920 248.799454 
376.119598 357.339355 
407.381378 397.902130 
407.381378 397.902130 
380.736847 361.651367 
380.736847 361.651367 
348.732147 194.695694 
322.404541 242.836151 
233.518936 226.520035 
318.103119 136.079453 
335.492188 329.773163 
335.492188 329.773163 
307.605408 263.194305 
309.736084 259.876862 
380.796173 343.496979 
203.879532 358.665222 
322.367920 248.799454 
416.496460 365.238861 
377.479950 316.553253 
352.291687 251.488205 
316.141388 152.077042 
382.432434 386.845367 
307.605408 263.194305 
139.572693 82.158417 
374.398346 386.446777 
403.068695 382.472626 
328.767242 176.952896 
134.799210 76.779282 
373.597229 356.132660 
321.196991 246.760010 
321.217468 125.759987 
139.572693 82.158417 
322.367920 248.799454 
403.068695 382.472626 
347.368713 131.472748 
383.765686 365.388031 
357.314148 253.492081 
321.217468 125.759987 
407.475342 377.200348 
316.141388 152.077042 
364.872742 327.806580 
414.330658 383.047516 
318.481567 136.718201 
376.119598 357.339355 
321.064941 135.408722 
254.090805 78.833908 
327.271088 121.433922 
335.492188 329.773163 
296.062073 169.639435 
139.572693 82.158417 
311.168884 57.132225 
321.196991 246.760010 
288.103882 223.310410 
344.577850 392.439880 
276.271545 75.793167 
288.426636 221.713943 
317.058746 271.536011 
376.119598 357.339355 
233.518936 226.520035 
329.426605 252.745682 
354.999573 323.821106 
408.943146 334.837067 
374.398346 386.446777 
299.156158 150.493790 
273.782562 78.462227 
321.217468 125.759987 
309.414062 258.317963 
323.960052 129.550125 
369.278625 323.083038 
364.872742 327.806580 
383.881256 371.150116 
248.706726 266.574402 
262.628357 65.815384 
276.271545 75.793167 
381.082703 324.872406 
386.030640 343.417664 
305.523193 164.687820 
193.897491 94.739929 
193.897491 94.739929 
380.736847 361.651367 
298.588287 223.313416 
317.058746 271.536011 
287.170380 221.618851 
401.120453 339.916321 
340.390015 226.710571 
336.397461 116.314201 
378.382965 201.299835 
325.407928 118.669983 
382.906189 417.435730 
148.910690 82.717842 
369.895844 353.621124 
325.570465 250.550690 
328.298615 258.512451 
307.605408 263.194305 
369.096924 205.760635 
376.108582 331.520569 
413.300476 406.019928 
329.426605 252.745682 
341.709381 166.347565 
344.577850 392.439880 
287.170380 221.618851 
369.096924 205.760635 
374.152496 381.054626 
372.924255 333.592865 
324.117859 126.095398 
383.881256 371.150116 
305.320435 160.600372 
382.906189 417.435730 
383.881256 371.150116 
384.573547 318.101135 
300.996796 167.033630 
311.168884 57.132225 
385.431274 310.512573 
401.120453 339.916321 
362.402435 332.980835 
382.092224 337.319519 
373.725281 382.448303 
328.298615 258.512451 
298.588287 223.313416 
331.168152 324.024261 
387.009735 367.444946 
405.349274 376.879059 
316.141388 152.077042 
210.886688 192.715088 
373.361847 314.175598 
134.799210 76.779282 
397.831879 160.422470 
307.605408 263.194305 
405.349274 376.879059 
371.217896 377.151123 
295.993256 134.780975 
357.165283 190.356476 
360.395325 365.186279 
374.087524 213.064575 
305.523193 164.687820 
328.345551 251.568466 
297.653870 144.375626 
401.120453 339.916321 
189.468887 142.967041 
245.098770 80.168472 
296.062073 169.639435 
276.271545 75.793167 
316.141388 152.077042 
304.233887 262.595551 
305.523193 164.687820 
378.132996 214.239548 
307.605408 263.194305 
278.707581 144.550919 
278.707581 144.550919 
296.062073 169.639435 
408.658600 345.991577 
245.644958 235.436050 
380.264496 326.828247 
164.109726 141.677063 
193.897491 94.739929 
326.399384 170.173767 
408.943146 334.837067 
392.443878 358.945923 
378.132996 214.239548 
299.156158 150.493790 
336.144928 189.474548 
369.096924 205.760635 
374.398346 386.446777 
384.573547 318.101135 
299.156158 150.493790 
300.996796 167.033630 
307.605408 263.194305 
407.475342 377.200348 
386.083893 373.846069 
381.331116 322.800812 
296.062073 169.639435 
336.144928 189.474548 
225.375122 231.789169 
416.496460 365.238861 
297.653870 144.375626 
326.399384 170.173767 
374.648529 354.922363 
283.954193 247.010941 
374.398346 386.446777 
391.500763 155.538788 
339.227661 161.934341 
349.715698 241.099319 
365.284698 370.265564 
326.399384 170.173767 
276.271545 75.793167 
307.605408 263.194305 
300.996796 167.033630 
374.398346 386.446777 
374.398346 386.446777 
233.518936 226.520035 
378.166626 363.365723 
301.842377 61.169651 
364.506897 389.927979 
348.732147 194.695694 
328.767242 176.952896 
325.390991 272.933563 
339.227661 161.934341 
382.906189 417.435730 
393.472443 353.237823 
379.583618 152.420914 
379.583618 152.420914 
299.156158 150.493790 
326.399384 170.173767 
304.233887 262.595551 
96.063873 151.211945 
347.368713 131.472748 
297.653870 144.375626 
369.096924 205.760635 
326.399384 170.173767 
283.954193 247.010941 
328.767242 176.952896 
350.645569 150.542953 
347.532104 153.452408 
268.618622 173.791443 
325.986328 114.352081 
329.426605 252.745682 
297.653870 144.375626 
262.628357 65.815384 
316.141388 152.077042 
359.769531 429.728546 
359.769531 429.728546 
405.349274 376.879059 
348.361938 200.598831 
369.470215 308.038116 
212.450821 205.085464 
267.502899 67.826927 
349.854584 139.811935 
236.994339 302.772644 
408.943146 334.837067 
316.141388 152.077042 
339.227661 161.934341 
412.552429 353.350891 
307.605408 263.194305 
307.605408 263.194305 
304.233887 262.595551 
212.450821 205.085464 
385.431274 310.512573 
385.431274 310.512573 
316.141388 152.077042 
316.141388 152.077042 
297.053558 138.844467 
321.196991 246.760010 
351.899597 194.642517 
326.399384 170.173767 
233.518936 226.520035 
248.706726 266.574402 
348.361938 200.598831 
348.361938 200.598831 
301.842377 61.169651 
383.881256 371.150116 
166.036224 145.687714 
218.954453 235.214386 
325.831940 115.551918 
374.087524 213.064575 
382.906189 417.435730 
374.947784 370.928894 
318.481567 136.718201 
378.132996 214.239548 
288.071411 241.287170 
323.542633 121.906219 
296.062073 169.639435 
366.755493 308.921600 
366.147614 346.721405 
217.866806 152.885925 
267.502899 67.826927 
384.573547 318.101135 
340.122040 219.060333 
325.291809 265.535400 
385.344452 419.308868 
233.518936 226.520035 
335.626587 199.125168 
305.622559 110.865929 
381.340942 146.083649 
254.090805 78.833908 
217.494064 93.088928 
328.298615 258.512451 
307.605408 263.194305 
357.403015 196.380249 
323.743774 255.615524 
295.993256 134.780975 
318.923431 247.714966 
325.831940 115.551918 
325.831940 115.551918 
176.992218 43.342865 
153.420166 96.071037 
350.645569 150.542953 
218.954453 235.214386 
333.071930 286.941040 
326.399384 170.173767 
357.374603 266.053864 
148.910690 82.717842 
262.628357 65.815384 
298.588287 223.313416 
369.895844 353.621124 
420.663544 382.587097 
297.653870 144.375626 
366.755493 308.921600 
327.982758 262.322876 
151.825150 63.582199 
268.877411 84.277496 
219.946930 253.651291 
137.313217 72.662926 
254.603745 76.748779 
299.156158 150.493790 
321.064941 135.408722 
321.064941 135.408722 
148.537262 28.279964 
309.414062 258.317963 
298.588287 223.313416 
426.657959 377.555237 
307.680359 42.674152 
402.586487 396.565643 
298.345428 222.144577 
352.345032 204.842194 
352.345032 204.842194 
345.299866 144.640488 
336.378265 136.851166 
162.731384 76.004601 
193.897491 94.739929 
245.098770 80.168472 
166.036224 145.687714 
305.320435 160.600372 
344.577850 392.439880 
256.716797 81.794739 
365.291962 320.158142 
348.361938 200.598831 
280.659790 244.456558 
316.141388 152.077042 
318.923431 247.714966 
299.156158 150.493790 
158.342667 137.943710 
348.361938 200.598831 
260.787323 80.243141 
297.653870 144.375626 
374.947784 370.928894 
148.910690 82.717842 
366.583282 320.388123 
168.400330 128.480865 
345.299866 144.640488 
236.994339 302.772644 
385.431274 310.512573 
320.632507 256.649109 
359.277618 252.640152 
352.244232 257.155457 
328.767242 176.952896 
307.605408 263.194305 
368.381470 306.264038 
305.523193 164.687820 
288.071411 241.287170 
299.836945 196.881561 
299.836945 196.881561 
399.092865 359.806274 
156.412506 135.867767 
316.304626 153.285004 
335.626587 199.125168 
295.993256 134.780975 
329.308472 138.356461 
210.687027 89.919594 
322.409576 241.690475 
223.419144 233.346191 
307.680359 42.674152 
380.131256 154.111252 
134.799210 76.779282 
364.506897 389.927979 
350.645569 150.542953 
405.349274 376.879059 
329.208984 197.616318 
153.420166 96.071037 
348.361938 200.598831 
379.372284 211.121002 
408.658600 345.991577 
156.666779 88.747559 
330.320435 122.308434 
287.170380 221.618851 
298.588287 223.313416 
336.378265 136.851166 
301.842377 61.169651 
378.382965 201.299835 
299.156158 150.493790 
299.156158 150.493790 
151.825150 63.582199 
410.720398 409.366089 
323.743774 255.615524 
328.621216 124.695274 
352.291687 251.488205 
345.299866 144.640488 
366.583282 320.388123 
286.614532 242.112473 
325.986328 114.352081 
336.144928 189.474548 
308.441010 184.535614 
169.979355 54.618191 
308.441010 184.535614 
168.817871 127.325302 
413.939484 412.675812 
268.877411 84.277496 
328.767242 176.952896 
328.767242 176.952896 
354.699341 268.587189 
96.050766 138.267899 
345.299866 144.640488 
351.899597 194.642517 
318.873596 270.426544 
352.345032 204.842194 
404.279205 379.033539 
359.997131 366.388336 
318.873596 270.426544 
369.895844 353.621124 
327.161346 272.184021 
287.091553 134.613129 
342.714935 190.990005 
316.141388 152.077042 
342.714935 190.990005 
220.348099 262.295258 
273.782562 78.462227 
352.970215 250.708466 
217.494064 93.088928 
