500
429.653961 221.737976 
429.029053 222.890533 
430.991577 222.423874 
420.224854 228.400513 
452.379303 210.324860 
347.521667 214.713257 
359.670715 218.735321 
475.469971 194.861237 
482.200562 208.129578 
456.580750 212.277695 
408.516357 227.614761 
296.922455 254.368729 
480.698212 198.632751 
248.242371 331.843353 
438.124786 218.982147 
162.009460 359.982849 
444.152191 217.529251 
476.635162 239.344788 
452.556030 247.821045 
409.130341 226.773300 
167.148773 358.505463 
314.637177 277.512238 
418.688660 232.780334 
419.208984 232.677444 
241.297592 266.091553 
453.614594 285.089844 
455.405304 200.519882 
297.782135 254.489594 
445.156433 195.985825 
426.391754 218.945129 
444.737213 196.528961 
251.569397 330.376740 
455.625458 219.855743 
457.462158 212.850571 
441.131744 198.994675 
342.628479 214.159790 
447.103516 193.067688 
288.355774 194.537415 
293.072998 265.480408 
424.614136 234.329758 
275.502258 337.885132 
293.835876 265.149780 
499.006378 212.602310 
499.224030 213.309479 
289.776459 168.517517 
160.369324 344.687012 
269.776886 153.949295 
315.625214 276.738953 
244.346237 339.794830 
277.118378 319.964813 
94.874336 317.723511 
94.989006 317.818146 
491.950867 268.080566 
238.754730 183.500412 
460.400543 224.241867 
487.472534 199.996902 
95.352943 344.733612 
290.602478 264.308136 
280.938660 202.224579 
342.228333 213.336273 
438.820221 223.463730 
289.884949 264.094757 
356.598206 219.583649 
227.957962 197.168549 
443.379181 221.279144 
443.335907 220.590134 
141.853683 357.794373 
444.037384 192.521576 
153.054504 237.520538 
149.909515 241.834595 
454.447449 243.365128 
447.424133 196.111877 
154.274841 239.087433 
291.470215 170.573074 
218.060318 203.691299 
222.061600 203.756821 
460.160126 269.354584 
238.560867 182.934814 
118.079704 360.485474 
462.194031 233.512207 
491.574768 247.817764 
100.939125 353.330231 
310.561890 342.239441 
322.310822 238.937820 
407.555786 229.525131 
311.098297 278.970520 
467.175232 239.234482 
228.370865 181.848770 
445.319153 214.910843 
94.124992 358.003601 
453.532776 219.568619 
453.839996 277.710266 
280.849182 331.136444 
246.188156 181.979462 
222.386185 209.696655 
232.978027 219.450806 
97.904732 344.235321 
460.109894 223.441711 
471.390228 217.741226 
248.387451 184.722076 
521.098816 436.673004 
253.056992 329.753937 
245.896713 231.918381 
455.690308 243.086426 
454.004517 197.295837 
453.380463 231.897324 
455.071899 242.241531 
163.547180 348.080933 
449.728516 207.182205 
464.767517 224.417969 
477.616577 200.449936 
460.244781 269.729584 
479.391998 207.700485 
478.496979 207.500641 
322.303009 341.533569 
475.378906 211.698151 
479.827209 253.257080 
440.862640 201.382996 
162.029678 340.988892 
306.978546 214.078522 
469.825623 224.688889 
237.224060 182.103546 
290.416107 188.581863 
246.267273 187.612473 
119.859894 347.173370 
159.069122 344.441101 
465.590759 224.269592 
249.066437 184.639572 
482.839203 191.689438 
444.916168 284.736786 
494.158020 238.724655 
374.269623 252.218948 
287.359192 213.404556 
271.679596 154.417725 
509.712402 256.410950 
254.931595 151.082367 
118.771545 360.176239 
119.344109 367.901917 
385.506989 388.852295 
221.067032 207.892120 
476.443207 210.209229 
471.837097 238.041641 
92.858292 341.317688 
93.249245 340.766693 
488.975403 194.954147 
157.871841 343.858063 
237.476105 189.229248 
94.999809 317.161133 
448.348572 216.112732 
502.595276 214.078186 
234.962738 186.864227 
472.496033 238.946793 
437.175903 191.928864 
235.760849 192.030594 
180.871384 352.947479 
287.565002 212.162613 
291.507111 189.882538 
433.092773 216.191467 
219.839111 206.212524 
233.639801 219.498215 
140.668793 240.606125 
140.515274 241.248611 
175.119980 357.206207 
112.247520 331.191132 
455.863495 279.359741 
433.457458 240.750488 
484.797760 193.085327 
448.063782 223.600327 
217.597763 201.334381 
485.265594 194.785385 
237.628998 189.552307 
290.698181 173.847443 
454.216064 202.652359 
454.443939 274.576538 
269.529907 147.077652 
256.686829 195.607056 
469.046783 193.166885 
457.034637 252.933212 
480.591888 244.550018 
478.454865 231.517487 
110.230438 355.415344 
440.333740 200.796509 
273.790741 155.310440 
155.960251 348.822083 
512.616333 268.227478 
512.920471 268.299927 
429.767059 202.466522 
472.971191 192.587036 
409.789520 256.887695 
409.823242 257.302277 
418.733673 228.432098 
241.950378 190.879517 
125.238510 351.726929 
309.960236 270.835297 
360.613831 215.802948 
156.980957 348.603424 
157.308762 349.244690 
466.145966 207.142761 
469.019379 211.364059 
471.862610 210.279297 
291.116333 186.837341 
506.246124 213.313507 
267.437561 155.548752 
485.245789 248.577927 
277.151093 321.404083 
438.998138 200.919327 
265.508423 352.481445 
454.286255 253.191605 
436.332794 226.580765 
223.160675 210.506958 
432.838196 223.042953 
460.489410 206.868530 
495.669281 216.525818 
315.023590 229.914536 
268.198914 146.101501 
341.082001 237.221695 
495.019745 238.501221 
232.099487 176.402374 
234.052368 186.844788 
265.331665 230.575470 
450.449097 228.160751 
450.497864 227.566467 
154.457703 349.265045 
291.383606 162.534088 
363.554626 219.903809 
498.888885 270.644104 
479.454834 204.965393 
412.948944 222.443085 
43.104763 347.265991 
156.706116 225.918671 
483.046143 210.592773 
174.991211 351.859558 
469.155701 214.632385 
392.253265 390.279602 
256.873901 197.485184 
295.694794 169.280807 
424.107605 388.581940 
421.939453 258.685944 
471.290375 273.976135 
168.934311 358.105103 
169.384827 358.093140 
417.463348 229.224258 
237.116135 236.096756 
475.441101 245.267715 
442.756683 209.873672 
518.380188 200.094986 
145.664688 241.999344 
146.209671 242.334015 
473.180206 233.610489 
218.976822 235.717819 
213.933197 225.113586 
213.365311 227.407654 
443.860321 250.403015 
282.265472 334.434967 
315.344543 216.925217 
412.924469 229.103012 
309.479492 341.615753 
459.509827 220.808990 
416.611420 212.894913 
129.971649 350.693451 
475.863342 253.342041 
310.490570 269.410095 
413.144165 285.468048 
248.617050 164.803467 
155.033661 227.395874 
460.693756 221.403214 
460.952057 221.133881 
484.324890 255.572250 
314.019531 217.237885 
469.780518 233.442810 
343.081940 219.674149 
473.226471 191.528610 
314.033081 279.997681 
51.253273 306.947327 
426.187927 267.344818 
251.949646 196.152786 
156.720322 248.124557 
482.965668 204.144958 
350.660736 218.050522 
244.765274 226.597412 
480.371521 260.497803 
509.031677 208.939148 
313.912750 364.059143 
217.751556 227.601089 
105.462227 358.172729 
152.880661 228.374283 
237.731598 236.824539 
446.061829 239.059998 
488.659576 197.813354 
336.647644 210.054214 
480.709290 256.877594 
338.360077 211.904373 
146.605087 251.137436 
148.430161 228.970596 
454.966095 201.647659 
287.038086 201.001633 
465.665558 270.771729 
465.853638 271.246643 
117.246025 350.705475 
469.757233 260.276428 
213.125015 189.625305 
224.722977 228.605118 
228.275467 335.456573 
247.861328 226.352798 
17.113176 366.469666 
468.920044 233.207108 
468.996887 233.351181 
210.084167 235.284134 
174.563416 330.416473 
505.428192 239.228439 
223.787094 229.705475 
287.366882 198.124771 
415.355957 212.548492 
459.326447 192.087021 
440.225250 235.719254 
124.073280 358.581329 
447.259308 224.446945 
291.807770 211.285492 
153.644501 228.653061 
297.370148 166.683060 
282.849762 224.349167 
484.442871 312.539062 
109.965797 334.865723 
427.357513 267.696564 
146.427399 253.477539 
207.885635 236.283218 
365.034271 221.492889 
267.910004 144.536240 
294.072021 253.359009 
248.577560 164.029572 
433.909882 243.415894 
208.493225 190.537430 
311.350708 187.079361 
272.651001 143.708038 
268.575195 299.846069 
202.362289 186.995270 
422.419647 213.563156 
217.042404 224.995911 
248.240860 227.563034 
507.156189 241.176178 
323.316376 234.207138 
157.158630 355.677551 
224.234619 228.316132 
215.821045 208.454163 
270.873993 305.055786 
318.804321 362.654358 
264.181122 232.427567 
263.407043 351.104950 
245.524445 227.177521 
162.561829 344.678345 
69.210281 326.064392 
439.715118 206.709900 
266.322754 229.384552 
233.652771 228.438461 
480.066711 231.884491 
483.702820 229.438843 
332.179413 238.464096 
474.284607 227.762741 
252.947998 148.655426 
266.319733 143.737717 
286.990967 214.646515 
476.886200 185.914627 
305.376282 330.060059 
236.434601 178.818359 
486.680603 261.664093 
309.483643 345.343719 
421.994202 232.669220 
214.061234 222.645111 
463.117126 220.887161 
477.420166 250.447815 
236.753830 213.997253 
514.523560 245.769791 
158.394821 248.543594 
309.510864 180.676666 
228.482346 229.328751 
419.711548 201.916061 
258.718750 195.151413 
483.727081 309.583801 
158.360550 227.694397 
462.919373 254.995239 
472.622803 248.342728 
284.763519 157.767471 
289.654449 165.507187 
242.749863 306.977417 
136.680145 217.683456 
269.632599 301.751648 
164.439911 344.420197 
266.598022 314.231323 
369.201813 345.954285 
224.376175 182.746857 
230.992279 228.521759 
292.345306 176.609634 
331.941010 271.884399 
424.011810 269.842285 
203.799118 346.088409 
377.041534 242.548264 
162.336136 228.539398 
475.633148 254.822800 
311.549316 177.664429 
331.556335 271.256195 
305.221619 224.773392 
271.828430 310.610199 
469.286804 270.763550 
247.157379 326.726929 
296.601868 175.862061 
297.222382 175.518295 
169.854462 358.218079 
212.306519 197.018814 
492.143829 193.491501 
210.673325 196.873795 
287.656708 201.396912 
449.409027 281.476318 
153.580780 341.965363 
136.771866 302.987122 
483.461273 190.355270 
452.242096 180.824448 
35.530678 303.808472 
473.876984 226.937515 
255.303757 180.536850 
472.887054 175.807159 
422.766235 270.293579 
266.580780 316.853577 
248.618805 179.863693 
203.508667 191.379761 
262.757385 348.520966 
296.286499 294.342834 
296.396271 293.637054 
502.442902 276.652527 
461.142151 288.183105 
205.847992 344.573761 
313.609283 181.475815 
272.273346 301.133636 
213.835129 236.299408 
266.660736 315.534149 
228.619629 220.204239 
487.452209 253.028503 
212.176910 257.702484 
436.631714 234.182556 
147.708893 293.711029 
98.161324 316.961182 
416.237305 261.594849 
288.636597 165.905716 
321.234406 336.869720 
110.346985 335.749084 
154.279572 259.523224 
327.921539 258.200897 
462.495209 187.076187 
326.548431 341.158569 
519.484314 249.740601 
511.643127 241.435455 
283.830902 336.298309 
229.880875 334.217041 
230.648499 269.729553 
388.642853 375.124908 
146.845322 288.252075 
356.476471 231.919800 
472.969604 189.549072 
309.284515 185.201736 
339.680908 291.782928 
159.760101 231.792145 
307.286835 341.231964 
247.075500 177.787308 
487.824249 229.451370 
422.429169 188.994843 
283.415741 335.672760 
158.945023 280.095947 
512.354248 245.743256 
269.529846 308.077057 
256.950317 148.536880 
37.193771 303.816101 
339.481628 217.398972 
486.983704 253.691315 
214.794708 222.964828 
265.538574 236.212158 
452.859650 178.872452 
426.586975 244.672531 
338.268005 266.947113 
338.097382 267.024475 
314.452362 221.494812 
311.194824 213.866119 
244.444305 224.728958 
423.488770 190.728790 
313.334686 180.378937 
405.923157 214.109802 
310.100525 280.176117 
411.187164 282.964722 
436.167358 251.901321 
416.721466 199.691833 
246.235870 312.720764 
204.949081 192.177109 
124.379715 280.963196 
294.982117 163.270966 
155.845978 353.763550 
491.947266 231.499207 
213.095200 236.570175 
156.084076 236.719162 
329.268341 242.898239 
339.992523 238.847870 
501.057495 237.635727 
440.915924 189.734283 
