500
474.145966 122.367653 
485.884399 123.522301 
478.814850 120.750969 
495.926239 234.076797 
490.774292 234.700699 
365.396240 143.053757 
491.076019 239.257980 
412.925720 284.030212 
494.921295 238.893051 
494.921295 238.893051 
535.381714 115.034645 
515.761047 128.759064 
330.676910 135.995361 
363.832550 160.550568 
419.906403 281.259308 
419.906403 281.259308 
463.160706 134.650543 
590.176208 141.027435 
547.786499 168.348267 
547.786499 168.348267 
382.669556 256.241425 
293.067627 265.764862 
363.710846 159.907883 
404.414551 266.893066 
298.973785 267.734955 
597.902222 133.685120 
228.373444 252.438370 
477.065399 136.330597 
341.882965 142.421371 
485.421600 227.301224 
488.315735 244.146179 
330.192108 210.134552 
383.049591 285.798981 
403.258881 266.707764 
327.311707 116.912186 
364.231720 151.380188 
418.300446 274.422241 
347.152496 216.421005 
482.480255 135.923660 
317.567505 158.238678 
496.081360 224.718246 
218.666855 249.055573 
390.677673 149.329590 
424.144684 280.174500 
547.159058 123.144936 
378.508881 270.817535 
545.957214 136.992020 
204.457687 246.862228 
319.492188 161.946457 
157.440384 251.550995 
351.392303 311.891144 
548.225159 139.806870 
548.225159 139.806870 
521.180481 113.331581 
152.010529 286.400818 
222.759720 252.842133 
282.194183 263.485931 
178.285751 225.795547 
485.275726 231.001099 
330.397491 211.325836 
477.065399 136.330597 
352.497589 286.487427 
201.305527 245.010193 
500.491608 239.212158 
500.491608 239.212158 
483.737152 125.802063 
539.020813 127.903938 
416.386505 242.257538 
298.562103 266.809937 
187.900620 234.390427 
353.768524 390.455109 
353.768524 390.455109 
301.614288 270.051086 
418.469360 277.308228 
185.466171 238.018448 
410.436432 146.109619 
497.763031 252.070236 
360.971436 154.081100 
362.571777 271.421661 
479.597626 139.989105 
126.915833 263.600281 
146.506393 242.601059 
371.192230 150.247574 
376.937988 270.384766 
132.204163 271.920349 
390.060577 151.426193 
142.009094 268.387939 
142.009094 268.387939 
500.496765 248.460571 
238.167725 245.106964 
360.724121 272.787537 
350.410675 172.709030 
425.175751 291.850067 
312.236694 237.629715 
359.183624 278.573883 
496.337585 246.624084 
362.464783 272.874481 
564.051208 160.885254 
169.358643 263.006439 
520.988586 122.202705 
343.470520 287.977875 
343.470520 287.977875 
348.956421 215.975037 
329.339661 137.779739 
374.630371 341.816711 
181.028595 257.764496 
383.049591 285.798981 
499.329407 121.721207 
180.490143 259.730225 
359.701660 148.543701 
294.809662 271.600861 
343.631927 226.320465 
351.006775 315.270782 
180.192184 256.787537 
351.759674 314.985199 
319.492188 161.946457 
383.049591 285.798981 
386.884979 285.200623 
520.988586 122.202705 
306.647583 244.199707 
304.448639 271.769897 
152.998901 251.052948 
371.192230 150.247574 
348.614716 304.474945 
354.666595 292.293304 
473.009552 140.661575 
156.349258 288.863129 
317.567505 158.238678 
191.556763 200.084335 
400.233063 214.576126 
358.082825 145.656219 
194.915237 241.950638 
411.973938 251.125397 
423.102325 277.975952 
353.580658 282.619415 
465.966125 128.273331 
349.873047 217.465073 
346.596649 279.969543 
180.065125 192.884476 
294.809662 271.600861 
347.534668 280.396057 
350.910767 292.142395 
162.394775 273.617615 
537.371216 122.161629 
411.503265 303.756012 
530.388306 125.031578 
375.695984 248.616562 
202.543030 226.683884 
202.543030 226.683884 
520.917603 133.128891 
147.892105 288.569611 
494.563110 230.174469 
171.273361 221.603439 
382.669556 256.241425 
300.499695 241.925156 
422.383911 276.488678 
129.675797 242.391174 
478.394135 135.022415 
428.173340 290.136292 
483.737152 125.802063 
192.762436 265.135742 
198.396149 270.815033 
146.506393 242.601059 
284.713013 261.331116 
347.094910 273.661957 
491.929077 125.230362 
308.523224 242.570312 
367.503693 325.962952 
341.882965 142.421371 
485.421600 227.301224 
350.410675 172.709030 
301.465637 273.840424 
482.480255 135.923660 
395.683868 294.087830 
359.220337 147.995087 
408.765594 304.832489 
204.678192 254.523392 
202.500443 262.368805 
216.021530 297.322906 
136.464218 241.373444 
168.969147 211.446564 
126.915833 263.600281 
214.566132 236.516556 
162.394775 273.617615 
360.589355 165.118408 
142.572632 181.304840 
175.261566 255.895767 
468.798615 138.728287 
197.672699 263.600830 
404.454224 302.476410 
196.223297 196.327499 
224.853577 274.663635 
390.060577 151.426193 
500.454834 244.498962 
175.648163 256.034607 
211.870499 258.526733 
349.324921 310.203766 
364.231720 151.380188 
528.400208 148.567505 
430.364746 284.050385 
343.631927 226.320465 
324.995514 243.441360 
324.995514 243.441360 
425.175751 291.850067 
425.981903 273.059692 
169.532120 242.701370 
328.051086 158.213501 
228.183060 258.466034 
172.256348 247.737579 
172.256348 247.737579 
367.503693 325.962952 
370.544647 327.175842 
192.937546 258.704315 
485.421600 227.301224 
211.870499 258.526733 
300.499695 241.925156 
349.873047 217.465073 
215.215408 262.108032 
169.532120 242.701370 
237.694702 222.065063 
211.870499 258.526733 
357.241119 263.694031 
488.315735 244.146179 
298.188629 239.341904 
165.298996 227.767761 
165.603958 226.565674 
172.256348 247.737579 
482.480255 135.923660 
186.323578 227.589157 
376.937988 270.384766 
430.364746 284.050385 
213.351089 295.162994 
357.614319 354.781738 
410.436432 146.109619 
346.596649 279.969543 
377.541718 323.201019 
330.138794 301.076263 
412.223236 299.579803 
494.563110 230.174469 
207.714905 264.888245 
318.161621 242.304703 
332.049316 295.402527 
147.640198 249.305588 
465.089172 123.315338 
346.690521 313.253357 
400.231995 152.031311 
303.924377 276.611420 
375.695984 248.616562 
545.355164 162.663116 
545.355164 162.663116 
332.049316 295.402527 
207.915329 301.269531 
307.904785 273.960541 
374.066681 335.353180 
350.410675 172.709030 
153.701385 276.575348 
325.719574 251.968857 
396.352051 252.324799 
193.902481 284.617523 
142.572632 181.304840 
309.333069 267.775513 
186.768753 206.704727 
233.684692 251.667725 
225.145279 272.071625 
396.352051 252.324799 
156.112137 232.645508 
185.466171 238.018448 
185.466171 238.018448 
345.945435 314.336182 
439.759430 290.145630 
160.795074 272.036774 
439.759430 290.145630 
336.684692 308.422272 
154.723618 219.670715 
218.765625 222.368912 
160.112030 224.413361 
306.647583 244.199707 
400.231995 152.031311 
350.910767 292.142395 
396.352051 252.324799 
194.224060 252.932220 
194.224060 252.932220 
142.009094 268.387939 
356.203125 322.809357 
374.381836 336.084534 
396.632477 140.467606 
358.082825 145.656219 
587.635681 173.429916 
160.795074 272.036774 
374.125366 325.096161 
218.543686 285.500549 
482.319458 249.546631 
192.566956 265.645355 
156.112137 232.645508 
163.219269 282.970459 
496.081360 224.718246 
436.432983 288.995209 
375.695984 248.616562 
545.355164 162.663116 
543.629761 137.192215 
347.094910 273.661957 
193.902481 284.617523 
520.405029 132.737366 
487.527374 257.183716 
316.529144 303.072174 
160.112030 224.413361 
207.415634 298.142822 
368.515289 340.727966 
350.910767 292.142395 
164.933380 297.427856 
131.571259 237.245651 
434.180939 290.923584 
217.063904 291.619873 
411.973938 251.125397 
195.158417 260.573944 
196.790802 277.251129 
156.112137 232.645508 
182.759338 288.263672 
348.943054 292.655304 
169.532120 242.701370 
169.802094 233.467148 
196.790802 277.251129 
411.973938 251.125397 
486.241364 136.009750 
152.792725 277.131165 
280.087708 229.790604 
228.373444 252.438370 
347.094910 273.661957 
233.912399 283.273682 
377.541718 323.201019 
545.355164 162.663116 
204.709518 296.224976 
328.883789 240.636139 
164.933380 297.427856 
205.767212 287.829926 
190.930176 294.429474 
189.715622 296.901154 
188.349640 301.072632 
338.047363 278.440643 
336.684692 308.422272 
154.971329 303.857849 
162.792526 228.267960 
160.634781 236.467499 
498.231415 125.160065 
349.324921 310.203766 
419.906403 281.259308 
178.285751 225.795547 
436.432983 288.995209 
312.236694 237.629715 
344.581024 226.309189 
423.763092 246.067657 
193.902481 284.617523 
236.213928 279.315674 
310.807648 237.991531 
180.561707 262.690338 
482.068420 252.369095 
530.388306 125.031578 
189.715622 296.901154 
292.838104 235.154984 
292.514404 231.322998 
419.057617 299.036194 
303.742004 157.336746 
186.728790 278.249268 
485.421600 227.301224 
302.798340 220.633820 
204.709518 296.224976 
498.100037 254.172180 
180.561707 262.690338 
396.352051 252.324799 
520.405029 132.737366 
336.684692 308.422272 
325.719574 251.968857 
205.153503 302.026886 
181.028595 257.764496 
297.458038 242.681030 
174.147461 241.630432 
174.147461 241.630432 
303.924377 276.611420 
332.049316 295.402527 
482.068420 252.369095 
305.050659 218.370621 
352.888306 319.433990 
358.586426 316.509552 
417.218201 299.058746 
195.158417 260.573944 
353.764282 268.955414 
425.981903 273.059692 
408.765594 304.832489 
330.428955 261.293396 
197.768799 302.093872 
192.762436 265.135742 
180.569519 274.264923 
541.666382 140.224274 
575.910583 152.900970 
292.730743 76.618607 
181.028595 257.764496 
188.349640 301.072632 
223.046326 217.417938 
283.350159 266.739929 
502.519379 260.846710 
282.194183 263.485931 
200.273514 281.976227 
222.759720 252.842133 
196.515640 271.340179 
196.515640 271.340179 
292.730743 76.618607 
327.498230 264.498138 
140.532516 272.720123 
166.039795 289.376709 
292.218506 228.913696 
485.427887 251.421265 
327.498230 264.498138 
382.669556 256.241425 
197.267242 247.049728 
486.241364 136.009750 
486.241364 136.009750 
239.703354 260.609894 
269.902435 229.155457 
374.630371 341.816711 
474.145966 122.367653 
474.145966 122.367653 
375.816437 245.174225 
333.433319 266.542725 
357.241119 263.694031 
418.300446 274.422241 
292.514404 231.322998 
178.642700 296.080566 
335.151123 156.170746 
374.066681 335.353180 
351.923279 270.470184 
293.067627 265.764862 
332.580292 101.057411 
166.039795 289.376709 
180.569519 274.264923 
171.273361 221.603439 
162.394775 273.617615 
259.324188 237.808746 
201.568863 274.457520 
201.568863 274.457520 
287.123077 232.886459 
374.381836 336.084534 
332.580292 101.057411 
170.699097 54.351021 
169.532120 242.701370 
154.971329 303.857849 
208.324615 169.647354 
479.221313 252.890045 
486.241364 136.009750 
147.640198 249.305588 
330.428955 261.293396 
217.063904 291.619873 
162.960327 53.497391 
165.148560 286.439606 
166.039795 289.376709 
437.992767 297.640289 
152.528137 230.958145 
166.039795 289.376709 
147.424316 276.261414 
297.291473 36.268318 
172.256348 247.737579 
229.811005 92.151115 
154.464371 304.659210 
433.065765 286.557556 
277.385406 38.497517 
422.383911 276.488678 
131.571259 237.245651 
312.236694 237.629715 
184.827271 252.870209 
368.515289 340.727966 
187.200623 203.649902 
196.790802 277.251129 
383.049591 285.798981 
302.646393 215.404678 
302.646393 215.404678 
222.759720 252.842133 
162.440735 61.606972 
142.009094 268.387939 
204.678192 254.523392 
220.479065 252.538330 
502.519379 260.846710 
377.541718 323.201019 
432.953491 291.146515 
489.630127 250.221909 
207.998718 257.547333 
316.529144 303.072174 
164.235641 294.983185 
332.580292 101.057411 
341.882965 142.421371 
404.414551 266.893066 
163.786194 58.342136 
147.640198 249.305588 
399.455597 306.620453 
399.455597 306.620453 
218.842819 263.069061 
330.428955 261.293396 
417.218201 299.058746 
186.728790 278.249268 
199.839676 280.635681 
253.894943 232.457825 
166.039795 289.376709 
