500
149.909515 241.834595 
169.854462 358.218079 
495.669281 216.525818 
455.690308 243.086426 
185.139893 330.367493 
514.719055 217.582260 
167.856125 339.465454 
298.064026 193.100067 
297.512817 193.124481 
487.472534 199.996902 
264.771454 210.830200 
322.310822 238.937820 
350.660736 218.050522 
479.391998 207.700485 
168.934311 358.105103 
169.384827 358.093140 
488.975403 194.954147 
356.598206 219.583649 
407.555786 229.525131 
280.485474 314.904236 
294.072021 253.359009 
483.046143 210.592773 
480.698212 198.632751 
482.200562 208.129578 
454.447449 243.365128 
478.496979 207.500641 
300.208954 338.536713 
163.547180 348.080933 
291.507111 189.882538 
162.561829 344.678345 
488.659576 197.813354 
300.392975 338.348663 
485.265594 194.785385 
477.616577 200.449936 
405.744080 231.668915 
141.652298 291.536804 
511.643127 241.435455 
233.482452 335.916534 
349.419922 337.304108 
290.416107 188.581863 
164.439911 344.420197 
453.380463 231.897324 
412.948944 222.443085 
265.369873 211.902954 
296.922455 254.368729 
292.807129 200.391083 
295.694794 169.280807 
499.006378 212.602310 
499.224030 213.309479 
162.029678 340.988892 
283.830902 336.298309 
262.176422 209.362427 
421.939453 258.685944 
408.516357 227.614761 
450.449097 228.160751 
450.497864 227.566467 
322.834015 336.758362 
298.077087 336.358917 
230.889572 337.555359 
401.303070 220.344070 
441.131744 198.994675 
447.424133 196.111877 
149.768539 287.090668 
511.662964 242.092026 
439.715118 206.709900 
321.012512 318.175751 
334.703094 253.291885 
321.234406 336.869720 
429.767059 202.466522 
294.505798 190.120422 
175.119980 357.206207 
228.482346 229.328751 
289.978851 308.051697 
314.637177 277.512238 
160.369324 344.687012 
472.622803 248.342728 
418.733673 228.432098 
455.071899 242.241531 
476.443207 210.209229 
428.048187 186.232880 
297.370148 166.683060 
222.885727 206.522629 
346.718689 208.824356 
445.156433 195.985825 
479.454834 204.965393 
236.753830 213.997253 
187.810043 343.291260 
521.098816 436.673004 
444.737213 196.528961 
420.224854 228.400513 
438.998138 200.919327 
279.422089 327.707245 
469.046783 193.166885 
415.355957 212.548492 
472.971191 192.587036 
400.891785 205.119644 
148.502716 355.251404 
277.954132 316.842102 
455.405304 200.519882 
433.909882 243.415894 
310.561890 342.239441 
162.009460 359.982849 
440.333740 200.796509 
421.994202 232.669220 
475.469971 194.861237 
224.234619 228.316132 
318.189758 247.388580 
409.130341 226.773300 
418.688660 232.780334 
419.208984 232.677444 
440.862640 201.382996 
442.756683 209.873672 
244.346237 339.794830 
412.924469 229.103012 
433.092773 216.191467 
454.966095 201.647659 
476.886200 185.914627 
286.095032 188.703186 
426.391754 218.945129 
328.930328 241.075256 
339.992523 238.847870 
424.614136 234.329758 
511.354248 245.172775 
333.953064 236.952393 
272.651001 143.708038 
227.957962 197.168549 
346.210571 209.843353 
174.991211 351.859558 
336.078064 263.015656 
416.237305 261.594849 
429.029053 222.890533 
473.180206 233.610489 
277.358643 318.034393 
432.838196 223.042953 
265.508423 352.481445 
322.303009 341.533569 
454.216064 202.652359 
246.267273 187.612473 
232.246918 190.523453 
221.067032 207.892120 
176.130936 356.870575 
309.483643 345.343719 
473.226471 191.528610 
180.871384 352.947479 
150.424469 245.650299 
447.103516 193.067688 
216.781448 246.309509 
217.147476 245.951736 
229.387512 340.233215 
359.670715 218.735321 
509.031677 208.939148 
430.991577 222.423874 
444.037384 192.521576 
277.118378 319.964813 
329.787415 241.477295 
304.817841 182.851562 
417.463348 229.224258 
222.386185 209.696655 
416.836914 261.113037 
224.722977 228.605118 
514.521362 215.660385 
154.815536 357.406891 
144.961624 256.759308 
436.631714 234.182556 
246.188156 181.979462 
486.983704 253.691315 
225.096817 208.164368 
223.787094 229.705475 
466.145966 207.142761 
232.099487 176.402374 
438.820221 223.463730 
323.271057 322.871704 
251.949646 196.152786 
445.319153 214.910843 
315.625214 276.738953 
283.415741 335.672760 
228.370865 181.848770 
336.621826 242.453476 
94.874336 317.723511 
94.989006 317.818146 
492.143829 193.491501 
248.617050 164.803467 
343.155396 242.046066 
140.854721 309.947510 
140.876541 309.769440 
484.324890 255.572250 
315.344543 216.925217 
340.629303 239.338165 
247.564331 178.685577 
436.332794 226.580765 
232.588531 349.782196 
428.527954 302.306549 
224.616959 346.472870 
334.575378 250.391586 
311.194824 213.866119 
249.066437 184.639572 
512.354248 245.743256 
485.523224 177.531418 
340.748169 206.664093 
307.286835 341.231964 
222.881027 182.005325 
214.753464 207.627533 
94.999809 317.161133 
283.500732 126.528732 
323.407074 183.852219 
313.912750 364.059143 
228.275467 335.456573 
427.550934 302.056549 
507.156189 241.176178 
269.056030 149.507660 
248.387451 184.722076 
225.314331 199.376740 
429.653961 221.737976 
144.957062 354.162292 
422.429169 188.994843 
144.300552 290.026062 
424.241974 192.043777 
482.965668 204.144958 
283.885529 217.539230 
449.728516 207.182205 
248.577560 164.029572 
406.017578 226.780914 
440.915924 189.734283 
487.452209 253.028503 
318.804321 362.654358 
309.479492 341.615753 
122.902138 341.897552 
210.208527 182.888443 
514.523560 245.769791 
433.457458 240.750488 
313.609283 181.475815 
203.799118 346.088409 
505.428192 239.228439 
405.927979 207.468094 
262.757385 348.520966 
506.246124 213.313507 
480.709290 256.877594 
274.593597 330.095123 
217.751556 227.601089 
263.407043 351.104950 
276.389801 329.970612 
419.711548 201.916061 
428.612762 300.985748 
270.992432 332.340576 
248.618805 179.863693 
277.151093 321.404083 
436.563263 178.632843 
215.821045 208.454163 
229.880875 334.217041 
336.521332 236.765503 
373.184052 242.045959 
142.919678 183.854813 
271.115631 330.809509 
344.335663 240.859207 
286.379883 307.200012 
309.510864 180.676666 
415.594452 209.087570 
238.754730 183.500412 
234.803787 175.577850 
287.064056 90.533890 
287.086761 90.585007 
433.529907 183.404251 
156.980957 348.603424 
157.308762 349.244690 
454.004517 197.295837 
315.023590 229.914536 
235.760849 192.030594 
476.079529 184.352997 
457.462158 212.850571 
499.867218 298.485077 
234.962738 186.864227 
327.444763 242.615799 
422.419647 213.563156 
309.284515 185.201736 
416.611420 212.894913 
477.420166 250.447815 
234.052368 186.844788 
460.489410 206.868530 
479.827209 253.257080 
478.454865 231.517487 
213.365311 227.407654 
256.433777 192.976257 
329.268341 242.898239 
144.964645 295.085327 
260.980621 154.895264 
227.807236 177.758682 
224.527985 225.067307 
225.126419 225.204132 
219.839111 206.212524 
416.611938 192.561844 
476.635162 239.344788 
280.938660 202.224579 
247.075500 177.787308 
337.346588 264.702881 
486.049286 176.907928 
290.013855 307.430389 
205.847992 344.573761 
238.560867 182.934814 
217.042404 224.995911 
342.228333 213.336273 
284.338959 220.687485 
229.090988 193.150406 
217.597763 201.334381 
405.923157 214.109802 
456.580750 212.277695 
223.160675 210.506958 
147.688766 183.587692 
237.628998 189.552307 
237.476105 189.229248 
311.549316 177.664429 
238.871078 327.525055 
241.950378 190.879517 
232.978027 219.450806 
280.945648 155.612823 
266.794281 139.591690 
255.229416 208.354950 
254.694489 207.872330 
488.743103 315.306915 
226.979614 225.443069 
246.270279 212.751312 
483.461273 190.355270 
228.619629 220.204239 
149.352554 183.643234 
484.797760 193.085327 
243.310181 174.943420 
242.838516 174.708389 
428.378082 302.627380 
221.606827 181.985123 
212.991806 206.734222 
321.454498 318.971313 
402.895203 236.330093 
308.614655 185.569000 
225.340073 191.089798 
437.175903 191.928864 
157.158630 355.677551 
256.719116 229.286301 
142.273865 183.857239 
438.124786 218.982147 
256.950317 148.536880 
326.548431 341.158569 
200.725677 190.824982 
201.351746 190.961014 
258.032715 226.228745 
214.794708 222.964828 
229.187378 193.955307 
338.268005 266.947113 
338.097382 267.024475 
452.242096 180.824448 
313.334686 180.378937 
443.379181 221.279144 
443.335907 220.590134 
522.760193 233.210480 
402.172668 214.032516 
136.856613 293.629425 
220.663010 230.949524 
424.011810 269.842285 
448.348572 216.112732 
332.179413 238.464096 
131.110336 184.489380 
313.881561 174.472549 
341.082001 237.221695 
224.376175 182.746857 
141.853683 357.794373 
336.958557 320.503540 
342.974915 248.351608 
153.644501 228.653061 
218.060318 203.691299 
156.859680 235.825073 
147.502335 183.423813 
233.639801 219.498215 
315.020966 176.432098 
228.171692 222.640411 
316.679932 248.863251 
324.199127 177.871887 
460.400543 224.241867 
337.865631 260.231842 
284.763519 157.767471 
317.251587 280.417633 
471.862610 210.279297 
436.197662 185.156250 
435.014587 183.570938 
254.931595 151.082367 
292.605042 305.492279 
344.504150 244.966599 
485.245789 248.577927 
306.162170 185.647842 
476.164917 183.115250 
469.780518 233.442810 
416.711823 193.745270 
214.453979 204.319733 
444.152191 217.529251 
387.227631 248.498947 
403.544800 229.720947 
144.116425 308.677673 
446.061829 239.059998 
271.828430 310.610199 
274.851593 187.899124 
409.789520 256.887695 
409.823242 257.302277 
322.310242 322.555450 
482.839203 191.689438 
348.100433 245.838837 
257.983459 224.956467 
339.892700 230.810593 
155.033661 227.395874 
280.849182 331.136444 
152.880661 228.374283 
220.875183 200.060715 
221.469376 200.330612 
153.054504 237.520538 
338.412262 268.123260 
371.782623 241.855392 
214.061234 222.645111 
424.107605 388.581940 
149.716370 183.011795 
155.960251 348.822083 
223.130936 201.081848 
313.109528 227.775177 
268.311707 327.435455 
237.224060 182.103546 
158.360550 227.694397 
213.933197 225.113586 
255.727020 155.115356 
256.416321 155.375732 
264.606079 220.402100 
405.495544 200.001221 
137.673386 297.158539 
273.459900 284.300934 
428.754822 181.767380 
156.084076 236.719162 
437.614716 186.050339 
400.218170 237.097610 
400.301025 236.820160 
402.649292 259.199219 
154.279572 259.523224 
257.836914 149.130630 
498.542267 299.490753 
138.865860 287.339478 
226.424377 235.928513 
269.861572 216.663574 
146.051941 256.534210 
455.625458 219.855743 
156.706116 225.918671 
392.253265 390.279602 
408.675995 257.622620 
506.726135 189.606094 
249.569305 172.178528 
335.565430 203.847122 
525.083252 236.773621 
269.474304 217.908569 
274.391296 284.349365 
472.969604 189.549072 
283.148682 332.445831 
422.766235 270.293579 
512.616333 268.227478 
512.920471 268.299927 
453.532776 219.568619 
385.506989 388.852295 
288.355774 194.537415 
330.993652 259.761566 
136.163483 291.380768 
303.078644 183.588104 
468.920044 233.207108 
468.996887 233.351181 
451.627289 182.800873 
469.019379 211.364059 
305.376282 330.060059 
140.137543 235.660950 
325.691650 259.767059 
394.972443 222.497009 
229.466095 220.663040 
229.199844 195.374512 
412.983643 365.710175 
128.015717 185.188232 
218.875992 251.322815 
137.697983 307.589325 
311.350708 187.079361 
275.489380 206.318069 
230.992279 228.521759 
135.155243 313.360687 
447.259308 224.446945 
215.607285 191.404312 
471.837097 238.041641 
282.219696 194.875641 
248.803665 210.165375 
460.244781 269.729584 
145.829193 188.398727 
159.760101 231.792145 
253.284683 144.549728 
502.595276 214.078186 
137.835052 298.412201 
480.066711 231.884491 
146.678329 188.414856 
303.812622 183.273132 
267.515167 219.687775 
270.321960 244.353424 
269.551910 244.029968 
313.052399 175.205338 
263.372101 158.847198 
324.310913 180.366318 
