500
237.530746 309.758667 
234.790558 310.044769 
237.530746 309.758667 
239.395950 300.262848 
220.809341 331.856171 
249.779434 294.376617 
333.677002 215.708099 
249.779434 294.376617 
188.182053 357.453400 
188.182053 357.453400 
276.366364 170.189117 
335.459076 125.607185 
228.796173 322.382294 
376.394653 177.643631 
306.658752 205.974655 
218.770020 304.023956 
181.167328 267.782776 
228.602463 317.872772 
234.309052 340.126099 
215.518326 332.314636 
404.119476 69.607552 
333.677002 215.708099 
276.908600 170.024109 
234.309052 340.126099 
237.530746 309.758667 
205.098053 355.399475 
234.309052 340.126099 
394.166168 60.832584 
332.204224 205.853699 
389.229706 208.723389 
332.204224 205.853699 
467.158478 159.259918 
464.502075 149.883698 
210.641876 342.121063 
228.156357 328.754456 
437.248505 222.463623 
467.158478 159.259918 
195.044861 320.416168 
467.347351 154.309189 
370.674347 263.734619 
397.260773 57.051720 
200.522827 352.501923 
226.043060 344.273041 
233.292328 297.621826 
291.946899 227.139069 
181.343414 298.130188 
457.970581 149.368805 
201.901733 325.839691 
207.048370 324.503418 
232.173218 344.550812 
236.162842 298.631683 
476.228058 59.690414 
476.228058 59.690414 
221.298874 319.958649 
221.298874 319.958649 
318.503113 136.736649 
415.264893 47.847923 
419.165039 248.433044 
382.436951 286.350067 
306.658752 205.974655 
463.713043 37.353500 
214.997162 331.967712 
291.946899 227.139069 
333.932648 205.429459 
215.600189 339.121704 
407.202972 68.421318 
335.787079 115.403801 
195.044861 320.416168 
189.487015 298.396210 
403.291901 71.459389 
419.165039 248.433044 
452.883392 33.265125 
234.309052 340.126099 
372.328583 253.511002 
226.043060 344.273041 
308.671783 275.052612 
203.430496 303.978607 
204.038132 341.906189 
357.166260 281.878906 
314.485138 273.948334 
335.444183 127.755150 
309.263214 133.258667 
250.737259 285.652069 
317.635162 149.397598 
188.182053 357.453400 
234.309052 340.126099 
363.864685 269.635437 
363.864685 269.635437 
333.932648 205.429459 
208.686356 326.599487 
413.620697 254.920059 
437.248505 222.463623 
168.969131 318.988861 
232.173218 344.550812 
185.158188 285.445862 
249.779434 294.376617 
214.476288 360.130127 
306.658752 205.974655 
427.287415 235.359299 
318.503113 136.736649 
259.895813 303.667694 
221.298874 319.958649 
202.437241 305.819244 
318.732330 242.902847 
427.287415 235.359299 
200.522827 352.501923 
412.889862 254.049469 
312.001984 144.722015 
419.165039 248.433044 
90.026100 156.739487 
275.091125 148.696945 
216.086807 315.096527 
207.048370 324.503418 
384.875671 72.807777 
407.363953 73.125793 
237.530746 309.758667 
461.693268 38.761963 
170.861099 328.717865 
229.092667 322.951385 
430.220917 29.419933 
361.673248 250.551270 
434.534271 37.390701 
457.571655 25.250397 
313.289734 140.945374 
385.282501 204.083038 
200.726730 316.476562 
187.113220 272.530975 
421.522186 283.979523 
203.596176 306.744751 
428.910614 245.421432 
314.485138 273.948334 
401.528625 65.396431 
193.197891 354.394409 
246.491989 303.323517 
224.411728 341.674927 
185.158188 285.445862 
456.473389 146.166077 
215.600189 339.121704 
474.703674 149.166779 
474.703674 149.166779 
407.938660 217.637451 
467.016479 38.740425 
467.016479 38.740425 
226.727402 270.307648 
471.408295 151.859390 
471.408295 151.859390 
221.964371 296.523987 
357.166260 281.878906 
201.901733 325.839691 
326.039642 240.729126 
326.039642 240.729126 
361.673248 250.551270 
456.473389 146.166077 
427.287415 235.359299 
305.393860 274.985138 
412.889862 254.049469 
289.225708 143.921158 
193.197891 354.394409 
244.358459 327.494720 
195.712982 360.906433 
204.038132 341.906189 
426.106506 220.081436 
208.720154 354.211121 
309.953583 116.585342 
407.202972 68.421318 
182.945801 146.159119 
182.945801 146.159119 
366.384888 92.518906 
201.901733 325.839691 
362.592590 287.378540 
207.901688 321.704773 
434.473541 37.448692 
420.235535 217.644104 
439.832184 47.048683 
317.635162 149.397598 
203.915848 341.252441 
311.910828 166.210846 
244.280914 338.267426 
240.021378 311.251221 
476.228058 59.690414 
313.289734 140.945374 
200.509491 334.915710 
419.165039 248.433044 
335.444183 127.755150 
385.670990 236.992188 
187.555588 277.697723 
229.092667 322.951385 
344.119080 256.236694 
407.202972 68.421318 
456.473389 146.166077 
289.225708 143.921158 
344.811401 123.543556 
211.378082 358.626099 
170.268768 329.077820 
454.487976 56.620842 
428.686218 224.481125 
471.431366 166.675339 
404.408386 62.508572 
404.408386 62.508572 
330.341156 247.484467 
414.002930 292.704163 
182.945801 146.159119 
270.310425 255.719254 
407.316620 182.643692 
407.316620 182.643692 
240.736877 310.788544 
420.235535 217.644104 
215.600189 339.121704 
403.917511 59.019913 
313.704681 209.753006 
433.448914 45.799801 
90.026100 156.739487 
242.788605 299.964874 
214.044113 111.647964 
195.044861 320.416168 
372.454437 218.864822 
407.938660 217.637451 
214.044113 111.647964 
214.044113 111.647964 
233.292328 297.621826 
243.541504 288.666046 
219.924133 294.393250 
311.910828 166.210846 
386.553894 66.451729 
196.299240 297.276337 
235.931183 302.117157 
464.154297 138.681290 
227.130737 334.153625 
403.917511 59.019913 
90.026100 156.739487 
222.775665 340.511261 
222.505173 324.403748 
187.555588 277.697723 
140.238266 312.041687 
140.238266 312.041687 
90.026100 156.739487 
418.572266 201.237335 
197.519043 346.695374 
179.498505 316.548157 
385.285431 292.188934 
357.166260 281.878906 
197.519043 346.695374 
227.130737 334.153625 
323.927155 269.033844 
468.994202 147.610703 
246.136581 168.553268 
195.549103 320.287781 
195.549103 320.287781 
181.343414 298.130188 
203.915848 341.252441 
231.146805 333.360260 
139.989456 145.639801 
362.888062 248.007248 
379.280792 289.824005 
231.146805 333.360260 
423.306915 222.949600 
216.658997 308.852264 
191.144119 357.334717 
189.474014 313.659821 
419.165039 248.433044 
351.044159 111.779037 
172.448120 359.719849 
167.242661 156.929504 
220.124847 292.676117 
205.098053 355.399475 
219.924133 294.393250 
243.704987 300.366638 
338.111877 257.463715 
394.166168 60.832584 
394.166168 60.832584 
216.658997 308.852264 
498.030151 35.104099 
219.924133 294.393250 
167.242661 156.929504 
474.413391 163.698517 
162.792709 334.984711 
430.383362 249.348373 
289.222809 144.565201 
393.182526 71.434006 
178.779297 287.700134 
169.192902 312.435120 
338.111877 257.463715 
323.927155 269.033844 
233.292328 297.621826 
246.920090 315.261566 
306.658752 205.974655 
188.182053 357.453400 
170.377243 315.371185 
226.221802 313.299469 
448.583862 28.927666 
427.671997 215.423645 
410.497101 293.616516 
195.044861 320.416168 
419.465698 198.154007 
249.123795 301.772369 
209.420303 359.718933 
426.106506 220.081436 
473.441559 170.478653 
226.727402 270.307648 
313.704681 209.753006 
468.227539 167.048569 
213.482895 294.160675 
213.482895 294.160675 
410.109863 201.545792 
414.002930 292.704163 
410.109863 201.545792 
268.096802 137.579803 
420.235535 217.644104 
429.348114 48.034302 
473.441559 170.478653 
398.141510 246.987274 
421.522186 283.979523 
333.677002 215.708099 
154.952286 331.577728 
517.811523 48.399906 
389.229706 208.723389 
395.090973 211.079483 
207.901688 321.704773 
418.572266 201.237335 
218.770020 304.023956 
243.541504 288.666046 
372.454437 218.864822 
446.610809 223.630707 
237.530746 309.758667 
237.530746 309.758667 
187.713242 315.825836 
216.658997 308.852264 
179.591858 287.044342 
179.591858 287.044342 
218.294281 319.391602 
369.529999 260.690338 
400.022003 87.642418 
444.474548 224.018082 
203.361160 365.267242 
226.744568 289.567444 
414.002930 292.704163 
372.454437 218.864822 
372.328583 253.511002 
379.280792 289.824005 
456.473389 146.166077 
418.000275 189.481552 
438.440826 227.123505 
454.487976 56.620842 
211.355759 345.985138 
410.109863 201.545792 
440.491577 53.097870 
226.727402 270.307648 
299.840546 275.536438 
204.522736 363.897186 
420.459198 269.459198 
207.048370 324.503418 
356.393951 292.532227 
364.294250 246.702789 
216.938293 314.471802 
398.141510 246.987274 
361.673248 250.551270 
173.886597 315.373199 
308.704041 119.317993 
243.411331 357.297455 
202.113266 301.087128 
469.424438 165.967361 
456.473389 146.166077 
208.449051 357.538574 
434.473541 37.448692 
418.572266 201.237335 
424.925354 246.007523 
224.411728 341.674927 
463.706299 171.383301 
410.079834 299.941101 
410.848267 66.056190 
427.671997 215.423645 
398.141510 246.987274 
193.197891 354.394409 
426.106506 220.081436 
227.590714 269.603088 
413.461304 256.268036 
418.000275 189.481552 
402.332123 58.154709 
361.328461 236.229980 
299.499542 251.510513 
440.938873 43.241550 
433.126709 242.369720 
172.759338 360.876068 
384.393402 288.740479 
175.504150 353.905975 
456.473389 146.166077 
409.458313 286.231689 
213.358139 269.789581 
171.048416 309.345612 
197.907242 351.817444 
487.732178 166.590897 
420.459198 269.459198 
258.384277 336.455017 
477.117157 171.301605 
395.090973 211.079483 
233.564011 313.852661 
179.076904 306.526611 
344.811401 123.543556 
214.476288 360.130127 
379.861206 286.003387 
389.229706 208.723389 
410.109863 201.545792 
208.395676 159.508759 
140.238266 312.041687 
140.238266 312.041687 
405.820679 220.943985 
299.822601 250.222290 
224.840973 358.997070 
235.530548 356.778076 
178.744095 305.563324 
309.535248 250.022614 
427.287415 235.359299 
211.355759 345.985138 
428.910614 245.421432 
254.674057 330.559662 
527.832214 42.575115 
382.436951 286.350067 
172.759338 360.876068 
181.343414 298.130188 
421.522186 283.979523 
224.840973 358.997070 
172.759338 360.876068 
311.910828 166.210846 
305.127136 246.318130 
446.610809 223.630707 
254.674057 330.559662 
413.461304 256.268036 
167.242661 156.929504 
237.530746 309.758667 
404.251343 203.709351 
364.294250 246.702789 
200.952744 298.417694 
356.393951 292.532227 
224.411728 341.674927 
260.547791 113.243271 
376.318420 281.163666 
376.318420 281.163666 
534.363586 42.747532 
386.553894 66.451729 
446.683197 113.618958 
208.395676 159.508759 
364.323212 260.276825 
235.530548 356.778076 
463.706299 171.383301 
344.811401 123.543556 
174.556625 333.844543 
418.572266 201.237335 
185.138382 309.599945 
238.941208 295.852661 
415.747162 257.616730 
270.203247 266.574524 
140.238266 312.041687 
413.461304 256.268036 
187.555588 277.697723 
212.131760 303.875641 
207.901688 321.704773 
301.456665 252.639969 
382.436951 286.350067 
216.017166 265.510559 
341.441986 97.099113 
325.765961 275.249146 
390.565491 207.547516 
479.191162 161.617523 
422.608002 230.981064 
179.958115 332.793335 
476.228058 59.690414 
390.565491 207.547516 
527.832214 42.575115 
303.012787 257.709747 
370.394379 216.315445 
411.523956 191.382980 
235.678238 308.715057 
408.395752 291.307465 
446.683197 113.618958 
468.482178 160.067444 
336.295319 127.541344 
454.487976 56.620842 
333.205322 216.113358 
390.565491 207.547516 
237.530746 309.758667 
382.436951 286.350067 
304.175934 140.813614 
263.034485 299.570770 
463.706299 171.383301 
390.565491 207.547516 
216.938293 314.471802 
376.318420 281.163666 
256.058411 336.317352 
333.205322 216.113358 
428.910614 245.421432 
220.124847 292.676117 
470.418549 38.599918 
427.287415 235.359299 
413.681152 53.158100 
395.090973 211.079483 
395.090973 211.079483 
409.458313 286.231689 
304.175934 140.813614 
182.945801 146.159119 
202.437241 305.819244 
