500
499.006378 212.602310 
499.224030 213.309479 
220.875183 200.060715 
221.469376 200.330612 
168.934311 358.105103 
169.384827 358.093140 
509.031677 208.939148 
183.070358 329.747833 
460.109894 223.441711 
185.139893 330.367493 
313.912750 364.059143 
502.595276 214.078186 
347.521667 214.713257 
245.896713 231.918381 
153.054504 237.520538 
163.547180 348.080933 
144.072876 234.656677 
140.668793 240.606125 
140.515274 241.248611 
300.208954 338.536713 
471.837097 238.041641 
417.463348 229.224258 
253.056992 329.753937 
241.297592 266.091553 
274.593597 330.095123 
248.387451 184.722076 
346.210571 209.843353 
258.718750 195.151413 
310.561890 342.239441 
310.490570 269.410095 
251.569397 330.376740 
140.137543 235.660950 
475.469971 194.861237 
105.602036 366.053406 
460.400543 224.241867 
148.430161 228.970596 
141.537201 229.929520 
487.734802 230.163132 
514.521362 215.660385 
452.556030 247.821045 
495.019745 238.501221 
217.597763 201.334381 
249.066437 184.639572 
484.797760 193.085327 
495.669281 216.525818 
311.756226 322.241821 
266.267609 139.225967 
270.992432 332.340576 
145.664688 241.999344 
146.209671 242.334015 
125.238510 351.726929 
402.649292 259.199219 
237.705139 214.002701 
514.719055 217.582260 
310.100525 280.176117 
293.072998 265.480408 
149.909515 241.834595 
236.753830 213.997253 
488.975403 194.954147 
468.920044 233.207108 
468.996887 233.351181 
296.922455 254.368729 
418.733673 228.432098 
469.780518 233.442810 
275.502258 337.885132 
295.694794 169.280807 
293.835876 265.149780 
276.389801 329.970612 
505.428192 239.228439 
483.702820 229.438843 
154.629547 249.807922 
473.180206 233.610489 
455.625458 219.855743 
257.983459 224.956467 
459.509827 220.808990 
472.496033 238.946793 
304.278687 172.631882 
494.158020 238.724655 
416.237305 261.594849 
290.602478 264.308136 
287.064056 90.533890 
287.086761 90.585007 
262.176422 209.362427 
171.678482 340.813751 
227.957962 197.168549 
304.699463 175.289307 
309.960236 270.835297 
288.355774 194.537415 
321.012512 318.175751 
338.360077 211.904373 
346.718689 208.824356 
336.521332 236.765503 
289.654449 165.507187 
256.686829 195.607056 
300.392975 338.348663 
283.830902 336.298309 
453.532776 219.568619 
327.860138 261.077789 
327.712433 262.063629 
480.698212 198.632751 
119.344109 367.901917 
174.991211 351.859558 
210.673325 196.873795 
342.628479 214.159790 
415.159454 199.998611 
507.156189 241.176178 
475.378906 211.698151 
471.862610 210.279297 
290.416107 188.581863 
472.622803 248.342728 
118.079704 360.485474 
233.482452 335.916534 
169.854462 358.218079 
480.709290 256.877594 
297.782135 254.489594 
499.867218 298.485077 
496.405548 234.997147 
438.124786 218.982147 
482.965668 204.144958 
412.924469 229.103012 
115.265945 347.821259 
416.836914 261.113037 
162.009460 359.982849 
306.978546 214.078522 
475.863342 253.342041 
218.060318 203.691299 
412.948944 222.443085 
251.949646 196.152786 
461.142151 288.183105 
271.115631 330.809509 
438.998138 200.919327 
244.346237 339.794830 
333.953064 236.952393 
435.014587 183.570938 
448.348572 216.112732 
288.636597 165.905716 
480.371521 260.497803 
266.319733 143.737717 
309.510864 180.676666 
146.605087 251.137436 
212.306519 197.018814 
227.807236 177.758682 
155.918762 253.701309 
440.333740 200.796509 
328.930328 241.075256 
291.116333 186.837341 
385.506989 388.852295 
228.482346 229.328751 
118.771545 360.176239 
444.152191 217.529251 
341.082001 237.221695 
491.947266 231.499207 
408.675995 257.622620 
450.449097 228.160751 
450.497864 227.566467 
51.317047 311.106567 
119.859894 347.173370 
157.871841 343.858063 
465.590759 224.269592 
292.807129 200.391083 
329.787415 241.477295 
392.253265 390.279602 
243.263123 327.784302 
256.873901 197.485184 
264.181122 232.427567 
464.767517 224.417969 
279.422089 327.707245 
441.384216 247.557892 
473.226471 191.528610 
237.628998 189.552307 
511.643127 241.435455 
141.847855 232.789413 
477.616577 200.449936 
215.882553 188.698410 
512.354248 245.743256 
283.415741 335.672760 
454.286255 253.191605 
280.938660 202.224579 
297.370148 166.683060 
472.969604 189.549072 
294.897858 201.270309 
498.542267 299.490753 
92.858292 341.317688 
93.249245 340.766693 
467.175232 239.234482 
215.821045 208.454163 
235.760849 192.030594 
159.069122 344.441101 
329.268341 242.898239 
303.755005 172.485596 
291.507111 189.882538 
476.443207 210.209229 
265.331665 230.575470 
485.245789 248.577927 
336.647644 210.054214 
342.228333 213.336273 
219.839111 206.212524 
479.827209 253.257080 
292.345306 176.609634 
160.369324 344.687012 
359.670715 218.735321 
475.633148 254.822800 
298.064026 193.100067 
297.512817 193.124481 
426.391754 218.945129 
321.454498 318.971313 
487.452209 253.028503 
455.863495 279.359741 
258.032715 226.228745 
436.197662 185.156250 
277.151093 321.404083 
187.810043 343.291260 
445.319153 214.910843 
246.267273 187.612473 
154.274841 239.087433 
457.462158 212.850571 
442.756683 209.873672 
277.118378 319.964813 
487.472534 199.996902 
476.886200 185.914627 
289.884949 264.094757 
501.057495 237.635727 
436.332794 226.580765 
284.763519 157.767471 
438.664948 254.334351 
438.886658 253.850357 
492.143829 193.491501 
97.904732 344.235321 
77.436989 319.977417 
349.027679 250.185608 
471.390228 217.741226 
415.893463 206.184464 
514.523560 245.769791 
403.990906 201.044083 
443.379181 221.279144 
443.335907 220.590134 
17.113176 366.469666 
204.949081 192.177109 
437.175903 191.928864 
472.971191 192.587036 
272.611298 140.057938 
248.242371 331.843353 
438.820221 223.463730 
322.310242 322.555450 
483.461273 190.355270 
167.148773 358.505463 
215.607285 191.404312 
456.580750 212.277695 
479.454834 204.965393 
498.888885 270.644104 
283.148682 332.445831 
332.179413 238.464096 
421.994202 232.669220 
422.377289 195.807526 
156.980957 348.603424 
273.790741 155.310440 
157.308762 349.244690 
482.839203 191.689438 
293.725952 207.161118 
459.326447 192.087021 
281.572968 155.270935 
486.680603 261.664093 
486.983704 253.691315 
229.880875 334.217041 
521.098816 436.673004 
323.271057 322.871704 
222.885727 206.522629 
110.230438 355.415344 
175.119980 357.206207 
224.722977 228.605118 
429.653961 221.737976 
167.856125 339.465454 
436.563263 178.632843 
271.679596 154.417725 
283.500732 126.528732 
423.488770 190.728790 
356.598206 219.583649 
287.359192 213.404556 
237.476105 189.229248 
440.862640 201.382996 
278.460114 209.986755 
344.335663 240.859207 
105.462227 358.172729 
447.259308 224.446945 
116.228767 346.046112 
430.991577 222.423874 
432.838196 223.042953 
446.061829 239.059998 
454.443939 274.576538 
429.029053 222.890533 
122.618179 346.934601 
405.495544 200.001221 
433.092773 216.191467 
24.693386 360.296051 
454.004517 197.295837 
243.310181 174.943420 
242.838516 174.708389 
416.721466 199.691833 
424.241974 192.043777 
154.168671 254.417450 
480.591888 244.550018 
441.131744 198.994675 
512.616333 268.227478 
512.920471 268.299927 
418.688660 232.780334 
419.208984 232.677444 
156.323822 256.482849 
290.698181 173.847443 
309.483643 345.343719 
455.071899 242.241531 
491.950867 268.080566 
455.405304 200.519882 
330.808289 213.296997 
213.125015 189.625305 
223.130936 201.081848 
483.046143 210.592773 
415.594452 209.087570 
260.980621 154.895264 
422.766235 270.293579 
280.945648 155.612823 
287.565002 212.162613 
339.481628 217.398972 
232.870010 213.045731 
155.960251 348.822083 
348.103546 250.020752 
443.766174 179.342789 
407.924438 201.230774 
311.918945 241.095154 
452.510681 184.218277 
343.081940 219.674149 
453.380463 231.897324 
203.508667 191.379761 
479.391998 207.700485 
455.690308 243.086426 
43.104763 347.265991 
469.757233 260.276428 
223.787094 229.705475 
415.355957 212.548492 
454.966095 201.647659 
146.427399 253.477539 
482.200562 208.129578 
427.357513 267.696564 
267.910004 144.536240 
246.188156 181.979462 
444.916168 284.736786 
454.216064 202.652359 
282.158936 164.509048 
153.580780 341.965363 
476.635162 239.344788 
256.544312 221.066711 
307.286835 341.231964 
91.564331 329.835907 
453.839996 277.710266 
452.242096 180.824448 
491.574768 247.817764 
304.817841 182.851562 
333.177124 248.299347 
327.444763 242.615799 
158.360550 227.694397 
271.826233 137.158813 
228.370865 181.848770 
426.586975 244.672531 
294.072021 253.359009 
451.627289 182.800873 
150.315872 225.613251 
406.017578 226.780914 
416.611420 212.894913 
95.352943 344.733612 
111.264595 358.983551 
269.776886 153.949295 
353.350647 244.621735 
469.825623 224.688889 
267.652130 136.707382 
476.079529 184.352997 
454.447449 243.365128 
424.614136 234.329758 
466.228546 274.259338 
159.760101 231.792145 
360.331085 204.406891 
506.246124 213.313507 
469.019379 211.364059 
478.496979 207.500641 
426.187927 267.344818 
256.433777 192.976257 
424.011810 269.842285 
444.737213 196.528961 
171.922699 332.584015 
440.915924 189.734283 
337.145081 324.055054 
452.379303 210.324860 
162.029678 340.988892 
478.454865 231.517487 
321.559296 179.136185 
519.484314 249.740601 
212.991806 206.734222 
282.265472 334.434967 
353.828461 244.020630 
286.990967 214.646515 
247.427948 235.573318 
420.224854 228.400513 
318.804321 362.654358 
462.919373 254.995239 
424.809631 183.752151 
460.489410 206.868530 
268.198914 146.101501 
438.222473 312.612915 
269.632599 301.751648 
429.767059 202.466522 
463.117126 220.887161 
296.289185 198.740112 
51.253273 306.947327 
460.693756 221.403214 
460.952057 221.133881 
224.376175 182.746857 
127.435326 347.889587 
303.812622 183.273132 
469.155701 214.632385 
123.327278 345.838806 
294.632996 205.969742 
266.322754 229.384552 
207.356964 193.788300 
462.495209 187.076187 
138.847809 219.540527 
424.107605 388.581940 
439.715118 206.709900 
469.046783 193.166885 
299.771942 169.073502 
308.236206 172.560974 
222.061600 203.756821 
292.332245 308.354889 
153.642807 224.463074 
485.265594 194.785385 
267.437561 155.548752 
252.255768 144.357269 
294.626099 208.357193 
146.237244 223.127777 
409.789520 256.887695 
409.823242 257.302277 
268.575195 299.846069 
142.237366 247.400330 
445.156433 195.985825 
170.521820 336.389587 
326.548431 341.158569 
373.795227 256.703033 
222.881027 182.005325 
239.961395 170.336060 
244.765274 226.597412 
241.950378 190.879517 
450.317719 186.563080 
156.706116 225.918671 
287.038086 201.001633 
443.860321 250.403015 
350.093262 251.765533 
433.529907 183.404251 
309.479492 341.615753 
417.569427 195.231064 
496.137543 184.266739 
509.712402 256.410950 
303.150879 202.586456 
211.198303 225.216705 
494.584747 183.104095 
88.472443 306.106110 
272.273346 301.133636 
457.034637 252.933212 
480.066711 231.884491 
245.524445 227.177521 
224.234619 228.316132 
280.485474 314.904236 
466.145966 207.142761 
214.753464 207.627533 
212.176910 257.702484 
144.957062 354.162292 
360.613831 215.802948 
462.194031 233.512207 
460.244781 269.729584 
448.063782 223.600327 
238.871078 327.525055 
253.284683 144.549728 
329.489227 264.886566 
447.424133 196.111877 
331.441345 231.310364 
433.728546 179.700241 
405.744080 231.668915 
355.114441 248.320206 
449.728516 207.182205 
374.269623 252.218948 
248.240860 227.563034 
202.362289 186.995270 
270.873993 305.055786 
154.457703 349.265045 
475.441101 245.267715 
488.659576 197.813354 
485.523224 177.531418 
287.656708 201.396912 
440.225250 235.719254 
459.515350 255.202072 
353.791321 247.610245 
268.537170 135.985901 
154.279572 259.523224 
248.764053 236.464432 
