500
324.454956 147.220291 
294.650818 210.172150 
384.860504 124.774277 
329.217499 265.741211 
400.083557 298.681366 
325.424469 140.270706 
409.590881 412.240845 
397.424164 325.095032 
325.519684 139.475342 
400.083557 298.681366 
396.472473 321.132294 
410.353607 416.939758 
399.985260 419.385101 
399.985260 419.385101 
321.075012 129.947464 
381.495819 281.496460 
244.141861 257.979950 
393.974182 418.070435 
336.077118 121.566330 
354.631897 251.712814 
309.102264 108.353401 
321.075012 129.947464 
325.086182 99.297913 
410.092621 462.460358 
250.852676 313.888092 
299.218719 207.484238 
331.848236 136.408768 
329.217499 265.741211 
329.788330 112.157501 
329.788330 112.157501 
391.464508 335.134857 
396.544434 412.936157 
385.396332 402.461090 
318.170807 133.922668 
405.865021 436.531555 
286.757538 339.112366 
381.495819 281.496460 
296.036072 408.774628 
391.464508 335.134857 
316.773956 99.899315 
392.162964 412.545410 
275.569336 272.104614 
321.075012 129.947464 
250.852676 313.888092 
270.023041 263.227600 
348.988037 110.357063 
393.974182 418.070435 
304.398926 404.703400 
380.807159 117.511131 
316.773956 99.899315 
294.650818 210.172150 
246.447647 256.065674 
345.015747 104.424805 
398.313385 295.581726 
296.696259 95.726311 
395.796051 416.560089 
355.670288 142.894501 
241.343246 315.925873 
405.075592 420.763947 
297.086334 213.755005 
260.726807 323.602905 
229.138901 280.612793 
334.178436 124.428894 
346.826782 254.676224 
396.472473 321.132294 
330.147064 158.643951 
262.887268 334.351532 
252.377487 256.702179 
354.631897 251.712814 
346.502655 227.029877 
399.985260 419.385101 
299.240051 312.801056 
395.780670 412.127899 
380.160004 114.067917 
257.781555 341.157440 
304.398926 404.703400 
325.902649 42.623940 
250.327438 309.825928 
316.868011 109.812958 
221.334137 274.359924 
346.502655 227.029877 
303.776947 198.666702 
304.398926 404.703400 
395.723145 253.194656 
240.903641 312.563477 
289.512604 102.939743 
343.356354 107.612488 
385.977936 436.819183 
262.624329 264.673035 
348.191711 68.693970 
339.919769 115.872772 
304.170197 66.490181 
364.952850 95.820007 
345.483459 109.748039 
305.118378 198.344879 
318.641876 237.040695 
342.249756 128.507446 
405.257294 402.591492 
297.086334 213.755005 
360.634125 77.635956 
331.561829 323.345581 
406.387634 397.595734 
250.054810 301.761688 
248.207840 301.957520 
250.327438 309.825928 
372.065216 107.675789 
275.757141 260.431763 
264.461273 299.645508 
316.586975 85.323372 
230.308182 282.958862 
385.396332 402.461090 
316.586975 85.323372 
254.478531 322.419373 
330.120728 101.154221 
298.386322 107.852745 
315.602753 76.921753 
382.124939 112.987442 
319.137817 225.562347 
225.691345 275.185944 
405.075592 420.763947 
311.258331 114.679260 
270.534973 337.361176 
275.757141 260.431763 
339.728119 128.319397 
353.214600 58.054810 
254.261154 304.905243 
298.386322 107.852745 
265.150970 334.618896 
396.579468 451.677338 
257.781555 341.157440 
263.771881 261.095703 
312.895325 69.434715 
315.602753 76.921753 
400.083466 305.373657 
275.757141 260.431763 
252.768341 314.998199 
325.086182 99.297913 
318.527222 114.600655 
242.973526 251.118912 
250.054810 301.761688 
391.665100 457.592957 
323.300446 50.148056 
400.338898 253.032486 
360.634125 77.635956 
297.673157 74.720154 
316.868011 109.812958 
293.659576 298.729950 
321.980499 112.776222 
321.980499 112.776222 
332.559601 86.216835 
292.983490 119.332764 
388.233643 294.440948 
279.657074 277.469879 
394.008942 421.255524 
305.137665 139.763580 
290.771637 271.848175 
348.191711 68.693970 
360.526886 97.923508 
348.686676 61.524490 
286.757538 339.112366 
346.826782 254.676224 
263.009827 259.160309 
388.233643 294.440948 
337.373322 77.519936 
269.667053 330.135254 
337.775696 99.177299 
299.653778 413.000458 
396.855682 447.306732 
243.911423 253.000961 
289.539154 137.390869 
263.009827 259.160309 
395.723145 253.194656 
364.952850 95.820007 
400.083466 305.373657 
315.053833 117.778831 
376.209229 113.828529 
226.214417 273.719269 
372.526367 107.988136 
289.983276 113.333176 
305.664795 111.967842 
245.985779 320.032745 
323.611389 58.554504 
323.611389 58.554504 
269.667053 330.135254 
512.067383 144.704010 
305.664795 111.967842 
298.386322 107.852745 
403.878174 428.869263 
340.084076 90.454872 
315.602753 76.921753 
279.458221 414.873169 
290.175842 220.249237 
301.398163 70.135506 
304.398926 404.703400 
324.849152 153.689636 
289.913361 417.959534 
289.913361 417.959534 
293.899506 110.756264 
324.099213 120.770126 
217.374084 276.745392 
323.611389 58.554504 
296.424957 138.697861 
307.533020 343.434235 
307.533020 343.434235 
303.944885 81.803032 
296.424957 138.697861 
318.736511 224.226089 
305.228729 415.993164 
344.470245 95.312386 
344.470245 95.312386 
332.869720 181.148117 
268.980743 254.472168 
268.980743 254.472168 
282.511322 99.249916 
331.182007 45.124664 
394.471039 328.199127 
332.559601 86.216835 
285.118103 265.148315 
245.211441 301.774231 
333.156921 180.435440 
354.631897 251.712814 
250.327438 309.825928 
267.041382 338.002197 
385.657654 452.598114 
289.539154 137.390869 
280.613953 400.393646 
310.725037 96.597282 
405.915436 423.999756 
287.984802 343.111755 
343.042023 90.531609 
355.848602 110.409622 
256.544617 241.865799 
338.422058 82.836090 
216.249664 270.533997 
217.374084 276.745392 
409.590881 412.240845 
409.590881 412.240845 
315.602753 76.921753 
399.908234 261.588348 
267.041382 338.002197 
254.478531 322.419373 
299.653778 413.000458 
303.616943 139.822006 
364.285767 139.859741 
325.519684 139.475342 
340.715179 51.386543 
354.073120 126.314735 
354.073120 126.314735 
343.042023 90.531609 
285.118103 265.148315 
525.323608 252.142731 
547.446228 76.832077 
391.465485 456.422241 
324.099213 120.770126 
355.395172 108.641899 
287.308319 101.436531 
351.436432 83.189964 
280.480927 401.929657 
304.398926 404.703400 
250.271332 348.798279 
250.271332 348.798279 
409.069427 73.501595 
228.156555 271.553467 
302.180206 59.709095 
300.398865 205.207962 
302.971405 293.655640 
232.643768 297.689453 
324.454956 147.220291 
348.686676 61.524490 
293.316467 316.003784 
300.782318 113.447998 
385.977936 436.819183 
405.986237 292.015198 
400.338898 253.032486 
246.447647 256.065674 
290.978058 76.801163 
404.660767 237.863464 
293.659576 298.729950 
332.559601 86.216835 
262.545807 330.986267 
344.115051 129.803207 
245.394028 325.450958 
297.742920 79.250893 
343.042023 90.531609 
346.308075 86.437187 
426.070770 69.837944 
290.070038 90.857353 
381.495819 281.496460 
294.076599 326.877838 
287.308319 101.436531 
248.207840 301.957520 
252.021698 345.916107 
252.808914 344.904572 
330.120728 101.154221 
325.127686 218.035660 
369.838409 80.777237 
245.033951 326.933746 
230.644379 260.891296 
288.992188 221.786301 
232.643768 297.689453 
292.431946 131.536392 
305.664795 111.967842 
364.285767 139.859741 
264.618286 297.873108 
339.040192 73.064156 
319.128326 125.208694 
359.517029 147.973557 
405.986237 292.015198 
311.223877 68.151321 
330.323090 94.333557 
381.524475 113.518845 
264.618286 297.873108 
279.555756 251.117676 
299.492401 413.627167 
279.763428 396.841827 
389.401001 461.547119 
399.879517 339.778534 
333.665192 116.202446 
284.473938 99.935692 
531.059143 120.584648 
364.285767 139.859741 
245.394028 325.450958 
321.970825 220.083694 
245.211441 301.774231 
321.970825 220.083694 
310.917175 158.118073 
339.658936 192.603317 
307.307434 78.254669 
346.843842 63.554504 
332.559601 86.216835 
381.495819 281.496460 
344.115051 129.803207 
364.285767 139.859741 
331.011414 112.926697 
322.366394 126.271461 
485.448761 415.710632 
267.041382 338.002197 
275.657837 251.078735 
338.018860 202.580566 
325.424469 140.270706 
359.517029 147.973557 
359.517029 147.973557 
287.012115 270.040497 
300.660828 198.808746 
399.985260 419.385101 
295.374756 242.517242 
409.069427 73.501595 
308.295135 89.461517 
282.666260 80.625931 
323.611389 58.554504 
275.757141 260.431763 
321.712128 132.710419 
410.849792 403.120056 
216.044647 277.692535 
305.488159 101.385666 
295.894684 103.432098 
295.374756 242.517242 
285.122955 116.014862 
259.338745 227.548431 
329.409821 91.504585 
321.712128 132.710419 
410.718567 67.692093 
211.157822 275.462555 
292.431946 131.536392 
239.275085 253.210144 
502.058624 372.172058 
325.424469 140.270706 
302.971405 293.655640 
293.659576 298.729950 
254.478531 322.419373 
293.539581 76.699409 
329.217499 265.741211 
287.507080 129.428314 
346.779602 91.937164 
302.861450 293.009094 
346.843842 63.554504 
280.622620 289.892975 
294.272675 215.974380 
354.631897 251.712814 
354.648529 52.476650 
362.887482 71.518021 
294.272675 215.974380 
316.920746 132.487930 
316.920746 132.487930 
348.686676 61.524490 
316.586975 85.323372 
285.118103 265.148315 
325.519684 139.475342 
321.933563 216.702942 
293.316467 316.003784 
259.338745 227.548431 
313.724823 133.672760 
527.520508 110.327461 
334.178436 124.428894 
321.712128 132.710419 
255.413162 306.481354 
304.398926 404.703400 
252.768341 314.998199 
294.631012 56.642021 
254.478531 322.419373 
308.295135 89.461517 
296.518066 150.309387 
486.407379 240.861740 
286.080872 66.076607 
390.957886 110.326790 
481.712616 176.970230 
286.342926 130.296875 
282.862335 118.286789 
211.157822 275.462555 
325.519684 139.475342 
385.275299 399.206207 
318.527893 146.239029 
258.174622 225.088669 
331.436676 109.281776 
269.667053 330.135254 
331.342224 136.587906 
292.046906 313.522675 
331.281799 104.235176 
331.281799 104.235176 
329.692749 142.073029 
396.855682 447.306732 
299.240051 312.801056 
285.118103 265.148315 
304.398926 404.703400 
218.276245 290.490540 
280.196136 394.317505 
322.366394 126.271461 
286.080872 66.076607 
289.539154 137.390869 
388.233643 294.440948 
278.933105 403.404785 
294.631012 56.642021 
290.771637 271.848175 
334.443451 213.353912 
531.059143 120.584648 
325.424469 140.270706 
225.691345 275.185944 
305.118378 198.344879 
421.126617 268.331543 
421.126617 268.331543 
409.590881 412.240845 
291.792603 244.891602 
303.944885 81.803032 
381.718658 395.389984 
293.539581 76.699409 
279.578033 317.620209 
286.175110 400.440704 
292.203064 248.376205 
467.547028 431.816406 
542.095886 106.878593 
308.295135 89.461517 
260.795898 324.633881 
280.056915 119.275818 
362.887482 71.518021 
286.757538 339.112366 
339.919769 115.872772 
346.837555 89.572853 
285.122955 116.014862 
344.115051 129.803207 
316.920746 132.487930 
338.018860 202.580566 
322.650208 49.414169 
356.525330 256.089172 
322.366394 126.271461 
308.295135 89.461517 
385.977936 436.819183 
305.118378 198.344879 
297.742920 79.250893 
329.864563 213.618469 
502.058624 372.172058 
340.715179 51.386543 
297.673157 74.720154 
218.276245 290.490540 
342.498474 422.147247 
385.396332 402.461090 
279.578033 317.620209 
324.197479 111.374199 
329.517151 266.199463 
302.971405 293.655640 
291.529114 61.366173 
299.240051 312.801056 
286.175110 400.440704 
298.045868 154.372269 
286.175110 400.440704 
281.310303 84.344971 
248.207840 301.957520 
410.718567 67.692093 
331.436676 109.281776 
259.338745 227.548431 
356.525330 256.089172 
346.308075 86.437187 
259.329712 236.395294 
260.795898 324.633881 
417.403351 88.013748 
331.710876 185.863190 
327.710480 99.063736 
244.141861 257.979950 
486.407379 240.861740 
350.317627 254.909271 
329.517151 266.199463 
