972
280.500092 357.791962 
280.500092 357.791962 
280.222961 334.504730 
267.025909 286.712036 
279.408142 349.186340 
202.148453 294.044647 
286.059723 301.460785 
264.257721 346.284668 
264.257721 346.284668 
226.435028 323.043274 
267.025909 286.712036 
203.222656 346.846619 
264.488617 290.830475 
264.488617 290.830475 
264.257721 346.284668 
267.941895 297.886597 
267.941895 297.886597 
270.480438 286.544189 
277.324982 312.595032 
284.848785 351.686951 
286.059723 301.460785 
286.059723 301.460785 
264.257721 346.284668 
271.975677 299.151337 
245.853302 297.933990 
267.941895 297.886597 
267.941895 297.886597 
202.148453 294.044647 
243.409821 313.213715 
277.216858 292.431213 
271.975677 299.151337 
277.133057 305.117065 
286.059723 301.460785 
298.455383 331.656281 
226.435028 323.043274 
295.913147 300.336334 
408.928589 307.206085 
266.647949 361.491089 
408.928589 307.206085 
267.025909 286.712036 
293.344757 338.380768 
198.864151 306.613129 
286.059723 301.460785 
256.479156 356.596985 
272.465576 311.330994 
266.792389 377.654541 
264.488617 290.830475 
196.337402 305.439453 
277.133057 305.117065 
375.824005 310.790192 
269.960602 356.811340 
236.241455 310.484375 
271.975677 299.151337 
281.996063 299.822418 
248.847427 334.086578 
393.455719 310.871674 
248.197556 355.384308 
295.913147 300.336334 
284.848785 351.686951 
375.824005 310.790192 
264.488617 290.830475 
268.612396 325.680756 
266.223602 360.906525 
375.824005 310.790192 
375.824005 310.790192 
279.408142 349.186340 
196.337402 305.439453 
267.941895 297.886597 
312.476654 332.592194 
279.137299 270.524780 
376.331482 288.722931 
281.996063 299.822418 
376.331482 288.722931 
376.331482 288.722931 
205.727768 311.236725 
267.941895 297.886597 
205.727768 311.236725 
280.500092 357.791962 
185.694504 350.633636 
408.928589 307.206085 
376.331482 288.722931 
281.996063 299.822418 
185.694504 350.633636 
393.455719 310.871674 
293.901459 297.895630 
185.694504 350.633636 
375.824005 310.790192 
245.853302 297.933990 
375.824005 310.790192 
279.408142 349.186340 
376.331482 288.722931 
376.331482 288.722931 
237.597549 319.619812 
189.209152 365.240021 
202.148453 294.044647 
277.133057 305.117065 
293.901459 297.895630 
375.824005 310.790192 
236.241455 310.484375 
283.777924 293.347412 
375.824005 310.790192 
196.337402 305.439453 
266.223602 360.906525 
281.921722 274.812378 
267.025909 286.712036 
245.853302 297.933990 
189.209152 365.240021 
202.148453 294.044647 
196.337402 305.439453 
272.784607 301.665405 
259.533203 350.751587 
198.492599 360.249298 
245.853302 297.933990 
274.776581 272.422729 
376.331482 288.722931 
276.617432 309.771606 
274.776581 272.422729 
376.331482 288.722931 
376.331482 288.722931 
279.161896 334.018646 
376.331482 288.722931 
259.533203 350.751587 
408.928589 307.206085 
270.398193 299.343292 
287.866608 284.621918 
245.853302 297.933990 
198.492599 360.249298 
198.492599 360.249298 
419.682129 251.700699 
236.241455 310.484375 
248.197556 355.384308 
419.682129 251.700699 
219.913010 280.793304 
412.586731 296.530334 
375.824005 310.790192 
196.337402 305.439453 
266.223602 360.906525 
290.535217 316.536621 
250.981445 311.659668 
238.715805 298.489990 
274.776581 272.422729 
266.223602 360.906525 
263.898956 356.782593 
236.241455 310.484375 
403.374390 345.103241 
253.786148 354.506042 
280.725952 295.808044 
247.827133 293.312622 
261.363098 343.800140 
280.500092 357.791962 
250.981445 311.659668 
408.928589 307.206085 
408.928589 307.206085 
279.137299 270.524780 
196.337402 305.439453 
269.960602 356.811340 
264.488617 290.830475 
362.799438 309.645020 
270.398193 299.343292 
277.133057 305.117065 
256.479156 356.596985 
269.960602 356.811340 
208.266541 317.031067 
259.842682 304.044556 
375.824005 310.790192 
276.382690 278.906006 
375.824005 310.790192 
266.223602 360.906525 
261.511383 267.910828 
249.447952 367.988342 
206.859833 318.591827 
274.629089 346.522552 
281.921722 274.812378 
259.842682 304.044556 
383.844543 326.925690 
198.492599 360.249298 
252.586868 307.369873 
408.928589 307.206085 
375.824005 310.790192 
310.421356 305.444153 
253.786148 354.506042 
253.786148 354.506042 
247.827133 293.312622 
233.456345 282.053101 
236.241455 310.484375 
280.951172 62.132427 
236.241455 310.484375 
393.455719 310.871674 
393.455719 310.871674 
421.535583 304.932617 
362.799438 309.645020 
236.241455 310.484375 
236.241455 310.484375 
286.862122 356.237732 
383.844543 326.925690 
375.824005 310.790192 
198.492599 360.249298 
274.776581 272.422729 
286.862122 356.237732 
281.921722 274.812378 
252.586868 307.369873 
413.251312 251.592102 
383.844543 326.925690 
383.844543 326.925690 
277.216858 292.431213 
253.786148 354.506042 
238.715805 298.489990 
272.693756 345.951721 
248.847427 334.086578 
248.197556 355.384308 
255.300140 291.621948 
277.893616 312.813232 
375.824005 310.790192 
198.492599 360.249298 
359.602478 288.129883 
264.257721 346.284668 
248.847427 334.086578 
205.129211 345.813446 
219.913010 280.793304 
280.500092 357.791962 
301.146179 299.788513 
185.694504 350.633636 
408.928589 307.206085 
198.492599 360.249298 
185.694504 350.633636 
238.715805 298.489990 
198.492599 360.249298 
198.492599 360.249298 
265.766724 342.546356 
206.859833 318.591827 
245.853302 297.933990 
205.727768 311.236725 
196.337402 305.439453 
219.913010 280.793304 
259.050110 282.334778 
198.492599 360.249298 
248.847427 334.086578 
270.398193 299.343292 
252.544800 329.389099 
293.901459 297.895630 
375.824005 310.790192 
266.223602 360.906525 
256.479156 356.596985 
202.884705 311.240601 
207.505112 338.500732 
255.280670 279.873871 
265.681305 266.410217 
375.824005 310.790192 
411.799591 312.111694 
255.897675 323.821136 
362.799438 309.645020 
219.913010 280.793304 
196.337402 305.439453 
196.337402 305.439453 
196.698883 351.862732 
421.535583 304.932617 
312.476654 332.592194 
280.951172 62.132427 
383.844543 326.925690 
264.257721 346.284668 
206.859833 318.591827 
375.824005 310.790192 
250.981445 311.659668 
185.694504 350.633636 
274.776581 272.422729 
280.951172 62.132427 
280.903839 314.124237 
403.789062 304.167999 
280.500092 357.791962 
302.631287 300.252380 
359.602478 288.129883 
403.789062 304.167999 
207.985184 327.325928 
241.101456 293.762512 
287.866608 284.621918 
362.175812 310.822388 
388.710541 318.660889 
196.337402 305.439453 
375.824005 310.790192 
301.146179 299.788513 
564.847839 248.465347 
274.776581 272.422729 
280.951172 62.132427 
286.259155 237.104172 
205.129211 345.813446 
256.425354 322.132660 
375.824005 310.790192 
280.903839 314.124237 
264.488617 290.830475 
280.903839 314.124237 
286.862122 356.237732 
198.492599 360.249298 
216.145309 375.092651 
226.435028 323.043274 
264.555054 298.839905 
379.663788 360.206238 
368.134918 288.935455 
388.710541 318.660889 
255.000092 305.992401 
185.694504 350.633636 
222.202713 328.619049 
243.462799 330.663727 
267.941895 297.886597 
376.331482 288.722931 
292.531433 340.500610 
388.710541 318.660889 
375.824005 310.790192 
198.492599 360.249298 
562.523560 139.275360 
211.354019 343.440460 
192.016968 353.330322 
192.016968 353.330322 
208.266541 317.031067 
264.488617 290.830475 
374.958344 298.292542 
216.145309 375.092651 
270.398193 299.343292 
281.921722 274.812378 
198.492599 360.249298 
238.646606 284.685242 
376.331482 288.722931 
280.951172 62.132427 
264.488617 290.830475 
198.864151 306.613129 
238.715805 298.489990 
294.611847 289.063477 
238.646606 284.685242 
206.859833 318.591827 
197.988770 362.006165 
277.893616 312.813232 
300.757904 118.568077 
300.757904 118.568077 
198.492599 360.249298 
207.985184 327.325928 
379.663788 360.206238 
205.467239 305.037628 
271.975677 299.151337 
375.824005 310.790192 
136.372711 375.924713 
411.799591 312.111694 
298.197021 295.999817 
388.710541 318.660889 
388.710541 318.660889 
268.464996 348.248108 
187.642746 308.666595 
375.824005 310.790192 
287.866608 284.621918 
198.864151 306.613129 
285.119110 305.153595 
280.951172 62.132427 
362.799438 309.645020 
277.133057 305.117065 
197.988770 362.006165 
266.792389 377.654541 
202.884705 311.240601 
280.903839 314.124237 
205.539673 329.568970 
198.492599 360.249298 
379.663788 360.206238 
562.523560 139.275360 
202.460770 328.256866 
301.044891 332.899078 
375.824005 310.790192 
199.187668 357.092712 
233.456345 282.053101 
283.699493 252.027328 
375.824005 310.790192 
202.451767 341.656464 
268.612396 325.680756 
281.921722 274.812378 
564.847839 248.465347 
393.455719 310.871674 
414.789185 313.821014 
185.552902 365.921143 
283.699493 252.027328 
208.767227 339.745911 
254.992081 325.255219 
205.467239 305.037628 
205.351898 292.775299 
362.799438 309.645020 
300.757904 118.568077 
300.757904 118.568077 
375.824005 310.790192 
272.465576 311.330994 
542.557495 385.528595 
271.680664 265.336548 
196.337402 305.439453 
211.354019 343.440460 
280.500092 357.791962 
412.586731 296.530334 
195.968704 359.458282 
189.999878 290.717224 
189.999878 290.717224 
362.799438 309.645020 
198.492599 360.249298 
279.408142 349.186340 
206.859833 318.591827 
281.921722 274.812378 
281.921722 274.812378 
562.523560 139.275360 
379.575317 318.479156 
236.241455 310.484375 
375.824005 310.790192 
136.372711 375.924713 
375.824005 310.790192 
388.710541 318.660889 
211.977005 305.024750 
302.631287 300.252380 
274.776581 272.422729 
277.216858 292.431213 
533.892029 386.929169 
533.892029 386.929169 
277.893616 312.813232 
277.893616 312.813232 
375.824005 310.790192 
198.864151 306.613129 
206.859833 318.591827 
262.996124 309.780701 
189.999878 290.717224 
198.492599 360.249298 
267.941895 297.886597 
207.505112 338.500732 
300.757904 118.568077 
280.951172 62.132427 
190.124863 345.077972 
206.859833 318.591827 
215.610016 301.437866 
359.161926 287.481934 
286.259155 237.104172 
376.331482 288.722931 
408.928589 307.206085 
388.710541 318.660889 
196.698883 351.862732 
188.169937 294.853241 
419.682129 251.700699 
375.824005 310.790192 
265.370728 305.414062 
252.586868 307.369873 
302.631287 300.252380 
201.622467 364.335602 
375.824005 310.790192 
359.161926 287.481934 
383.885681 360.589966 
272.784607 301.665405 
375.824005 310.790192 
388.710541 318.660889 
383.844543 326.925690 
379.663788 360.206238 
205.467239 305.037628 
195.968704 359.458282 
255.280670 279.873871 
193.694305 366.200470 
195.377869 357.925201 
191.338501 340.765930 
253.786148 354.506042 
278.295593 243.367035 
195.377869 357.925201 
285.459106 305.880615 
251.320465 283.211700 
277.893616 312.813232 
277.893616 312.813232 
280.951172 62.132427 
375.824005 310.790192 
562.523560 139.275360 
383.844543 326.925690 
419.682129 251.700699 
260.680786 282.076355 
197.044449 342.822021 
253.786148 354.506042 
274.776581 272.422729 
277.133057 305.117065 
189.541916 365.490326 
282.774323 307.264862 
256.425354 322.132660 
256.425354 322.132660 
379.575317 318.479156 
276.617432 309.771606 
294.611847 289.063477 
211.354019 343.440460 
545.162964 384.706421 
187.642746 308.666595 
388.710541 318.660889 
403.374390 345.103241 
286.089935 253.051483 
264.555054 298.839905 
208.266541 317.031067 
293.170380 289.128174 
280.951172 62.132427 
383.885681 360.589966 
185.694504 350.633636 
400.876801 288.905487 
77.709435 72.798409 
400.876801 288.905487 
562.523560 139.275360 
41.415985 359.052307 
211.977005 305.024750 
378.496948 331.525238 
562.523560 139.275360 
274.776581 272.422729 
378.982971 298.524811 
267.941895 297.886597 
383.885681 360.589966 
255.897675 323.821136 
285.119110 305.153595 
379.663788 360.206238 
269.960602 356.811340 
204.487411 328.955719 
302.917419 303.196594 
280.903839 314.124237 
200.683167 360.400238 
388.710541 318.660889 
288.878571 236.471191 
198.843536 329.176910 
106.819656 450.067200 
106.819656 450.067200 
271.680664 265.336548 
272.784607 301.665405 
376.331482 288.722931 
301.146179 299.788513 
252.586868 307.369873 
388.710541 318.660889 
252.981384 308.696716 
375.824005 310.790192 
368.526184 348.487946 
263.994202 263.430359 
362.175812 310.822388 
375.824005 310.790192 
77.709435 72.798409 
250.444092 322.885803 
250.981445 311.659668 
250.981445 311.659668 
280.461365 286.022644 
392.248871 316.249817 
285.804779 310.054382 
403.374390 345.103241 
280.951172 62.132427 
388.710541 318.660889 
422.948303 97.154472 
238.646606 284.685242 
287.866608 284.621918 
190.124863 345.077972 
199.187668 357.092712 
208.266541 317.031067 
255.280670 279.873871 
202.884705 311.240601 
360.581482 310.134735 
276.617432 309.771606 
318.767914 294.271698 
373.484131 331.463623 
251.657089 320.614502 
368.134918 288.935455 
375.824005 310.790192 
272.465576 311.330994 
403.374390 345.103241 
274.776581 272.422729 
274.776581 272.422729 
205.539673 329.568970 
388.326538 275.189758 
252.981384 308.696716 
277.133057 305.117065 
145.073929 385.785736 
248.197556 355.384308 
243.462799 330.663727 
388.710541 318.660889 
245.853302 297.933990 
375.824005 310.790192 
281.921722 274.812378 
374.958344 298.292542 
253.786148 354.506042 
271.488800 310.980682 
533.892029 386.929169 
376.663971 332.397888 
256.425354 322.132660 
196.698883 351.862732 
274.776581 272.422729 
408.655121 325.202332 
204.249527 346.391022 
376.331482 288.722931 
283.699493 252.027328 
374.958344 298.292542 
271.975677 299.151337 
562.523560 139.275360 
374.958344 298.292542 
375.824005 310.790192 
274.776581 272.422729 
376.663971 332.397888 
276.382690 278.906006 
195.968704 359.458282 
255.897675 323.821136 
264.488617 290.830475 
277.133057 305.117065 
276.617432 309.771606 
272.693756 345.951721 
204.249527 346.391022 
245.853302 297.933990 
383.885681 360.589966 
260.680786 282.076355 
382.839813 328.111328 
252.209595 314.196411 
252.209595 314.196411 
208.266541 317.031067 
205.467239 305.037628 
419.682129 251.700699 
205.415802 311.470795 
259.235046 267.909546 
193.694305 366.200470 
400.041229 351.123871 
211.354019 343.440460 
383.844543 326.925690 
248.197556 355.384308 
379.663788 360.206238 
393.455719 310.871674 
299.039368 286.175873 
208.266541 317.031067 
422.948303 97.154472 
205.539673 329.568970 
31.226248 367.138580 
280.500092 357.791962 
304.174988 287.569550 
293.344757 338.380768 
264.488617 290.830475 
300.757904 118.568077 
202.460770 328.256866 
375.824005 310.790192 
388.710541 318.660889 
287.866608 284.621918 
393.455719 310.871674 
408.655121 325.202332 
231.169373 324.555511 
277.133057 305.117065 
344.665741 305.113037 
562.523560 139.275360 
246.715332 316.102631 
207.077866 299.120178 
380.205597 319.302277 
270.480438 286.544189 
270.480438 286.544189 
367.715973 313.848022 
196.698883 351.862732 
196.698883 351.862732 
314.718445 294.712585 
259.235046 267.909546 
373.484131 331.463623 
238.646606 284.685242 
346.684143 392.068237 
250.981445 311.659668 
245.853302 297.933990 
243.409821 313.213715 
260.680786 282.076355 
403.374390 345.103241 
301.692535 326.307617 
373.484131 331.463623 
376.331482 288.722931 
562.523560 139.275360 
376.331482 288.722931 
265.370728 305.414062 
263.876617 276.734619 
202.884705 311.240601 
280.951172 62.132427 
419.682129 251.700699 
422.948303 97.154472 
256.425354 322.132660 
388.710541 318.660889 
242.661163 297.496521 
141.967117 385.504730 
271.975677 299.151337 
368.526184 348.487946 
315.266479 51.996208 
260.680786 282.076355 
208.266541 317.031067 
375.824005 310.790192 
260.705536 262.482330 
378.496948 331.525238 
373.921539 336.476776 
106.550446 452.199280 
246.715332 316.102631 
281.921722 274.812378 
198.635941 360.301880 
193.694305 366.200470 
256.425354 322.132660 
426.288361 322.932281 
562.523560 139.275360 
375.824005 310.790192 
260.680786 282.076355 
202.478073 336.589813 
276.382690 278.906006 
392.766876 316.457886 
199.187668 357.092712 
204.953522 355.676239 
302.542786 245.741150 
268.700623 370.428528 
197.988770 362.006165 
187.451187 309.859772 
285.119110 305.153595 
301.692535 326.307617 
277.893616 312.813232 
274.776581 272.422729 
185.694504 350.633636 
206.859833 318.591827 
250.438309 312.297302 
388.710541 318.660889 
187.451187 309.859772 
304.789551 336.351044 
205.467239 305.037628 
196.698883 351.862732 
260.705536 262.482330 
260.705536 262.482330 
246.715332 316.102631 
258.489380 312.060822 
421.535583 304.932617 
265.370728 305.414062 
285.961761 282.035583 
274.776581 272.422729 
398.177765 323.628296 
141.967117 385.504730 
276.617432 309.771606 
293.170380 289.128174 
259.050110 282.334778 
279.894348 349.382629 
199.187668 357.092712 
302.542786 245.741150 
359.494751 308.848114 
243.409821 313.213715 
204.953522 355.676239 
242.661163 297.496521 
422.948303 97.154472 
362.799438 309.645020 
362.799438 309.645020 
263.898956 356.782593 
424.350739 318.103668 
189.209152 365.240021 
189.209152 365.240021 
190.124863 345.077972 
280.461365 286.022644 
196.698883 351.862732 
359.161926 287.481934 
272.693756 345.951721 
301.146179 299.788513 
196.698883 351.862732 
392.248871 316.249817 
276.382690 278.906006 
204.487411 328.955719 
204.487411 328.955719 
204.487411 328.955719 
318.767914 294.271698 
251.389008 331.942474 
198.492599 360.249298 
277.893616 312.813232 
276.382690 278.906006 
314.587585 302.783936 
141.967117 385.504730 
276.382690 278.906006 
198.492599 360.249298 
388.710541 318.660889 
246.715332 316.102631 
245.853302 297.933990 
202.292984 305.543213 
293.170380 289.128174 
195.859070 348.450104 
133.794952 392.818146 
210.508224 382.832947 
210.508224 382.832947 
292.733582 332.121277 
562.523560 139.275360 
251.389008 331.942474 
376.331482 288.722931 
376.331482 288.722931 
375.824005 310.790192 
275.050812 314.111237 
206.859833 318.591827 
290.535217 316.536621 
245.853302 297.933990 
255.897675 323.821136 
202.478073 336.589813 
256.425354 322.132660 
288.308746 234.789520 
288.308746 234.789520 
288.308746 234.789520 
276.109558 278.195618 
251.657089 320.614502 
256.850464 333.368591 
318.390167 339.623230 
375.824005 310.790192 
383.885681 360.589966 
272.693756 345.951721 
562.523560 139.275360 
562.523560 139.275360 
205.129211 345.813446 
419.682129 251.700699 
252.981384 308.696716 
198.813080 318.479645 
196.337402 305.439453 
257.856049 369.658691 
426.288361 322.932281 
375.824005 310.790192 
198.980042 354.637207 
417.093353 314.760193 
197.988770 362.006165 
126.040947 379.316254 
139.314880 326.257263 
423.067322 306.201538 
174.806824 365.192230 
302.542786 245.741150 
408.928589 307.206085 
242.661163 297.496521 
192.584747 286.457336 
375.824005 310.790192 
494.965515 423.612549 
494.965515 423.612549 
266.223602 360.906525 
266.223602 360.906525 
249.127777 319.922211 
259.235046 267.909546 
204.953522 355.676239 
243.409821 313.213715 
230.589859 328.851227 
195.859070 348.450104 
260.705536 262.482330 
106.550446 452.199280 
250.981445 311.659668 
533.892029 386.929169 
562.523560 139.275360 
545.146851 248.390945 
393.455719 310.871674 
202.382996 312.261566 
204.487411 328.955719 
362.799438 309.645020 
274.537292 253.588943 
195.377869 357.925201 
208.266541 317.031067 
379.663788 360.206238 
314.292755 291.811798 
207.985184 327.325928 
193.694305 366.200470 
383.885681 360.589966 
562.523560 139.275360 
375.824005 310.790192 
211.977005 305.024750 
287.866608 284.621918 
367.872803 287.279388 
367.872803 287.279388 
265.370728 305.414062 
106.550446 452.199280 
202.956192 324.243317 
251.657089 320.614502 
315.266479 51.996208 
207.647552 311.165924 
405.219940 359.315430 
198.492599 360.249298 
376.331482 288.722931 
302.542786 245.741150 
208.266541 317.031067 
376.331482 288.722931 
77.709435 72.798409 
77.709435 72.798409 
562.523560 139.275360 
195.859070 348.450104 
251.389008 331.942474 
274.776581 272.422729 
139.314880 326.257263 
362.799438 309.645020 
198.980042 354.637207 
378.496948 331.525238 
280.669464 279.311646 
280.669464 279.311646 
243.462799 330.663727 
388.710541 318.660889 
388.710541 318.660889 
195.362717 324.430603 
196.698883 351.862732 
276.617432 309.771606 
198.635941 360.301880 
198.492599 360.249298 
162.350021 374.705231 
162.350021 374.705231 
260.705536 262.482330 
198.492599 360.249298 
180.563095 377.975281 
250.981445 311.659668 
336.895508 295.440582 
201.723633 289.286713 
387.684174 282.592773 
204.953522 355.676239 
218.722809 287.316223 
133.794952 392.818146 
276.617432 309.771606 
189.209152 365.240021 
189.209152 365.240021 
189.209152 365.240021 
403.374390 345.103241 
368.134918 288.935455 
562.523560 139.275360 
198.635941 360.301880 
204.189072 372.338501 
274.776581 272.422729 
208.266541 317.031067 
304.596222 241.510269 
210.508224 382.832947 
277.133057 305.117065 
373.484131 331.463623 
562.523560 139.275360 
270.480438 286.544189 
280.939697 96.532867 
277.133057 305.117065 
181.274719 380.347900 
198.492599 360.249298 
205.129211 345.813446 
205.539673 329.568970 
204.189072 372.338501 
286.259155 237.104172 
393.415009 363.043732 
208.266541 317.031067 
259.235046 267.909546 
277.324982 312.595032 
277.324982 312.595032 
211.363480 368.484924 
276.382690 278.906006 
382.839813 328.111328 
382.839813 328.111328 
205.467239 305.037628 
260.705536 262.482330 
207.985184 327.325928 
208.266541 317.031067 
198.492599 360.249298 
189.541916 365.490326 
290.535217 316.536621 
562.523560 139.275360 
383.844543 326.925690 
383.885681 360.589966 
302.631287 300.252380 
215.610016 301.437866 
196.698883 351.862732 
269.960602 356.811340 
259.050110 282.334778 
413.961304 353.034424 
256.850464 333.368591 
196.698883 351.862732 
189.999878 290.717224 
180.563095 377.975281 
269.960602 356.811340 
198.492599 360.249298 
301.146179 299.788513 
285.459106 305.880615 
293.170380 289.128174 
419.682129 251.700699 
269.960602 356.811340 
224.709534 319.277374 
392.248871 316.249817 
148.840317 384.384521 
272.717499 319.214355 
188.143372 384.045837 
423.067322 306.201538 
288.308746 234.789520 
370.341248 317.560699 
350.141510 296.087708 
196.402634 384.002228 
215.045853 364.411438 
269.960602 356.811340 
250.981445 311.659668 
383.885681 360.589966 
276.382690 278.906006 
494.965515 423.612549 
361.247162 329.109833 
259.235046 267.909546 
388.710541 318.660889 
280.231781 117.892525 
413.961304 353.034424 
280.939697 96.532867 
211.363480 368.484924 
193.694305 366.200470 
362.799438 309.645020 
276.382690 278.906006 
