193
539.298706 413.653778 
107.508156 395.764771 
512.906738 411.556122 
208.416092 413.866394 
208.073273 413.650848 
120.633179 377.547760 
126.999962 343.316864 
187.802277 414.384705 
135.744110 325.973877 
422.094543 260.053833 
114.686584 343.767029 
115.744598 431.435425 
125.751274 341.478668 
141.340805 332.817841 
110.137779 394.801788 
199.762253 321.255707 
220.111954 407.313080 
228.424469 343.630981 
136.537384 320.922699 
398.314453 321.987732 
197.299774 321.212494 
197.467529 416.867615 
112.122810 351.476379 
134.362717 436.466919 
197.281860 331.242432 
217.014404 331.716888 
123.109230 365.581818 
140.267593 318.861481 
118.124489 393.776611 
138.554367 317.333008 
107.718521 342.686310 
206.596252 344.515869 
207.369263 345.230438 
226.730423 343.468811 
206.631653 324.945374 
211.234924 417.086609 
221.767517 401.418335 
134.262848 339.397797 
122.301590 329.094727 
329.882751 340.596558 
205.860291 413.054230 
121.258842 325.587982 
399.770630 324.036530 
209.486282 332.615387 
202.426285 318.928864 
170.835052 319.684448 
110.960556 394.551422 
229.923492 343.368134 
118.036461 397.226196 
208.625656 403.345245 
186.614166 416.554565 
204.022858 414.896698 
232.231491 300.972443 
231.357697 300.473267 
107.924950 341.553253 
231.539352 340.849884 
112.018517 346.390015 
130.551773 438.097473 
190.121307 396.905945 
210.439072 341.532715 
359.537720 306.087708 
318.030243 418.734894 
203.048920 397.917084 
148.462769 334.731995 
211.160843 417.944519 
168.636490 237.704514 
115.378159 342.055695 
200.240738 347.505707 
173.487946 321.330200 
228.920670 401.987366 
228.903824 401.812408 
111.082138 398.193787 
189.250763 396.189667 
317.126251 415.573792 
220.071793 389.940674 
107.540955 340.246582 
121.211685 384.817078 
243.468155 362.438690 
207.551315 355.108978 
324.237396 338.475342 
109.794266 392.146301 
204.000320 400.626312 
400.639404 324.272034 
115.594704 400.588104 
393.044556 317.748779 
199.821426 318.145477 
145.827789 235.621063 
215.588684 347.029694 
188.221558 397.434723 
393.174500 345.371490 
204.397095 414.271790 
168.861343 349.615936 
210.247864 399.601410 
142.133636 328.704102 
243.750519 361.662750 
174.874908 323.464478 
193.944489 426.681274 
201.017868 356.020386 
114.873726 285.583038 
224.089478 318.227631 
222.312836 412.830994 
123.157372 323.498993 
104.493523 356.793884 
397.316345 325.097992 
102.717888 330.389801 
183.930679 239.389618 
196.123169 324.620911 
121.366730 323.921844 
118.900803 395.963379 
104.750481 342.566559 
194.500778 383.822662 
397.638702 319.001221 
170.520782 318.098877 
121.780960 388.754639 
108.870110 303.110382 
234.045013 353.544403 
211.182663 358.788910 
234.231125 298.698975 
374.999847 316.616119 
112.693062 336.956116 
113.364189 337.147064 
400.722351 320.328827 
201.066696 358.464874 
323.924622 312.647736 
122.034813 426.012421 
208.085388 408.048706 
396.881744 317.207489 
104.761528 425.976105 
175.679993 330.677734 
175.513779 331.452454 
402.107574 323.401001 
298.054749 340.217468 
199.377594 335.481934 
195.781281 384.788788 
103.606728 409.398285 
281.406036 325.996765 
362.013428 426.939240 
381.585266 315.408630 
88.527687 431.931458 
107.620102 312.277527 
592.457275 44.013508 
347.067932 289.623077 
219.317169 390.798706 
404.424103 328.075409 
101.236351 373.573975 
108.719406 300.673126 
178.442383 322.807037 
105.015457 310.855408 
119.139854 389.092712 
316.380402 420.785187 
224.133621 353.673462 
228.475052 355.505005 
228.498367 355.347107 
211.859924 359.412048 
135.064331 363.964600 
108.763542 299.788574 
124.892700 343.386108 
189.322372 353.087280 
215.147415 347.745117 
211.512497 400.119934 
233.319824 343.325500 
193.342392 357.057312 
115.041824 363.748932 
111.994202 300.951508 
234.466583 304.660248 
175.413864 349.588226 
101.977623 355.800079 
187.012436 410.814331 
88.487366 432.820892 
125.055473 424.913391 
112.084686 339.539703 
111.936775 340.101532 
125.111725 287.573212 
253.113831 343.971069 
104.422028 332.061371 
186.444382 348.520294 
103.879326 379.391846 
185.522049 364.316956 
186.209656 364.123627 
397.419342 316.449310 
105.176605 295.596191 
105.306076 295.912994 
294.565521 344.022034 
178.859802 321.448792 
225.227509 299.177887 
86.918396 429.600128 
117.188614 309.164459 
243.334930 346.455231 
161.832764 335.123413 
347.920837 304.373444 
117.746849 345.269714 
263.312042 325.408234 
178.932297 323.736877 
