500
438.632355 394.145966 
440.249023 398.814850 
437.477692 405.884399 
417.946228 285.396240 
326.299286 410.774292 
326.923218 415.926239 
276.969788 332.925720 
400.449432 283.832550 
322.106964 414.921295 
322.106964 414.921295 
432.240936 435.761047 
445.965363 455.381714 
295.235138 213.067627 
293.265076 218.973801 
401.092133 283.710846 
279.740692 339.906403 
279.740692 339.906403 
273.587952 332.095337 
397.446808 282.663940 
426.349457 383.160706 
397.446808 282.663940 
314.037506 136.501205 
304.758575 302.669556 
425.076324 402.480255 
297.293915 210.340195 
265.017242 312.570831 
308.561646 148.373444 
294.292236 323.258881 
275.201019 303.049591 
273.404358 331.786194 
399.053558 239.492188 
333.698761 405.421631 
322.981537 105.466171 
314.137787 124.457695 
336.281738 416.081360 
308.929779 417.763031 
402.761322 237.567490 
308.157867 142.759720 
350.865448 250.192093 
294.190063 218.562088 
424.669403 397.065399 
447.668427 441.180450 
297.514069 202.194199 
409.619812 284.231720 
309.413727 77.476883 
315.989807 121.305527 
335.204437 98.285759 
274.599182 72.010521 
249.108871 271.392334 
322.139923 106.053467 
421.010895 399.597595 
286.577759 338.300446 
280.715546 344.279968 
290.182465 298.508881 
273.587952 332.095337 
423.609436 399.388306 
329.998901 405.275757 
411.625092 310.618622 
309.947052 72.998909 
412.456299 279.701660 
326.609589 107.900620 
410.752411 291.192230 
435.197937 403.737152 
276.539032 308.669434 
388.290985 270.410675 
274.512573 272.497589 
315.893036 158.167725 
289.578339 282.571777 
283.691772 338.469360 
301.269806 100.490135 
409.573822 310.060577 
322.376617 224.410019 
406.918884 280.971436 
290.615234 296.937988 
322.139923 106.053467 
265.017242 312.570831 
317.845184 57.371136 
432.739624 380.519806 
303.235504 101.028603 
399.053558 239.492188 
292.612061 62.009098 
292.612061 62.009098 
282.948822 343.112335 
275.201019 303.049591 
304.212463 100.192192 
360.915649 111.556763 
318.742462 336.386505 
275.201019 303.049591 
297.399719 46.915833 
318.398956 66.506401 
303.900604 122.350967 
312.789917 315.949493 
282.426117 279.183624 
432.166077 431.163300 
311.980042 81.096214 
273.022125 263.470520 
273.022125 263.470520 
219.183304 294.630371 
410.752411 291.192230 
433.096069 459.020844 
323.370300 232.236664 
349.674164 250.397476 
319.049347 114.915237 
316.800293 226.647598 
268.706696 274.666595 
321.090881 420.653015 
321.090881 420.653015 
420.338440 393.009552 
435.839935 418.231415 
257.243988 331.503265 
281.030457 266.596649 
286.844971 338.894836 
438.838379 457.371185 
334.679535 263.631897 
402.761322 237.567490 
299.668884 204.712997 
425.076324 402.480255 
287.338043 267.094910 
290.948914 221.614288 
435.769653 411.929077 
268.857605 270.910767 
323.528503 126.565674 
435.968414 450.388275 
280.603943 267.534668 
290.837952 53.863323 
432.726654 385.966125 
425.844269 397.475037 
364.672485 116.223297 
289.399139 214.809677 
308.628510 341.596039 
290.184967 118.396149 
346.423889 320.233063 
321.477356 230.752838 
308.388916 83.237717 
304.758575 302.669556 
359.436310 104.760490 
298.631195 122.500443 
306.476593 124.678192 
289.225922 224.461197 
415.343781 278.082825 
319.074860 220.499695 
272.136871 76.349266 
340.074280 126.393501 
339.396545 91.273354 
318.298615 89.532127 
289.399139 214.809677 
266.912140 315.683868 
435.197937 403.737152 
287.382385 82.394775 
256.525055 268.614716 
306.569885 87.132996 
413.004913 279.220337 
295.864258 112.762436 
256.167480 328.765594 
308.388916 83.237717 
235.037064 287.503693 
284.511322 342.383911 
422.271698 388.798645 
395.881592 280.589355 
330.825531 414.563080 
333.698761 405.421631 
302.473267 131.870499 
388.290985 270.410675 
318.298615 89.532127 
276.949615 350.364746 
349.553436 88.969147 
320.711365 127.242752 
334.316101 122.543030 
334.316101 122.543030 
427.871124 440.917572 
302.533966 148.183060 
408.214569 276.769714 
272.430389 67.892097 
313.622437 98.964783 
302.473267 131.870499 
268.344696 268.943054 
318.398956 66.506401 
409.573822 310.060577 
286.336365 144.853577 
306.569885 87.132996 
263.677094 136.021576 
258.523590 324.454224 
318.429688 228.523239 
260.764252 314.105652 
312.383423 295.695984 
268.344696 268.943054 
321.477356 230.752838 
334.679535 263.631897 
298.891968 135.215424 
263.566650 322.218933 
297.399170 117.672691 
276.949615 350.364746 
302.473267 131.870499 
317.558624 244.995514 
317.558624 244.995514 
327.579865 69.835274 
206.218277 277.614319 
402.786499 248.051086 
287.382385 82.394775 
321.658112 218.188614 
313.262421 92.256348 
313.262421 92.256348 
408.968689 320.231995 
425.076324 402.480255 
297.305969 277.241119 
281.030457 266.596649 
349.649445 100.964722 
300.426056 115.158417 
300.426056 115.158417 
288.928375 145.145279 
233.824158 290.544647 
328.354492 76.112129 
292.452393 104.475807 
309.933228 331.394348 
287.940308 345.981903 
409.619812 284.231720 
235.037064 287.503693 
318.933594 315.078308 
270.854370 359.759430 
270.854370 359.759430 
357.556213 106.151451 
283.133972 80.125626 
225.646805 294.066681 
350.383820 95.220093 
350.383820 95.220093 
293.018921 43.504494 
319.074860 220.499695 
308.675201 316.352051 
388.290985 270.410675 
265.597473 252.049316 
333.410828 106.323586 
322.436615 53.375717 
333.698761 405.421631 
313.262421 92.256348 
278.128052 72.426567 
247.751709 266.671722 
335.465179 77.536980 
293.224487 229.333054 
263.566650 322.218933 
258.226166 253.559464 
237.798996 297.541718 
295.584290 250.096039 
430.461029 443.777740 
292.452393 104.475807 
326.484344 344.420898 
326.484344 344.420898 
318.695312 238.161621 
308.675201 316.352051 
290.615234 296.937988 
284.388580 223.924377 
437.684662 385.089172 
338.631073 138.765625 
260.374023 247.332367 
309.332275 153.684692 
302.295685 112.937553 
272.004791 356.432983 
349.649445 100.964722 
287.338043 267.094910 
408.968689 320.231995 
224.915482 294.381836 
252.577728 256.684692 
265.597473 252.049316 
259.570038 127.623207 
330.825531 414.563080 
261.420197 332.223236 
338.934937 157.694702 
265.837006 133.351074 
328.354492 76.112129 
308.067780 114.224052 
308.067780 114.224052 
359.437256 109.264656 
238.190643 276.203125 
354.295258 106.768761 
417.323242 276.082794 
285.178131 81.543961 
290.155579 89.058220 
246.663803 265.945435 
292.612061 62.009098 
316.800293 226.647598 
260.374023 247.332367 
320.883911 216.783234 
345.024963 268.956421 
290.155579 89.058220 
317.845184 57.371136 
272.647827 117.569519 
287.338043 267.094910 
279.740692 339.906403 
273.224670 125.813194 
288.963226 80.795059 
336.281738 416.081360 
312.383423 295.695984 
318.298615 89.532127 
269.103210 120.671768 
235.903854 294.125366 
328.354492 76.112129 
324.532501 80.634781 
265.385254 325.448914 
341.329285 74.723618 
295.354645 112.566956 
288.963226 80.795059 
220.272034 288.515289 
272.736328 102.759338 
294.257263 203.351929 
283.748871 116.790802 
324.201599 233.250031 
263.572144 84.933372 
303.900604 122.350967 
260.764252 314.105652 
320.760315 248.851013 
311.453369 402.319458 
263.566650 322.218933 
293.690216 138.377823 
275.499420 138.543686 
271.623291 86.039795 
283.748871 116.790802 
428.262634 440.405060 
303.816284 407.527405 
257.927826 236.529144 
262.857178 127.415634 
263.572144 84.933372 
304.378021 343.410217 
237.798996 297.541718 
323.754364 51.571281 
264.775024 124.709526 
272.004791 356.432983 
269.380127 137.063904 
298.901489 107.607780 
252.577728 256.684692 
308.561646 148.373444 
297.466248 161.498291 
312.383423 295.695984 
424.976868 406.224884 
308.675201 316.352051 
331.209412 200.087692 
260.950775 130.092575 
308.630890 402.068420 
264.098816 109.715622 
277.726318 153.912415 
281.684326 156.213913 
325.957947 415.858795 
282.559357 258.047363 
308.630890 402.068420 
350.154358 94.490654 
266.570526 110.930183 
265.385254 325.448914 
325.845032 212.838120 
272.520020 89.826431 
304.378021 343.410217 
403.663239 223.742004 
265.597473 252.049316 
418.117554 463.782349 
418.117554 463.782349 
329.677002 212.514404 
335.204437 98.285759 
223.325409 288.414886 
261.963806 339.057617 
264.098816 109.715622 
259.927368 108.349648 
258.684601 238.890747 
342.629395 225.050644 
296.692047 65.593666 
307.122864 347.545013 
304.378021 343.410217 
316.853821 408.315735 
435.968414 450.388275 
314.932343 343.763092 
241.566010 272.888306 
303.452667 127.998718 
299.706604 250.428940 
219.183304 294.630371 
264.775024 124.709526 
252.577728 256.684692 
309.578735 405.427887 
284.388580 223.924377 
278.380585 273.580658 
256.167480 328.765594 
257.142120 74.971336 
282.750732 106.728798 
294.292236 323.258881 
340.366180 222.798340 
260.764252 314.105652 
282.750732 106.728798 
264.919434 98.642700 
273.404358 331.786194 
333.698761 405.421631 
312.789917 315.949493 
303.452667 127.998718 
303.452667 127.998718 
304.378021 343.410217 
292.044586 273.764282 
438.632355 394.145966 
438.632355 394.145966 
379.965576 55.194290 
308.157867 142.759720 
287.940308 345.981903 
258.906097 117.768799 
334.690796 264.581024 
318.390106 217.339661 
329.677002 212.514404 
278.287170 262.453735 
428.262634 440.405060 
425.049500 250.724838 
425.049500 250.724838 
319.369568 94.147453 
319.369568 94.147453 
497.067474 126.010796 
225.646805 294.066681 
259.176636 126.291786 
297.305969 277.241119 
261.941254 337.218201 
332.086304 212.218506 
331.844543 189.902451 
272.647827 117.569519 
304.758575 302.669556 
323.191254 179.324188 
270.801544 85.639404 
258.546600 314.515381 
297.514069 202.194199 
424.976868 406.224884 
424.976868 406.224884 
313.950256 117.267235 
315.825775 295.816437 
296.501862 247.498230 
286.844971 338.894836 
224.915482 294.381836 
276.696045 88.365410 
296.501862 247.498230 
302.295685 112.937553 
273.404358 331.786194 
299.695129 128.399948 
271.623291 86.039795 
323.754364 51.571281 
290.529816 271.923279 
299.706604 250.428940 
345.595337 222.646393 
345.595337 222.646393 
412.485779 386.138245 
259.927368 108.349648 
339.396545 91.273354 
326.714417 220.581635 
424.976868 406.224884 
274.442444 353.065765 
318.298615 89.532127 
391.314392 128.319489 
432.166077 431.163300 
263.359711 357.992767 
271.623291 86.039795 
315.377777 350.633698 
303.452667 127.998718 
220.272034 288.515289 
328.542175 173.894943 
262.472626 84.264679 
271.623291 86.039795 
278.380585 273.580658 
256.525055 268.614716 
257.225739 115.657982 
268.338928 317.106598 
286.577759 338.300446 
379.965576 55.194290 
328.542175 173.894943 
308.630890 402.068420 
275.201019 303.049591 
308.275360 141.453033 
276.696045 88.365410 
308.157867 142.759720 
280.464569 83.264854 
341.329285 74.723618 
310.935150 107.910789 
292.612061 62.009098 
310.935150 107.910789 
459.942596 252.580307 
269.380127 137.063904 
497.067474 126.010796 
513.194885 384.278961 
257.142120 74.971336 
254.379547 319.455597 
254.379547 319.455597 
281.030457 266.596649 
237.798996 297.541718 
278.782257 119.070389 
270.801544 85.639404 
386.151672 74.841560 
303.391754 134.131805 
260.374023 247.332367 
284.511322 342.383911 
312.789917 315.949493 
299.706604 250.428940 
313.717194 60.468346 
398.714630 220.804749 
325.244812 216.547607 
271.623291 86.039795 
287.977051 225.877213 
316.774139 149.814362 
421.745178 253.405457 
342.629395 225.050644 
308.675201 316.352051 
388.290985 270.410675 
437.684662 385.089172 
420.338440 393.009552 
432.240936 435.761047 
