500
445.319153 214.910843 
444.152191 217.529251 
429.653961 221.737976 
448.348572 216.112732 
432.838196 223.042953 
430.991577 222.423874 
418.733673 228.432098 
440.862640 201.382996 
420.224854 228.400513 
417.463348 229.224258 
476.443207 210.209229 
453.380463 231.897324 
438.998138 200.919327 
442.756683 209.873672 
433.092773 216.191467 
415.893463 206.184464 
472.971191 192.587036 
311.098297 278.970520 
438.124786 218.982147 
440.333740 200.796509 
232.099487 176.402374 
228.482346 229.328751 
439.715118 206.709900 
314.033081 279.997681 
457.034637 252.933212 
234.803787 175.577850 
482.200562 208.129578 
522.760193 233.210480 
236.753830 213.997253 
443.379181 221.279144 
443.335907 220.590134 
141.816086 304.102295 
479.454834 204.965393 
228.619629 220.204239 
498.888885 270.644104 
293.835876 265.149780 
459.515350 255.202072 
436.332794 226.580765 
479.391998 207.700485 
455.625458 219.855743 
111.264595 358.983551 
298.079773 265.267181 
336.078064 263.015656 
475.469971 194.861237 
343.155396 242.046066 
478.496979 207.500641 
215.821045 208.454163 
412.924469 229.103012 
495.669281 216.525818 
473.226471 191.528610 
309.960236 270.835297 
340.629303 239.338165 
139.824249 306.077972 
309.284515 185.201736 
502.595276 214.078186 
418.688660 232.780334 
419.208984 232.677444 
214.753464 207.627533 
484.797760 193.085327 
225.096817 208.164368 
460.400543 224.241867 
293.072998 265.480408 
341.082001 237.221695 
212.991806 206.734222 
482.839203 191.689438 
255.216522 236.286880 
339.992523 238.847870 
224.234619 228.316132 
438.820221 223.463730 
453.532776 219.568619 
296.854065 274.063416 
223.787094 229.705475 
142.919678 183.854813 
483.046143 210.592773 
459.509827 220.808990 
344.335663 240.859207 
169.854462 358.218079 
466.145966 207.142761 
356.598206 219.583649 
227.957962 197.168549 
187.810043 343.291260 
329.268341 242.898239 
480.698212 198.632751 
224.722977 228.605118 
448.416779 310.961243 
100.939125 353.330231 
308.614655 185.569000 
491.950867 268.080566 
441.131744 198.994675 
454.286255 253.191605 
310.490570 269.410095 
228.171692 222.640411 
469.046783 193.166885 
299.441650 275.080017 
137.205933 234.782486 
226.979614 225.443069 
248.803665 210.165375 
290.013855 307.430389 
234.962738 186.864227 
457.462158 212.850571 
297.323303 272.483673 
337.865631 260.231842 
299.567780 272.226105 
448.063782 223.600327 
222.885727 206.522629 
290.602478 264.308136 
460.489410 206.868530 
477.616577 200.449936 
447.259308 224.446945 
525.083252 236.773621 
460.109894 223.441711 
226.424377 235.928513 
295.071320 272.213715 
449.728516 207.182205 
140.854721 309.947510 
140.876541 309.769440 
142.273865 183.857239 
456.580750 212.277695 
232.978027 219.450806 
338.412262 268.123260 
455.690308 243.086426 
338.268005 266.947113 
338.097382 267.024475 
499.006378 212.602310 
499.224030 213.309479 
225.340073 191.089798 
156.859680 235.825073 
289.884949 264.094757 
227.807236 177.758682 
483.461273 190.355270 
157.871841 343.858063 
419.711548 201.916061 
329.787415 241.477295 
454.216064 202.652359 
472.496033 238.946793 
337.346588 264.702881 
506.246124 213.313507 
298.578064 165.676605 
234.052368 186.844788 
469.155701 214.632385 
459.326447 192.087021 
153.054504 237.520538 
224.527985 225.067307 
225.126419 225.204132 
421.994202 232.669220 
385.506989 388.852295 
286.379883 307.200012 
267.437561 155.548752 
454.004517 197.295837 
168.934311 358.105103 
169.384827 358.093140 
277.151093 321.404083 
310.100525 280.176117 
403.544800 229.720947 
350.660736 218.050522 
264.771454 210.830200 
230.992279 228.521759 
454.966095 201.647659 
150.424469 245.650299 
476.635162 239.344788 
455.405304 200.519882 
214.453979 204.319733 
328.930328 241.075256 
136.771866 302.987122 
137.134506 304.950195 
287.565002 212.162613 
222.386185 209.696655 
327.444763 242.615799 
429.767059 202.466522 
251.949646 196.152786 
159.069122 344.441101 
401.723145 209.547394 
85.591255 314.312164 
291.446747 267.140533 
402.699066 208.518265 
330.993652 259.761566 
154.629547 249.807922 
488.975403 194.954147 
105.462227 358.172729 
461.142151 288.183105 
294.982117 163.270966 
313.609283 181.475815 
280.938660 202.224579 
271.679596 154.417725 
424.107605 388.581940 
156.084076 236.719162 
336.521332 236.765503 
136.083221 308.928680 
233.639801 219.498215 
106.913246 353.428986 
205.847992 344.573761 
310.554474 263.249756 
509.031677 208.939148 
433.909882 243.415894 
336.647644 210.054214 
298.064026 193.100067 
297.512817 193.124481 
345.499237 260.967224 
275.489380 206.318069 
313.149841 261.221497 
271.470917 185.878220 
479.827209 253.257080 
144.116425 308.677673 
275.502258 337.885132 
437.175903 191.928864 
333.177124 248.299347 
277.118378 319.964813 
325.691650 259.767059 
452.859650 178.872452 
426.586975 244.672531 
471.837097 238.041641 
237.476105 189.229248 
327.921539 258.200897 
296.922455 254.368729 
286.095032 188.703186 
219.839111 206.212524 
527.138489 233.871750 
314.670593 254.929611 
159.760101 231.792145 
471.862610 210.279297 
279.422089 327.707245 
487.472534 199.996902 
265.369873 211.902954 
422.766235 270.293579 
155.918762 253.701309 
464.767517 224.417969 
256.686829 195.607056 
207.885635 236.283218 
311.350708 187.079361 
455.863495 279.359741 
339.629089 269.998260 
273.790741 155.310440 
313.334686 180.378937 
223.160675 210.506958 
408.516357 227.614761 
162.009460 359.982849 
221.067032 207.892120 
155.033661 227.395874 
229.466095 220.663040 
138.488327 237.480957 
180.871384 352.947479 
478.454865 231.517487 
482.965668 204.144958 
314.408936 254.384766 
149.909515 241.834595 
302.846222 272.256256 
256.176941 229.112793 
97.904732 344.235321 
217.751556 227.601089 
256.873901 197.485184 
266.794281 139.591690 
485.245789 248.577927 
347.521667 214.713257 
409.130341 226.773300 
213.365311 227.407654 
327.860138 261.077789 
454.447449 243.365128 
460.244781 269.729584 
153.644501 228.653061 
406.017578 226.780914 
465.590759 224.269592 
265.508423 352.481445 
154.168671 254.417450 
285.875458 215.350189 
203.799118 346.088409 
467.175232 239.234482 
238.754730 183.500412 
293.725952 207.161118 
264.564087 283.646912 
453.614594 285.089844 
344.725525 261.807129 
254.931595 151.082367 
220.875183 200.060715 
221.469376 200.330612 
336.621826 242.453476 
444.916168 284.736786 
255.229416 208.354950 
254.694489 207.872330 
263.407043 351.104950 
294.626099 208.357193 
176.130936 356.870575 
428.048187 186.232880 
237.116135 236.096756 
247.427948 235.573318 
450.449097 228.160751 
450.497864 227.566467 
297.001740 312.411957 
237.628998 189.552307 
154.457703 349.265045 
230.889572 337.555359 
280.945648 155.612823 
297.782135 254.489594 
469.286804 270.763550 
342.228333 213.336273 
92.356453 349.875519 
142.237366 247.400330 
153.642807 224.463074 
304.817841 182.851562 
274.593597 330.095123 
407.555786 229.525131 
174.991211 351.859558 
305.376282 330.060059 
262.176422 209.362427 
152.880661 228.374283 
233.652771 228.438461 
310.917328 258.336853 
156.706116 225.918671 
262.757385 348.520966 
218.060318 203.691299 
311.484467 256.930176 
159.728729 234.869476 
485.265594 194.785385 
92.273422 350.610199 
297.973572 313.367767 
237.731598 236.824539 
453.839996 277.710266 
282.219696 194.875641 
331.441345 231.310364 
514.719055 217.582260 
267.515167 219.687775 
246.267273 187.612473 
95.352943 344.733612 
175.119980 357.206207 
104.891609 358.638428 
264.606079 220.402100 
469.757233 260.276428 
455.071899 242.241531 
435.014587 183.570938 
473.180206 233.610489 
268.311707 327.435455 
305.221619 224.773392 
309.510864 180.676666 
238.560867 182.934814 
137.697983 307.589325 
225.314331 199.376740 
318.189758 247.388580 
270.992432 332.340576 
266.480011 281.557129 
269.474304 217.908569 
446.061829 239.059998 
518.380188 200.094986 
342.628479 214.159790 
454.443939 274.576538 
136.680145 217.683456 
342.974915 248.351608 
256.433777 192.976257 
248.387451 184.722076 
137.835052 298.412201 
462.919373 254.995239 
360.613831 215.802948 
416.836914 261.113037 
237.705139 214.002701 
246.308411 239.274460 
487.824249 229.451370 
245.896713 231.918381 
268.431244 181.917816 
160.762009 233.471954 
327.712433 262.063629 
141.652298 291.536804 
424.011810 269.842285 
137.601532 238.305222 
277.358643 318.034393 
283.415741 335.672760 
263.372101 158.847198 
269.861572 216.663574 
437.614716 186.050339 
323.316376 234.207138 
460.045197 256.502319 
59.545513 333.088562 
480.591888 244.550018 
232.959488 236.529205 
204.637070 261.988281 
264.769409 183.477646 
291.116333 186.837341 
217.597763 201.334381 
154.815536 357.406891 
311.194824 213.866119 
276.665527 206.636459 
277.954132 316.842102 
311.918945 241.095154 
125.238510 351.726929 
183.070358 329.747833 
294.632996 205.969742 
287.359192 213.404556 
224.495041 238.912521 
422.429169 188.994843 
278.191437 204.248642 
110.230438 355.415344 
426.391754 218.945129 
436.197662 185.156250 
400.218170 237.097610 
400.301025 236.820160 
491.574768 247.817764 
344.504150 244.966599 
382.352875 243.046265 
261.913788 183.216858 
138.847809 219.540527 
334.575378 250.391586 
488.659576 197.813354 
276.389801 329.970612 
210.208527 182.888443 
309.620239 224.061386 
486.680603 261.664093 
264.210205 283.782379 
249.066437 184.639572 
287.881500 161.794983 
359.670715 218.735321 
444.737213 196.528961 
322.310822 238.937820 
504.181641 296.532776 
204.949081 192.177109 
294.072021 253.359009 
334.703094 253.291885 
303.812622 183.273132 
374.269623 252.218948 
246.270279 212.751312 
469.019379 211.364059 
268.537170 135.985901 
294.897858 201.270309 
286.518768 265.854187 
137.673386 297.158539 
232.409409 236.586685 
476.079529 184.352997 
416.237305 261.594849 
213.933197 225.113586 
401.303070 220.344070 
286.551636 265.061310 
208.481903 201.934921 
505.231506 298.982269 
476.886200 185.914627 
217.042404 224.995911 
244.765274 226.597412 
333.953064 236.952393 
306.162170 185.647842 
348.103546 250.020752 
236.434601 178.818359 
422.419647 213.563156 
245.524445 227.177521 
210.673325 196.873795 
243.837662 262.257141 
283.830902 336.298309 
252.013290 210.896667 
475.863342 253.342041 
271.115631 330.809509 
207.356964 193.788300 
469.825623 224.688889 
405.744080 231.668915 
480.709290 256.877594 
244.346237 339.794830 
263.127136 157.795364 
465.665558 270.771729 
465.853638 271.246643 
286.990967 214.646515 
156.720322 248.124557 
402.895203 236.330093 
222.061600 203.756821 
302.728149 274.028900 
416.721466 199.691833 
145.165100 195.986160 
309.483643 345.343719 
153.580780 341.965363 
266.666412 183.193436 
158.360550 227.694397 
253.284683 144.549728 
291.362885 271.535370 
452.379303 210.324860 
315.023590 229.914536 
392.253265 390.279602 
429.029053 222.890533 
299.982300 200.260117 
315.344543 216.925217 
138.865860 287.339478 
345.226257 264.268890 
237.224060 182.103546 
484.324890 255.572250 
475.378906 211.698151 
325.133148 265.429779 
232.246918 190.523453 
296.289185 198.740112 
77.436989 319.977417 
472.969604 189.549072 
140.137543 235.660950 
405.927979 207.468094 
433.457458 240.750488 
332.179413 238.464096 
480.066711 231.884491 
235.760849 192.030594 
136.163483 291.380768 
329.489227 264.886566 
475.476379 370.298157 
243.310181 174.943420 
242.838516 174.708389 
269.776886 153.949295 
306.998871 178.043091 
204.629028 228.302414 
445.156433 195.985825 
43.104763 347.265991 
274.851593 187.899124 
130.849762 218.876068 
220.663010 230.949524 
