500
256.731934 113.697075 
225.669342 96.952469 
226.703552 110.668198 
265.847504 98.945358 
265.933105 143.685165 
265.933105 143.685165 
339.096954 314.458191 
256.731934 113.697075 
232.618622 82.097870 
232.618622 82.097870 
251.091019 116.236115 
251.091019 116.236115 
266.402771 123.867340 
238.879547 140.083679 
238.879547 140.083679 
228.691025 106.414894 
265.933105 143.685165 
248.647247 134.168793 
225.669342 96.952469 
259.203827 136.503021 
259.203827 136.503021 
235.437668 136.160812 
283.304321 112.346855 
264.255096 134.579498 
341.411713 256.686584 
323.858612 327.922943 
460.250580 21.703215 
263.891418 148.479416 
371.381378 306.208557 
263.891418 148.479416 
263.891418 148.479416 
228.691025 106.414894 
312.003876 103.338631 
259.203827 136.503021 
451.657867 91.133621 
217.766327 104.342415 
561.759338 335.006775 
315.843689 347.250824 
315.843689 347.250824 
356.045807 232.989059 
561.759338 335.006775 
265.489410 140.150543 
262.397919 102.617676 
262.397919 102.617676 
275.127258 152.193405 
220.272278 114.766777 
255.540222 71.574005 
235.437668 136.160812 
341.411713 256.686584 
232.618622 82.097870 
436.120483 121.334778 
312.003876 103.338631 
297.479614 91.733528 
262.397919 102.617676 
323.695374 326.714996 
265.601654 93.553238 
265.601654 93.553238 
261.318085 126.226601 
278.461517 144.479309 
356.045807 232.989059 
275.127258 152.193405 
356.045807 232.989059 
235.437668 136.160812 
281.736786 285.935272 
235.437668 136.160812 
291.638062 279.401154 
255.515045 99.899956 
380.323242 403.712372 
380.323242 403.712372 
271.383209 159.103317 
343.578674 339.525024 
252.928207 128.458496 
460.250580 21.703215 
283.823059 110.035515 
271.297333 83.143021 
260.519989 289.570770 
282.596985 283.619751 
299.277527 126.418655 
259.203827 136.503021 
232.073929 135.187744 
287.708313 228.511795 
255.732727 110.342270 
261.543579 141.497253 
262.494781 102.085388 
260.519989 289.570770 
268.782104 102.848877 
308.831848 155.975723 
232.073929 135.187744 
282.685852 226.507919 
263.891418 148.479416 
266.912170 115.926147 
436.120483 121.334778 
265.912476 266.935425 
217.766327 104.342415 
253.809311 90.547073 
298.290619 313.652435 
240.907150 120.193733 
287.755768 222.844528 
240.907150 120.193733 
266.681122 265.566315 
254.356155 97.345367 
235.437668 136.160812 
318.782593 354.240021 
336.854675 214.922928 
472.703400 351.445770 
274.779907 129.686844 
237.495392 126.539764 
291.875000 277.859406 
491.089325 397.282166 
217.766327 104.342415 
466.178772 344.827332 
255.515045 99.899956 
232.319519 65.990532 
308.244843 140.646042 
318.782593 354.240021 
311.654449 228.431534 
246.938492 104.893456 
268.582764 77.587486 
238.650009 126.755402 
264.360748 291.068054 
268.782104 102.848877 
265.489410 140.150543 
265.489410 140.150543 
280.059662 284.770813 
223.507034 109.806648 
351.928589 238.712830 
254.356155 97.345367 
263.880402 122.660645 
270.903076 274.239349 
245.196213 73.299408 
454.683472 203.375885 
299.277527 126.418655 
460.250580 21.703215 
254.878555 100.749504 
263.880402 122.660645 
458.003143 88.041451 
265.489410 140.150543 
316.256226 224.384476 
318.782593 354.240021 
282.834717 289.643524 
253.916107 106.153923 
315.882141 353.904602 
236.390686 138.021606 
257.804535 68.045540 
437.371918 30.530199 
231.056839 145.162949 
282.685852 226.507919 
255.732727 110.342270 
256.731934 113.697075 
263.880402 122.660645 
308.244843 140.646042 
265.601654 93.553238 
454.683472 203.375885 
538.482910 332.596985 
299.277527 126.418655 
508.587280 385.783234 
226.703552 110.668198 
317.595459 237.163849 
326.552429 303.802582 
427.549164 274.914520 
274.708038 159.841873 
232.319519 65.990532 
373.860138 398.873505 
406.481049 253.479965 
298.290619 313.652435 
259.203827 136.503021 
263.891418 148.479416 
475.890289 338.322937 
190.614578 323.143921 
283.795227 131.769394 
343.937927 310.360565 
334.679565 319.399628 
274.708038 159.841873 
373.860138 398.873505 
292.467896 326.547607 
266.912170 115.926147 
234.650711 103.120941 
351.928589 238.712830 
242.168121 319.577515 
285.614471 132.339661 
406.481049 253.479965 
483.489258 424.793427 
361.292419 335.449097 
361.292419 335.449097 
252.973007 86.053452 
391.293243 213.425598 
482.493805 424.848694 
339.003204 312.966370 
232.524658 102.799644 
399.759369 219.053253 
310.791016 282.383667 
311.654449 228.431534 
287.755768 222.844528 
274.708038 159.841873 
274.708038 159.841873 
385.909180 401.166107 
264.360748 291.068054 
454.683472 203.375885 
262.397919 102.617676 
304.077759 220.672424 
232.618622 82.097870 
271.297333 83.143021 
274.708038 159.841873 
315.843689 347.250824 
190.614578 323.143921 
275.127258 152.193405 
314.708191 214.464600 
285.119659 128.216614 
336.854675 214.922928 
495.075500 130.843491 
215.282822 111.645958 
439.423218 292.064484 
254.878555 100.749504 
298.290619 313.652435 
491.089325 397.282166 
274.794128 94.915833 
270.104156 126.378876 
265.601654 93.553238 
274.794128 94.915833 
220.272278 114.766777 
492.088196 385.059143 
458.003143 88.041451 
458.003143 88.041451 
551.055969 306.984070 
458.003143 88.041451 
326.552429 303.802582 
235.720779 100.966476 
258.139313 128.938049 
323.858612 327.922943 
262.494781 102.085388 
427.549164 274.914520 
312.649841 218.052261 
220.699051 110.405846 
246.938492 104.893456 
249.145569 322.722778 
232.524658 102.799644 
228.927139 96.055603 
261.833374 116.634293 
340.843842 329.506226 
260.773560 294.820465 
248.373764 163.590561 
257.804535 68.045540 
255.426468 161.898880 
260.773560 294.820465 
533.019104 328.203857 
341.654572 257.855438 
257.740509 147.399567 
356.045807 232.989059 
249.145569 322.722778 
429.113312 287.284912 
436.120483 121.334778 
291.638062 279.401154 
339.096954 314.458191 
493.540497 414.458771 
270.903076 274.239349 
339.003204 312.966370 
265.775024 273.291412 
290.284302 238.900681 
454.683472 203.375885 
458.003143 88.041451 
454.683472 203.375885 
472.703400 351.445770 
339.003204 312.966370 
339.003204 312.966370 
310.791016 282.383667 
220.699051 110.405846 
321.518433 343.281799 
339.096954 314.458191 
257.804535 68.045540 
292.467896 326.547607 
292.467896 326.547607 
259.879883 268.470123 
313.600616 309.826233 
301.396790 337.032043 
254.510605 116.623611 
217.398727 108.129402 
280.002869 113.611664 
270.529785 171.961868 
321.153076 347.931183 
304.077759 220.672424 
312.728912 358.566071 
289.354431 329.457062 
223.507034 109.806648 
472.703400 351.445770 
287.708313 228.511795 
325.327087 350.447845 
341.411713 256.686584 
270.104156 126.378876 
305.099579 290.412231 
260.519989 289.570770 
421.897003 256.250549 
421.897003 256.250549 
271.297333 83.143021 
342.946442 341.155518 
261.318085 126.226601 
486.579834 383.928955 
457.023865 310.098358 
314.013672 365.647919 
489.540771 391.463654 
288.749359 131.992416 
351.896118 256.689606 
533.019104 328.203857 
290.145416 340.188080 
486.828766 347.812103 
457.023865 310.098358 
242.168121 319.577515 
377.371643 414.184631 
339.968170 315.116638 
273.852386 133.278595 
429.113312 287.284912 
307.034637 341.786591 
484.502625 353.358368 
499.770294 387.758118 
334.679565 319.399628 
418.680573 250.627411 
300.652039 108.607025 
274.779907 129.686844 
258.659027 333.916351 
257.765076 161.222656 
282.625397 213.946152 
298.783691 99.193077 
279.020721 150.473984 
225.328354 97.069550 
311.277557 248.609055 
260.157410 294.163300 
318.973358 210.157135 
243.479477 159.216614 
223.507034 109.806648 
266.402771 123.867340 
265.052216 109.071114 
304.373413 280.874847 
379.212677 399.756866 
352.829620 258.381165 
280.230469 50.271442 
289.354431 329.457062 
298.783691 99.193077 
297.285065 289.010010 
289.354431 329.457062 
321.896881 343.920532 
351.896118 256.689606 
391.293243 213.425598 
254.510605 116.623611 
261.833374 116.634293 
217.182526 94.453178 
307.034637 341.786591 
339.968170 315.116638 
339.968170 315.116638 
260.627716 268.878998 
264.160919 151.942978 
339.003204 312.966370 
351.362579 259.399170 
260.627716 268.878998 
287.029785 229.291534 
477.745422 350.694733 
278.229126 81.710800 
358.661438 234.874191 
289.739410 344.977417 
342.946442 341.155518 
313.491943 218.699966 
266.506989 167.951752 
264.876068 123.632713 
483.587494 344.132233 
282.685852 226.507919 
254.878555 100.749504 
351.362579 259.399170 
308.244843 140.646042 
511.484375 136.600052 
264.160919 151.942978 
226.703552 110.668198 
342.946442 341.155518 
486.579834 383.928955 
356.045807 232.989059 
283.795227 131.769394 
223.507034 109.806648 
307.034637 341.786591 
499.770294 387.758118 
283.141968 277.803284 
283.141968 277.803284 
304.373413 280.874847 
491.823029 419.852051 
491.823029 419.852051 
321.518433 343.281799 
301.396790 337.032043 
298.290619 313.652435 
460.250580 21.703215 
339.968170 315.116638 
308.244843 140.646042 
243.479477 159.216614 
254.008591 77.663292 
488.174866 416.417786 
317.595459 237.163849 
429.312988 390.080414 
280.230469 50.271442 
310.691528 341.643555 
458.296112 291.457825 
248.978607 336.745605 
265.912476 266.935425 
340.843842 329.506226 
317.590424 238.309525 
260.546814 325.764160 
283.304321 112.346855 
314.592072 361.330017 
500.427307 397.841583 
311.277557 248.609055 
260.157410 294.163300 
282.685852 226.507919 
270.104156 126.378876 
274.590240 150.233063 
260.627716 268.878998 
418.680573 250.627411 
379.761993 399.709259 
248.647247 134.168793 
331.558990 295.464386 
339.003204 312.966370 
368.195892 405.453552 
283.304321 112.346855 
315.843689 347.250824 
484.502625 353.358368 
236.872360 160.628586 
312.838654 207.815979 
396.226135 209.712509 
264.360748 291.068054 
314.592072 361.330017 
470.020630 425.381805 
470.020630 425.381805 
297.338440 329.546906 
420.319702 150.842087 
420.319702 150.842087 
492.088196 385.059143 
356.045807 232.989059 
239.796387 156.852737 
479.588806 335.933929 
318.935059 344.591278 
318.935059 344.591278 
213.342056 102.444763 
299.877960 260.939667 
301.178772 335.919342 
265.601654 93.553238 
492.088196 385.059143 
260.546814 325.764160 
390.020264 400.339355 
263.891418 148.479416 
300.079956 259.000671 
473.963776 334.312286 
258.563171 77.305466 
285.614471 132.339661 
339.003204 312.966370 
352.787567 342.213257 
314.115570 367.470306 
298.573151 277.374878 
457.023865 310.098358 
396.257751 209.194351 
341.411713 256.686584 
325.327087 350.447845 
298.573151 277.374878 
317.595459 237.163849 
473.963776 334.312286 
488.174866 416.417786 
233.037842 77.714317 
301.178772 335.919342 
359.340210 235.543442 
314.013672 365.647919 
342.346130 335.624390 
219.336441 97.412918 
340.843842 329.506226 
377.371643 414.184631 
226.961472 147.610291 
261.318085 126.226601 
511.484375 136.600052 
316.457336 358.093781 
434.050293 30.103441 
318.973358 210.157135 
265.052216 109.071114 
332.394592 216.805695 
476.961823 438.903900 
428.477600 104.094933 
451.657867 91.133621 
428.477600 104.094933 
242.168121 319.577515 
280.230469 50.271442 
429.113312 287.284912 
309.679565 357.691559 
281.298370 133.504669 
318.973358 210.157135 
340.843842 329.506226 
280.722382 227.359848 
473.916473 356.309692 
441.772675 27.873257 
325.327087 350.447845 
366.217438 401.537781 
340.488708 342.039612 
221.198563 128.087463 
414.624908 248.210846 
253.916107 106.153923 
326.552429 303.802582 
459.557526 319.812988 
491.089325 397.282166 
340.488708 342.039612 
427.479523 249.406281 
252.267563 324.099121 
