500
392.253265 390.279602 
293.835876 265.149780 
293.072998 265.480408 
420.224854 228.400513 
418.733673 228.432098 
412.924469 229.103012 
167.148773 358.505463 
290.602478 264.308136 
94.874336 317.723511 
94.989006 317.818146 
289.884949 264.094757 
407.555786 229.525131 
144.964645 295.085327 
248.242371 331.843353 
118.079704 360.485474 
459.509827 220.808990 
408.516357 227.614761 
157.871841 343.858063 
263.407043 351.104950 
105.602036 366.053406 
236.753830 213.997253 
412.948944 222.443085 
94.999809 317.161133 
441.131744 198.994675 
265.508423 352.481445 
460.109894 223.441711 
472.971191 192.587036 
224.495041 238.912521 
409.130341 226.773300 
329.268341 242.898239 
475.469971 194.861237 
168.934311 358.105103 
169.384827 358.093140 
432.838196 223.042953 
140.854721 309.947510 
140.876541 309.769440 
429.653961 221.737976 
405.744080 231.668915 
452.379303 210.324860 
430.991577 222.423874 
459.326447 192.087021 
417.463348 229.224258 
205.847992 344.573761 
418.688660 232.780334 
419.208984 232.677444 
385.506989 388.852295 
277.151093 321.404083 
329.787415 241.477295 
118.771545 360.176239 
291.446747 267.140533 
440.862640 201.382996 
111.264595 358.983551 
343.155396 242.046066 
477.616577 200.449936 
238.871078 327.525055 
328.930328 241.075256 
157.158630 355.677551 
449.728516 207.182205 
290.013855 307.430389 
238.754730 183.500412 
450.449097 228.160751 
450.497864 227.566467 
229.387512 340.233215 
148.502716 355.251404 
223.787094 229.705475 
253.056992 329.753937 
154.815536 357.406891 
257.983459 224.956467 
159.069122 344.441101 
230.889572 337.555359 
238.560867 182.934814 
340.629303 239.338165 
277.118378 319.964813 
229.090988 193.150406 
270.992432 332.340576 
180.871384 352.947479 
495.669281 216.525818 
433.909882 243.415894 
153.054504 237.520538 
150.424469 245.650299 
156.859680 235.825073 
229.187378 193.955307 
442.756683 209.873672 
271.115631 330.809509 
445.319153 214.910843 
274.593597 330.095123 
298.079773 265.267181 
444.152191 217.529251 
92.356453 349.875519 
129.929016 346.459656 
403.544800 229.720947 
336.078064 263.015656 
215.882553 188.698410 
476.443207 210.209229 
339.992523 238.847870 
288.355774 194.537415 
453.839996 277.710266 
448.348572 216.112732 
187.810043 343.291260 
424.614136 234.329758 
460.693756 221.403214 
460.952057 221.133881 
232.246918 190.523453 
406.017578 226.780914 
96.997047 337.415680 
296.922455 254.368729 
347.521667 214.713257 
482.200562 208.129578 
283.830902 336.298309 
105.462227 358.172729 
149.909515 241.834595 
129.971649 350.693451 
309.483643 345.343719 
141.816086 304.102295 
145.664688 241.999344 
146.209671 242.334015 
203.799118 346.088409 
258.032715 226.228745 
245.896713 231.918381 
141.652298 291.536804 
502.595276 214.078186 
439.715118 206.709900 
479.391998 207.700485 
264.564087 283.646912 
359.670715 218.735321 
286.095032 188.703186 
453.614594 285.089844 
92.273422 350.610199 
262.757385 348.520966 
144.072876 234.656677 
137.697983 307.589325 
224.722977 228.605118 
248.387451 184.722076 
131.289047 352.136749 
251.569397 330.376740 
327.444763 242.615799 
342.228333 213.336273 
277.358643 318.034393 
283.500732 126.528732 
433.092773 216.191467 
163.547180 348.080933 
264.606079 220.402100 
237.628998 189.552307 
452.556030 247.821045 
276.389801 329.970612 
336.621826 242.453476 
169.854462 358.218079 
447.103516 193.067688 
266.480011 281.557129 
322.303009 341.533569 
249.066437 184.639572 
322.310822 238.937820 
300.208954 338.536713 
438.998138 200.919327 
236.434601 178.818359 
162.009460 359.982849 
449.409027 281.476318 
234.962738 186.864227 
129.744049 349.987610 
326.548431 341.158569 
483.046143 210.592773 
228.482346 229.328751 
444.037384 192.521576 
438.820221 223.463730 
457.034637 252.933212 
440.333740 200.796509 
436.332794 226.580765 
95.352943 344.733612 
455.863495 279.359741 
138.847809 219.540527 
244.346237 339.794830 
337.346588 264.702881 
337.865631 260.231842 
434.975006 260.079742 
342.974915 248.351608 
421.994202 232.669220 
292.807129 200.391083 
275.502258 337.885132 
300.392975 338.348663 
344.335663 240.859207 
154.629547 249.807922 
229.880875 334.217041 
278.191437 204.248642 
444.737213 196.528961 
400.218170 237.097610 
400.301025 236.820160 
155.918762 253.701309 
276.665527 206.636459 
461.142151 288.183105 
237.476105 189.229248 
154.168671 254.417450 
216.781448 246.309509 
217.147476 245.951736 
482.965668 204.144958 
277.954132 316.842102 
174.991211 351.859558 
149.143539 200.068558 
478.496979 207.500641 
443.379181 221.279144 
443.335907 220.590134 
228.275467 335.456573 
183.070358 329.747833 
338.268005 266.947113 
338.097382 267.024475 
259.798096 230.915665 
256.686829 195.607056 
310.561890 342.239441 
144.300552 290.026062 
104.891609 358.638428 
473.226471 191.528610 
144.957062 354.162292 
429.767059 202.466522 
155.845978 353.763550 
234.052368 186.844788 
224.234619 228.316132 
156.084076 236.719162 
480.698212 198.632751 
256.873901 197.485184 
279.422089 327.707245 
149.064896 201.305008 
428.527954 302.306549 
143.413666 229.467377 
97.904732 344.235321 
313.912750 364.059143 
255.727020 155.115356 
256.416321 155.375732 
334.703094 253.291885 
254.931595 151.082367 
100.939125 353.330231 
213.095200 236.570175 
91.564331 329.835907 
447.424133 196.111877 
294.982117 163.270966 
445.156433 195.985825 
311.918945 241.095154 
487.472534 199.996902 
283.415741 335.672760 
453.532776 219.568619 
348.103546 250.020752 
135.155243 313.360687 
267.437561 155.548752 
462.194031 233.512207 
468.920044 233.207108 
468.996887 233.351181 
298.077087 336.358917 
237.224060 182.103546 
448.063782 223.600327 
447.259308 224.446945 
479.454834 204.965393 
463.117126 220.887161 
422.766235 270.293579 
97.632317 337.033020 
139.824249 306.077972 
428.612762 300.985748 
153.644501 228.653061 
322.834015 336.758362 
246.267273 187.612473 
318.804321 362.654358 
271.679596 154.417725 
152.880661 228.374283 
283.885529 217.539230 
309.479492 341.615753 
225.340073 191.089798 
215.821045 208.454163 
440.225250 235.719254 
437.175903 191.928864 
514.521362 215.660385 
229.199844 195.374512 
160.369324 344.687012 
156.720322 248.124557 
217.751556 227.601089 
321.234406 336.869720 
227.957962 197.168549 
334.575378 250.391586 
287.064056 90.533890 
287.086761 90.585007 
145.217224 246.788361 
235.760849 192.030594 
469.046783 193.166885 
280.485474 314.904236 
233.482452 335.916534 
286.551636 265.061310 
332.179413 238.464096 
162.561829 344.678345 
416.836914 261.113037 
203.508667 191.379761 
243.263123 327.784302 
307.286835 341.231964 
140.668793 240.606125 
140.515274 241.248611 
175.119980 357.206207 
217.042404 224.995911 
427.550934 302.056549 
220.875183 200.060715 
221.469376 200.330612 
444.916168 284.736786 
402.895203 236.330093 
273.790741 155.310440 
475.633148 254.822800 
349.027679 250.185608 
438.124786 218.982147 
453.380463 231.897324 
264.210205 283.782379 
294.072021 253.359009 
455.690308 243.086426 
112.247520 331.191132 
141.853683 357.794373 
488.659576 197.813354 
462.919373 254.995239 
466.145966 207.142761 
156.980957 348.603424 
157.308762 349.244690 
476.079529 184.352997 
415.893463 206.184464 
356.598206 219.583649 
488.975403 194.954147 
207.356964 193.788300 
153.580780 341.965363 
227.082504 189.261261 
286.379883 307.200012 
341.082001 237.221695 
313.609283 181.475815 
232.099487 176.402374 
155.033661 227.395874 
338.412262 268.123260 
176.130936 356.870575 
285.440918 326.812775 
455.625458 219.855743 
278.889557 208.209000 
315.023590 229.914536 
440.915924 189.734283 
401.303070 220.344070 
419.711548 201.916061 
409.789520 256.887695 
409.823242 257.302277 
484.324890 255.572250 
240.558456 324.375427 
230.992279 228.521759 
164.439911 344.420197 
280.849182 331.136444 
146.605087 251.137436 
141.537201 229.929520 
213.835129 236.299408 
416.611938 192.561844 
416.721466 199.691833 
214.753464 207.627533 
280.938660 202.224579 
159.760101 231.792145 
416.237305 261.594849 
260.980621 154.895264 
498.542267 299.490753 
273.473755 245.118408 
454.443939 274.576538 
382.352875 243.046265 
433.457458 240.750488 
505.428192 239.228439 
137.134506 304.950195 
448.416779 310.961243 
154.457703 349.265045 
234.803787 175.577850 
273.146515 244.093445 
145.280746 185.281174 
298.064026 193.100067 
297.512817 193.124481 
272.651001 143.708038 
467.175232 239.234482 
476.886200 185.914627 
282.265472 334.434967 
212.991806 206.734222 
158.394821 248.543594 
213.365311 227.407654 
469.757233 260.276428 
115.265945 347.821259 
454.966095 201.647659 
311.756226 322.241821 
345.499237 260.967224 
95.085289 324.914062 
380.840485 242.874969 
210.673325 196.873795 
482.839203 191.689438 
287.565002 212.162613 
469.780518 233.442810 
144.961624 256.759308 
222.061600 203.756821 
501.057495 237.635727 
455.405304 200.519882 
286.518768 265.854187 
485.265594 194.785385 
208.493225 190.537430 
373.184052 242.045959 
110.230438 355.415344 
464.767517 224.417969 
287.366882 198.124771 
344.504150 244.966599 
408.675995 257.622620 
284.763519 157.767471 
424.107605 388.581940 
232.588531 349.782196 
124.073280 358.581329 
484.797760 193.085327 
416.711823 193.745270 
325.141846 227.763016 
291.116333 186.837341 
454.216064 202.652359 
491.947266 231.499207 
272.889160 242.952789 
134.846756 337.541229 
487.452209 253.028503 
213.933197 225.113586 
275.489380 206.318069 
426.187927 267.344818 
298.578064 165.676605 
204.949081 192.177109 
116.228767 346.046112 
220.584824 185.872406 
424.011810 269.842285 
344.725525 261.807129 
246.188156 181.979462 
486.983704 253.691315 
454.004517 197.295837 
313.334686 180.378937 
159.728729 234.869476 
156.777344 244.678955 
282.219696 194.875641 
452.859650 178.872452 
268.198914 146.101501 
160.453491 226.985352 
264.181122 232.427567 
226.424377 235.928513 
469.286804 270.763550 
136.680145 217.683456 
427.357513 267.696564 
94.124992 358.003601 
145.829193 188.398727 
106.913246 353.428986 
504.181641 296.532776 
147.688766 183.587692 
151.294128 204.180603 
456.580750 212.277695 
473.180206 233.610489 
496.405548 234.997147 
220.663010 230.949524 
339.629089 269.998260 
232.978027 219.450806 
499.867218 298.485077 
246.270279 212.751312 
140.137543 235.660950 
162.029678 340.988892 
460.489410 206.868530 
266.319733 143.737717 
191.597198 303.157257 
248.764053 236.464432 
304.736542 322.001526 
337.145081 324.055054 
302.302216 198.653412 
147.502335 183.423813 
476.164917 183.115250 
207.885635 236.283218 
249.569305 172.178528 
267.910004 144.536240 
153.642807 224.463074 
506.246124 213.313507 
460.160126 269.354584 
146.427399 253.477539 
106.468155 339.161316 
475.863342 253.342041 
304.817841 182.851562 
480.977509 362.270782 
465.590759 224.269592 
156.706116 225.918671 
256.950317 148.536880 
313.109528 227.775177 
333.177124 248.299347 
223.130936 201.081848 
247.427948 235.573318 
155.960251 348.822083 
437.614716 186.050339 
309.510864 180.676666 
158.321884 244.900146 
305.376282 330.060059 
156.323822 256.482849 
309.284515 185.201736 
480.591888 244.550018 
428.378082 302.627380 
405.923157 214.109802 
268.311707 327.435455 
171.922699 332.584015 
446.061829 239.059998 
279.952209 208.148148 
460.244781 269.729584 
257.836914 149.130630 
136.771866 302.987122 
360.613831 215.802948 
224.701218 190.437866 
160.762009 233.471954 
137.202728 216.591888 
402.172668 214.032516 
492.860779 313.468048 
471.862610 210.279297 
225.314331 199.376740 
