972
274.743683 290.842316 
299.886536 308.791382 
258.985443 369.588745 
299.886536 308.791382 
291.841125 372.286438 
257.136261 372.674316 
271.476166 309.660614 
297.069153 291.867950 
274.743683 290.842316 
284.667267 305.972260 
257.136261 372.674316 
257.136261 372.674316 
256.553223 280.441223 
202.902878 331.447906 
202.902878 331.447906 
272.413330 305.773651 
293.982880 315.321075 
300.254425 290.297272 
191.127914 375.252258 
300.264832 331.472626 
292.681427 300.056152 
269.674377 305.432678 
284.667267 305.972260 
252.934860 294.788635 
261.202271 387.895752 
305.336121 290.544373 
305.336121 290.544373 
274.985291 355.260010 
455.042114 245.116364 
197.459061 328.117157 
305.336121 290.544373 
289.201660 311.733765 
292.681427 300.056152 
274.723419 310.900269 
261.652618 298.772125 
201.568298 338.065369 
300.474945 375.268982 
308.916992 289.404022 
299.886536 308.791382 
266.581360 346.246582 
242.040024 299.553070 
242.040024 299.553070 
300.264832 331.472626 
300.264832 331.472626 
242.040024 299.553070 
272.413330 305.773651 
305.336121 290.544373 
261.647400 297.704407 
276.228638 309.278687 
297.069153 291.867950 
297.692444 328.654175 
235.133224 290.374237 
295.063416 318.082642 
300.474945 375.268982 
278.156860 302.302185 
294.467621 379.745605 
291.841125 372.286438 
294.467621 379.745605 
295.063416 318.082642 
266.581360 346.246582 
283.095459 316.729431 
301.663452 332.683624 
258.421661 312.192352 
274.743683 290.842316 
197.459061 328.117157 
274.743683 290.842316 
189.383286 382.215790 
254.732605 345.246948 
295.063416 318.082642 
209.992615 330.118988 
448.200592 294.213623 
242.040024 299.553070 
287.559631 297.489594 
300.254425 290.297272 
225.702255 336.325409 
447.800934 244.260559 
201.568298 338.065369 
321.942200 302.987640 
428.061676 328.079132 
286.354828 357.595398 
448.200592 294.213623 
230.048920 336.709930 
274.985291 355.260010 
292.681427 300.056152 
187.539642 372.849182 
188.826477 383.280334 
266.559967 296.929138 
448.200592 294.213623 
408.121979 284.621216 
188.826477 383.280334 
297.692444 328.654175 
305.336121 290.544373 
278.511780 301.224121 
187.539642 372.849182 
252.934860 294.788635 
321.942200 302.987640 
198.623932 331.540985 
285.064911 374.382843 
451.241333 292.758728 
300.474945 375.268982 
295.063416 318.082642 
259.272675 340.154633 
266.559967 296.929138 
277.449219 312.085480 
278.156860 302.302185 
274.985291 355.260010 
274.985291 355.260010 
168.899658 390.926941 
257.136261 372.674316 
261.652618 298.772125 
261.652618 298.772125 
424.229340 327.453979 
186.648376 369.311707 
277.297943 401.203156 
261.647400 297.704407 
321.942200 302.987640 
173.850693 389.193115 
173.850693 389.193115 
261.068115 278.330902 
262.803009 332.920990 
186.648376 369.311707 
125.542656 394.281769 
295.063416 318.082642 
295.063416 318.082642 
320.573975 301.282196 
287.526947 302.019501 
261.541321 292.466736 
200.206024 340.865997 
171.080124 229.665955 
184.458115 346.516663 
292.681427 300.056152 
258.421661 312.192352 
274.723419 310.900269 
274.723419 310.900269 
281.582642 286.926056 
424.229340 327.453979 
172.675507 368.795074 
315.998749 300.931091 
269.674377 305.432678 
150.862701 393.753723 
286.320831 274.467865 
304.918427 281.712250 
190.615601 304.988708 
294.467621 379.745605 
172.675507 368.795074 
273.244171 294.687317 
262.209259 329.569611 
253.570358 366.145020 
274.743683 290.842316 
261.068115 278.330902 
278.511780 301.224121 
243.956161 295.086517 
272.560822 283.464111 
458.022614 324.108673 
467.789703 307.250977 
429.898132 319.673523 
278.511780 301.224121 
289.432861 276.908325 
266.581360 346.246582 
304.918427 281.712250 
289.171326 345.831879 
200.206024 340.865997 
301.623474 304.932343 
416.513855 316.412842 
300.016418 277.781769 
303.239471 300.059357 
266.581360 346.246582 
417.743011 316.582001 
287.526947 302.019501 
259.272675 340.154633 
286.764374 295.177826 
125.542656 394.281769 
278.692474 391.937408 
278.511780 301.224121 
278.511780 301.224121 
255.974686 288.641541 
312.133301 286.981110 
249.184341 298.648560 
202.902878 331.447906 
254.732605 345.246948 
279.496552 376.242157 
282.947571 319.696655 
261.068115 278.330902 
219.965027 232.853500 
189.383286 382.215790 
261.647400 297.704407 
225.702255 336.325409 
220.146301 338.357758 
286.146088 366.434875 
278.511780 301.224121 
254.732605 345.246948 
303.386536 292.674347 
273.244171 294.687317 
200.206024 340.865997 
219.965027 232.853500 
417.743011 316.582001 
278.692474 391.937408 
433.347961 323.419312 
313.463684 340.725708 
202.902878 331.447906 
191.127914 375.252258 
252.934860 294.788635 
172.675507 368.795074 
274.938049 370.828949 
201.568298 338.065369 
470.939911 325.994995 
303.386536 292.674347 
393.896118 313.204346 
303.239471 300.059357 
289.432861 276.908325 
310.157196 344.707581 
268.547424 280.671173 
289.432861 276.908325 
320.834595 345.059631 
472.952789 312.357910 
416.513855 316.412842 
397.447601 365.158813 
295.063416 318.082642 
282.947571 319.696655 
268.256836 345.023346 
392.865082 290.712250 
262.209259 329.569611 
372.009613 346.849548 
187.539642 372.849182 
254.732605 345.246948 
286.320831 274.467865 
301.623474 304.932343 
314.043182 290.466492 
416.513855 316.412842 
259.551025 322.143005 
409.289185 380.637756 
186.007950 309.280151 
181.594131 304.134949 
303.239471 300.059357 
294.282776 71.315399 
417.743011 316.582001 
282.719177 266.952423 
280.874847 70.293045 
391.780029 302.702972 
188.012619 342.023560 
272.560822 283.464111 
285.793304 380.251129 
286.320831 274.467865 
274.981506 380.056519 
312.337250 327.255829 
465.665039 319.676941 
388.246368 311.232086 
434.576630 323.197723 
150.862701 393.753723 
202.902878 331.447906 
190.175125 373.128998 
282.719177 266.952423 
455.042114 245.116364 
437.112457 288.789490 
388.190674 303.169922 
243.956161 295.086517 
427.866119 279.131378 
268.547424 280.671173 
447.700714 365.223755 
191.127914 375.252258 
268.547424 280.671173 
257.136261 372.674316 
258.421661 312.192352 
184.458115 346.516663 
397.447601 365.158813 
411.197845 303.686462 
457.728363 310.044403 
298.619843 382.044891 
432.770599 299.823669 
393.896118 313.204346 
261.541321 292.466736 
299.567017 304.063049 
294.711731 272.240387 
294.711731 272.240387 
188.826477 383.280334 
200.206024 340.865997 
264.600189 326.637543 
259.776184 284.312988 
190.615601 304.988708 
188.012619 342.023560 
246.616440 296.379578 
388.246368 311.232086 
290.202179 281.916809 
405.134583 299.386017 
274.981506 380.056519 
437.112457 288.789490 
421.014984 326.275543 
392.853302 297.579498 
190.812759 340.908661 
417.743011 316.582001 
429.898132 319.673523 
304.918427 281.712250 
388.246368 311.232086 
388.246368 311.232086 
440.434937 308.059540 
272.560822 283.464111 
397.447601 365.158813 
417.743011 316.582001 
285.064911 374.382843 
188.614029 365.124237 
457.728363 310.044403 
175.960449 319.275757 
188.826477 383.280334 
515.689087 247.680573 
280.874847 70.293045 
424.512573 374.959381 
472.952789 312.357910 
273.356201 374.337982 
286.764374 295.177826 
297.155823 242.315109 
457.728363 310.044403 
438.527985 283.131927 
447.700714 365.223755 
255.670364 367.282928 
188.826477 383.280334 
388.246368 311.232086 
172.675507 368.795074 
297.069153 291.867950 
405.134583 299.386017 
405.134583 299.386017 
392.853302 297.579498 
376.893463 326.682129 
376.893463 326.682129 
465.665039 319.676941 
202.745239 395.110840 
264.600189 326.637543 
264.600189 326.637543 
262.209259 329.569611 
388.246368 311.232086 
253.792618 385.604156 
211.438156 390.808899 
202.902878 331.447906 
258.985443 369.588745 
292.094543 285.567749 
263.149902 330.613281 
404.713470 288.750916 
278.156860 302.302185 
187.539642 372.849182 
259.551025 322.143005 
195.105438 335.027283 
440.434937 308.059540 
451.241333 292.758728 
409.289185 380.637756 
252.524033 391.849670 
264.600189 326.637543 
388.174622 300.567352 
388.246368 311.232086 
441.538452 381.486694 
113.192001 396.569031 
469.102631 322.570038 
416.035248 289.319305 
396.838867 311.420227 
252.934860 294.788635 
416.035248 289.319305 
447.700714 365.223755 
293.705017 235.704590 
434.576630 323.197723 
278.692474 391.937408 
90.238831 398.384521 
408.121979 284.621216 
424.512573 374.959381 
262.209259 329.569611 
113.192001 396.569031 
274.743683 290.842316 
440.434937 308.059540 
193.707626 311.537079 
246.616440 296.379578 
416.035248 289.319305 
180.383835 337.507690 
321.924042 306.881134 
405.134583 299.386017 
89.191833 397.005157 
446.207489 368.595367 
417.743011 316.582001 
188.826477 383.280334 
432.662231 372.655945 
259.776184 284.312988 
404.713470 288.750916 
404.713470 288.750916 
90.238831 398.384521 
440.434937 308.059540 
280.874847 70.293045 
186.007950 309.280151 
427.931702 336.201172 
416.513855 316.412842 
321.942200 302.987640 
278.349121 372.586273 
320.641937 306.579712 
277.866913 336.059448 
196.393890 385.490326 
388.246368 311.232086 
172.675507 368.795074 
467.789703 307.250977 
188.012619 342.023560 
315.945557 323.374023 
470.939911 325.994995 
286.764374 295.177826 
306.546234 277.245850 
187.539642 372.849182 
190.812759 340.908661 
264.546417 390.181885 
264.546417 390.181885 
264.546417 390.181885 
188.826477 383.280334 
173.850693 389.193115 
447.700714 365.223755 
433.347961 323.419312 
320.573975 301.282196 
404.713470 288.750916 
290.202179 281.916809 
290.202179 281.916809 
439.491150 329.333160 
458.143250 315.741028 
216.121536 286.658264 
274.938049 370.828949 
418.309387 340.538361 
108.794418 396.222168 
286.146088 366.434875 
421.014984 326.275543 
426.817230 313.219635 
253.570358 366.145020 
390.893341 299.163696 
294.587891 381.300049 
185.523407 344.276337 
273.244171 294.687317 
211.438156 390.808899 
108.794418 396.222168 
218.240021 284.585968 
458.143250 315.741028 
262.209259 329.569611 
256.293213 318.917786 
321.942200 302.987640 
448.200592 294.213623 
458.143250 315.741028 
320.834595 345.059631 
404.713470 288.750916 
188.826477 383.280334 
323.997162 349.944611 
421.014984 326.275543 
259.551025 322.143005 
317.921997 297.486603 
263.149902 330.613281 
358.799591 76.830826 
290.202179 281.916809 
90.238831 398.384521 
279.438019 388.100739 
475.813538 303.808929 
265.753998 314.752747 
238.914017 300.235718 
274.981506 380.056519 
255.309052 234.964767 
252.524033 391.849670 
274.936157 260.722748 
445.646240 334.104187 
426.817230 313.219635 
242.040024 299.553070 
267.131683 280.951324 
90.238831 398.384521 
426.817230 313.219635 
286.146088 366.434875 
386.278900 351.700684 
172.675507 368.795074 
259.551025 322.143005 
184.258850 285.185333 
242.040024 299.553070 
192.687576 288.647644 
274.981506 380.056519 
255.309052 234.964767 
416.733917 321.513367 
416.513855 316.412842 
255.309052 234.964767 
186.007950 309.280151 
396.838867 311.420227 
425.170593 304.456818 
319.214844 332.773834 
186.007950 309.280151 
515.689087 247.680573 
218.240021 284.585968 
265.386444 365.224365 
186.007950 309.280151 
252.934860 294.788635 
198.075180 362.179993 
418.309387 340.538361 
286.768005 266.382111 
463.135803 302.130127 
259.272675 340.154633 
452.368042 361.769135 
427.866119 279.131378 
202.902878 331.447906 
312.337250 327.255829 
281.197327 316.431946 
246.616440 296.379578 
457.728363 310.044403 
357.342621 310.688507 
268.547424 280.671173 
400.002350 280.412445 
216.121536 286.658264 
447.405579 379.460052 
465.665039 319.676941 
378.895111 304.907440 
185.523407 344.276337 
397.684113 365.701782 
297.155823 242.315109 
172.675507 368.795074 
392.865082 290.712250 
278.692474 391.937408 
439.491150 329.333160 
185.523407 344.276337 
265.386444 365.224365 
286.768005 266.382111 
316.241913 304.516357 
219.965027 232.853500 
397.684113 365.701782 
414.995178 376.861511 
277.866913 336.059448 
259.551025 322.143005 
292.094543 285.567749 
274.981506 380.056519 
467.789703 307.250977 
390.992249 359.616791 
424.199829 381.617645 
424.512573 374.959381 
274.985291 355.260010 
242.686905 279.054260 
285.793304 380.251129 
272.413330 305.773651 
380.777130 298.042267 
481.302002 344.352264 
278.692474 391.937408 
452.986023 361.919037 
397.447601 365.158813 
416.733917 321.513367 
404.713470 288.750916 
276.087677 401.039459 
259.551025 322.143005 
426.817230 313.219635 
357.342621 310.688507 
202.745239 395.110840 
306.224091 72.287346 
404.713470 288.750916 
243.810135 288.581116 
426.817230 313.219635 
186.007950 309.280151 
255.309052 234.964767 
312.337250 327.255829 
199.624985 301.418335 
433.089325 315.922546 
481.302002 344.352264 
100.674408 448.103363 
177.008255 314.992706 
396.838867 311.420227 
333.722565 75.059570 
258.421661 312.192352 
411.197845 303.686462 
194.368134 357.942413 
98.029327 225.779724 
190.038696 311.715576 
396.838867 311.420227 
186.007950 309.280151 
180.383835 337.507690 
434.031921 320.269653 
382.364716 298.090240 
306.745758 241.398041 
312.133301 286.981110 
193.707626 311.537079 
417.743011 316.582001 
411.197845 303.686462 
257.136261 372.674316 
175.363098 315.417511 
175.334061 270.219147 
447.700714 365.223755 
291.186096 82.689491 
301.271057 70.769470 
197.812637 298.292297 
387.073975 401.387421 
424.229340 327.453979 
301.271057 70.769470 
301.271057 70.769470 
188.826477 383.280334 
416.733917 321.513367 
436.695953 317.111084 
279.059174 397.280212 
194.142822 321.235168 
457.728363 310.044403 
457.728363 310.044403 
325.980438 309.148285 
325.980438 309.148285 
210.174515 308.735840 
193.707626 311.537079 
240.916168 318.380005 
192.023209 309.799500 
438.326477 324.269867 
188.826477 383.280334 
290.202179 281.916809 
416.733917 321.513367 
194.357803 295.133911 
259.031464 318.943726 
196.275101 339.447235 
196.275101 339.447235 
408.121979 284.621216 
392.865082 290.712250 
254.732605 345.246948 
202.346390 324.490631 
243.810135 288.581116 
319.214844 332.773834 
306.546234 277.245850 
273.076691 283.662201 
290.202179 281.916809 
197.812637 298.292297 
297.692444 328.654175 
306.224091 72.287346 
280.874847 70.293045 
197.812637 298.292297 
296.196747 369.427734 
263.413513 345.093689 
260.422028 387.737427 
186.648376 369.311707 
429.898132 319.673523 
246.031174 299.765259 
428.061676 328.079132 
196.275101 339.447235 
354.660736 309.870605 
196.743423 363.056732 
481.302002 344.352264 
400.002350 280.412445 
264.600189 326.637543 
434.576630 323.197723 
290.202179 281.916809 
306.745758 241.398041 
188.614029 365.124237 
243.810135 288.581116 
243.810135 288.581116 
470.939911 325.994995 
409.262909 299.438141 
409.262909 299.438141 
442.905090 317.986755 
90.238831 398.384521 
301.271057 70.769470 
201.324402 376.371552 
296.615814 235.327576 
419.530365 302.097321 
416.733917 321.513367 
320.573975 301.282196 
416.513855 316.412842 
297.155823 242.315109 
431.929077 324.338043 
98.029327 225.779724 
198.123627 305.477814 
229.460892 399.487091 
282.947571 319.696655 
288.490021 275.812378 
288.490021 275.812378 
207.634903 309.609955 
301.271057 70.769470 
195.392975 337.413940 
279.438019 388.100739 
439.491150 329.333160 
100.674408 448.103363 
403.820190 368.367279 
428.061676 328.079132 
397.684113 365.701782 
259.094116 339.459991 
271.983063 314.170563 
206.210541 391.543365 
181.530258 358.035736 
188.614029 365.124237 
270.919617 332.167236 
77.354362 444.153809 
428.061676 328.079132 
198.788727 270.860657 
174.179352 323.814331 
210.174515 308.735840 
346.943390 296.019745 
272.656128 263.581207 
409.190308 373.369080 
190.038696 311.715576 
423.778137 302.525452 
423.778137 302.525452 
433.089325 315.922546 
185.523407 344.276337 
203.540833 354.981079 
77.354362 444.153809 
100.000374 427.994507 
243.810135 288.581116 
190.175125 373.128998 
413.492615 350.109711 
197.812637 298.292297 
254.732605 345.246948 
202.745239 395.110840 
294.282776 71.315399 
392.704987 286.134155 
469.102631 322.570038 
274.936157 260.722748 
175.363098 315.417511 
314.408569 295.949982 
278.692474 391.937408 
442.905090 317.986755 
259.272675 340.154633 
431.929077 324.338043 
292.754059 365.028351 
235.133224 290.374237 
198.075180 362.179993 
207.634903 309.609955 
455.042114 245.116364 
176.206360 296.141815 
176.206360 296.141815 
229.460892 399.487091 
294.282776 71.315399 
175.363098 315.417511 
205.941345 318.839600 
248.812790 322.922882 
158.766388 400.930939 
416.733917 321.513367 
439.491150 329.333160 
267.131683 280.951324 
428.061676 328.079132 
428.061676 328.079132 
197.812637 298.292297 
210.174515 308.735840 
277.158569 313.361786 
202.745239 395.110840 
279.438019 388.100739 
278.692474 391.937408 
377.815247 319.196991 
259.272675 340.154633 
409.262909 299.438141 
316.241913 304.516357 
273.910828 310.854279 
463.566162 297.980743 
424.512573 374.959381 
257.136261 372.674316 
205.941345 318.839600 
255.309052 234.964767 
587.971741 404.959229 
306.745758 241.398041 
272.413330 305.773651 
188.826477 383.280334 
447.800934 244.260559 
249.857849 394.390015 
197.812637 298.292297 
463.566162 297.980743 
196.743423 363.056732 
190.812759 340.908661 
196.743423 363.056732 
442.905090 317.986755 
400.391632 303.677399 
408.121979 284.621216 
200.239929 297.326355 
200.239929 297.326355 
417.743011 316.582001 
442.905090 317.986755 
293.705017 235.704590 
293.705017 235.704590 
436.695953 317.111084 
257.495544 281.829590 
429.898132 319.673523 
255.309052 234.964767 
205.941345 318.839600 
251.417221 342.462006 
405.645660 364.533661 
405.645660 364.533661 
259.094116 339.459991 
287.559631 297.489594 
426.817230 313.219635 
197.812637 298.292297 
405.645660 364.533661 
199.382248 344.516083 
405.968689 367.761230 
370.215973 340.451874 
200.774567 353.228119 
194.357803 295.133911 
397.684113 365.701782 
320.573975 301.282196 
100.000374 427.994507 
433.089325 315.922546 
202.902878 331.447906 
289.123901 241.596329 
318.077637 236.816086 
304.487976 223.624222 
310.953217 73.366615 
439.491150 329.333160 
292.754059 365.028351 
386.520203 291.799255 
433.212006 313.159149 
433.212006 313.159149 
411.197845 303.686462 
228.797958 374.468933 
202.745239 395.110840 
459.048157 296.423676 
424.211090 379.354126 
258.435486 329.587341 
258.435486 329.587341 
439.491150 329.333160 
297.155823 242.315109 
426.817230 313.219635 
286.146088 366.434875 
397.447601 365.158813 
396.838867 311.420227 
294.838501 297.047791 
198.123627 305.477814 
195.105438 335.027283 
195.105438 335.027283 
417.743011 316.582001 
158.856171 419.982666 
185.523407 344.276337 
427.931702 336.201172 
475.993835 326.303986 
411.197845 303.686462 
357.342621 310.688507 
286.146088 366.434875 
201.324402 376.371552 
184.755585 307.707062 
397.447601 365.158813 
278.692474 391.937408 
280.225464 358.551819 
413.899872 357.771057 
381.677185 303.298523 
426.817230 313.219635 
439.491150 329.333160 
290.202179 281.916809 
396.769104 304.326416 
439.491150 329.333160 
428.061676 328.079132 
77.354362 444.153809 
424.211090 379.354126 
257.495544 281.829590 
296.656067 227.861221 
274.981506 380.056519 
255.439789 328.749603 
261.150330 319.624939 
261.150330 319.624939 
397.447601 365.158813 
175.334061 270.219147 
260.422028 387.737427 
174.612976 338.091522 
297.692444 328.654175 
271.983063 314.170563 
428.359833 280.946716 
196.275101 339.447235 
198.123627 305.477814 
198.123627 305.477814 
279.438019 388.100739 
481.302002 344.352264 
309.465363 250.547043 
309.465363 250.547043 
291.186096 82.689491 
198.123627 305.477814 
158.766388 400.930939 
390.354431 335.045746 
158.766388 400.930939 
439.581818 272.602295 
200.774567 353.228119 
279.438019 388.100739 
294.711731 272.240387 
284.667267 305.972260 
442.905090 317.986755 
279.438019 388.100739 
195.105438 335.027283 
259.031464 318.943726 
409.190308 373.369080 
286.146088 366.434875 
206.160767 323.851349 
400.391632 303.677399 
289.121429 289.862366 
259.776184 284.312988 
318.077637 236.816086 
433.089325 315.922546 
205.941345 318.839600 
446.871643 408.347015 
291.186096 82.689491 
414.995178 376.861511 
447.540833 277.355621 
447.540833 277.355621 
278.692474 391.937408 
203.354279 369.498505 
409.190308 373.369080 
215.566437 333.051544 
404.814789 320.934357 
259.031464 318.943726 
429.898132 319.673523 
286.146088 366.434875 
399.788605 304.546997 
322.061462 308.091156 
292.899719 239.245346 
293.607697 233.341599 
278.692474 391.937408 
178.623199 300.802856 
292.899719 239.245346 
279.438019 388.100739 
283.917542 227.073502 
313.329834 238.492111 
399.788605 304.546997 
209.408813 336.373962 
281.582642 286.926056 
281.582642 286.926056 
286.146088 366.434875 
329.211060 408.845764 
190.996521 390.124084 
202.346390 324.490631 
289.563507 243.020096 
400.391632 303.677399 
212.611160 394.793549 
251.417221 342.462006 
333.722565 75.059570 
289.563507 243.020096 
246.120712 335.812561 
300.458496 247.720398 
378.313324 351.932251 
228.939468 335.466339 
284.667267 305.972260 
317.921997 297.486603 
313.463684 340.725708 
424.407562 298.137177 
259.272675 340.154633 
424.407562 298.137177 
77.354362 444.153809 
77.354362 444.153809 
438.326477 324.269867 
448.401581 326.025879 
213.535172 346.487488 
208.242661 274.321167 
228.797958 374.468933 
488.181396 338.406006 
193.707626 311.537079 
414.995178 376.861511 
313.329834 238.492111 
465.696564 245.705444 
281.582642 286.926056 
297.692444 328.654175 
470.939911 325.994995 
255.309052 234.964767 
219.965027 232.853500 
332.573456 305.730774 
292.899719 239.245346 
277.121307 335.883972 
286.146088 366.434875 
297.708832 288.600739 
173.410156 364.247314 
433.089325 315.922546 
428.061676 328.079132 
292.899719 239.245346 
429.898132 319.673523 
212.219559 394.972809 
152.292664 423.904388 
438.326477 324.269867 
273.244171 294.687317 
257.495544 281.829590 
194.357803 295.133911 
286.146088 366.434875 
315.588898 285.625793 
292.006866 365.424591 
362.679596 309.333588 
311.004395 237.990234 
274.936157 260.722748 
206.160767 323.851349 
205.941345 318.839600 
426.817230 313.219635 
193.707626 311.537079 
98.975945 428.560181 
357.342621 310.688507 
422.505219 336.209625 
416.733917 321.513367 
204.233170 321.513672 
260.550049 386.967102 
289.201660 311.733765 
254.732605 345.246948 
273.244171 294.687317 
260.422028 387.737427 
259.031464 318.943726 
249.184341 298.648560 
463.566162 297.980743 
178.055740 304.694061 
