500
420.224854 228.400513 
417.463348 229.224258 
418.733673 228.432098 
430.991577 222.423874 
429.653961 221.737976 
293.835876 265.149780 
445.319153 214.910843 
293.072998 265.480408 
442.756683 209.873672 
432.838196 223.042953 
440.862640 201.382996 
472.971191 192.587036 
439.715118 206.709900 
260.980621 154.895264 
412.924469 229.103012 
440.333740 200.796509 
433.092773 216.191467 
290.602478 264.308136 
438.998138 200.919327 
444.152191 217.529251 
459.326447 192.087021 
167.148773 358.505463 
449.728516 207.182205 
418.688660 232.780334 
419.208984 232.677444 
298.079773 265.267181 
224.722977 228.605118 
289.884949 264.094757 
224.234619 228.316132 
408.516357 227.614761 
232.099487 176.402374 
475.469971 194.861237 
223.787094 229.705475 
409.130341 226.773300 
228.482346 229.328751 
262.176422 209.362427 
290.013855 307.430389 
255.216522 236.286880 
359.670715 218.735321 
309.284515 185.201736 
168.934311 358.105103 
169.384827 358.093140 
234.962738 186.864227 
436.332794 226.580765 
315.020966 176.432098 
140.854721 309.947510 
140.876541 309.769440 
407.555786 229.525131 
291.446747 267.140533 
149.909515 241.834595 
406.017578 226.780914 
452.556030 247.821045 
169.854462 358.218079 
308.614655 185.569000 
448.348572 216.112732 
150.424469 245.650299 
466.145966 207.142761 
227.957962 197.168549 
234.052368 186.844788 
441.131744 198.994675 
403.544800 229.720947 
329.787415 241.477295 
314.637177 277.512238 
234.803787 175.577850 
476.443207 210.209229 
336.621826 242.453476 
477.616577 200.449936 
328.930328 241.075256 
473.226471 191.528610 
225.340073 191.089798 
155.918762 253.701309 
416.836914 261.113037 
256.686829 195.607056 
256.873901 197.485184 
424.614136 234.329758 
329.268341 242.898239 
476.886200 185.914627 
502.595276 214.078186 
484.324890 255.572250 
236.753830 213.997253 
438.124786 218.982147 
237.476105 189.229248 
421.994202 232.669220 
227.807236 177.758682 
286.379883 307.200012 
306.998871 178.043091 
483.046143 210.592773 
286.095032 188.703186 
405.744080 231.668915 
495.669281 216.525818 
476.079529 184.352997 
254.931595 151.082367 
144.964645 295.085327 
343.081940 219.674149 
469.046783 193.166885 
153.054504 237.520538 
141.652298 291.536804 
457.034637 252.933212 
313.881561 174.472549 
315.625214 276.738953 
433.457458 240.750488 
153.644501 228.653061 
506.246124 213.313507 
488.659576 197.813354 
232.246918 190.523453 
412.948944 222.443085 
514.521362 215.660385 
438.820221 223.463730 
297.782135 254.489594 
416.237305 261.594849 
267.437561 155.548752 
453.380463 231.897324 
155.033661 227.395874 
429.767059 202.466522 
205.847992 344.573761 
154.168671 254.417450 
327.444763 242.615799 
459.515350 255.202072 
135.155243 313.360687 
145.217224 246.788361 
269.776886 153.949295 
480.698212 198.632751 
479.454834 204.965393 
279.422089 327.707245 
333.177124 248.299347 
424.107605 388.581940 
156.859680 235.825073 
137.205933 234.782486 
415.893463 206.184464 
356.598206 219.583649 
152.880661 228.374283 
443.379181 221.279144 
443.335907 220.590134 
235.760849 192.030594 
280.849182 331.136444 
203.799118 346.088409 
482.965668 204.144958 
232.978027 219.450806 
433.909882 243.415894 
153.642807 224.463074 
187.810043 343.291260 
237.628998 189.552307 
129.744049 349.987610 
268.537170 135.985901 
263.407043 351.104950 
225.096817 208.164368 
284.763519 157.767471 
295.071320 272.213715 
482.200562 208.129578 
522.760193 233.210480 
499.006378 212.602310 
499.224030 213.309479 
217.751556 227.601089 
479.391998 207.700485 
514.719055 217.582260 
216.781448 246.309509 
217.147476 245.951736 
340.629303 239.338165 
265.508423 352.481445 
487.472534 199.996902 
455.863495 279.359741 
156.084076 236.719162 
222.061600 203.756821 
347.521667 214.713257 
176.130936 356.870575 
334.703094 253.291885 
154.629547 249.807922 
334.575378 250.391586 
521.098816 436.673004 
220.663010 230.949524 
374.269623 252.218948 
180.871384 352.947479 
262.757385 348.520966 
264.771454 210.830200 
419.711548 201.916061 
255.229416 208.354950 
254.694489 207.872330 
455.625458 219.855743 
225.314331 199.376740 
304.817841 182.851562 
287.115387 324.474670 
289.776459 168.517517 
309.510864 180.676666 
484.797760 193.085327 
175.119980 357.206207 
106.913246 353.428986 
454.216064 202.652359 
310.490570 269.410095 
498.888885 270.644104 
220.875183 200.060715 
221.469376 200.330612 
426.391754 218.945129 
478.496979 207.500641 
483.461273 190.355270 
150.315872 225.613251 
294.632996 205.969742 
226.979614 225.443069 
264.606079 220.402100 
311.350708 187.079361 
482.839203 191.689438 
454.447449 243.365128 
400.218170 237.097610 
400.301025 236.820160 
283.830902 336.298309 
339.992523 238.847870 
441.384216 247.557892 
454.286255 253.191605 
233.639801 219.498215 
223.130936 201.081848 
385.506989 388.852295 
159.760101 231.792145 
224.527985 225.067307 
225.126419 225.204132 
145.165100 195.986160 
95.352943 344.733612 
129.971649 350.693451 
475.863342 253.342041 
291.383606 162.534088 
487.452209 253.028503 
454.966095 201.647659 
322.310822 238.937820 
455.690308 243.086426 
460.489410 206.868530 
296.922455 254.368729 
509.031677 208.939148 
313.052399 175.205338 
476.164917 183.115250 
318.189758 247.388580 
294.626099 208.357193 
448.063782 223.600327 
491.950867 268.080566 
228.619629 220.204239 
293.725952 207.161118 
153.580780 341.965363 
156.706116 225.918671 
360.613831 215.802948 
291.362885 271.535370 
156.323822 256.482849 
297.323303 272.483673 
148.430161 228.970596 
230.992279 228.521759 
222.885727 206.522629 
461.142151 288.183105 
488.975403 194.954147 
313.149841 261.221497 
295.694794 169.280807 
286.551636 265.061310 
309.483643 345.343719 
453.614594 285.089844 
259.798096 230.915665 
447.259308 224.446945 
157.158630 355.677551 
258.032715 226.228745 
279.952209 208.148148 
154.457703 349.265045 
422.766235 270.293579 
212.991806 206.734222 
265.369873 211.902954 
336.078064 263.015656 
144.300552 290.026062 
453.839996 277.710266 
453.532776 219.568619 
446.061829 239.059998 
246.270279 212.751312 
380.840485 242.874969 
137.697983 307.589325 
311.549316 177.664429 
227.082504 189.261261 
215.821045 208.454163 
440.225250 235.719254 
243.310181 174.943420 
242.838516 174.708389 
131.289047 352.136749 
228.370865 181.848770 
342.628479 214.159790 
492.860779 313.468048 
283.415741 335.672760 
452.859650 178.872452 
222.386185 209.696655 
267.515167 219.687775 
485.265594 194.785385 
300.678711 208.521011 
469.155701 214.632385 
310.554474 263.249756 
373.184052 242.045959 
257.983459 224.956467 
226.424377 235.928513 
85.591255 314.312164 
144.116425 308.677673 
138.488327 237.480957 
228.275467 335.456573 
305.376282 330.060059 
144.474930 196.830963 
275.502258 337.885132 
455.405304 200.519882 
223.160675 210.506958 
229.466095 220.663040 
486.983704 253.691315 
286.518768 265.854187 
437.175903 191.928864 
269.529907 147.077652 
214.753464 207.627533 
294.072021 253.359009 
155.845978 353.763550 
317.251587 280.417633 
213.933197 225.113586 
457.462158 212.850571 
454.004517 197.295837 
444.737213 196.528961 
110.230438 355.415344 
229.090988 193.150406 
251.949646 196.152786 
313.609283 181.475815 
459.509827 220.808990 
475.633148 254.822800 
136.680145 217.683456 
217.042404 224.995911 
456.580750 212.277695 
325.691650 259.767059 
213.365311 227.407654 
504.181641 296.532776 
480.709290 256.877594 
337.865631 260.231842 
237.116135 236.096756 
350.660736 218.050522 
162.009460 359.982849 
314.670593 254.929611 
252.947998 148.655426 
271.470917 185.878220 
272.611298 140.057938 
316.679932 248.863251 
228.171692 222.640411 
313.912750 364.059143 
483.727081 309.583801 
142.919678 183.854813 
229.880875 334.217041 
221.067032 207.892120 
268.604980 226.826324 
485.245789 248.577927 
488.743103 315.306915 
255.727020 155.115356 
256.416321 155.375732 
278.889557 208.209000 
473.180206 233.610489 
313.334686 180.378937 
145.280746 185.281174 
452.379303 210.324860 
475.378906 211.698151 
288.355774 194.537415 
268.198914 146.101501 
101.518227 336.428711 
421.939453 258.685944 
471.862610 210.279297 
219.839111 206.212524 
274.593597 330.095123 
330.993652 259.761566 
310.561890 342.239441 
266.319733 143.737717 
306.162170 185.647842 
278.191437 204.248642 
218.060318 203.691299 
445.156433 195.985825 
297.370148 166.683060 
314.408936 254.384766 
267.910004 144.536240 
338.412262 268.123260 
469.780518 233.442810 
256.176941 229.112793 
287.881500 161.794983 
256.719116 229.286301 
323.316376 234.207138 
332.179413 238.464096 
142.273865 183.857239 
309.960236 270.835297 
424.241974 192.043777 
258.718750 195.151413 
207.885635 236.283218 
159.728729 234.869476 
426.586975 244.672531 
276.389801 329.970612 
158.360550 227.694397 
518.380188 200.094986 
472.496033 238.946793 
464.767517 224.417969 
156.720322 248.124557 
137.673386 297.158539 
299.567780 272.226105 
454.443939 274.576538 
309.479492 341.615753 
154.815536 357.406891 
287.359192 213.404556 
402.895203 236.330093 
311.194824 213.866119 
269.861572 216.663574 
465.590759 224.269592 
271.115631 330.809509 
170.376114 336.207764 
237.731598 236.824539 
318.804321 362.654358 
455.071899 242.241531 
283.498871 241.902542 
269.474304 217.908569 
347.606354 231.717026 
149.768539 287.090668 
447.424133 196.111877 
303.812622 183.273132 
257.836914 149.130630 
144.961624 256.759308 
468.920044 233.207108 
468.996887 233.351181 
310.917328 258.336853 
139.824249 306.077972 
286.990967 214.646515 
137.202728 216.591888 
471.837097 238.041641 
268.575195 299.846069 
268.311707 327.435455 
270.992432 332.340576 
447.103516 193.067688 
138.847809 219.540527 
248.803665 210.165375 
291.150818 273.884705 
444.916168 284.736786 
256.950317 148.536880 
484.442871 312.539062 
252.013290 210.896667 
137.835052 298.412201 
224.701218 190.437866 
280.938660 202.224579 
382.352875 243.046265 
289.978851 308.051697 
137.601532 238.305222 
460.109894 223.441711 
307.286835 341.231964 
229.187378 193.955307 
210.673325 196.873795 
415.159454 199.998611 
160.762009 233.471954 
288.658173 221.073166 
183.070358 329.747833 
232.959488 236.529205 
200.421494 234.215042 
141.816086 304.102295 
478.454865 231.517487 
234.825760 242.732224 
469.286804 270.763550 
342.974915 248.351608 
424.011810 269.842285 
232.409409 236.586685 
131.110336 184.489380 
247.427948 235.573318 
506.897339 316.366211 
264.769409 183.477646 
422.429169 188.994843 
145.829193 188.398727 
129.929016 346.459656 
311.484467 256.930176 
245.896713 231.918381 
467.175232 239.234482 
265.331665 230.575470 
296.854065 274.063416 
339.481628 217.398972 
238.754730 183.500412 
462.919373 254.995239 
137.134506 304.950195 
267.652130 136.707382 
479.827209 253.257080 
214.453979 204.319733 
483.702820 229.438843 
156.980957 348.603424 
157.308762 349.244690 
359.480835 213.171799 
230.889572 337.555359 
276.665527 206.636459 
304.699463 175.289307 
315.023590 229.914536 
231.685883 244.387527 
147.011581 224.228897 
241.950378 190.879517 
469.825623 224.688889 
97.904732 344.235321 
222.881027 182.005325 
204.637070 261.988281 
268.431244 181.917816 
282.219696 194.875641 
525.083252 236.773621 
246.308411 239.274460 
274.851593 187.899124 
111.264595 358.983551 
148.502716 355.251404 
444.037384 192.521576 
128.015717 185.188232 
261.913788 183.216858 
158.394821 248.543594 
224.495041 238.912521 
208.493225 190.537430 
125.238510 351.726929 
296.066162 303.153595 
272.273346 301.133636 
327.860138 261.077789 
