972
408.928589 307.206085 
280.951172 62.132427 
280.951172 62.132427 
374.958344 298.292542 
200.683167 360.400238 
374.958344 298.292542 
280.951172 62.132427 
375.824005 310.790192 
280.951172 62.132427 
375.824005 310.790192 
419.682129 251.700699 
375.824005 310.790192 
562.523560 139.275360 
200.683167 360.400238 
373.546753 317.981476 
374.958344 298.292542 
200.683167 360.400238 
362.175812 310.822388 
386.823059 327.706390 
374.958344 298.292542 
280.951172 62.132427 
267.025909 286.712036 
380.753052 299.036682 
261.609772 288.923798 
261.609772 288.923798 
259.570435 305.029816 
382.839813 328.111328 
259.570435 305.029816 
413.251312 251.592102 
373.546753 317.981476 
372.202057 304.572998 
203.222656 346.846619 
279.161896 334.018646 
280.500092 357.791962 
378.982971 298.524811 
378.496948 331.525238 
280.939697 96.532867 
270.398193 299.343292 
200.683167 360.400238 
359.602478 288.129883 
277.216858 292.431213 
378.982971 298.524811 
104.422447 427.534027 
373.921539 336.476776 
374.958344 298.292542 
254.812714 304.880127 
372.202057 304.572998 
357.744385 293.540100 
193.694305 366.200470 
393.455719 310.871674 
201.723633 289.286713 
264.730499 371.665802 
382.839813 328.111328 
261.609772 288.923798 
280.951172 62.132427 
281.981659 353.757935 
373.921539 336.476776 
391.084717 308.738617 
386.629761 302.439819 
373.921539 336.476776 
280.500092 357.791962 
386.629761 302.439819 
386.629761 302.439819 
388.710541 318.660889 
376.331482 288.722931 
201.723633 289.286713 
283.777924 293.347412 
393.455719 310.871674 
393.455719 310.871674 
201.723633 289.286713 
372.202057 304.572998 
408.928589 307.206085 
264.730499 371.665802 
264.730499 371.665802 
386.823059 327.706390 
388.710541 318.660889 
252.702133 368.195099 
274.686920 277.496979 
272.465576 311.330994 
562.523560 139.275360 
280.951172 62.132427 
386.823059 327.706390 
246.715332 316.102631 
562.523560 139.275360 
388.710541 318.660889 
393.455719 310.871674 
386.629761 302.439819 
246.073593 315.798401 
562.523560 139.275360 
215.419235 338.079773 
215.419235 338.079773 
300.757904 118.568077 
386.629761 302.439819 
388.710541 318.660889 
375.824005 310.790192 
205.351898 292.775299 
281.981659 353.757935 
268.700623 370.428528 
368.134918 288.935455 
242.367264 326.389557 
368.134918 288.935455 
267.025909 286.712036 
375.824005 310.790192 
215.486023 286.208710 
281.996063 299.822418 
411.799591 312.111694 
564.847839 248.465347 
364.486084 300.475616 
195.968704 359.458282 
388.710541 318.660889 
373.546753 317.981476 
300.757904 118.568077 
372.202057 304.572998 
268.700623 370.428528 
364.486084 300.475616 
386.629761 302.439819 
201.723633 289.286713 
265.630707 368.525269 
382.839813 328.111328 
300.757904 118.568077 
271.488800 310.980682 
374.958344 298.292542 
188.169937 294.853241 
562.523560 139.275360 
253.786148 354.506042 
393.455719 310.871674 
259.570435 305.029816 
229.632568 327.184479 
364.486084 300.475616 
394.685272 306.401550 
562.523560 139.275360 
285.328552 363.818268 
201.723633 289.286713 
393.455719 310.871674 
280.939697 96.532867 
281.996063 299.822418 
287.274872 236.728821 
375.824005 310.790192 
274.550385 271.414734 
215.419235 338.079773 
268.700623 370.428528 
364.486084 300.475616 
229.632568 327.184479 
280.939697 96.532867 
386.629761 302.439819 
563.737305 405.923706 
233.456345 282.053101 
301.146179 299.788513 
283.699493 252.027328 
201.970047 380.770355 
376.331482 288.722931 
386.629761 302.439819 
228.535049 326.361359 
284.982239 300.861694 
274.776581 272.422729 
563.737305 405.923706 
403.789062 304.167999 
228.535049 326.361359 
228.535049 326.361359 
408.928589 307.206085 
283.699493 252.027328 
195.968704 359.458282 
280.951172 62.132427 
195.968704 359.458282 
283.699493 252.027328 
195.968704 359.458282 
265.681305 266.410217 
281.996063 299.822418 
376.331482 288.722931 
375.824005 310.790192 
364.486084 300.475616 
281.996063 299.822418 
281.996063 299.822418 
205.129211 345.813446 
246.073593 315.798401 
271.488800 310.980682 
229.632568 327.184479 
364.486084 300.475616 
364.486084 300.475616 
375.824005 310.790192 
246.311981 332.891083 
252.586868 307.369873 
386.629761 302.439819 
190.504120 340.453247 
394.685272 306.401550 
564.847839 248.465347 
268.612396 325.680756 
198.492599 360.249298 
265.630707 368.525269 
296.255249 247.406830 
372.202057 304.572998 
281.996063 299.822418 
562.523560 139.275360 
562.523560 139.275360 
292.321289 317.313599 
382.839813 328.111328 
280.725952 295.808044 
205.351898 292.775299 
268.700623 370.428528 
268.700623 370.428528 
280.951172 62.132427 
265.630707 368.525269 
301.146179 299.788513 
375.824005 310.790192 
375.824005 310.790192 
270.480438 286.544189 
378.982971 298.524811 
281.996063 299.822418 
375.824005 310.790192 
374.958344 298.292542 
359.161926 287.481934 
271.488800 310.980682 
281.996063 299.822418 
283.699493 252.027328 
386.629761 302.439819 
393.455719 310.871674 
254.812714 304.880127 
386.629761 302.439819 
393.455719 310.871674 
394.685272 306.401550 
374.958344 298.292542 
368.526184 348.487946 
261.718445 365.477997 
261.718445 365.477997 
296.255249 247.406830 
257.537933 308.488861 
543.878906 118.534676 
268.700623 370.428528 
382.839813 328.111328 
382.839813 328.111328 
376.663971 332.397888 
376.331482 288.722931 
562.523560 139.275360 
304.792328 240.925873 
195.377869 357.925201 
280.903839 314.124237 
373.921539 336.476776 
183.336731 347.722656 
417.093353 314.760193 
117.124725 376.791016 
280.951172 62.132427 
274.686920 277.496979 
374.958344 298.292542 
268.612396 325.680756 
272.465576 311.330994 
278.295593 243.367035 
99.790321 437.251282 
295.734070 318.047546 
386.823059 327.706390 
374.958344 298.292542 
196.402634 384.002228 
215.486023 286.208710 
281.996063 299.822418 
344.665741 305.113037 
224.709534 319.277374 
195.968704 359.458282 
187.344376 387.183746 
280.951172 62.132427 
386.823059 327.706390 
386.823059 327.706390 
259.050110 282.334778 
422.948303 97.154472 
359.602478 288.129883 
368.526184 348.487946 
374.958344 298.292542 
256.425354 322.132660 
380.753052 299.036682 
199.187668 357.092712 
198.635941 360.301880 
207.985184 327.325928 
375.824005 310.790192 
254.992081 325.255219 
265.275726 377.228607 
271.488800 310.980682 
199.187668 357.092712 
396.492493 304.135803 
375.824005 310.790192 
205.727768 311.236725 
268.700623 370.428528 
205.351898 292.775299 
374.958344 298.292542 
280.725952 295.808044 
280.951172 62.132427 
351.750610 304.972595 
543.878906 118.534676 
268.908752 375.432495 
393.455719 310.871674 
393.455719 310.871674 
562.523560 139.275360 
201.622467 364.335602 
192.016968 353.330322 
378.982971 298.524811 
201.723633 289.286713 
283.699493 252.027328 
425.970917 322.388367 
292.733582 332.121277 
198.492599 360.249298 
280.951172 62.132427 
277.216858 292.431213 
280.903839 314.124237 
271.488800 310.980682 
198.635941 360.301880 
562.523560 139.275360 
562.523560 139.275360 
562.523560 139.275360 
272.465576 311.330994 
277.216858 292.431213 
246.311981 332.891083 
277.216858 292.431213 
195.377869 357.925201 
195.968704 359.458282 
256.425354 322.132660 
201.970047 380.770355 
272.465576 311.330994 
205.351898 292.775299 
193.925186 344.054504 
280.951172 62.132427 
287.274872 236.728821 
287.274872 236.728821 
386.629761 302.439819 
388.710541 318.660889 
198.635941 360.301880 
562.523560 139.275360 
201.970047 380.770355 
413.251312 251.592102 
190.124863 345.077972 
268.700623 370.428528 
280.951172 62.132427 
376.663971 332.397888 
252.702133 368.195099 
281.491119 274.296631 
265.275726 377.228607 
198.492599 360.249298 
261.609772 288.923798 
280.939697 96.532867 
563.737305 405.923706 
271.488800 310.980682 
202.486710 356.562408 
376.663971 332.397888 
281.996063 299.822418 
387.684174 282.592773 
261.609772 288.923798 
205.351898 292.775299 
205.351898 292.775299 
262.996124 309.780701 
280.939697 96.532867 
388.710541 318.660889 
198.492599 360.249298 
291.704041 298.657715 
413.548187 343.951477 
300.757904 118.568077 
375.824005 310.790192 
382.839813 328.111328 
176.945724 396.487946 
393.455719 310.871674 
419.682129 251.700699 
386.823059 327.706390 
372.202057 304.572998 
280.951172 62.132427 
195.377869 357.925201 
267.025909 286.712036 
280.725952 295.808044 
543.878906 118.534676 
274.629089 346.522552 
383.885681 360.589966 
259.351898 333.707245 
245.853302 297.933990 
273.931641 254.345627 
228.535049 326.361359 
357.744385 293.540100 
263.898956 356.782593 
564.847839 248.465347 
292.733582 332.121277 
375.824005 310.790192 
393.455719 310.871674 
408.928589 307.206085 
283.794952 365.737396 
274.550385 271.414734 
255.300140 291.621948 
375.824005 310.790192 
537.135620 403.691193 
422.948303 97.154472 
388.326538 275.189758 
263.898956 356.782593 
258.489380 312.060822 
435.963562 81.116844 
304.596222 241.510269 
200.683167 360.400238 
268.908752 375.432495 
387.356964 324.087311 
204.953522 355.676239 
422.948303 97.154472 
189.541916 365.490326 
204.953522 355.676239 
388.710541 318.660889 
369.535522 296.224060 
289.366119 328.815582 
265.630707 368.525269 
277.288116 372.828369 
272.465576 311.330994 
264.488617 290.830475 
204.953522 355.676239 
242.661163 297.496521 
280.903839 314.124237 
368.134918 288.935455 
195.968704 359.458282 
195.377869 357.925201 
77.709435 72.798409 
562.523560 139.275360 
283.699493 252.027328 
246.311981 332.891083 
189.618500 299.595215 
562.523560 139.275360 
393.455719 310.871674 
374.958344 298.292542 
368.526184 348.487946 
372.202057 304.572998 
261.609772 288.923798 
201.970047 380.770355 
359.602478 288.129883 
562.523560 139.275360 
388.671021 364.003204 
277.216858 292.431213 
280.939697 96.532867 
186.828323 396.438080 
281.996063 299.822418 
249.127777 319.922211 
208.723297 352.273865 
373.921539 336.476776 
374.958344 298.292542 
543.878906 118.534676 
403.789062 304.167999 
460.159851 422.534210 
283.151703 325.022369 
408.928589 307.206085 
279.161896 334.018646 
31.226248 367.138580 
387.684174 282.592773 
562.523560 139.275360 
294.611847 289.063477 
289.366119 328.815582 
403.789062 304.167999 
403.789062 304.167999 
192.016968 353.330322 
202.460770 328.256866 
562.523560 139.275360 
204.953522 355.676239 
224.709534 319.277374 
256.479156 356.596985 
274.776581 272.422729 
273.931641 254.345627 
213.313400 310.035553 
261.609772 288.923798 
277.216858 292.431213 
380.753052 299.036682 
277.216858 292.431213 
375.824005 310.790192 
207.985184 327.325928 
187.344376 387.183746 
261.900177 369.621674 
292.531433 340.500610 
274.686920 277.496979 
219.598373 287.859283 
219.598373 287.859283 
195.377869 357.925201 
198.492599 360.249298 
391.084717 308.738617 
236.950104 289.426849 
543.878906 118.534676 
375.824005 310.790192 
375.824005 310.790192 
201.622467 364.335602 
271.488800 310.980682 
245.853302 297.933990 
245.853302 297.933990 
245.853302 297.933990 
207.985184 327.325928 
190.683014 352.913879 
190.683014 352.913879 
271.488800 310.980682 
88.570068 453.587952 
256.479156 356.596985 
372.202057 304.572998 
392.766876 316.457886 
286.059723 301.460785 
259.533203 350.751587 
417.093353 314.760193 
563.737305 405.923706 
190.124863 345.077972 
396.492493 304.135803 
280.939697 96.532867 
279.161896 334.018646 
375.824005 310.790192 
289.366119 328.815582 
460.159851 422.534210 
259.533203 350.751587 
374.958344 298.292542 
300.757904 118.568077 
219.598373 287.859283 
193.694305 366.200470 
280.903839 314.124237 
215.045853 364.411438 
386.823059 327.706390 
408.928589 307.206085 
387.684174 282.592773 
374.958344 298.292542 
224.709534 319.277374 
266.792389 377.654541 
373.921539 336.476776 
283.699493 252.027328 
277.216858 292.431213 
562.523560 139.275360 
201.970047 380.770355 
211.997574 298.671600 
201.622467 364.335602 
460.159851 422.534210 
562.523560 139.275360 
373.546753 317.981476 
278.545746 239.441864 
422.948303 97.154472 
269.960602 356.811340 
193.925186 344.054504 
357.744385 293.540100 
304.596222 241.510269 
177.870346 372.974884 
202.460770 328.256866 
245.853302 297.933990 
374.958344 298.292542 
192.584747 286.457336 
562.523560 139.275360 
285.961761 282.035583 
280.231781 117.892525 
276.109558 278.195618 
384.686554 440.958069 
384.686554 440.958069 
42.882236 365.703522 
190.124863 345.077972 
180.563095 377.975281 
190.504120 340.453247 
195.377869 357.925201 
280.939697 96.532867 
280.939697 96.532867 
367.715973 313.848022 
202.451767 341.656464 
280.939697 96.532867 
386.823059 327.706390 
274.629089 346.522552 
199.187668 357.092712 
374.958344 298.292542 
265.630707 368.525269 
564.847839 248.465347 
370.341248 317.560699 
263.898956 356.782593 
190.124863 345.077972 
375.824005 310.790192 
224.709534 319.277374 
277.133057 305.117065 
376.663971 332.397888 
378.982971 298.524811 
373.546753 317.981476 
207.985184 327.325928 
103.089584 441.235382 
207.985184 327.325928 
276.448029 368.182098 
249.111343 366.081696 
196.402634 384.002228 
266.223602 360.906525 
296.255249 247.406830 
296.255249 247.406830 
195.377869 357.925201 
271.488800 310.980682 
191.530762 390.417145 
386.823059 327.706390 
176.945724 396.487946 
270.480438 286.544189 
368.134918 288.935455 
266.223602 360.906525 
281.996063 299.822418 
94.445557 441.345306 
201.622467 364.335602 
268.700623 370.428528 
221.366455 324.331482 
267.025909 286.712036 
155.026962 377.917389 
403.789062 304.167999 
266.223602 360.906525 
386.629761 302.439819 
31.226248 367.138580 
562.523560 139.275360 
256.425354 322.132660 
254.671753 312.877960 
265.275726 377.228607 
393.455719 310.871674 
196.337402 305.439453 
302.631287 300.252380 
261.718445 365.477997 
393.455719 310.871674 
281.996063 299.822418 
277.288116 372.828369 
189.618500 299.595215 
283.420624 291.445221 
268.464996 348.248108 
257.537933 308.488861 
261.718445 365.477997 
364.486084 300.475616 
277.133057 305.117065 
422.948303 97.154472 
422.948303 97.154472 
373.921539 336.476776 
261.900177 369.621674 
422.948303 97.154472 
190.683014 352.913879 
219.598373 287.859283 
246.311981 332.891083 
190.683014 352.913879 
362.799438 309.645020 
193.925186 344.054504 
261.900177 369.621674 
180.563095 377.975281 
180.563095 377.975281 
261.718445 365.477997 
271.488800 310.980682 
271.488800 310.980682 
195.859070 348.450104 
215.045853 364.411438 
288.308746 234.789520 
288.308746 234.789520 
288.308746 234.789520 
186.828323 396.438080 
277.216858 292.431213 
298.455383 331.656281 
277.216858 292.431213 
386.629761 302.439819 
344.823792 320.202240 
197.044449 342.822021 
280.939697 96.532867 
364.486084 300.475616 
180.563095 377.975281 
543.878906 118.534676 
241.101456 293.762512 
266.647949 361.491089 
246.311981 332.891083 
188.169937 294.853241 
188.169937 294.853241 
562.523560 139.275360 
180.563095 377.975281 
267.025909 286.712036 
374.958344 298.292542 
245.853302 297.933990 
219.913010 280.793304 
264.555054 298.839905 
197.988770 362.006165 
284.982239 300.861694 
373.546753 317.981476 
256.425354 322.132660 
245.853302 297.933990 
245.853302 297.933990 
283.420624 291.445221 
268.908752 375.432495 
183.059372 299.745453 
196.402634 384.002228 
368.134918 288.935455 
249.127777 319.922211 
378.982971 298.524811 
260.680786 282.076355 
280.939697 96.532867 
264.488617 290.830475 
273.599762 243.209961 
246.715332 316.102631 
249.111343 366.081696 
376.331482 288.722931 
283.420624 291.445221 
283.420624 291.445221 
369.535522 296.224060 
363.525421 290.826447 
271.488800 310.980682 
256.425354 322.132660 
213.231476 284.807739 
375.824005 310.790192 
372.202057 304.572998 
378.982971 298.524811 
249.127777 319.922211 
359.068756 292.292664 
198.843536 329.176910 
264.730499 371.665802 
294.611847 289.063477 
274.550385 271.414734 
201.622467 364.335602 
386.629761 302.439819 
271.488800 310.980682 
31.226248 367.138580 
364.486084 300.475616 
186.828323 396.438080 
364.486084 300.475616 
261.718445 365.477997 
202.148453 294.044647 
198.635941 360.301880 
289.414398 290.054047 
368.741547 307.393341 
268.700623 370.428528 
355.818695 299.671722 
190.683014 352.913879 
204.189072 372.338501 
246.311981 332.891083 
365.798370 331.611053 
461.450470 422.473175 
77.709435 72.798409 
295.636719 256.559021 
393.455719 310.871674 
264.730499 371.665802 
200.683167 360.400238 
270.480438 286.544189 
190.683014 352.913879 
383.844543 326.925690 
386.629761 302.439819 
235.132584 287.649689 
186.828323 396.438080 
368.741547 307.393341 
287.274872 236.728821 
270.480438 286.544189 
368.741547 307.393341 
374.958344 298.292542 
300.168549 336.470398 
226.089920 329.905151 
372.202057 304.572998 
206.726913 390.963715 
403.789062 304.167999 
256.425354 322.132660 
300.168549 336.470398 
245.685699 333.994080 
387.356964 324.087311 
256.479156 356.596985 
368.741547 307.393341 
261.609772 288.923798 
261.900177 369.621674 
374.958344 298.292542 
386.823059 327.706390 
386.823059 327.706390 
274.686920 277.496979 
277.216858 292.431213 
277.216858 292.431213 
256.425354 322.132660 
270.480438 286.544189 
277.216858 292.431213 
375.824005 310.790192 
255.280670 279.873871 
251.389008 331.942474 
261.609772 288.923798 
300.757904 118.568077 
271.488800 310.980682 
263.898956 356.782593 
177.866226 375.267700 
372.202057 304.572998 
191.530762 390.417145 
386.823059 327.706390 
186.828323 396.438080 
403.789062 304.167999 
364.486084 300.475616 
287.274872 236.728821 
190.683014 352.913879 
411.211975 354.620850 
31.226248 367.138580 
245.183929 296.580627 
215.419235 338.079773 
375.824005 310.790192 
562.523560 139.275360 
374.958344 298.292542 
202.148453 294.044647 
283.420624 291.445221 
277.288116 372.828369 
368.741547 307.393341 
279.161896 334.018646 
298.455383 331.656281 
266.223602 360.906525 
198.635941 360.301880 
263.898956 356.782593 
375.824005 310.790192 
202.884705 311.240601 
195.377869 357.925201 
270.480438 286.544189 
265.609833 326.085663 
408.928589 307.206085 
207.985184 327.325928 
205.351898 292.775299 
272.784607 301.665405 
419.682129 251.700699 
388.710541 318.660889 
267.025909 286.712036 
271.488800 310.980682 
265.609833 326.085663 
198.635941 360.301880 
263.898956 356.782593 
380.753052 299.036682 
277.133057 305.117065 
180.563095 377.975281 
277.216858 292.431213 
272.784607 301.665405 
197.543396 343.638153 
190.683014 352.913879 
272.465576 311.330994 
563.737305 405.923706 
266.647949 361.491089 
274.686920 277.496979 
177.870346 372.974884 
205.129211 345.813446 
357.744385 293.540100 
265.275726 377.228607 
249.692505 359.673065 
190.504120 340.453247 
190.504120 340.453247 
215.045853 364.411438 
198.635941 360.301880 
190.124863 345.077972 
261.609772 288.923798 
230.589859 328.851227 
205.394409 302.118652 
192.073349 371.456299 
224.709534 319.277374 
265.275726 377.228607 
255.886337 291.123444 
288.308746 234.789520 
564.847839 248.465347 
287.274872 236.728821 
332.103851 302.554932 
386.629761 302.439819 
193.925186 344.054504 
352.326599 388.341400 
274.686920 277.496979 
268.612396 325.680756 
193.925186 344.054504 
562.523560 139.275360 
268.612396 325.680756 
235.132584 287.649689 
368.134918 288.935455 
226.435028 323.043274 
176.171310 387.892426 
286.059723 301.460785 
387.356964 324.087311 
226.435028 323.043274 
299.107697 286.688171 
283.699493 252.027328 
387.356964 324.087311 
283.151703 325.022369 
195.377869 357.925201 
208.654877 274.456390 
357.744385 293.540100 
298.455383 331.656281 
271.488800 310.980682 
393.455719 310.871674 
281.996063 299.822418 
269.960602 356.811340 
195.377869 357.925201 
204.189072 372.338501 
222.202713 328.619049 
372.202057 304.572998 
278.888641 330.601624 
267.025909 286.712036 
403.789062 304.167999 
266.223602 360.906525 
359.602478 288.129883 
190.504120 340.453247 
276.448029 368.182098 
388.710541 318.660889 
379.663788 360.206238 
378.982971 298.524811 
249.127777 319.922211 
280.231781 117.892525 
270.480438 286.544189 
378.982971 298.524811 
176.945724 396.487946 
181.274719 380.347900 
181.274719 380.347900 
256.479156 356.596985 
372.202057 304.572998 
245.853302 297.933990 
255.897675 323.821136 
261.609772 288.923798 
260.680786 282.076355 
204.703690 284.965607 
261.900177 369.621674 
266.901825 278.687561 
235.132584 287.649689 
323.159027 328.953766 
281.996063 299.822418 
386.629761 302.439819 
359.161926 287.481934 
254.389023 370.938446 
359.068756 292.292664 
386.823059 327.706390 
364.486084 300.475616 
411.211975 354.620850 
564.847839 248.465347 
368.134918 288.935455 
307.887970 290.804047 
375.824005 310.790192 
265.630707 368.525269 
274.686920 277.496979 
31.226248 367.138580 
201.622467 364.335602 
344.665741 305.113037 
273.795227 348.444397 
270.480438 286.544189 
196.402634 384.002228 
314.587585 302.783936 
408.655121 325.202332 
408.655121 325.202332 
206.726913 390.963715 
293.502716 249.714966 
266.223602 360.906525 
261.718445 365.477997 
274.686920 277.496979 
197.044449 342.822021 
207.985184 327.325928 
207.985184 327.325928 
278.545746 239.441864 
189.541916 365.490326 
271.272858 240.619354 
376.331482 288.722931 
372.202057 304.572998 
388.671021 364.003204 
293.502716 249.714966 
202.148453 294.044647 
265.275726 377.228607 
398.177765 323.628296 
300.168549 336.470398 
192.016968 353.330322 
259.658844 267.242432 
274.686920 277.496979 
274.686920 277.496979 
266.653320 323.435760 
393.455719 310.871674 
386.823059 327.706390 
266.223602 360.906525 
195.968704 359.458282 
205.351898 292.775299 
281.996063 299.822418 
280.412079 246.295883 
238.646606 284.685242 
283.420624 291.445221 
271.272858 240.619354 
271.272858 240.619354 
362.175812 310.822388 
198.635941 360.301880 
280.939697 96.532867 
202.486710 356.562408 
281.491119 274.296631 
181.274719 380.347900 
181.274719 380.347900 
283.699646 107.212868 
249.692505 359.673065 
582.814087 408.599976 
77.709435 72.798409 
563.737305 405.923706 
563.737305 405.923706 
373.921539 336.476776 
247.827133 293.312622 
210.992767 315.353668 
205.238251 275.376923 
254.414413 291.362854 
259.570435 305.029816 
199.187668 357.092712 
101.305435 429.468750 
195.377869 357.925201 
190.683014 352.913879 
126.040947 379.316254 
261.609772 288.923798 
190.504120 340.453247 
195.859070 348.450104 
255.897675 323.821136 
376.663971 332.397888 
274.776581 272.422729 
256.425354 322.132660 
