178
256.842041 326.984558 
353.535706 301.870026 
340.388184 298.247711 
353.924622 301.404663 
259.981110 314.193939 
319.110931 376.751648 
332.384644 289.370941 
542.795898 290.435638 
537.761108 309.063141 
317.201508 362.203949 
535.632324 307.560699 
341.334961 298.448334 
366.407532 360.356171 
318.805817 293.049866 
355.474487 357.197388 
324.906189 396.183594 
298.963501 286.793091 
536.987244 307.300537 
506.692047 315.524017 
351.567932 358.119110 
269.946106 297.108307 
233.599380 344.953156 
321.548218 265.474213 
251.082581 326.407837 
545.198608 292.697449 
538.613098 288.811890 
319.072845 298.921082 
322.290588 267.944305 
270.057617 293.641144 
539.145569 289.658173 
297.749908 288.017303 
329.788635 286.653412 
548.755554 313.117950 
233.517059 344.282227 
304.062836 370.836365 
300.168640 280.416443 
294.104309 284.930115 
267.323853 297.677490 
167.637939 319.117279 
279.181030 416.155853 
270.766876 293.853149 
300.938019 285.794006 
306.463654 372.563263 
299.316589 368.779327 
533.523865 307.657440 
548.110596 312.541138 
504.141541 298.975586 
318.323761 307.485199 
484.659363 278.271454 
308.396729 296.834686 
307.688324 296.655243 
318.946686 301.150879 
254.870300 292.937744 
337.815979 293.660034 
188.708755 286.641052 
188.836716 280.745972 
298.025024 291.132935 
335.573303 310.125824 
322.543762 267.215881 
185.385498 303.293243 
504.859497 298.310822 
366.679352 300.662170 
331.034241 298.845367 
364.870575 300.100403 
493.226562 282.593628 
161.850586 423.576324 
315.614746 305.908264 
317.283112 295.867432 
219.295700 272.840454 
288.611359 386.222809 
291.455963 360.577271 
252.657013 300.647614 
493.691772 282.230225 
493.738495 282.562714 
306.139313 298.609467 
256.227417 297.765015 
270.054138 358.831879 
320.533051 288.709808 
302.068024 280.379822 
334.575165 303.030029 
550.574463 314.404694 
297.562469 379.483734 
323.714813 307.286469 
318.668182 266.085480 
275.432770 270.946014 
271.309570 290.744659 
108.060860 419.468475 
164.204681 325.160828 
327.201660 402.569733 
298.501953 369.856262 
310.074982 319.879822 
480.406738 282.743805 
298.734955 290.688538 
288.995392 361.093323 
291.860840 360.849792 
333.402435 387.110504 
490.087280 278.698853 
268.417328 290.666290 
287.667053 385.653503 
254.847610 296.306915 
312.700165 303.132477 
307.844879 396.917419 
357.122040 302.020660 
332.380981 387.636566 
197.434952 298.728546 
336.112396 308.052612 
318.590576 315.461304 
191.778259 281.724396 
105.562988 419.477081 
309.545044 303.414734 
312.036591 302.144135 
326.765198 308.527771 
514.224548 280.379608 
308.347778 369.033844 
299.007294 363.505493 
255.614761 296.702026 
293.037628 291.239899 
359.747345 301.226715 
333.923065 396.482208 
306.122528 383.709808 
311.649292 257.457672 
477.996124 282.977570 
478.343048 282.956635 
333.026062 299.644409 
481.418854 394.304474 
258.802368 288.270966 
299.879425 372.439148 
300.291931 372.402863 
325.176361 403.829773 
257.303619 266.712982 
314.880890 303.536316 
306.863464 379.436829 
355.642365 298.747711 
179.295364 312.059967 
308.792206 303.338867 
335.870148 302.912903 
325.687042 396.964935 
282.042450 287.074371 
303.061859 374.894043 
265.282379 294.911743 
480.328644 390.466766 
307.359253 370.434509 
160.496109 423.018097 
273.645569 287.812927 
334.167511 395.467773 
269.477570 290.306305 
217.695389 273.435364 
253.330185 293.602478 
164.959274 317.300446 
156.752762 388.181458 
304.839050 376.757233 
464.487915 284.557831 
178.083603 312.661591 
358.067352 304.412567 
312.221191 320.433014 
316.690887 263.143433 
324.541473 318.341675 
247.809860 284.667419 
562.428528 344.024872 
290.874329 362.101471 
270.645325 386.012085 
364.197937 301.652039 
325.016083 314.775299 
315.235016 304.772766 
317.833679 263.717682 
487.249115 394.700409 
314.277802 299.474457 
314.277557 298.756317 
308.032196 377.103027 
316.424469 321.664734 
562.259949 344.792511 
553.408020 316.637115 
314.462036 396.258484 
157.012070 387.452881 
180.187637 313.814545 
187.433075 294.535614 
168.018875 303.080902 
543.391968 385.752625 
