500
338.383728 133.847931 
338.383728 133.847931 
348.711700 103.837921 
351.993225 102.512276 
336.386475 78.687614 
341.058563 102.420959 
338.383728 133.847931 
404.361694 137.984726 
352.593353 116.992340 
352.593353 116.992340 
401.626099 130.110001 
242.289001 244.249161 
336.386475 78.687614 
348.711700 103.837921 
321.734741 105.705101 
342.451263 142.229721 
335.653564 118.668961 
321.734741 105.705101 
321.734741 105.705101 
341.058563 102.420959 
349.628723 231.929276 
333.819244 77.754425 
335.888153 97.208984 
340.057404 121.878609 
349.628723 231.929276 
244.661133 243.210861 
335.878967 133.975281 
335.888153 97.208984 
344.846558 123.217972 
235.811066 331.341339 
333.401306 112.778183 
338.832306 153.362549 
321.734741 105.705101 
340.057404 121.878609 
323.827179 112.755424 
243.472885 325.126343 
270.510345 318.386932 
549.662659 155.595520 
338.832306 153.362549 
384.641083 106.321739 
365.261444 132.029816 
326.428375 81.752884 
324.998901 266.966858 
340.057404 121.878609 
286.887634 310.463593 
353.966461 116.566498 
325.639801 77.838989 
328.676056 100.038910 
321.734741 105.705101 
314.615692 116.139275 
389.616028 106.304298 
324.998901 266.966858 
355.614105 62.953785 
354.931946 98.630440 
372.391968 118.059372 
333.434448 113.709587 
268.732239 315.429718 
397.555511 266.070770 
347.387177 153.208527 
338.383728 133.847931 
490.497467 205.255051 
371.842712 150.654587 
333.434448 113.709587 
572.412354 118.781464 
354.746643 108.466805 
354.931946 98.630440 
351.270508 59.771946 
380.286011 307.992065 
333.819244 77.754425 
365.261444 132.029816 
353.966461 116.566498 
380.286011 307.992065 
243.472885 325.126343 
490.497467 205.255051 
335.888153 97.208984 
233.377304 307.957855 
339.526062 144.459335 
328.205597 143.718872 
340.057404 121.878609 
347.387177 153.208527 
354.522125 62.907291 
325.639801 77.838989 
244.661133 243.210861 
352.593353 116.992340 
329.618774 100.134499 
344.846558 123.217972 
322.635773 111.575157 
363.413727 427.484497 
240.726257 301.578339 
483.331146 269.780823 
373.521240 291.345428 
374.929169 156.185333 
338.383728 133.847931 
378.627594 424.790649 
363.804260 98.340088 
363.804260 98.340088 
385.156860 82.301254 
336.519348 105.787399 
238.649078 297.053619 
490.497467 205.255051 
243.085953 288.646576 
365.874176 137.386749 
367.442383 114.127495 
344.051453 115.021172 
344.051453 115.021172 
268.732239 315.429718 
302.153564 210.523712 
349.458099 140.091827 
321.287659 108.299995 
262.006470 404.744934 
262.006470 404.744934 
397.555511 266.070770 
371.994202 432.549042 
281.167999 258.920074 
356.585724 126.357491 
354.034973 128.337372 
238.649078 297.053619 
363.413727 427.484497 
397.272461 125.521103 
348.711700 103.837921 
411.730499 69.213829 
240.175415 289.202423 
270.510345 318.386932 
354.034973 128.337372 
454.199524 439.881470 
363.413727 427.484497 
338.383728 133.847931 
338.832306 153.362549 
265.554596 254.546494 
361.761597 104.916489 
333.819244 77.754425 
402.289032 126.231209 
352.149170 257.482330 
365.145294 424.309418 
311.721832 195.845123 
321.287659 108.299995 
354.931946 98.630440 
394.497620 118.925056 
389.870300 90.910408 
276.091431 399.407990 
339.769012 90.620544 
244.761642 300.205261 
368.569946 430.271759 
368.569946 430.271759 
350.201538 85.202103 
267.320404 402.004211 
239.281601 288.972870 
354.931946 98.630440 
383.494202 68.347435 
354.605682 120.845940 
358.200500 51.884979 
264.534943 232.066559 
371.842712 150.654587 
274.373505 330.947144 
304.365570 204.489639 
281.167999 258.920074 
240.663574 312.848419 
365.978119 94.040512 
325.639801 77.838989 
348.711700 103.837921 
350.201538 85.202103 
347.387177 153.208527 
352.593353 116.992340 
313.072021 109.809242 
240.175415 289.202423 
267.518921 245.346985 
267.518921 245.346985 
313.361420 99.806221 
378.303253 429.807434 
388.096802 307.733398 
247.690109 319.618439 
247.690109 319.618439 
244.661133 243.210861 
352.149170 257.482330 
239.220795 243.237976 
333.819244 77.754425 
332.537537 274.123047 
322.315796 74.622536 
276.091431 399.407990 
385.156860 82.301254 
377.411804 75.535065 
276.091431 399.407990 
358.872284 133.382507 
251.578415 393.396179 
322.635773 111.575157 
355.478455 52.398357 
243.827789 301.557709 
373.521240 291.345428 
349.458099 140.091827 
251.782730 403.829773 
372.391968 118.059372 
343.613678 78.795868 
364.576447 422.566498 
270.825287 335.791077 
355.940918 112.311073 
389.616028 106.304298 
342.570099 272.809265 
354.605682 120.845940 
314.061035 137.352982 
317.633667 324.450317 
279.275269 334.997131 
572.412354 118.781464 
343.613678 78.795868 
266.531311 309.770691 
378.627594 424.790649 
378.627594 424.790649 
240.663574 312.848419 
374.929169 156.185333 
302.153564 210.523712 
384.357391 149.650864 
255.001770 320.868530 
259.501923 254.650238 
352.802063 102.349190 
355.860229 53.628975 
483.331146 269.780823 
483.331146 269.780823 
343.178497 69.558907 
397.813446 114.666740 
397.813446 114.666740 
298.388947 220.603699 
240.663574 312.848419 
318.940918 237.324081 
369.867218 80.786705 
255.001770 320.868530 
342.570099 272.809265 
236.269669 320.837097 
377.871552 116.543877 
236.269669 320.837097 
325.751251 143.400116 
251.221390 323.453064 
238.649078 297.053619 
332.537537 274.123047 
371.994202 432.549042 
243.472885 325.126343 
363.804260 98.340088 
321.094940 225.964462 
269.419220 256.720398 
276.091431 399.407990 
272.497406 332.006073 
540.471008 152.889465 
544.898254 154.949585 
211.310959 258.857910 
374.929169 156.185333 
350.201538 85.202103 
374.929169 156.185333 
259.282135 396.534760 
212.435379 257.861084 
247.408813 312.488678 
240.079758 312.890167 
331.479034 81.798523 
236.269669 320.837097 
365.145294 424.309418 
342.419739 128.444412 
365.261444 132.029816 
483.331146 269.780823 
342.451263 142.229721 
346.482208 145.258438 
283.700745 292.605469 
378.934937 99.864113 
454.199524 439.881470 
280.619537 310.246155 
347.522461 196.835052 
411.730499 69.213829 
356.585724 126.357491 
322.635773 111.575157 
252.967667 392.687683 
281.167999 258.920074 
361.596466 133.993378 
229.427216 300.619049 
344.306580 77.486343 
229.427216 300.619049 
361.596466 133.993378 
375.565216 415.097717 
340.231873 132.038818 
321.287659 108.299995 
427.686340 452.033081 
213.821930 271.217041 
353.267914 113.597740 
314.061035 137.352982 
242.289001 244.249161 
340.266571 149.323135 
355.522980 131.078690 
308.217438 195.994904 
394.632233 265.402374 
356.585724 126.357491 
352.149170 257.482330 
308.645386 231.610748 
333.819244 77.754425 
333.819244 77.754425 
312.120544 147.193039 
276.091431 399.407990 
365.261444 132.029816 
342.451263 142.229721 
247.779892 392.940674 
321.094940 225.964462 
260.769348 248.613068 
238.649078 297.053619 
358.872284 133.382507 
538.476501 237.699112 
258.984589 409.584686 
258.984589 409.584686 
242.289001 244.249161 
343.302765 183.378906 
276.091431 399.407990 
338.383728 133.847931 
256.904144 231.280975 
348.711700 103.837921 
301.728180 203.359665 
352.802063 102.349190 
328.002136 54.082611 
264.534943 232.066559 
287.253235 308.185303 
334.571045 66.251038 
370.395447 449.910583 
236.332382 303.447296 
325.751251 143.400116 
233.177475 305.533264 
345.565491 65.063354 
572.412354 118.781464 
377.411804 75.535065 
242.289001 244.249161 
301.728180 203.359665 
223.467300 254.869278 
386.128845 85.767159 
385.012604 98.565666 
350.201538 85.202103 
218.648010 257.679749 
270.510345 318.386932 
283.700745 292.605469 
361.346680 424.403412 
256.904144 231.280975 
287.253235 308.185303 
338.383728 133.847931 
272.497406 332.006073 
247.690109 319.618439 
262.642365 225.398346 
302.153564 210.523712 
260.769348 248.613068 
353.783051 106.268013 
247.779892 392.940674 
365.978119 94.040512 
339.324554 69.606125 
272.734222 282.782745 
282.343628 307.278442 
260.769348 248.613068 
315.899994 243.079346 
315.899994 243.079346 
352.977478 260.942352 
321.156677 214.989349 
270.510345 318.386932 
327.244690 101.472466 
255.654694 285.414246 
485.011414 223.930130 
264.534943 232.066559 
323.314087 130.759064 
323.314087 130.759064 
240.079758 312.890167 
372.584045 96.643730 
238.649078 297.053619 
245.093994 293.908813 
287.253235 308.185303 
372.788879 93.224777 
389.616028 106.304298 
490.497467 205.255051 
446.904816 298.846191 
230.588882 242.339676 
348.711700 103.837921 
325.751251 143.400116 
361.589569 432.216003 
167.605057 219.862778 
483.331146 269.780823 
209.404907 250.602753 
313.138794 136.976959 
389.870300 90.910408 
280.619537 310.246155 
321.156677 214.989349 
281.167999 258.920074 
327.329193 225.100632 
255.654694 285.414246 
270.510345 318.386932 
292.875946 310.015472 
353.783051 106.268013 
324.836182 152.788025 
311.721832 195.845123 
374.929169 156.185333 
210.418625 272.601257 
267.200439 405.931519 
380.703918 416.155701 
388.096802 307.733398 
312.464844 74.074104 
373.521240 291.345428 
286.887634 310.463593 
327.066498 241.561310 
346.807190 137.852951 
346.807190 137.852951 
378.627594 424.790649 
253.279556 327.985779 
255.439194 286.688660 
308.217438 195.994904 
211.310959 258.857910 
353.783051 106.268013 
324.916656 150.884613 
488.651245 192.353699 
345.016418 259.395538 
286.887634 310.463593 
287.253235 308.185303 
367.364197 78.562180 
256.904144 231.280975 
343.178497 69.558907 
270.510345 318.386932 
388.096802 307.733398 
287.253235 308.185303 
394.019653 264.902435 
212.200668 251.716858 
276.091431 399.407990 
342.570099 272.809265 
357.146729 196.468262 
332.537537 274.123047 
308.217438 195.994904 
342.451263 142.229721 
235.665466 287.738739 
369.268707 90.523308 
388.773132 311.685242 
322.233612 227.733032 
340.988495 187.580475 
352.977478 260.942352 
342.570099 272.809265 
316.096497 87.904953 
333.401306 112.778183 
354.522125 62.907291 
328.002136 54.082611 
372.584045 96.643730 
223.467300 254.869278 
380.065277 335.577423 
253.279556 327.985779 
314.615692 116.139275 
259.282135 396.534760 
253.327652 391.311554 
235.665466 287.738739 
308.645386 231.610748 
375.984192 345.059814 
359.064331 47.086231 
325.995911 217.879501 
242.289001 244.249161 
270.012665 406.809937 
490.497467 205.255051 
373.521240 291.345428 
377.097992 433.205139 
253.279556 327.985779 
253.279556 327.985779 
325.639801 77.838989 
251.782730 403.829773 
351.310791 53.153465 
272.734222 282.782745 
287.253235 308.185303 
311.546356 124.634438 
361.761597 104.916489 
483.331146 269.780823 
400.362396 127.571098 
371.842712 150.654587 
253.279556 327.985779 
342.570099 272.809265 
240.137390 241.451080 
255.001770 320.868530 
270.510345 318.386932 
395.946472 361.993835 
251.221390 323.453064 
337.921967 60.247711 
365.978119 94.040512 
365.978119 94.040512 
276.632874 269.024536 
399.582764 108.218849 
358.551147 461.924072 
235.665466 287.738739 
340.266571 149.323135 
272.497406 332.006073 
354.931946 98.630440 
352.802063 102.349190 
273.730377 250.815735 
314.615692 116.139275 
280.619537 310.246155 
280.619537 310.246155 
313.138794 136.976959 
278.821991 321.892456 
312.450958 95.452957 
256.558350 396.930634 
275.338989 327.166443 
291.266296 243.068985 
266.531311 309.770691 
359.793701 457.459412 
281.167999 258.920074 
251.782730 403.829773 
270.510345 318.386932 
377.940094 305.966522 
313.239838 195.583313 
346.141846 114.191101 
275.338989 327.166443 
384.357391 149.650864 
268.732239 315.429718 
316.096497 87.904953 
