500
438.632355 394.145966 
470.193146 168.843094 
437.645599 391.289185 
437.697510 391.512665 
437.697510 391.512665 
400.449432 283.832550 
397.446808 282.663940 
418.174530 285.956848 
432.240936 435.761047 
401.092133 283.710846 
295.235138 213.067627 
321.742035 411.076019 
397.446808 282.663940 
364.385376 296.571289 
318.933594 315.078308 
308.929779 417.763031 
297.821686 210.252686 
425.049500 250.724838 
359.756775 250.566788 
432.739624 380.519806 
437.477692 405.884399 
294.028137 58.371666 
426.349457 383.160706 
364.019562 296.440948 
345.024963 268.956421 
423.609436 399.388306 
421.745178 253.405457 
431.408417 293.936127 
314.773529 424.188538 
344.578979 267.152496 
406.918884 280.971436 
294.292236 323.258881 
326.299286 410.774292 
294.106934 324.414551 
414.072144 276.741943 
343.534912 269.873047 
421.010895 399.597595 
440.249023 398.814850 
334.679535 263.631897 
399.053558 239.492188 
273.587952 332.095337 
292.612061 62.009098 
292.612061 62.009098 
323.008453 230.807648 
402.761322 237.567490 
297.399719 46.915833 
265.017242 312.570831 
447.668427 441.180450 
297.514069 202.194199 
335.204437 98.285759 
422.246918 246.928604 
320.760315 248.851013 
358.637878 248.909134 
249.108871 271.392334 
415.641998 332.838562 
299.668884 204.712997 
293.863495 249.616852 
425.844269 397.475037 
424.669403 397.065399 
304.758575 302.669556 
417.323242 276.082794 
418.578644 261.882965 
435.197937 403.737152 
333.698761 405.421631 
410.752411 291.192230 
322.376617 224.410019 
421.117493 238.695343 
329.998901 405.275757 
343.534912 269.873047 
311.320953 155.350159 
315.110840 404.395996 
420.338440 393.009552 
410.752411 291.192230 
317.558624 244.995514 
317.558624 244.995514 
350.347961 138.392715 
321.477356 230.752838 
293.265076 218.973801 
304.758575 302.669556 
422.226196 438.305664 
273.404358 331.786194 
431.408417 293.936127 
296.692047 65.593666 
274.512573 272.497589 
308.157867 142.759720 
342.629395 225.050644 
289.578339 282.571777 
414.890381 330.436462 
427.767334 296.156738 
321.477356 230.752838 
308.443817 408.295135 
413.004913 279.220337 
437.684662 385.089172 
273.587952 332.095337 
399.053558 239.492188 
241.566010 272.888306 
297.305969 277.241119 
309.332275 153.684692 
318.695312 238.161621 
414.890381 330.436462 
411.625092 310.618622 
289.079681 52.204159 
309.874603 331.973938 
278.128052 72.426567 
413.004913 279.220337 
346.423889 320.233063 
321.753296 49.711048 
435.769653 411.929077 
316.800293 226.647598 
318.742462 336.386505 
423.609436 399.388306 
345.024963 268.956421 
416.849121 237.843170 
439.252289 419.249603 
278.128052 72.426567 
265.017242 312.570831 
408.968689 320.231995 
273.022125 263.470520 
273.022125 263.470520 
289.399139 214.809677 
421.745178 253.405457 
423.556946 374.863525 
308.675201 316.352051 
311.944427 138.666855 
350.865448 250.192093 
338.631073 138.765625 
290.182465 298.508881 
300.153290 422.519379 
296.809723 246.080673 
269.853485 352.953491 
410.322540 375.663330 
415.641998 332.838562 
316.853821 408.315735 
318.429688 228.523239 
409.619812 284.231720 
268.706696 274.666595 
290.615234 296.937988 
312.741089 142.426895 
312.741089 142.426895 
314.037506 136.501205 
364.672485 116.223297 
356.717285 245.892166 
292.594940 147.492126 
309.740570 406.979950 
416.694702 239.353424 
326.714417 220.581635 
269.149933 345.175751 
360.915649 111.556763 
308.157867 142.759720 
329.998901 405.275757 
289.399139 214.809677 
409.619812 284.231720 
278.380585 273.580658 
379.695160 62.572620 
356.717285 245.892166 
432.166077 431.163300 
308.675201 316.352051 
283.133972 80.125626 
237.798996 297.541718 
278.029541 83.219261 
435.218353 415.090637 
319.074860 220.499695 
350.347961 138.392715 
234.701965 299.585938 
307.564880 343.161285 
425.076324 402.480255 
308.561646 148.373444 
219.183304 294.630371 
290.601135 78.307289 
270.886993 78.235550 
274.599182 72.010521 
315.110840 404.395996 
306.928741 143.898483 
280.603943 267.534668 
334.690796 264.581024 
270.370972 322.818024 
309.332275 153.684692 
432.726654 385.966125 
293.018921 43.504494 
308.562317 337.867157 
336.857666 225.297012 
321.753296 49.711048 
349.674164 250.397476 
432.166077 431.163300 
412.456299 279.701660 
228.900620 292.103027 
418.578644 261.882965 
340.366180 222.798340 
420.532379 316.632446 
427.871124 440.917572 
287.159576 221.465622 
408.968689 320.231995 
238.190643 276.203125 
282.449158 131.436813 
470.193146 168.843094 
272.136871 76.349266 
312.789917 315.949493 
262.712311 351.432220 
402.761322 237.567490 
336.555298 150.967026 
336.555298 150.967026 
280.364319 119.839668 
300.390106 159.703354 
277.217285 107.212402 
292.044586 273.764282 
322.436615 53.375717 
437.684662 385.089172 
258.684601 238.890747 
314.773529 424.188538 
346.621216 134.161423 
324.690094 287.908081 
290.837952 53.863323 
309.031128 245.719574 
274.560394 85.148552 
311.869843 69.767456 
321.345917 234.029526 
308.562317 337.867157 
308.562317 337.867157 
366.908783 412.751617 
315.377777 350.633698 
346.621216 134.161423 
302.533966 148.183060 
286.336365 144.853577 
333.698761 405.421631 
358.637878 248.909134 
276.949615 350.364746 
285.178131 81.543961 
270.033569 324.318420 
368.115540 100.065132 
258.226166 253.559464 
312.383423 295.695984 
415.641998 332.838562 
308.929779 417.763031 
285.178131 81.543961 
303.816284 407.527405 
430.461029 443.777740 
309.413727 77.476883 
328.572510 173.017029 
276.539032 308.669434 
292.044586 273.764282 
321.658112 218.188614 
290.615234 296.937988 
345.595337 222.646393 
245.729218 271.006775 
272.736328 102.759338 
382.199768 133.113907 
379.695160 62.572620 
279.023773 120.273514 
382.199768 133.113907 
296.111755 127.714912 
272.520020 89.826431 
333.410828 106.323586 
299.464783 135.988480 
345.595337 222.646393 
345.595337 222.646393 
263.566650 322.218933 
263.677094 136.021576 
364.019562 296.440948 
258.523590 324.454224 
334.434326 85.603966 
287.870239 80.704842 
359.436310 104.760490 
324.690094 287.908081 
309.332275 153.684692 
295.228485 156.932999 
318.398956 66.506401 
326.484344 344.420898 
326.484344 344.420898 
359.436310 104.760490 
324.690094 287.908081 
289.659821 116.515640 
287.382385 82.394775 
266.016815 84.235649 
235.037064 287.503693 
270.395355 336.190491 
421.990417 236.411270 
442.905792 242.226883 
288.928375 145.145279 
300.153290 422.519379 
276.382477 113.902481 
206.218277 277.614319 
366.495392 106.159966 
242.604980 266.482605 
328.113556 207.123077 
345.214355 222.735413 
376.685699 56.732231 
272.647827 117.569519 
316.800293 226.647598 
280.102509 107.354385 
278.029541 83.219261 
333.232239 85.299004 
299.695129 128.399948 
273.125183 110.589645 
333.698761 405.421631 
425.076324 402.480255 
319.074860 220.499695 
288.125519 282.464783 
280.364319 119.839668 
276.161438 415.183899 
280.364319 119.839668 
270.923279 336.026764 
336.555298 150.967026 
275.201019 303.049591 
299.695129 128.399948 
244.654785 312.612701 
272.647827 117.569519 
233.824158 290.544647 
275.499420 138.543686 
320.883911 216.783234 
414.045135 212.456375 
344.578979 267.152496 
343.582062 143.046326 
318.933594 315.078308 
303.391754 134.131805 
272.520020 89.826431 
266.912140 315.683868 
315.893036 158.167725 
273.224670 125.813194 
297.466248 161.498291 
314.773529 424.188538 
270.854370 359.759430 
270.854370 359.759430 
235.903854 294.125366 
329.998901 405.275757 
263.172272 416.340027 
266.880829 325.235657 
272.004791 356.432983 
304.758575 302.669556 
300.153290 422.519379 
276.739929 116.340370 
388.290985 270.410675 
323.754364 51.571281 
333.410828 106.323586 
435.197937 403.737152 
338.934937 157.694702 
418.578644 261.882965 
279.762634 145.700165 
322.436615 53.375717 
286.577759 338.300446 
281.976562 106.146904 
290.155579 89.058220 
266.880829 325.235657 
349.553436 88.969147 
308.443817 408.295135 
263.566650 322.218933 
328.113556 207.123077 
318.398956 66.506401 
287.740997 268.654877 
293.224487 229.333054 
411.625092 310.618622 
324.492615 175.067230 
382.692810 132.452835 
257.629272 314.463318 
275.201019 303.049591 
348.835876 100.898315 
286.542480 121.568863 
287.876831 157.744919 
329.677002 212.514404 
343.582062 143.046326 
383.371368 376.675293 
265.597473 252.049316 
432.166077 431.163300 
382.199768 133.113907 
281.962799 141.480316 
383.371368 376.675293 
284.388580 223.924377 
308.388916 83.237717 
260.764252 314.105652 
269.589813 88.774261 
235.037064 287.503693 
280.854218 106.054016 
274.442444 353.065765 
265.597473 252.049316 
308.388916 83.237717 
287.740997 268.654877 
334.316101 122.543030 
334.316101 122.543030 
244.654785 312.612701 
307.122864 347.545013 
339.396545 91.273354 
265.804321 415.200134 
424.976868 406.224884 
424.976868 406.224884 
318.299805 67.634956 
266.880829 325.235657 
270.293396 331.575348 
272.004791 356.432983 
279.762634 145.700165 
317.845184 57.371136 
279.740692 339.906403 
279.740692 339.906403 
279.740692 339.906403 
288.215576 280.708649 
259.570038 127.623207 
311.980042 81.096214 
254.456207 246.835464 
265.837006 133.351074 
395.881592 280.589355 
299.695129 128.399948 
270.886993 78.235550 
287.940308 345.981903 
442.905792 242.226883 
308.129791 104.827263 
308.129791 104.827263 
269.103210 120.671768 
285.178131 81.543961 
309.947052 72.998909 
257.243988 331.503265 
308.675201 316.352051 
276.979462 333.734039 
309.031128 245.719574 
292.594940 147.492126 
357.350098 107.200623 
237.798996 297.541718 
329.677002 212.514404 
262.615021 255.642914 
324.347626 207.184402 
251.562515 316.454285 
287.338043 267.094910 
311.320953 155.350159 
304.965393 95.648163 
272.520020 89.826431 
309.332275 153.684692 
286.844971 338.894836 
304.965393 95.648163 
322.237854 188.408905 
404.767090 255.372101 
336.857666 225.297012 
315.893036 158.167725 
315.893036 158.167725 
254.899231 247.377304 
309.947052 72.998909 
326.714417 220.581635 
283.691772 338.469360 
400.242401 223.952042 
321.753296 49.711048 
295.584290 250.096039 
276.161438 415.183899 
318.933594 315.078308 
220.272034 288.515289 
324.201599 233.250031 
235.698318 302.900391 
294.257263 203.351929 
350.383820 95.220093 
350.383820 95.220093 
286.735077 100.569527 
366.908783 412.751617 
366.908783 412.751617 
349.649445 100.964722 
272.430389 67.892097 
331.209412 200.087692 
329.998901 405.275757 
290.155579 89.058220 
264.162048 430.232086 
264.273499 412.826660 
233.222244 303.338715 
233.222244 303.338715 
290.154724 217.554764 
318.742462 336.386505 
312.933777 216.516754 
324.347626 207.184402 
411.625092 310.618622 
438.797302 440.988617 
308.675201 316.352051 
287.940308 345.981903 
427.871124 440.917572 
274.950348 347.654846 
289.659821 116.515640 
308.600494 338.570496 
328.113556 207.123077 
311.490967 82.563553 
257.927826 236.529144 
262.857178 127.415634 
294.089722 120.773964 
427.871124 440.917572 
260.374023 247.332367 
263.572144 84.933372 
235.554321 278.300781 
258.564606 335.343353 
282.774963 93.913513 
264.775024 124.709526 
275.201019 303.049591 
230.740860 307.684479 
349.553436 88.969147 
340.074280 126.393501 
308.630890 402.068420 
279.740692 339.906403 
412.485779 386.138245 
304.758575 302.669556 
311.453369 402.319458 
320.883911 216.783234 
386.151672 74.841560 
313.467499 318.082184 
264.273499 412.826660 
260.764252 314.105652 
286.577759 338.300446 
304.378021 343.410217 
268.344696 268.943054 
288.125519 282.464783 
260.950775 130.092575 
