500
482.965668 204.144958 
480.698212 198.632751 
482.200562 208.129578 
495.669281 216.525818 
479.454834 204.965393 
479.391998 207.700485 
474.284607 227.762741 
277.954132 316.842102 
522.760193 233.210480 
487.472534 199.996902 
477.616577 200.449936 
228.482346 229.328751 
473.180206 233.610489 
473.876984 226.937515 
477.390442 227.550339 
277.358643 318.034393 
506.246124 213.313507 
472.051117 269.949310 
477.733826 228.211914 
405.927979 207.468094 
525.083252 236.773621 
224.234619 228.316132 
464.767517 224.417969 
105.602036 366.053406 
483.046143 210.592773 
502.595276 214.078186 
454.447449 243.365128 
478.496979 207.500641 
488.975403 194.954147 
430.991577 222.423874 
509.031677 208.939148 
223.787094 229.705475 
224.722977 228.605118 
455.690308 243.086426 
471.837097 238.041641 
466.145966 207.142761 
262.176422 209.362427 
214.753464 207.627533 
460.109894 223.441711 
465.590759 224.269592 
499.006378 212.602310 
499.224030 213.309479 
453.380463 231.897324 
436.332794 226.580765 
215.821045 208.454163 
125.238510 351.726929 
294.897858 201.270309 
328.930328 241.075256 
228.619629 220.204239 
429.653961 221.737976 
433.092773 216.191467 
385.506989 388.852295 
421.994202 232.669220 
248.617050 164.803467 
439.715118 206.709900 
226.979614 225.443069 
287.366882 198.124771 
141.652298 291.536804 
248.577560 164.029572 
225.096817 208.164368 
432.838196 223.042953 
327.860138 261.077789 
424.614136 234.329758 
140.854721 309.947510 
140.876541 309.769440 
443.379181 221.279144 
443.335907 220.590134 
475.863342 253.342041 
287.064056 90.533890 
287.086761 90.585007 
438.820221 223.463730 
228.171692 222.640411 
418.688660 232.780334 
419.208984 232.677444 
251.949646 196.152786 
224.527985 225.067307 
225.126419 225.204132 
329.787415 241.477295 
297.370148 166.683060 
264.771454 210.830200 
222.885727 206.522629 
277.118378 319.964813 
185.139893 330.367493 
453.532776 219.568619 
496.405548 234.997147 
401.303070 220.344070 
448.348572 216.112732 
327.712433 262.063629 
444.152191 217.529251 
457.462158 212.850571 
459.509827 220.808990 
480.066711 231.884491 
300.392975 338.348663 
234.803787 175.577850 
233.639801 219.498215 
478.454865 231.517487 
232.978027 219.450806 
294.505798 190.120422 
118.079704 360.485474 
455.625458 219.855743 
471.862610 210.279297 
333.953064 236.952393 
455.071899 242.241531 
511.643127 241.435455 
212.991806 206.734222 
454.004517 197.295837 
300.208954 338.536713 
456.580750 212.277695 
460.693756 221.403214 
460.952057 221.133881 
475.469971 194.861237 
356.598206 219.583649 
429.767059 202.466522 
142.919678 183.854813 
315.711670 130.612549 
511.662964 242.092026 
146.605087 251.137436 
412.948944 222.443085 
402.699066 208.518265 
514.719055 217.582260 
147.688766 183.587692 
460.489410 206.868530 
214.453979 204.319733 
450.449097 228.160751 
450.497864 227.566467 
330.993652 259.761566 
217.042404 224.995911 
426.391754 218.945129 
418.733673 228.432098 
488.659576 197.813354 
256.433777 192.976257 
232.099487 176.402374 
107.547951 339.163757 
325.691650 259.767059 
322.310822 238.937820 
329.268341 242.898239 
469.155701 214.632385 
438.124786 218.982147 
448.063782 223.600327 
426.586975 244.672531 
216.781448 246.309509 
217.147476 245.951736 
277.151093 321.404083 
469.780518 233.442810 
334.703094 253.291885 
119.859894 347.173370 
291.507111 189.882538 
511.354248 245.172775 
302.302216 198.653412 
162.029678 340.988892 
422.419647 213.563156 
118.771545 360.176239 
469.286804 270.763550 
149.352554 183.643234 
311.194824 213.866119 
472.496033 238.946793 
469.825623 224.688889 
336.078064 263.015656 
222.386185 209.696655 
221.067032 207.892120 
311.098297 278.970520 
429.029053 222.890533 
449.409027 281.476318 
476.443207 210.209229 
124.073280 358.581329 
420.224854 228.400513 
445.319153 214.910843 
97.632317 337.033020 
246.188156 181.979462 
314.033081 279.997681 
144.300552 290.026062 
441.131744 198.994675 
245.896713 231.918381 
346.718689 208.824356 
286.095032 188.703186 
514.523560 245.769791 
401.723145 209.547394 
346.210571 209.843353 
298.077087 336.358917 
180.871384 352.947479 
217.751556 227.601089 
412.924469 229.103012 
290.416107 188.581863 
514.521362 215.660385 
174.991211 351.859558 
447.259308 224.446945 
236.753830 213.997253 
417.463348 229.224258 
512.354248 245.743256 
147.502335 183.423813 
232.588531 349.782196 
436.563263 178.632843 
435.014587 183.570938 
350.660736 218.050522 
112.247520 331.191132 
224.616959 346.472870 
213.365311 227.407654 
217.597763 201.334381 
468.920044 233.207108 
468.996887 233.351181 
138.865860 287.339478 
219.839111 206.212524 
290.013855 307.430389 
444.916168 284.736786 
405.495544 200.001221 
440.862640 201.382996 
472.971191 192.587036 
436.631714 234.182556 
139.824249 306.077972 
321.012512 318.175751 
289.978851 308.051697 
142.273865 183.857239 
327.444763 242.615799 
241.297592 266.091553 
416.611420 212.894913 
331.441345 231.310364 
265.369873 211.902954 
96.997047 337.415680 
280.849182 331.136444 
465.665558 270.771729 
465.853638 271.246643 
244.765274 226.597412 
484.797760 193.085327 
241.950378 190.879517 
392.253265 390.279602 
146.427399 253.477539 
485.265594 194.785385 
141.816086 304.102295 
274.851593 187.899124 
269.056030 149.507660 
232.246918 190.523453 
501.057495 237.635727 
275.489380 206.318069 
342.228333 213.336273 
255.216522 236.286880 
286.379883 307.200012 
163.547180 348.080933 
245.524445 227.177521 
310.554474 263.249756 
288.658173 221.073166 
487.734802 230.163132 
212.306519 197.018814 
419.711548 201.916061 
296.289185 198.740112 
415.355957 212.548492 
145.829193 188.398727 
278.191437 204.248642 
213.933197 225.113586 
334.575378 250.391586 
315.625214 276.738953 
438.998138 200.919327 
475.633148 254.822800 
162.561829 344.678345 
449.728516 207.182205 
443.766174 179.342789 
480.709290 256.877594 
237.116135 236.096756 
310.490570 269.410095 
475.441101 245.267715 
237.628998 189.552307 
315.344543 216.925217 
415.594452 209.087570 
522.839355 205.858078 
440.333740 200.796509 
442.756683 209.873672 
406.017578 226.780914 
223.160675 210.506958 
229.466095 220.663040 
136.856613 293.629425 
247.564331 178.685577 
136.163483 291.380768 
287.565002 212.162613 
498.888885 270.644104 
329.489227 264.886566 
424.241974 192.043777 
210.673325 196.873795 
164.439911 344.420197 
479.827209 253.257080 
343.155396 242.046066 
322.834015 336.758362 
140.137543 235.660950 
227.807236 177.758682 
160.369324 344.687012 
149.716370 183.011795 
436.197662 185.156250 
256.719116 229.286301 
405.923157 214.109802 
344.335663 240.859207 
336.521332 236.765503 
230.992279 228.521759 
137.134506 304.950195 
247.075500 177.787308 
287.359192 213.404556 
235.760849 192.030594 
408.516357 227.614761 
204.949081 192.177109 
111.264595 358.983551 
237.731598 236.824539 
137.697983 307.589325 
469.757233 260.276428 
407.555786 229.525131 
234.052368 186.844788 
373.184052 242.045959 
313.149841 261.221497 
313.609283 181.475815 
314.637177 277.512238 
437.614716 186.050339 
227.957962 197.168549 
310.100525 280.176117 
342.974915 248.351608 
203.508667 191.379761 
493.707550 182.000778 
295.694794 169.280807 
433.909882 243.415894 
146.678329 188.414856 
336.621826 242.453476 
507.156189 241.176178 
249.066437 184.639572 
247.427948 235.573318 
473.226471 191.528610 
437.175903 191.928864 
440.915924 189.734283 
248.387451 184.722076 
405.744080 231.668915 
286.990967 214.646515 
307.286835 341.231964 
359.670715 218.735321 
509.712402 256.410950 
258.032715 226.228745 
255.229416 208.354950 
254.694489 207.872330 
145.280746 185.281174 
324.199127 177.871887 
280.485474 314.904236 
276.665527 206.636459 
234.962738 186.864227 
266.794281 139.591690 
409.130341 226.773300 
238.754730 183.500412 
480.977509 362.270782 
156.859680 235.825073 
482.839203 191.689438 
238.560867 182.934814 
244.444305 224.728958 
440.169189 177.531525 
278.889557 208.209000 
402.172668 214.032516 
92.858292 341.317688 
93.249245 340.766693 
338.412262 268.123260 
476.635162 239.344788 
209.241455 186.891525 
491.950867 268.080566 
246.267273 187.612473 
271.115631 330.809509 
229.187378 193.955307 
310.917328 258.336853 
256.544312 221.066711 
348.103546 250.020752 
512.616333 268.227478 
512.920471 268.299927 
214.794708 222.964828 
311.918945 241.095154 
270.992432 332.340576 
136.771866 302.987122 
187.810043 343.291260 
321.234406 336.869720 
446.061829 239.059998 
327.921539 258.200897 
248.803665 210.165375 
256.176941 229.112793 
279.952209 208.148148 
237.476105 189.229248 
451.627289 182.800873 
293.725952 207.161118 
484.324890 255.572250 
117.246025 350.705475 
236.434601 178.818359 
337.346588 264.702881 
469.019379 211.364059 
305.221619 224.773392 
344.504150 244.966599 
225.340073 191.089798 
175.119980 357.206207 
131.289047 352.136749 
459.326447 192.087021 
463.117126 220.887161 
476.079529 184.352997 
453.614594 285.089844 
323.271057 322.871704 
340.629303 239.338165 
136.121979 288.102936 
214.061234 222.645111 
340.748169 206.664093 
461.142151 288.183105 
454.216064 202.652359 
338.268005 266.947113 
338.097382 267.024475 
452.556030 247.821045 
167.856125 339.465454 
154.274841 239.087433 
94.999809 317.161133 
229.090988 193.150406 
156.084076 236.719162 
271.828430 310.610199 
246.270279 212.751312 
144.964645 295.085327 
257.983459 224.956467 
483.461273 190.355270 
424.107605 388.581940 
237.224060 182.103546 
485.245789 248.577927 
339.992523 238.847870 
475.378906 211.698151 
104.891609 358.638428 
527.138489 233.871750 
246.308411 239.274460 
294.626099 208.357193 
495.019745 238.501221 
476.164917 183.115250 
271.470917 185.878220 
422.377289 195.807526 
322.641510 203.830673 
322.778442 204.449371 
229.199844 195.374512 
447.103516 193.067688 
416.836914 261.113037 
333.177124 248.299347 
252.013290 210.896667 
294.632996 205.969742 
151.887634 186.806808 
264.769409 183.477646 
454.966095 201.647659 
318.189758 247.388580 
224.727783 283.307220 
213.125015 189.625305 
337.865631 260.231842 
452.242096 180.824448 
243.324478 268.911346 
467.175232 239.234482 
248.242371 331.843353 
232.959488 236.529205 
176.130936 356.870575 
382.352875 243.046265 
207.885635 236.283218 
281.169403 196.869278 
162.009460 359.982849 
455.405304 200.519882 
477.420166 250.447815 
129.971649 350.693451 
267.437561 155.548752 
221.606827 181.985123 
403.990906 201.044083 
318.804321 362.654358 
137.673386 297.158539 
487.452209 253.028503 
153.644501 228.653061 
220.663010 230.949524 
299.771942 169.073502 
409.789520 256.887695 
409.823242 257.302277 
341.082001 237.221695 
267.515167 219.687775 
268.431244 181.917816 
388.642853 375.124908 
444.037384 192.521576 
460.244781 269.729584 
428.048187 186.232880 
208.493225 190.537430 
309.510864 180.676666 
313.912750 364.059143 
241.760925 221.754303 
261.913788 183.216858 
144.116425 308.677673 
159.760101 231.792145 
460.400543 224.241867 
225.314331 199.376740 
226.424377 235.928513 
349.027679 250.185608 
135.155243 313.360687 
300.678711 208.521011 
416.237305 261.594849 
313.334686 180.378937 
460.045197 256.502319 
355.114441 248.320206 
491.947266 231.499207 
137.835052 298.412201 
264.606079 220.402100 
204.629028 228.302414 
486.983704 253.691315 
94.124992 358.003601 
311.484467 256.930176 
105.462227 358.172729 
321.454498 318.971313 
454.286255 253.191605 
255.727020 155.115356 
256.416321 155.375732 
272.651001 143.708038 
247.861328 226.352798 
447.424133 196.111877 
