500
428.158997 107.976418 
327.220795 49.276722 
225.778809 388.772461 
231.268478 342.013489 
338.133179 78.642624 
213.404053 403.131805 
341.572052 59.041054 
371.126038 252.873428 
371.126038 252.873428 
243.949997 393.048767 
378.926727 215.887253 
319.163147 243.265335 
317.578369 277.329742 
244.247467 381.773499 
327.220795 49.276722 
327.220795 49.276722 
246.566971 398.489960 
312.944641 280.894806 
272.767731 314.397278 
287.856415 160.866013 
324.542358 212.982025 
242.126282 382.775909 
252.487671 390.196869 
242.126282 382.775909 
232.766006 340.326813 
244.247467 381.773499 
258.343811 160.174652 
340.164490 52.118149 
377.060669 250.574417 
340.749817 53.094177 
244.594177 395.973724 
258.855042 160.304916 
251.475983 396.672058 
252.487671 390.196869 
272.767731 314.397278 
395.246490 70.482147 
197.235367 385.923615 
305.367737 110.408638 
230.284805 201.021973 
378.903717 249.868530 
340.749817 53.094177 
241.384750 347.155945 
274.368744 322.381317 
378.926727 215.887253 
324.542358 212.982025 
368.071930 245.089035 
392.771271 266.585907 
225.808594 394.225800 
225.808594 394.225800 
344.261719 52.325569 
270.505035 153.250534 
380.418640 214.987030 
240.663315 306.017426 
272.767731 314.397278 
246.001175 347.126556 
246.001175 347.126556 
245.549210 178.918365 
258.855042 160.304916 
305.860382 108.611595 
283.640686 314.595551 
274.514221 358.694336 
274.271484 366.328796 
395.100098 78.529251 
197.235367 385.923615 
270.486725 353.751709 
261.620575 190.575363 
297.674438 241.151749 
245.549210 178.918365 
279.145874 348.024292 
378.646759 251.876984 
328.227753 46.747063 
386.378082 177.120819 
286.986053 173.128845 
296.301727 209.132263 
344.261719 52.325569 
218.126740 350.857025 
268.359039 322.712036 
232.462204 341.973267 
244.247467 381.773499 
292.764526 358.169067 
392.445496 268.874817 
408.873016 187.353256 
327.556000 279.969910 
274.271484 366.328796 
244.745407 384.470367 
394.170532 192.687332 
327.271515 71.044609 
41.808220 267.620972 
274.271484 366.328796 
268.359039 322.712036 
273.492889 357.297638 
279.429108 152.944946 
260.154144 386.493164 
282.050659 326.637970 
258.295563 388.618744 
295.982971 325.218994 
341.087982 34.621471 
287.856415 160.866013 
264.934662 368.099762 
244.590897 325.476929 
249.899841 166.079910 
328.227753 46.747063 
273.492889 357.297638 
262.388824 321.146820 
255.267044 388.474152 
391.915863 173.089279 
313.635620 235.899612 
272.767731 314.397278 
262.809570 320.012604 
262.809570 320.012604 
273.492889 357.297638 
263.873016 354.929565 
292.348389 117.324936 
269.947418 318.207123 
266.585480 341.953613 
264.934662 368.099762 
261.543549 395.103302 
381.478180 247.178375 
269.264526 334.599548 
314.915192 248.471939 
309.981934 254.302673 
258.051849 324.118439 
196.438202 385.227386 
314.154083 252.788666 
425.442322 265.567261 
413.879150 195.757111 
328.490845 277.089661 
327.132202 55.928890 
290.609772 238.216019 
239.595337 299.928131 
263.719696 334.844788 
222.806763 363.668640 
287.856415 160.866013 
264.103149 338.897797 
270.399017 126.992554 
241.499283 177.126694 
263.605408 368.684723 
409.383362 216.981369 
415.098938 204.451538 
408.873016 187.353256 
328.227753 46.747063 
246.688446 164.627625 
258.295563 388.618744 
330.927155 57.113243 
428.158997 107.976418 
277.834320 365.280884 
382.476227 156.493118 
382.476227 156.493118 
306.960480 101.387878 
311.827759 283.956940 
219.777603 403.439392 
264.103149 338.897797 
277.834320 365.280884 
287.856415 160.866013 
314.915192 248.471939 
374.049561 265.876343 
268.359039 322.712036 
408.873016 187.353256 
239.595337 299.928131 
391.915863 173.089279 
206.816696 404.832886 
336.071533 38.164791 
420.745117 95.221664 
249.970032 333.142242 
413.193176 222.092438 
203.126678 359.751038 
408.873016 187.353256 
386.378082 177.120819 
254.251938 376.890564 
425.978790 213.687881 
256.967133 341.062775 
255.829132 189.072433 
397.719147 216.300690 
262.887085 348.789124 
296.301727 209.132263 
270.505035 153.250534 
424.352692 207.668106 
309.981934 254.302673 
404.805908 16.903816 
404.805908 16.903816 
252.359985 397.536804 
424.472656 233.405533 
304.623718 257.415192 
382.324188 57.879314 
382.324188 57.879314 
204.025558 354.836487 
342.926270 250.054993 
309.682861 255.801819 
413.193176 222.092438 
255.782639 338.017090 
300.150635 98.292038 
201.680084 283.501190 
306.960480 101.387878 
297.674438 241.151749 
342.926270 250.054993 
408.800018 220.509933 
196.438202 385.227386 
261.838867 407.081543 
333.100220 276.816986 
251.132385 164.758530 
426.776123 203.908096 
413.108093 180.026260 
404.805908 16.903816 
432.270416 284.106384 
362.600677 279.079254 
224.964111 162.779465 
305.860382 108.611595 
201.680084 283.501190 
197.904114 382.150574 
423.299011 259.874603 
408.800018 220.509933 
413.879150 195.757111 
264.103149 338.897797 
341.087982 34.621471 
294.945282 351.315704 
395.246490 70.482147 
291.650452 352.385193 
249.977570 386.159912 
361.081604 226.607819 
263.873016 354.929565 
424.472656 233.405533 
273.510956 319.102905 
282.394989 364.566772 
203.126678 359.751038 
224.964111 162.779465 
251.132385 164.758530 
368.974030 23.177395 
435.726105 192.139893 
197.235367 385.923615 
246.965775 326.808136 
369.028229 273.250916 
318.707245 79.943245 
201.499908 382.937531 
291.376160 331.689606 
270.399017 126.992554 
219.777603 403.439392 
204.025558 354.836487 
279.429108 152.944946 
393.901794 170.259674 
270.399017 126.992554 
279.429108 152.944946 
281.032318 342.792175 
201.680084 283.501190 
283.759979 142.769257 
413.193176 222.092438 
287.856415 160.866013 
293.173187 367.878906 
413.108093 180.026260 
305.860382 108.611595 
314.154083 252.788666 
285.451874 278.491821 
477.382996 141.456680 
283.759979 142.769257 
304.458191 258.037933 
286.986053 173.128845 
372.959717 271.151520 
284.793518 335.261963 
415.848236 214.103180 
425.978790 213.687881 
456.028290 310.913422 
456.028290 310.913422 
291.441132 364.101440 
346.237396 44.919502 
346.237396 44.919502 
268.866486 377.176788 
332.328552 243.020309 
413.135162 207.816360 
263.755951 395.634674 
241.797363 355.435791 
160.291626 340.851746 
416.768158 210.605286 
314.915192 248.471939 
274.962769 335.479553 
374.240601 265.235596 
282.050659 326.637970 
212.088577 353.336121 
415.706207 208.915268 
255.921249 368.937317 
204.025558 354.836487 
227.268997 361.104340 
396.177551 169.417175 
396.382233 218.605103 
313.613983 244.392227 
395.246490 70.482147 
423.533600 249.449036 
425.978790 213.687881 
391.915863 173.089279 
391.915863 173.089279 
408.873016 187.353256 
295.345123 344.286713 
219.849670 359.888702 
374.562866 234.486710 
415.253479 223.273727 
290.609772 238.216019 
261.838867 407.081543 
286.986053 173.128845 
318.707245 79.943245 
415.848236 214.103180 
397.472961 171.680038 
328.490845 277.089661 
361.081604 226.607819 
415.098938 204.451538 
417.593292 187.535416 
286.207092 316.934601 
252.894165 354.910095 
408.873016 187.353256 
473.716125 144.379776 
413.135162 207.816360 
415.706207 208.915268 
372.959717 271.151520 
303.565735 121.822708 
409.141144 214.775208 
392.331635 172.475540 
408.737457 266.053345 
432.577850 263.802155 
380.418640 214.987030 
380.418640 214.987030 
153.831955 325.026947 
391.915863 173.089279 
394.170532 192.687332 
256.719055 390.235565 
391.915863 173.089279 
473.716125 144.379776 
252.487671 390.196869 
421.345062 221.089844 
421.345062 221.089844 
200.989899 283.660034 
428.031067 202.068497 
413.108093 180.026260 
261.620575 190.575363 
270.601288 305.730072 
374.240601 265.235596 
419.921082 198.945480 
282.648071 357.939667 
334.927032 41.019497 
369.405884 183.736542 
477.382996 141.456680 
264.103149 338.897797 
431.609406 249.657928 
241.499283 177.126694 
434.908203 180.612656 
434.908203 180.612656 
369.405884 183.736542 
397.472961 171.680038 
415.098938 204.451538 
290.609772 238.216019 
290.609772 238.216019 
281.520081 380.217743 
369.028229 273.250916 
264.103149 338.897797 
264.103149 338.897797 
203.905991 397.695343 
286.207092 316.934601 
395.246490 70.482147 
392.331635 172.475540 
228.854218 302.624268 
260.947998 337.192596 
309.981934 254.302673 
485.609100 130.965439 
374.565460 277.572266 
307.433044 259.016449 
426.776123 203.908096 
341.087982 34.621471 
248.250824 200.862701 
301.394897 255.251465 
435.212341 119.217300 
420.578644 179.157547 
429.465027 117.756035 
473.716125 144.379776 
392.331635 172.475540 
371.989655 277.168488 
391.915863 173.089279 
313.635620 235.899612 
365.298370 283.339294 
242.344559 351.810242 
290.456696 237.837860 
408.737457 266.053345 
296.403992 207.390808 
246.259216 344.470215 
286.740845 367.408752 
291.441132 364.101440 
430.373596 246.944122 
286.986053 173.128845 
305.276276 254.479401 
244.247467 381.773499 
374.240601 265.235596 
264.240448 396.812408 
222.806763 363.668640 
295.345123 344.286713 
413.108093 180.026260 
262.887085 348.789124 
270.825012 285.708618 
272.767731 314.397278 
382.324188 57.879314 
243.081070 340.522095 
287.856415 160.866013 
374.381927 228.513504 
249.461884 298.566406 
249.461884 298.566406 
255.829132 189.072433 
252.487671 390.196869 
298.077606 257.848511 
369.405884 183.736542 
311.179596 263.559662 
434.345978 120.625565 
275.968292 155.915115 
435.212341 119.217300 
420.578644 179.157547 
420.578644 179.157547 
430.674255 113.745995 
290.456696 237.837860 
286.032806 274.846466 
397.472961 171.680038 
247.058640 361.960236 
473.716125 144.379776 
346.237396 44.919502 
413.879150 195.757111 
332.328552 243.020309 
279.429108 152.944946 
415.848236 214.103180 
434.345978 120.625565 
398.019592 168.410706 
425.450653 246.740524 
425.450653 246.740524 
374.296814 187.279236 
296.110382 331.293274 
395.246490 70.482147 
324.542358 212.982025 
296.120148 358.191132 
429.465027 117.756035 
282.394989 364.566772 
270.601288 305.730072 
270.601288 305.730072 
252.831528 291.970612 
416.156677 105.236565 
431.609406 249.657928 
160.291626 340.851746 
395.246490 70.482147 
386.378082 177.120819 
380.418640 214.987030 
420.745117 95.221664 
242.344559 351.810242 
434.345978 120.625565 
231.268478 342.013489 
249.461884 298.566406 
239.650375 414.644836 
421.353546 222.037170 
336.721588 276.147949 
222.940948 404.507355 
380.418640 214.987030 
324.542358 212.982025 
262.998779 394.289032 
275.968292 155.915115 
228.854218 302.624268 
175.169968 369.178162 
175.169968 369.178162 
242.344559 351.810242 
231.268478 342.013489 
376.237396 244.883011 
290.456696 237.837860 
395.246490 70.482147 
374.240601 265.235596 
222.806763 363.668640 
222.806763 363.668640 
280.579559 378.684784 
247.177185 334.906921 
264.615784 174.682144 
437.651825 109.915733 
297.674438 241.151749 
287.879120 310.337708 
380.418640 214.987030 
415.098938 204.451538 
163.735443 230.321228 
485.609100 130.965439 
382.476227 156.493118 
382.324188 57.879314 
366.676422 271.739563 
374.381927 228.513504 
386.378082 177.120819 
382.324188 57.879314 
256.967133 341.062775 
426.718811 192.984070 
222.806763 363.668640 
374.562866 234.486710 
393.401611 193.428787 
223.608887 356.367859 
473.716125 144.379776 
429.465027 117.756035 
436.352692 250.370682 
244.594177 395.973724 
395.246490 70.482147 
227.268997 361.104340 
473.716125 144.379776 
374.240601 265.235596 
380.418640 214.987030 
347.287109 201.159424 
347.287109 201.159424 
374.565460 277.572266 
420.415314 248.779999 
365.298370 283.339294 
