972
548.110596 312.541138 
537.761108 309.063141 
518.677429 324.513702 
533.523865 307.657440 
538.579956 314.598175 
328.357910 326.275146 
349.918671 368.981873 
329.048981 319.536926 
461.989990 283.880219 
513.533142 318.491119 
565.120789 309.982361 
335.962524 220.662109 
329.788635 286.653412 
467.869904 279.556061 
494.224548 299.526001 
270.471191 413.089661 
270.320007 400.945648 
535.632324 307.560699 
312.575348 433.108093 
312.642639 433.740997 
271.337677 410.932343 
545.897400 315.361938 
509.460083 268.605713 
512.198730 302.841400 
347.870667 368.923981 
325.512695 315.523987 
326.242249 316.422302 
324.541473 318.341675 
328.318420 320.452087 
561.728699 322.653961 
338.879822 283.013702 
494.784760 299.830414 
565.744873 324.374298 
543.028442 311.349976 
349.033691 371.150726 
510.776062 271.176941 
333.297272 321.982758 
285.012909 402.313507 
325.016083 314.775299 
352.240753 362.022766 
340.965759 282.172211 
325.157227 322.733185 
340.107178 234.716385 
339.540833 234.727570 
454.903717 285.698639 
501.032990 332.473358 
332.800995 313.102264 
207.012894 381.209381 
350.640625 362.420654 
513.681946 315.752075 
324.906189 396.183594 
303.321503 416.022552 
485.729736 315.459747 
337.622833 214.512451 
183.013611 407.979828 
212.796768 337.627930 
92.865646 203.878372 
183.265244 414.157593 
290.576538 402.364929 
464.487915 284.557831 
452.334412 286.276825 
553.408020 316.637115 
312.144257 405.406982 
328.846313 326.847015 
518.410645 314.693176 
482.510895 343.609894 
540.970825 345.080536 
449.739746 285.839966 
336.287079 419.537689 
183.076126 414.700531 
536.987244 307.300537 
511.768127 304.803101 
325.141174 322.011932 
297.749908 288.017303 
338.571899 234.789352 
559.704834 321.954803 
300.546661 424.079376 
333.923065 396.482208 
269.801544 408.481781 
298.734955 290.688538 
186.687515 410.716522 
287.962921 291.435059 
298.963501 286.793091 
303.160095 418.323761 
290.413452 413.067474 
550.396667 349.237976 
273.557129 412.606506 
502.249542 323.968506 
506.692047 315.524017 
296.899780 300.271332 
461.645782 311.371552 
500.384827 362.626465 
494.503082 308.622070 
290.874329 362.101471 
188.026352 411.415131 
505.535278 406.349091 
179.355804 410.265076 
519.201660 314.002838 
287.227783 419.822113 
562.974426 346.941772 
278.127197 391.002258 
301.795898 405.706451 
271.421143 405.232269 
299.435486 433.082214 
299.498810 432.951935 
179.179214 408.544830 
330.148621 220.912628 
474.367645 387.665833 
528.551208 337.200348 
499.319489 323.631927 
548.977905 346.747040 
515.067871 349.304108 
514.551636 305.240082 
355.101898 348.633484 
315.694305 325.307129 
276.464691 395.940552 
562.428528 344.024872 
310.981720 436.636597 
448.397797 298.738068 
190.028885 393.956909 
517.467224 320.901947 
506.393677 407.255524 
286.906677 419.195740 
557.380615 313.975159 
451.189453 314.228241 
499.619965 320.581146 
311.676239 427.949097 
515.809387 349.456818 
275.134735 410.469666 
193.090088 278.128113 
192.577454 277.673584 
181.750580 410.411835 
180.018692 412.772247 
180.779221 413.167084 
345.879333 299.866882 
522.477966 330.620667 
489.460846 297.373260 
325.687042 396.964935 
473.831451 387.493683 
197.933212 309.423950 
464.706879 336.633240 
459.156311 312.292664 
284.659607 422.416382 
316.489563 402.763977 
493.738495 282.562714 
300.044861 408.341003 
176.060760 364.254974 
287.781464 427.240143 
282.230713 397.554718 
500.909607 322.078278 
515.906799 310.612762 
300.938019 285.794006 
467.018433 286.964874 
562.259949 344.792511 
447.992340 345.598450 
515.455200 312.822479 
477.996124 282.977570 
514.935181 312.957581 
478.343048 282.956635 
351.024994 358.242798 
189.001144 396.599426 
350.875671 292.019562 
532.497559 307.673096 
514.530396 297.815033 
195.526535 432.585663 
544.868530 345.077454 
463.545105 335.878387 
524.711243 307.460297 
453.886230 313.093323 
470.793762 353.647064 
471.264404 354.164520 
176.212692 356.503204 
439.632355 333.567688 
440.370941 334.175507 
514.224548 280.379608 
493.195679 335.871918 
306.089355 422.377563 
299.521271 411.254211 
188.409927 408.074860 
490.830627 309.933472 
357.122040 302.020660 
279.363434 358.855042 
462.408356 314.443207 
307.844879 396.917419 
534.361267 330.081726 
322.502716 438.021240 
322.502716 438.021240 
262.618469 330.879578 
353.924622 301.404663 
334.167511 395.467773 
493.691772 282.230225 
178.578644 414.625488 
325.536438 433.773712 
534.549194 329.336273 
323.928558 437.169678 
470.635681 323.566223 
464.430786 319.227570 
293.401062 419.695557 
292.507416 420.022369 
292.733673 420.201721 
334.575165 303.030029 
269.088470 300.470184 
306.155304 420.896729 
335.870148 302.912903 
560.752747 296.053986 
493.226562 282.593628 
200.768799 292.602478 
488.023163 334.553619 
515.873230 307.686890 
180.794983 350.023132 
332.484070 221.821442 
336.112396 308.052612 
264.100067 340.882568 
265.733582 300.721344 
374.995972 305.305145 
515.024719 333.234497 
333.879333 225.136627 
474.885437 353.741058 
192.294357 351.590057 
482.353210 342.935394 
198.082031 455.196442 
294.104309 284.930115 
197.639999 453.521667 
538.091309 458.885223 
502.686035 324.949341 
333.835602 222.560410 
177.418442 360.858734 
306.139313 298.609467 
293.947510 416.522369 
322.533386 433.059357 
345.852386 360.523743 
496.638458 292.655731 
282.542969 413.592377 
532.026062 332.387939 
568.023193 313.103760 
186.152847 414.383911 
182.874222 355.016663 
448.672821 311.609650 
449.022522 311.919434 
304.134399 419.058960 
341.912323 301.132904 
491.339050 298.349640 
317.749207 220.386383 
203.727066 297.429047 
204.296188 296.565155 
527.580688 306.266083 
528.193359 308.473206 
283.104462 288.106934 
480.406738 282.743805 
303.361328 310.436554 
516.271729 307.000885 
474.766357 351.184387 
353.535706 301.870026 
270.033539 416.565704 
190.885788 368.159210 
520.358765 306.772552 
257.060120 318.877289 
499.791748 299.755981 
525.289490 329.960663 
358.511627 307.708588 
179.221786 359.498108 
490.087280 278.698853 
501.183105 359.122498 
494.741730 272.743286 
510.572418 333.098267 
188.795029 315.960602 
196.337479 276.523071 
457.449005 374.951508 
160.151596 387.487640 
177.674316 414.385742 
177.039337 351.302063 
277.507690 395.894714 
277.541168 395.987305 
531.125000 335.378967 
474.036407 304.229034 
282.516541 296.248260 
185.250427 402.430756 
202.460617 345.597168 
278.660339 356.914581 
274.496979 418.195557 
178.155548 360.511444 
307.823242 418.414825 
520.489319 312.060913 
470.403229 296.697723 
199.626495 373.185028 
308.165558 428.338593 
195.587753 304.932343 
464.935486 315.241455 
300.900787 436.496155 
164.655273 379.780823 
500.619720 305.240814 
369.899017 309.798309 
351.567932 358.119110 
318.668182 266.085480 
156.752762 388.181458 
296.259430 275.213440 
356.650055 360.784973 
522.541870 332.069672 
269.946106 297.108307 
473.922363 320.152893 
485.610596 300.746155 
310.793060 442.004639 
186.276199 380.225006 
450.235565 309.449524 
478.061768 324.213776 
470.068878 304.825745 
465.081177 296.840515 
186.583939 393.278198 
299.643005 412.126221 
504.424225 354.603973 
317.529205 438.264343 
374.988953 303.758087 
357.898376 297.795990 
245.111816 315.276611 
318.460144 418.401428 
291.455963 360.577271 
322.710938 435.169525 
470.155945 304.150879 
460.522552 278.664246 
345.467621 364.647125 
181.161804 451.166168 
488.698273 304.384155 
192.148315 354.137360 
448.873016 307.497253 
313.951141 418.392609 
268.417328 290.666290 
503.416656 302.529114 
502.801239 303.006897 
195.989532 304.487701 
456.320587 311.359680 
496.788574 291.432190 
509.953796 333.327087 
261.825073 338.208771 
179.002838 364.950348 
307.856873 384.944977 
251.261902 317.620911 
344.553162 362.916016 
449.789673 367.648254 
326.033142 327.218719 
276.631592 362.031372 
300.743073 404.350800 
187.433075 294.535614 
322.290588 267.944305 
296.255585 430.913391 
183.632339 355.054443 
290.254761 294.281189 
345.556000 331.604950 
289.577972 293.997711 
521.813843 325.134918 
178.483704 417.453949 
334.658691 275.710297 
304.839050 376.757233 
264.395050 320.882385 
502.771088 359.404449 
179.408066 353.061859 
523.782837 326.378265 
305.166443 432.201111 
304.506470 432.102997 
319.049316 417.923615 
439.892944 296.409180 
197.434952 298.728546 
202.160141 341.720398 
125.999420 205.937637 
271.309570 290.744659 
495.385071 408.076538 
333.802643 319.556976 
318.933502 283.452820 
189.035736 408.461060 
199.487564 306.960999 
181.218597 451.789825 
191.778259 281.724396 
295.768707 443.233765 
135.565109 458.443176 
361.604187 298.144928 
372.267120 313.454681 
226.664001 347.743347 
330.057495 282.062592 
303.061859 374.894043 
475.254456 386.338928 
259.356995 330.986877 
287.635406 397.298431 
316.690887 263.143433 
331.470612 324.679108 
270.054138 358.831879 
506.643402 334.260437 
489.402588 303.076050 
200.080215 346.461395 
202.429230 384.633728 
502.266144 299.929718 
302.809814 346.797028 
299.587769 422.400269 
329.812714 389.488434 
501.032593 299.844025 
516.849426 310.924561 
300.168640 280.416443 
470.158081 303.190948 
506.321259 333.776276 
322.460449 419.033508 
228.039963 331.726410 
315.977844 207.372055 
280.395844 429.618896 
280.056976 430.137604 
330.208221 200.824249 
293.037628 291.239899 
506.327393 359.865295 
279.181030 416.155853 
343.986664 300.711975 
258.802368 288.270966 
300.640015 437.047546 
172.903305 362.880463 
285.117981 391.818054 
278.514832 324.918182 
266.750610 364.840179 
196.267441 342.129486 
341.144257 345.584106 
136.782425 453.367249 
318.361938 443.041138 
258.066895 334.563934 
465.602142 296.245972 
443.885986 294.760956 
284.692566 314.142059 
251.755737 283.319183 
360.245911 350.353241 
237.318100 349.167419 
332.384644 289.370941 
302.068024 280.379822 
275.723419 316.765076 
297.931244 303.176758 
324.572845 200.061707 
481.346436 390.984283 
480.584259 390.971680 
162.862640 330.169159 
317.833679 263.717682 
193.816223 354.726898 
316.740570 254.210892 
207.855713 272.154144 
518.837036 349.679932 
519.077759 350.295258 
343.619202 363.161041 
190.591644 354.470978 
191.100616 354.087341 
300.802002 244.704971 
176.932510 351.835083 
306.587921 355.731323 
377.578766 306.781616 
523.796631 312.501801 
305.330627 428.214142 
322.232208 439.788818 
540.975342 329.908325 
199.712631 286.979919 
447.995270 314.875092 
198.509735 284.473358 
299.652802 401.885590 
263.450470 328.985168 
160.485764 309.705933 
306.122528 383.709808 
306.463654 372.563263 
183.804382 377.802979 
481.418854 394.304474 
202.059738 346.940918 
473.899048 301.085358 
305.077972 279.073853 
350.525635 340.306061 
338.953064 276.607666 
446.377167 312.300629 
322.488281 278.398254 
271.851074 403.388794 
185.385498 303.293243 
311.385437 391.512451 
301.284180 343.066772 
266.398834 342.569641 
208.459732 374.194183 
192.884583 387.481995 
157.012070 387.452881 
466.472961 316.522003 
280.780121 408.997803 
350.554260 351.879486 
361.704102 295.636841 
528.584778 333.499786 
183.479706 343.360809 
498.406921 328.166870 
477.754333 288.252106 
477.999786 287.720093 
302.863983 348.238770 
137.051910 453.875793 
349.900452 329.187286 
517.793884 338.445709 
174.182266 376.029114 
350.036591 266.602905 
472.288635 341.331757 
308.708984 247.495895 
200.052658 351.488525 
289.050446 272.606934 
323.714813 307.286469 
297.323822 250.413651 
376.569946 286.120117 
311.649292 257.457672 
188.894333 452.977692 
175.502731 381.847687 
280.643250 329.541107 
498.584503 311.097015 
457.051300 330.355560 
346.341217 357.913788 
462.534180 346.868927 
296.039551 295.662750 
319.141602 264.443420 
319.487976 264.189209 
200.517227 291.422241 
326.057587 213.358978 
524.078674 283.131042 
195.391769 281.940857 
315.614746 305.908264 
484.659363 278.271454 
320.858948 214.290421 
338.792053 343.192169 
339.403900 343.459076 
201.526642 429.741425 
306.757263 404.297516 
198.365494 354.511353 
319.110931 376.751648 
195.243118 386.197174 
272.170898 338.729584 
279.805389 327.650818 
175.661209 430.268555 
480.328644 390.466766 
251.833633 319.251709 
326.311157 425.590698 
201.282669 375.245148 
298.025024 291.132935 
329.478790 281.102905 
236.068588 349.220398 
160.747253 456.882355 
287.326416 436.012299 
478.164337 292.183441 
294.294678 426.527710 
200.850998 297.995422 
251.082581 326.407837 
347.209900 303.445312 
369.677795 301.170593 
559.052917 300.534943 
545.198608 292.697449 
300.488037 418.526428 
180.883301 381.634216 
305.476257 357.522644 
266.361328 353.260071 
265.952911 288.692596 
515.264465 354.914703 
514.676697 355.265228 
185.373810 348.322510 
304.062836 370.836365 
298.678955 397.948364 
321.548218 265.474213 
269.812988 418.403992 
467.381409 301.939606 
495.305328 405.371582 
320.853699 440.602478 
189.923172 209.850204 
263.562897 352.746063 
263.559875 353.434570 
345.036255 216.884323 
318.590576 315.461304 
273.669037 365.256897 
280.744598 269.350098 
446.712769 449.767426 
322.543762 267.215881 
469.259705 269.627106 
312.036591 302.144135 
314.462036 396.258484 
444.488342 452.336639 
285.558502 340.716431 
190.876373 326.326599 
324.948212 414.927826 
364.309570 197.567810 
170.522186 424.290710 
281.569550 416.167755 
485.098236 334.633820 
547.741821 328.474060 
254.765427 321.425476 
287.513031 295.920502 
169.273087 353.420441 
359.952972 363.615723 
254.870300 292.937744 
267.931366 349.788330 
123.579735 422.217194 
462.659210 272.822968 
264.321228 345.092468 
270.766876 293.853149 
297.834412 398.476624 
479.054901 292.332031 
469.319275 388.326233 
331.777313 197.267883 
180.523422 443.229828 
355.474487 357.197388 
265.410492 311.660065 
315.235016 304.772766 
287.359589 272.832703 
201.955811 430.920227 
49.399094 201.638535 
360.451385 342.087830 
555.299744 330.196533 
200.285370 356.698517 
256.842041 326.984558 
264.036102 318.581207 
260.846649 331.516693 
294.409698 272.432098 
259.981110 314.193939 
345.289551 290.407501 
180.997238 380.169769 
196.869995 287.657501 
294.943176 420.505280 
68.517189 426.991577 
325.532410 265.411133 
326.221619 265.149933 
317.330719 289.493164 
342.279175 268.302673 
484.635132 335.609222 
295.843689 308.087433 
353.163574 216.410904 
372.349457 311.989685 
197.552124 359.992523 
498.468292 313.247833 
179.295364 312.059967 
308.792206 303.338867 
327.376007 254.848663 
202.110046 332.266571 
322.549072 418.510040 
367.265503 365.385193 
413.248108 301.725739 
318.805817 293.049866 
572.711060 383.930969 
324.143829 359.081757 
282.461273 268.174042 
185.970062 422.804779 
185.313248 453.114319 
483.776428 297.085144 
470.893616 272.218872 
280.795898 277.492279 
263.872406 354.684052 
345.308441 367.593567 
351.944427 336.038147 
204.225266 300.773621 
264.644531 344.390686 
264.688568 358.433502 
202.676834 375.157257 
280.627563 350.480499 
474.121368 295.375366 
369.899292 314.651886 
164.472290 457.756927 
312.700165 303.132477 
194.149384 417.139954 
504.141541 298.975586 
201.333313 350.262390 
486.992340 263.576508 
486.719543 264.110687 
274.810974 282.573364 
181.868027 379.921478 
181.054855 288.486237 
325.656281 262.011627 
453.839203 322.093750 
320.534332 200.507141 
535.143616 457.032745 
273.768005 308.895020 
206.395432 329.689331 
256.188110 283.999512 
146.147766 427.650787 
309.545044 303.414734 
320.533051 288.709808 
270.057617 293.641144 
512.967896 369.261597 
380.791443 306.295807 
248.969269 320.864990 
321.889679 225.185989 
477.312103 322.228333 
298.061005 439.338196 
171.983551 429.995758 
275.200653 275.455475 
541.346802 461.301361 
163.909729 369.471100 
346.152222 28.241970 
277.255371 336.856079 
308.748901 352.003510 
309.285614 352.340820 
352.013794 337.010742 
191.929260 397.405365 
340.118256 371.281097 
175.628174 420.355255 
197.124451 289.713379 
199.850449 450.919556 
504.859497 298.310822 
197.991074 404.327301 
439.062836 297.603271 
327.740875 213.126343 
181.158264 389.984711 
306.653809 348.085876 
346.714569 289.639496 
300.663452 271.707458 
534.635559 337.099609 
286.568573 314.347229 
304.897644 343.454559 
178.558807 403.528168 
283.558105 284.576019 
547.377747 286.696747 
198.793396 302.439758 
470.643188 388.053162 
553.304443 356.538239 
288.815277 339.099548 
171.577621 379.685272 
180.187637 313.814545 
299.096100 273.526428 
267.323853 297.677490 
288.995392 361.093323 
178.083603 312.661591 
539.145569 289.658173 
329.827332 210.920563 
254.847610 296.306915 
280.642456 351.040771 
455.068207 342.446716 
456.180206 296.611328 
297.108429 439.637421 
299.484833 304.955994 
317.401337 212.106766 
265.871216 310.962708 
307.537415 355.250427 
509.889465 348.201660 
460.824005 390.926025 
461.089996 390.836792 
507.146576 368.876740 
181.040848 440.055664 
342.172607 215.648468 
213.827927 341.977936 
433.728424 305.781677 
285.931610 360.696991 
498.528412 314.649719 
160.827820 381.101807 
179.347992 390.358124 
344.213196 346.998291 
344.089203 346.533356 
176.902069 288.586578 
203.768799 376.767090 
247.809860 284.667419 
192.155014 377.958923 
277.000549 288.033264 
288.076385 324.305969 
272.602936 215.143494 
469.763977 388.262512 
474.436798 321.238678 
280.301025 434.077515 
280.064575 434.242889 
316.055908 24.558363 
479.330475 327.188324 
364.870575 300.100403 
336.803467 285.472076 
440.066193 301.285950 
287.667053 385.653503 
314.344727 206.209061 
362.448975 202.785675 
200.412537 266.300018 
447.289856 317.134735 
256.949768 336.164368 
530.694336 407.496643 
168.572586 376.126648 
322.743042 211.819534 
498.138092 419.219788 
266.129883 365.330811 
194.831802 454.308136 
261.916199 297.711670 
376.813293 288.641510 
279.753693 424.281036 
184.167877 411.283752 
330.842377 210.714706 
189.270386 457.684204 
280.467377 325.902008 
308.347778 369.033844 
281.733368 393.495026 
163.245468 391.380615 
138.920944 449.252869 
334.538696 285.122284 
184.602325 346.087341 
345.671051 286.572815 
263.045868 324.102814 
290.545807 438.077393 
291.392151 438.457886 
260.424469 283.575470 
289.100006 316.685425 
195.296082 294.608124 
286.087311 266.874176 
305.038849 435.010437 
324.038208 219.097580 
576.719055 365.609222 
279.599792 338.320068 
283.819061 437.899200 
542.795898 290.435638 
134.147903 429.569672 
124.641273 444.148254 
89.038635 423.762604 
307.359253 370.434509 
468.205139 313.451752 
579.257690 368.014557 
171.383240 431.339722 
321.726318 206.732849 
336.479279 268.384705 
233.436493 349.649384 
559.481934 296.630829 
302.599670 446.882935 
295.667358 249.619949 
190.191635 457.876984 
248.263855 324.232971 
530.359070 270.616394 
130.630081 437.577576 
538.613098 288.811890 
321.310455 218.747070 
248.343246 365.186340 
329.905396 272.227448 
305.865784 344.582703 
266.347992 329.140106 
186.935898 335.294678 
346.521332 213.693893 
539.965088 454.882446 
302.918884 434.837677 
151.939880 445.151947 
379.044403 316.795715 
257.946320 290.608185 
134.699310 452.405731 
303.494263 392.783783 
486.332153 328.304382 
341.315002 416.208923 
578.995056 333.696899 
397.230530 304.721008 
182.870926 300.263428 
249.146561 280.756287 
213.455841 356.465485 
359.747345 301.226715 
169.977524 350.174988 
169.958832 376.653381 
342.484161 266.117249 
188.836716 280.745972 
405.336914 310.626434 
355.642365 298.747711 
298.222137 416.374298 
332.402893 414.422760 
347.929352 356.941254 
314.880890 303.536316 
518.357117 294.367889 
278.073425 317.581116 
334.004181 397.562134 
259.535156 283.253143 
289.377197 324.677979 
286.118561 340.096344 
325.980560 207.990463 
362.989655 220.374298 
325.583679 385.537292 
154.732407 458.406097 
263.444702 348.855011 
526.260803 331.862030 
134.146698 450.464935 
490.291565 324.301453 
278.040833 364.255859 
292.532990 324.062286 
131.512405 439.821442 
569.143860 327.323059 
300.866455 393.436462 
278.091370 424.946960 
329.975708 411.493195 
449.628967 448.825134 
357.260345 292.783173 
313.689453 244.082825 
196.662842 310.776093 
202.255966 454.405609 
499.033539 418.928772 
328.174866 211.111954 
93.765846 204.160385 
442.583282 23.108503 
191.343353 404.540039 
285.704681 325.407593 
148.703903 441.921143 
167.135605 299.416718 
352.763885 340.862732 
163.782257 336.331940 
582.487061 356.526642 
376.683838 341.415558 
247.915955 280.966248 
327.132996 210.787033 
326.896515 211.342407 
565.149536 403.031860 
164.502243 291.950409 
164.746063 292.101074 
203.093811 250.644318 
188.631561 279.391266 
261.532257 343.937225 
436.691467 364.147919 
319.072845 298.921082 
153.607513 451.019928 
208.257889 260.801544 
255.464050 333.635895 
166.450623 338.339783 
185.172913 350.618103 
350.989594 193.332977 
186.060150 351.417023 
360.646637 203.801315 
300.393951 298.153351 
487.013550 457.369110 
486.975830 456.812927 
156.365860 457.857086 
316.581818 253.033966 
189.785736 452.387726 
381.627441 306.150391 
413.409851 304.456116 
309.073151 202.467117 
469.763214 270.156525 
548.859497 383.947235 
204.533768 330.653076 
364.197937 301.652039 
160.338257 460.304047 
294.650635 439.803802 
242.151306 314.855194 
328.258698 254.854202 
318.323761 307.485199 
318.946686 301.150879 
326.782715 208.350510 
289.791473 319.039124 
358.067352 304.412567 
242.444809 310.861572 
540.270752 461.561432 
327.231140 406.795563 
307.341370 380.114960 
378.868011 312.022156 
572.083191 300.782593 
132.295013 431.088043 
312.221191 320.433014 
459.466431 297.095734 
272.195892 338.123199 
308.396729 296.834686 
307.688324 296.655243 
269.477570 290.306305 
546.609192 302.119934 
341.900513 212.382431 
288.611359 386.222809 
146.688889 445.676025 
306.631317 439.629333 
190.831665 405.755981 
462.100830 294.873108 
273.645569 287.812927 
308.803467 205.613037 
364.551025 373.046844 
378.128754 307.943878 
195.595612 386.532471 
196.032974 370.930084 
159.652527 445.071136 
192.883636 378.137146 
299.128632 395.387878 
189.755585 324.101044 
172.262192 319.043030 
152.760437 450.591675 
296.716064 309.901398 
325.406158 223.706680 
186.762543 350.413666 
188.557144 325.170624 
201.131287 307.597595 
260.090973 282.115143 
372.608826 307.062927 
453.224670 387.675110 
160.423859 380.283936 
312.858368 390.075867 
339.602570 283.951569 
190.101868 418.956146 
177.996399 391.154114 
104.836060 205.032104 
363.733704 220.189041 
338.851715 275.907074 
340.016388 289.117523 
495.326324 366.771606 
122.519402 445.117096 
