500
482.965668 204.144958 
477.616577 200.449936 
430.991577 222.423874 
480.698212 198.632751 
495.669281 216.525818 
429.653961 221.737976 
474.284607 227.762741 
436.332794 226.580765 
146.845322 288.252075 
506.246124 213.313507 
522.760193 233.210480 
472.051117 269.949310 
479.454834 204.965393 
455.625458 219.855743 
453.532776 219.568619 
460.400543 224.241867 
432.838196 223.042953 
502.595276 214.078186 
145.165100 195.986160 
350.660736 218.050522 
418.688660 232.780334 
419.208984 232.677444 
475.469971 194.861237 
246.308411 239.274460 
125.238510 351.726929 
445.319153 214.910843 
453.380463 231.897324 
476.443207 210.209229 
225.096817 208.164368 
482.200562 208.129578 
472.971191 192.587036 
222.885727 206.522629 
454.447449 243.365128 
487.472534 199.996902 
433.092773 216.191467 
448.348572 216.112732 
455.690308 243.086426 
264.771454 210.830200 
421.994202 232.669220 
484.797760 193.085327 
145.664688 241.999344 
146.209671 242.334015 
459.509827 220.808990 
169.854462 358.218079 
439.715118 206.709900 
480.066711 231.884491 
385.506989 388.852295 
466.145966 207.142761 
251.949646 196.152786 
455.071899 242.241531 
460.693756 221.403214 
460.952057 221.133881 
330.993652 259.761566 
460.109894 223.441711 
334.703094 253.291885 
234.803787 175.577850 
485.265594 194.785385 
473.876984 226.937515 
289.776459 168.517517 
509.031677 208.939148 
287.064056 90.533890 
287.086761 90.585007 
255.216522 236.286880 
168.934311 358.105103 
169.384827 358.093140 
356.598206 219.583649 
464.767517 224.417969 
144.474930 196.830963 
442.756683 209.873672 
477.390442 227.550339 
262.176422 209.362427 
293.835876 265.149780 
296.922455 254.368729 
477.420166 250.447815 
222.386185 209.696655 
293.072998 265.480408 
325.691650 259.767059 
483.461273 190.355270 
488.975403 194.954147 
438.820221 223.463730 
482.839203 191.689438 
477.733826 228.211914 
443.379181 221.279144 
328.930328 241.075256 
443.335907 220.590134 
499.006378 212.602310 
499.224030 213.309479 
450.449097 228.160751 
450.497864 227.566467 
288.355774 194.537415 
323.316376 234.207138 
277.954132 316.842102 
221.067032 207.892120 
409.789520 256.887695 
409.823242 257.302277 
336.078064 263.015656 
334.575378 250.391586 
444.152191 217.529251 
392.253265 390.279602 
329.268341 242.898239 
473.226471 191.528610 
415.893463 206.184464 
339.481628 217.398972 
236.753830 213.997253 
478.454865 231.517487 
337.865631 260.231842 
124.073280 358.581329 
471.837097 238.041641 
483.046143 210.592773 
265.369873 211.902954 
105.602036 366.053406 
471.862610 210.279297 
327.444763 242.615799 
215.821045 208.454163 
118.079704 360.485474 
329.787415 241.477295 
479.391998 207.700485 
232.099487 176.402374 
465.590759 224.269592 
342.228333 213.336273 
214.753464 207.627533 
455.863495 279.359741 
310.490570 269.410095 
420.224854 228.400513 
488.659576 197.813354 
223.160675 210.506958 
447.259308 224.446945 
219.839111 206.212524 
146.605087 251.137436 
210.673325 196.873795 
408.675995 257.622620 
256.176941 229.112793 
118.771545 360.176239 
142.919678 183.854813 
322.310822 238.937820 
298.079773 265.267181 
469.286804 270.763550 
155.033661 227.395874 
290.602478 264.308136 
348.103546 250.020752 
448.063782 223.600327 
277.358643 318.034393 
343.155396 242.046066 
412.924469 229.103012 
437.175903 191.928864 
473.180206 233.610489 
228.482346 229.328751 
153.644501 228.653061 
212.991806 206.734222 
327.921539 258.200897 
217.597763 201.334381 
417.463348 229.224258 
418.733673 228.432098 
457.034637 252.933212 
321.012512 318.175751 
137.205933 234.782486 
152.880661 228.374283 
429.767059 202.466522 
449.728516 207.182205 
244.765274 226.597412 
140.854721 309.947510 
140.876541 309.769440 
460.489410 206.868530 
294.072021 253.359009 
349.027679 250.185608 
291.446747 267.140533 
438.998138 200.919327 
311.194824 213.866119 
209.241455 186.891525 
304.699463 175.289307 
207.356964 193.788300 
512.354248 245.743256 
115.265945 347.821259 
469.155701 214.632385 
336.621826 242.453476 
340.629303 239.338165 
338.412262 268.123260 
309.284515 185.201736 
426.391754 218.945129 
525.083252 236.773621 
336.521332 236.765503 
256.433777 192.976257 
498.888885 270.644104 
289.884949 264.094757 
308.614655 185.569000 
509.712402 256.410950 
429.029053 222.890533 
214.453979 204.319733 
491.950867 268.080566 
230.992279 228.521759 
511.354248 245.172775 
454.286255 253.191605 
416.611420 212.894913 
237.116135 236.096756 
142.273865 183.857239 
405.927979 207.468094 
440.333740 200.796509 
424.614136 234.329758 
438.124786 218.982147 
388.642853 375.124908 
339.992523 238.847870 
297.782135 254.489594 
402.649292 259.199219 
463.117126 220.887161 
461.142151 288.183105 
313.149841 261.221497 
240.558456 324.375427 
412.948944 222.443085 
111.264595 358.983551 
266.794281 139.591690 
327.860138 261.077789 
453.839996 277.710266 
467.175232 239.234482 
213.365311 227.407654 
286.095032 188.703186 
452.556030 247.821045 
313.609283 181.475815 
245.524445 227.177521 
333.953064 236.952393 
232.978027 219.450806 
440.862640 201.382996 
185.139893 330.367493 
144.961624 256.759308 
232.409409 236.586685 
156.706116 225.918671 
310.554474 263.249756 
329.489227 264.886566 
245.896713 231.918381 
315.020966 176.432098 
333.177124 248.299347 
216.781448 246.309509 
217.147476 245.951736 
234.825760 242.732224 
459.326447 192.087021 
290.013855 307.430389 
422.419647 213.563156 
174.991211 351.859558 
135.155243 313.360687 
244.444305 224.728958 
437.614716 186.050339 
424.107605 388.581940 
311.549316 177.664429 
224.722977 228.605118 
274.851593 187.899124 
304.817841 182.851562 
469.780518 233.442810 
441.131744 198.994675 
224.234619 228.316132 
237.731598 236.824539 
327.712433 262.063629 
478.496979 207.500641 
469.825623 224.688889 
419.711548 201.916061 
232.959488 236.529205 
278.191437 204.248642 
279.422089 327.707245 
469.046783 193.166885 
223.787094 229.705475 
264.769409 183.477646 
475.378906 211.698151 
314.637177 277.512238 
472.496033 238.946793 
266.319733 143.737717 
256.686829 195.607056 
330.808289 213.296997 
456.580750 212.277695 
264.606079 220.402100 
153.642807 224.463074 
337.346588 264.702881 
247.427948 235.573318 
468.920044 233.207108 
468.996887 233.351181 
277.118378 319.964813 
457.462158 212.850571 
150.704926 206.784088 
472.622803 248.342728 
287.366882 198.124771 
275.489380 206.318069 
346.823761 255.618179 
256.873901 197.485184 
514.523560 245.769791 
469.757233 260.276428 
255.727020 155.115356 
256.416321 155.375732 
228.619629 220.204239 
268.431244 181.917816 
331.859711 266.165649 
479.827209 253.257080 
227.807236 177.758682 
226.424377 235.928513 
306.162170 185.647842 
276.665527 206.636459 
315.625214 276.738953 
271.470917 185.878220 
247.564331 178.685577 
246.188156 181.979462 
241.297592 266.091553 
204.949081 192.177109 
341.082001 237.221695 
224.495041 238.912521 
138.488327 237.480957 
309.960236 270.835297 
512.616333 268.227478 
512.920471 268.299927 
453.614594 285.089844 
267.515167 219.687775 
394.284607 229.703232 
251.569397 330.376740 
143.413666 229.467377 
236.434601 178.818359 
300.208954 338.536713 
440.915924 189.734283 
310.917328 258.336853 
224.727783 283.307220 
454.004517 197.295837 
338.268005 266.947113 
338.097382 267.024475 
331.909912 267.876831 
253.056992 329.753937 
424.241974 192.043777 
402.699066 208.518265 
294.626099 208.357193 
293.725952 207.161118 
217.751556 227.601089 
332.179413 238.464096 
194.066162 269.470245 
266.666412 183.193436 
280.485474 314.904236 
321.454498 318.971313 
269.861572 216.663574 
269.474304 217.908569 
151.294128 204.180603 
459.515350 255.202072 
180.871384 352.947479 
282.265472 334.434967 
213.125015 189.625305 
313.334686 180.378937 
511.662964 242.092026 
462.194031 233.512207 
233.639801 219.498215 
309.510864 180.676666 
278.889557 208.209000 
272.933868 301.257568 
231.685883 244.387527 
406.017578 226.780914 
436.631714 234.182556 
204.880142 308.194611 
141.537201 229.929520 
415.355957 212.548492 
306.978546 214.078522 
348.100433 245.838837 
511.643127 241.435455 
277.151093 321.404083 
287.565002 212.162613 
204.629028 228.302414 
254.931595 151.082367 
146.427399 253.477539 
147.708893 293.711029 
305.221619 224.773392 
345.499237 260.967224 
290.416107 188.581863 
309.620239 224.061386 
213.933197 225.113586 
318.189758 247.388580 
296.601868 175.862061 
297.222382 175.518295 
85.591255 314.312164 
122.618179 346.934601 
247.075500 177.787308 
283.148682 332.445831 
373.184052 242.045959 
311.484467 256.930176 
360.613831 215.802948 
119.859894 347.173370 
137.601532 238.305222 
306.006226 252.186905 
469.019379 211.364059 
492.143829 193.491501 
252.013290 210.896667 
403.544800 229.720947 
344.335663 240.859207 
97.632317 337.033020 
154.274841 239.087433 
307.286835 341.231964 
94.124992 358.003601 
145.217224 246.788361 
226.979614 225.443069 
220.875183 200.060715 
221.469376 200.330612 
59.545513 333.088562 
314.670593 254.929611 
273.459900 284.300934 
476.079529 184.352997 
131.110336 184.489380 
485.245789 248.577927 
243.837662 262.257141 
238.708694 204.499207 
238.944275 203.831650 
237.476105 189.229248 
229.187378 193.955307 
112.247520 331.191132 
144.116425 308.677673 
146.051941 256.534210 
176.130936 356.870575 
233.652771 228.438461 
460.045197 256.502319 
150.424469 245.650299 
407.555786 229.525131 
283.498871 241.902542 
317.251587 280.417633 
287.359192 213.404556 
331.441345 231.310364 
228.171692 222.640411 
261.913788 183.216858 
294.632996 205.969742 
149.909515 241.834595 
248.803665 210.165375 
208.493225 190.537430 
119.132904 346.044434 
405.744080 231.668915 
163.547180 348.080933 
238.754730 183.500412 
300.392975 338.348663 
401.723145 209.547394 
342.974915 248.351608 
340.748169 206.664093 
347.521667 214.713257 
287.907074 228.773010 
344.725525 261.807129 
401.303070 220.344070 
247.861328 226.352798 
279.952209 208.148148 
270.321960 244.353424 
269.551910 244.029968 
475.863342 253.342041 
167.148773 358.505463 
246.270279 212.751312 
285.875458 215.350189 
217.042404 224.995911 
227.957962 197.168549 
144.964645 295.085327 
315.023590 229.914536 
280.849182 331.136444 
128.015717 185.188232 
260.980621 154.895264 
104.891609 358.638428 
475.441101 245.267715 
250.281219 175.976105 
454.443939 274.576538 
283.885529 217.539230 
127.435326 347.889587 
305.431396 252.119904 
313.881561 174.472549 
422.377289 195.807526 
122.902138 341.897552 
210.208527 182.888443 
291.362885 271.535370 
274.391296 284.349365 
229.090988 193.150406 
155.691193 211.149963 
308.236206 172.560974 
224.527985 225.067307 
225.126419 225.204132 
96.997047 337.415680 
359.670715 218.735321 
315.638885 223.436035 
212.306519 197.018814 
343.081940 219.674149 
237.628998 189.552307 
408.516357 227.614761 
292.807129 200.391083 
203.508667 191.379761 
288.658173 221.073166 
265.331665 230.575470 
94.999809 317.161133 
266.322754 229.384552 
162.561829 344.678345 
527.138489 233.871750 
156.859680 235.825073 
255.229416 208.354950 
254.694489 207.872330 
359.480835 213.171799 
480.709290 256.877594 
238.560867 182.934814 
298.360840 289.966858 
353.791321 247.610245 
300.678711 208.521011 
476.635162 239.344788 
452.510681 184.218277 
355.114441 248.320206 
440.225250 235.719254 
353.350647 244.621735 
220.663010 230.949524 
282.219696 194.875641 
286.990967 214.646515 
280.938660 202.224579 
310.561890 342.239441 
158.360550 227.694397 
342.628479 214.159790 
148.960297 286.767609 
