500
167.148773 358.505463 
154.815536 357.406891 
162.009460 359.982849 
145.217224 246.788361 
150.424469 245.650299 
275.502258 337.885132 
149.909515 241.834595 
227.957962 197.168549 
145.664688 241.999344 
146.209671 242.334015 
105.602036 366.053406 
125.238510 351.726929 
309.483643 345.343719 
277.118378 319.964813 
220.875183 200.060715 
221.469376 200.330612 
177.526367 346.066376 
50.703453 340.091034 
93.125542 312.620483 
92.511772 313.093292 
257.983459 224.956467 
347.521667 214.713257 
277.151093 321.404083 
236.753830 213.997253 
342.228333 213.336273 
43.104763 347.265991 
412.924469 229.103012 
164.439911 344.420197 
300.208954 338.536713 
155.918762 253.701309 
153.054504 237.520538 
309.960236 270.835297 
256.686829 195.607056 
237.705139 214.002701 
313.912750 364.059143 
276.389801 329.970612 
222.885727 206.522629 
293.835876 265.149780 
160.369324 344.687012 
323.271057 322.871704 
144.961624 256.759308 
421.994202 232.669220 
248.242371 331.843353 
217.597763 201.334381 
94.124992 358.003601 
262.176422 209.362427 
95.352943 344.733612 
436.631714 234.182556 
321.454498 318.971313 
483.702820 229.438843 
289.776459 168.517517 
92.858292 341.317688 
93.249245 340.766693 
119.344109 367.901917 
488.975403 194.954147 
418.733673 228.432098 
359.670715 218.735321 
462.919373 254.995239 
154.629547 249.807922 
310.490570 269.410095 
162.561829 344.678345 
288.355774 194.537415 
440.225250 235.719254 
140.668793 240.606125 
140.515274 241.248611 
157.158630 355.677551 
100.939125 353.330231 
224.495041 238.912521 
342.628479 214.159790 
452.556030 247.821045 
287.064056 90.533890 
287.086761 90.585007 
338.360077 211.904373 
222.061600 203.756821 
455.690308 243.086426 
233.482452 335.916534 
141.537201 229.929520 
279.422089 327.707245 
278.460114 209.986755 
162.029678 340.988892 
514.719055 217.582260 
494.158020 238.724655 
270.992432 332.340576 
264.771454 210.830200 
509.031677 208.939148 
251.569397 330.376740 
499.006378 212.602310 
499.224030 213.309479 
141.847855 232.789413 
402.895203 236.330093 
279.952209 208.148148 
289.978851 308.051697 
215.882553 188.698410 
329.268341 242.898239 
280.938660 202.224579 
144.072876 234.656677 
278.889557 208.209000 
77.436989 319.977417 
471.390228 217.741226 
118.079704 360.485474 
298.064026 193.100067 
297.512817 193.124481 
293.072998 265.480408 
310.561890 342.239441 
266.267609 139.225967 
460.109894 223.441711 
258.718750 195.151413 
141.853683 357.794373 
459.509827 220.808990 
280.849182 331.136444 
346.210571 209.843353 
296.922455 254.368729 
289.654449 165.507187 
460.400543 224.241867 
288.636597 165.905716 
321.012512 318.175751 
256.873901 197.485184 
251.949646 196.152786 
118.771545 360.176239 
333.953064 236.952393 
336.647644 210.054214 
487.734802 230.163132 
271.115631 330.809509 
292.345306 176.609634 
286.095032 188.703186 
167.856125 339.465454 
484.797760 193.085327 
322.310242 322.555450 
449.409027 281.476318 
241.297592 266.091553 
283.415741 335.672760 
446.061829 239.059998 
228.482346 229.328751 
218.060318 203.691299 
287.366882 198.124771 
174.991211 351.859558 
290.602478 264.308136 
294.897858 201.270309 
461.142151 288.183105 
346.718689 208.824356 
292.807129 200.391083 
290.416107 188.581863 
479.391998 207.700485 
105.462227 358.172729 
227.807236 177.758682 
110.230438 355.415344 
265.331665 230.575470 
438.664948 254.334351 
438.886658 253.850357 
119.859894 347.173370 
492.143829 193.491501 
146.605087 251.137436 
469.757233 260.276428 
258.032715 226.228745 
340.629303 239.338165 
219.839111 206.212524 
511.643127 241.435455 
163.547180 348.080933 
213.125015 189.625305 
155.845978 353.763550 
448.348572 216.112732 
442.756683 209.873672 
495.019745 238.501221 
356.598206 219.583649 
293.725952 207.161118 
148.502716 355.251404 
332.179413 238.464096 
273.790741 155.310440 
300.392975 338.348663 
156.323822 256.482849 
290.013855 307.430389 
340.748169 206.664093 
159.069122 344.441101 
246.267273 187.612473 
282.265472 334.434967 
232.099487 176.402374 
436.332794 226.580765 
438.124786 218.982147 
424.809631 183.752151 
507.156189 241.176178 
472.051117 269.949310 
514.521362 215.660385 
426.586975 244.672531 
478.496979 207.500641 
280.485474 314.904236 
498.542267 299.490753 
465.590759 224.269592 
171.678482 340.813751 
444.152191 217.529251 
236.434601 178.818359 
444.916168 284.736786 
415.893463 206.184464 
253.056992 329.753937 
140.137543 235.660950 
464.767517 224.417969 
429.653961 221.737976 
291.470215 170.573074 
274.593597 330.095123 
112.247520 331.191132 
210.673325 196.873795 
297.782135 254.489594 
316.308960 238.374298 
316.306244 237.709457 
215.607285 191.404312 
214.753464 207.627533 
471.837097 238.041641 
311.756226 322.241821 
412.948944 222.443085 
468.920044 233.207108 
468.996887 233.351181 
271.679596 154.417725 
269.776886 153.949295 
447.259308 224.446945 
154.168671 254.417450 
429.029053 222.890533 
339.992523 238.847870 
289.884949 264.094757 
426.391754 218.945129 
472.496033 238.946793 
402.649292 259.199219 
430.991577 222.423874 
283.885529 217.539230 
154.274841 239.087433 
343.155396 242.046066 
475.863342 253.342041 
475.633148 254.822800 
469.780518 233.442810 
157.871841 343.858063 
454.286255 253.191605 
265.369873 211.902954 
212.306519 197.018814 
428.048187 186.232880 
283.500732 126.528732 
229.880875 334.217041 
296.289185 198.740112 
263.127136 157.795364 
309.510864 180.676666 
228.370865 181.848770 
146.427399 253.477539 
433.092773 216.191467 
322.310822 238.937820 
308.614655 185.569000 
491.947266 231.499207 
175.119980 357.206207 
295.694794 169.280807 
243.263123 327.784302 
335.565430 203.847122 
264.181122 232.427567 
94.874336 317.723511 
94.989006 317.818146 
309.284515 185.201736 
433.728546 179.700241 
332.347473 206.930939 
268.198914 146.101501 
292.332245 308.354889 
482.965668 204.144958 
315.023590 229.914536 
244.765274 226.597412 
447.424133 196.111877 
499.867218 298.485077 
330.808289 213.296997 
454.443939 274.576538 
406.017578 226.780914 
415.594452 209.087570 
245.896713 231.918381 
487.452209 253.028503 
454.447449 243.365128 
455.071899 242.241531 
297.370148 166.683060 
200.725677 190.824982 
483.046143 210.592773 
201.351746 190.961014 
304.278687 172.631882 
486.680603 261.664093 
421.939453 258.685944 
480.709290 256.877594 
336.521332 236.765503 
238.871078 327.525055 
291.507111 189.882538 
245.524445 227.177521 
450.449097 228.160751 
450.497864 227.566467 
502.595276 214.078186 
284.763519 157.767471 
267.910004 144.536240 
244.346237 339.794830 
283.830902 336.298309 
51.253273 306.947327 
476.443207 210.209229 
267.437561 155.548752 
422.377289 195.807526 
159.760101 231.792145 
445.319153 214.910843 
485.245789 248.577927 
475.469971 194.861237 
146.051941 256.534210 
204.949081 192.177109 
266.322754 229.384552 
94.999809 317.161133 
97.904732 344.235321 
294.632996 205.969742 
445.156433 195.985825 
122.618179 346.934601 
153.642807 224.463074 
324.199127 177.871887 
480.371521 260.497803 
433.529907 183.404251 
272.611298 140.057938 
291.116333 186.837341 
476.079529 184.352997 
512.354248 245.743256 
208.493225 190.537430 
423.488770 190.728790 
224.722977 228.605118 
385.506989 388.852295 
440.333740 200.796509 
486.983704 253.691315 
459.326447 192.087021 
294.505798 190.120422 
467.175232 239.234482 
472.622803 248.342728 
438.998138 200.919327 
223.787094 229.705475 
153.580780 341.965363 
480.698212 198.632751 
360.658356 251.461624 
417.463348 229.224258 
294.626099 208.357193 
405.495544 200.001221 
263.372101 158.847198 
98.161324 316.961182 
436.197662 185.156250 
311.918945 241.095154 
476.886200 185.914627 
437.175903 191.928864 
450.317719 186.563080 
452.510681 184.218277 
452.242096 180.824448 
303.150879 202.586456 
304.699463 175.289307 
485.523224 177.531418 
479.827209 253.257080 
480.591888 244.550018 
144.957062 354.162292 
290.698181 173.847443 
223.130936 201.081848 
459.515350 255.202072 
203.508667 191.379761 
328.930328 241.075256 
294.072021 253.359009 
218.976822 235.717819 
444.737213 196.528961 
407.924438 201.230774 
329.787415 241.477295 
455.625458 219.855743 
158.360550 227.694397 
111.264595 358.983551 
451.627289 182.800873 
348.100433 245.838837 
348.103546 250.020752 
221.606827 181.985123 
337.145081 324.055054 
477.616577 200.449936 
154.279572 259.523224 
337.865631 260.231842 
435.014587 183.570938 
143.413666 229.467377 
453.532776 219.568619 
248.240860 227.563034 
123.327278 345.838806 
303.755005 172.485596 
313.109528 227.775177 
436.563263 178.632843 
457.462158 212.850571 
341.082001 237.221695 
418.688660 232.780334 
419.208984 232.677444 
337.942261 204.963791 
311.350708 187.079361 
160.453491 226.985352 
336.078064 263.015656 
291.383606 162.534088 
282.158936 164.509048 
224.376175 182.746857 
392.253265 390.279602 
287.359192 213.404556 
212.991806 206.734222 
234.803787 175.577850 
314.452362 221.494812 
443.766174 179.342789 
471.862610 210.279297 
455.863495 279.359741 
99.478806 340.212189 
66.301460 330.230743 
453.380463 231.897324 
456.580750 212.277695 
452.859650 178.872452 
521.098816 436.673004 
360.613831 215.802948 
138.847809 219.540527 
363.554626 219.903809 
454.004517 197.295837 
476.635162 239.344788 
443.379181 221.279144 
443.335907 220.590134 
432.838196 223.042953 
314.019531 217.237885 
487.472534 199.996902 
482.839203 191.689438 
350.093262 251.765533 
156.706116 225.918671 
315.344543 216.925217 
256.544312 221.066711 
469.046783 193.166885 
156.980957 348.603424 
157.308762 349.244690 
401.303070 220.344070 
374.269623 252.218948 
267.652130 136.707382 
168.934311 358.105103 
169.384827 358.093140 
265.538574 236.212158 
306.978546 214.078522 
284.338959 220.687485 
225.096817 208.164368 
349.027679 250.185608 
462.495209 187.076187 
304.736542 322.001526 
269.529907 147.077652 
287.565002 212.162613 
350.660736 218.050522 
438.820221 223.463730 
472.971191 192.587036 
455.405304 200.519882 
457.034637 252.933212 
479.454834 204.965393 
382.352875 243.046265 
409.789520 256.887695 
409.823242 257.302277 
353.791321 247.610245 
266.319733 143.737717 
498.888885 270.644104 
427.357513 267.696564 
473.180206 233.610489 
486.049286 176.907928 
438.222473 312.612915 
162.336136 228.539398 
155.960251 348.822083 
496.405548 234.997147 
315.087311 220.671036 
424.241974 192.043777 
443.860321 250.403015 
506.246124 213.313507 
424.107605 388.581940 
202.568741 183.517029 
491.574768 247.817764 
473.226471 191.528610 
453.839996 277.710266 
454.216064 202.652359 
441.131744 198.994675 
440.862640 201.382996 
486.464722 176.301102 
207.356964 193.788300 
318.804321 362.654358 
221.067032 207.892120 
514.523560 245.769791 
327.444763 242.615799 
429.767059 202.466522 
271.826233 137.158813 
460.489410 206.868530 
449.728516 207.182205 
256.433777 192.976257 
338.268005 266.947113 
338.097382 267.024475 
491.950867 268.080566 
475.378906 211.698151 
495.669281 216.525818 
466.145966 207.142761 
424.614136 234.329758 
136.680145 217.683456 
260.980621 154.895264 
209.241455 186.891525 
148.430161 228.970596 
426.187927 267.344818 
324.310913 180.366318 
483.461273 190.355270 
469.019379 211.364059 
307.286835 341.231964 
232.870010 213.045731 
422.766235 270.293579 
501.057495 237.635727 
243.310181 174.943420 
242.838516 174.708389 
420.224854 228.400513 
314.303589 222.371414 
222.881027 182.005325 
488.659576 197.813354 
452.379303 210.324860 
387.227631 248.498947 
485.265594 194.785385 
