500
480.698212 198.632751 
487.472534 199.996902 
477.616577 200.449936 
455.405304 200.519882 
499.006378 212.602310 
499.224030 213.309479 
460.400543 224.241867 
475.469971 194.861237 
327.860138 261.077789 
270.992432 332.340576 
417.463348 229.224258 
416.836914 261.113037 
460.109894 223.441711 
416.237305 261.594849 
472.622803 248.342728 
474.284607 227.762741 
220.875183 200.060715 
221.469376 200.330612 
149.909515 241.834595 
327.712433 262.063629 
454.004517 197.295837 
145.664688 241.999344 
146.209671 242.334015 
502.595276 214.078186 
471.837097 238.041641 
293.835876 265.149780 
257.983459 224.956467 
452.556030 247.821045 
245.896713 231.918381 
217.597763 201.334381 
438.820221 223.463730 
473.876984 226.937515 
293.072998 265.480408 
163.547180 348.080933 
271.115631 330.809509 
483.702820 229.438843 
453.839996 277.710266 
118.079704 360.485474 
432.838196 223.042953 
292.807129 200.391083 
310.490570 269.410095 
280.485474 314.904236 
416.611420 212.894913 
288.355774 194.537415 
118.771545 360.176239 
294.897858 201.270309 
448.348572 216.112732 
495.669281 216.525818 
455.690308 243.086426 
525.083252 236.773621 
141.847855 232.789413 
418.733673 228.432098 
153.054504 237.520538 
512.354248 245.743256 
289.654449 165.507187 
469.155701 214.632385 
469.046783 193.166885 
385.506989 388.852295 
325.141846 227.763016 
429.029053 222.890533 
415.355957 212.548492 
459.509827 220.808990 
342.228333 213.336273 
514.719055 217.582260 
480.709290 256.877594 
253.056992 329.753937 
290.602478 264.308136 
453.380463 231.897324 
277.151093 321.404083 
443.379181 221.279144 
443.335907 220.590134 
488.975403 194.954147 
509.031677 208.939148 
472.496033 238.946793 
473.180206 233.610489 
455.071899 242.241531 
144.072876 234.656677 
440.862640 201.382996 
167.148773 358.505463 
278.460114 209.986755 
514.521362 215.660385 
455.863495 279.359741 
441.131744 198.994675 
251.569397 330.376740 
457.462158 212.850571 
480.371521 260.497803 
477.420166 250.447815 
297.370148 166.683060 
477.390442 227.550339 
258.032715 226.228745 
347.521667 214.713257 
429.653961 221.737976 
229.199844 195.374512 
258.718750 195.151413 
514.523560 245.769791 
256.686829 195.607056 
215.882553 188.698410 
276.665527 206.636459 
475.441101 245.267715 
288.636597 165.905716 
475.863342 253.342041 
467.175232 239.234482 
456.580750 212.277695 
415.159454 199.998611 
229.187378 193.955307 
484.797760 193.085327 
327.444763 242.615799 
477.733826 228.211914 
309.960236 270.835297 
439.715118 206.709900 
491.950867 268.080566 
315.711670 130.612549 
215.607285 191.404312 
277.118378 319.964813 
229.090988 193.150406 
442.756683 209.873672 
430.991577 222.423874 
146.605087 251.137436 
482.200562 208.129578 
447.259308 224.446945 
90.779564 329.365723 
227.807236 177.758682 
402.649292 259.199219 
218.060318 203.691299 
454.447449 243.365128 
473.226471 191.528610 
450.449097 228.160751 
450.497864 227.566467 
412.924469 229.103012 
342.628479 214.159790 
291.383606 162.534088 
311.756226 322.241821 
438.664948 254.334351 
438.886658 253.850357 
438.124786 218.982147 
313.609283 181.475815 
445.319153 214.910843 
476.635162 239.344788 
480.066711 231.884491 
465.590759 224.269592 
256.873901 197.485184 
452.379303 210.324860 
522.760193 233.210480 
482.839203 191.689438 
412.948944 222.443085 
426.391754 218.945129 
418.688660 232.780334 
419.208984 232.677444 
460.244781 269.729584 
246.308411 239.274460 
249.066437 184.639572 
483.461273 190.355270 
472.971191 192.587036 
392.253265 390.279602 
415.594452 209.087570 
454.286255 253.191605 
511.662964 242.092026 
217.751556 227.601089 
424.614136 234.329758 
409.789520 256.887695 
409.823242 257.302277 
174.991211 351.859558 
291.116333 186.837341 
246.188156 181.979462 
455.625458 219.855743 
460.160126 269.354584 
457.034637 252.933212 
436.563263 178.632843 
415.893463 206.184464 
435.014587 183.570938 
464.767517 224.417969 
341.082001 237.221695 
291.507111 189.882538 
429.767059 202.466522 
217.042404 224.995911 
485.245789 248.577927 
496.405548 234.997147 
180.871384 352.947479 
405.495544 200.001221 
248.387451 184.722076 
471.862610 210.279297 
97.904732 344.235321 
275.502258 337.885132 
487.734802 230.163132 
216.781448 246.309509 
217.147476 245.951736 
446.061829 239.059998 
168.934311 358.105103 
169.384827 358.093140 
459.326447 192.087021 
454.216064 202.652359 
488.659576 197.813354 
212.306519 197.018814 
213.933197 225.113586 
146.427399 253.477539 
373.795227 256.703033 
433.909882 243.415894 
287.038086 201.001633 
289.884949 264.094757 
465.665558 270.771729 
465.853638 271.246643 
119.859894 347.173370 
296.289185 198.740112 
484.324890 255.572250 
420.224854 228.400513 
145.217224 246.788361 
454.443939 274.576538 
348.103546 250.020752 
336.078064 263.015656 
443.766174 179.342789 
491.574768 247.817764 
469.019379 211.364059 
421.994202 232.669220 
222.885727 206.522629 
498.888885 270.644104 
522.839355 205.858078 
511.643127 241.435455 
334.189667 207.894043 
479.827209 253.257080 
210.673325 196.873795 
445.156433 195.985825 
287.565002 212.162613 
444.037384 192.521576 
336.621826 242.453476 
403.544800 229.720947 
77.436989 319.977417 
424.241974 192.043777 
290.416107 188.581863 
460.693756 221.403214 
460.952057 221.133881 
346.718689 208.824356 
478.454865 231.517487 
469.825623 224.688889 
346.210571 209.843353 
440.333740 200.796509 
453.532776 219.568619 
486.680603 261.664093 
213.125015 189.625305 
125.238510 351.726929 
485.265594 194.785385 
266.267609 139.225967 
313.334686 180.378937 
213.365311 227.407654 
436.197662 185.156250 
225.314331 199.376740 
422.377289 195.807526 
444.737213 196.528961 
223.130936 201.081848 
204.949081 192.177109 
291.470215 170.573074 
475.378906 211.698151 
454.966095 201.647659 
444.916168 284.736786 
233.482452 335.916534 
416.721466 199.691833 
338.360077 211.904373 
306.162170 185.647842 
256.544312 221.066711 
293.725952 207.161118 
447.424133 196.111877 
124.073280 358.581329 
449.409027 281.476318 
519.484314 249.740601 
95.352943 344.733612 
423.488770 190.728790 
295.694794 169.280807 
475.633148 254.822800 
349.027679 250.185608 
509.712402 256.410950 
167.856125 339.465454 
94.999809 317.161133 
269.632599 301.751648 
440.225250 235.719254 
448.063782 223.600327 
359.670715 218.735321 
447.103516 193.067688 
427.357513 267.696564 
222.061600 203.756821 
268.575195 299.846069 
436.332794 226.580765 
483.046143 210.592773 
438.998138 200.919327 
92.858292 341.317688 
93.249245 340.766693 
154.274841 239.087433 
329.268341 242.898239 
291.446747 267.140533 
336.647644 210.054214 
449.728516 207.182205 
501.057495 237.635727 
328.930328 241.075256 
248.242371 331.843353 
463.117126 220.887161 
284.763519 157.767471 
521.098816 436.673004 
290.698181 173.847443 
287.656708 201.396912 
247.427948 235.573318 
289.776459 168.517517 
472.969604 189.549072 
329.489227 264.886566 
424.107605 388.581940 
451.627289 182.800873 
337.346588 264.702881 
471.390228 217.741226 
215.821045 208.454163 
287.646698 109.720177 
236.434601 178.818359 
322.272400 267.803406 
421.939453 258.685944 
321.559296 179.136185 
426.187927 267.344818 
225.096817 208.164368 
476.443207 210.209229 
356.598206 219.583649 
94.874336 317.723511 
94.989006 317.818146 
219.839111 206.212524 
422.766235 270.293579 
444.152191 217.529251 
272.273346 301.133636 
141.537201 229.929520 
105.462227 358.172729 
426.586975 244.672531 
243.310181 174.943420 
242.838516 174.708389 
250.281219 175.976105 
433.092773 216.191467 
233.639801 219.498215 
311.098297 278.970520 
415.834503 280.617767 
408.675995 257.622620 
511.354248 245.172775 
266.580780 316.853577 
476.164917 183.115250 
277.358643 318.034393 
462.194031 233.512207 
247.861328 226.352798 
241.995026 251.727737 
232.978027 219.450806 
282.158936 164.509048 
277.954132 316.842102 
469.780518 233.442810 
512.616333 268.227478 
266.660736 315.534149 
512.920471 268.299927 
452.242096 180.824448 
304.736542 322.001526 
248.240860 227.563034 
469.757233 260.276428 
309.620239 224.061386 
466.145966 207.142761 
203.508667 191.379761 
256.433777 192.976257 
403.990906 201.044083 
309.510864 180.676666 
299.771942 169.073502 
287.359192 213.404556 
482.965668 204.144958 
329.787415 241.477295 
311.918945 241.095154 
388.642853 375.124908 
443.860321 250.403015 
424.011810 269.842285 
140.137543 235.660950 
452.510681 184.218277 
66.301460 330.230743 
302.302216 198.653412 
59.545513 333.088562 
124.924911 338.772034 
460.489410 206.868530 
140.668793 240.606125 
140.515274 241.248611 
270.873993 305.055786 
65.506805 330.715607 
487.452209 253.028503 
244.765274 226.597412 
234.962738 186.864227 
232.409409 236.586685 
304.817841 182.851562 
232.959488 236.529205 
100.939125 353.330231 
314.637177 277.512238 
245.524445 227.177521 
220.663010 230.949524 
105.602036 366.053406 
468.920044 233.207108 
468.996887 233.351181 
422.419647 213.563156 
271.828430 310.610199 
272.651001 143.708038 
272.933868 301.257568 
122.618179 346.934601 
476.886200 185.914627 
506.246124 213.313507 
478.496979 207.500641 
212.176910 257.702484 
169.854462 358.218079 
330.993652 259.761566 
162.009460 359.982849 
303.812622 183.273132 
248.764053 236.464432 
453.614594 285.089844 
159.760101 231.792145 
479.391998 207.700485 
107.547951 339.163757 
309.483643 345.343719 
317.758575 130.700211 
350.660736 218.050522 
96.163383 327.721741 
459.515350 255.202072 
158.360550 227.694397 
315.023590 229.914536 
437.614716 186.050339 
266.598022 314.231323 
280.938660 202.224579 
246.267273 187.612473 
494.158020 238.724655 
343.081940 219.674149 
476.079529 184.352997 
154.457703 349.265045 
502.442902 276.652527 
286.095032 188.703186 
123.327278 345.838806 
230.992279 228.521759 
269.529846 308.077057 
148.430161 228.970596 
292.345306 176.609634 
259.798096 230.915665 
294.632996 205.969742 
339.481628 217.398972 
208.493225 190.537430 
480.591888 244.550018 
466.228546 274.259338 
138.865860 287.339478 
239.961395 170.336060 
436.453400 252.579132 
507.156189 241.176178 
202.362289 186.995270 
214.061234 222.645111 
479.454834 204.965393 
99.478806 340.212189 
359.480835 213.171799 
416.711823 193.745270 
486.983704 253.691315 
156.706116 225.918671 
124.379715 280.963196 
315.625214 276.738953 
434.975006 260.079742 
441.261383 315.784637 
228.619629 220.204239 
408.516357 227.614761 
225.340073 191.089798 
268.198914 146.101501 
248.618805 179.863693 
176.130936 356.870575 
350.093262 251.765533 
201.546738 196.004898 
160.453491 226.985352 
311.549316 177.664429 
344.504150 244.966599 
299.278595 110.299019 
244.444305 224.728958 
175.119980 357.206207 
234.052368 186.844788 
307.286835 341.231964 
325.133148 265.429779 
497.127869 183.458618 
265.331665 230.575470 
440.574432 311.511627 
342.340149 288.725586 
85.591255 314.312164 
313.912750 364.059143 
433.457458 240.750488 
505.428192 239.228439 
109.965797 334.865723 
156.084076 236.719162 
469.286804 270.763550 
283.148682 332.445831 
303.078644 183.588104 
142.237366 247.400330 
462.919373 254.995239 
436.342041 250.411713 
253.284683 144.549728 
416.611938 192.561844 
185.139893 330.367493 
268.935791 294.051697 
495.019745 238.501221 
111.264595 358.983551 
210.208527 182.888443 
136.680145 217.683456 
330.808289 213.296997 
241.428619 251.939346 
276.728882 282.550598 
138.847809 219.540527 
471.290375 273.976135 
417.569427 195.231064 
296.286499 294.342834 
296.396271 293.637054 
262.176422 209.362427 
