500
420.224854 228.400513 
417.463348 229.224258 
418.733673 228.432098 
429.653961 221.737976 
430.991577 222.423874 
445.319153 214.910843 
293.835876 265.149780 
442.756683 209.873672 
293.072998 265.480408 
439.715118 206.709900 
440.862640 201.382996 
359.670715 218.735321 
290.602478 264.308136 
432.838196 223.042953 
260.980621 154.895264 
449.728516 207.182205 
412.924469 229.103012 
418.688660 232.780334 
419.208984 232.677444 
440.333740 200.796509 
289.884949 264.094757 
438.998138 200.919327 
444.152191 217.529251 
459.326447 192.087021 
472.971191 192.587036 
476.443207 210.209229 
262.176422 209.362427 
298.079773 265.267181 
167.148773 358.505463 
433.092773 216.191467 
448.348572 216.112732 
168.934311 358.105103 
169.384827 358.093140 
309.284515 185.201736 
234.962738 186.864227 
291.446747 267.140533 
466.145966 207.142761 
224.722977 228.605118 
169.854462 358.218079 
255.216522 236.286880 
409.130341 226.773300 
308.614655 185.569000 
408.516357 227.614761 
475.469971 194.861237 
234.052368 186.844788 
224.234619 228.316132 
227.957962 197.168549 
232.099487 176.402374 
228.482346 229.328751 
314.637177 277.512238 
223.787094 229.705475 
483.046143 210.592773 
436.332794 226.580765 
256.686829 195.607056 
329.787415 241.477295 
441.131744 198.994675 
269.776886 153.949295 
149.909515 241.834595 
407.555786 229.525131 
140.854721 309.947510 
140.876541 309.769440 
236.753830 213.997253 
256.873901 197.485184 
290.013855 307.430389 
336.621826 242.453476 
328.930328 241.075256 
225.340073 191.089798 
24.693386 360.296051 
403.544800 229.720947 
479.391998 207.700485 
406.017578 226.780914 
416.836914 261.113037 
502.595276 214.078186 
480.698212 198.632751 
477.616577 200.449936 
315.020966 176.432098 
478.496979 207.500641 
482.965668 204.144958 
462.919373 254.995239 
237.476105 189.229248 
329.268341 242.898239 
347.521667 214.713257 
315.625214 276.738953 
421.994202 232.669220 
473.226471 191.528610 
482.200562 208.129578 
234.803787 175.577850 
488.659576 197.813354 
495.669281 216.525818 
457.034637 252.933212 
514.521362 215.660385 
263.407043 351.104950 
232.246918 190.523453 
286.095032 188.703186 
476.079529 184.352997 
343.081940 219.674149 
111.264595 358.983551 
453.380463 231.897324 
412.948944 222.443085 
150.424469 245.650299 
327.444763 242.615799 
356.598206 219.583649 
416.237305 261.594849 
306.998871 178.043091 
438.124786 218.982147 
137.205933 234.782486 
459.515350 255.202072 
153.054504 237.520538 
405.744080 231.668915 
434.975006 260.079742 
141.652298 291.536804 
506.246124 213.313507 
479.454834 204.965393 
265.508423 352.481445 
155.033661 227.395874 
429.767059 202.466522 
267.437561 155.548752 
487.472534 199.996902 
144.964645 295.085327 
176.130936 356.870575 
92.356453 349.875519 
438.820221 223.463730 
280.849182 331.136444 
227.807236 177.758682 
374.269623 252.218948 
279.422089 327.707245 
286.379883 307.200012 
106.913246 353.428986 
297.782135 254.489594 
187.810043 343.291260 
180.871384 352.947479 
514.719055 217.582260 
469.046783 193.166885 
262.757385 348.520966 
156.859680 235.825073 
264.771454 210.830200 
135.155243 313.360687 
155.918762 253.701309 
235.760849 192.030594 
287.115387 324.474670 
222.061600 203.756821 
254.931595 151.082367 
129.744049 349.987610 
152.880661 228.374283 
205.847992 344.573761 
232.978027 219.450806 
284.763519 157.767471 
175.119980 357.206207 
304.817841 182.851562 
454.216064 202.652359 
476.886200 185.914627 
225.096817 208.164368 
443.379181 221.279144 
443.335907 220.590134 
313.881561 174.472549 
237.628998 189.552307 
333.177124 248.299347 
286.551636 265.061310 
220.875183 200.060715 
221.469376 200.330612 
498.888885 270.644104 
522.760193 233.210480 
255.229416 208.354950 
254.694489 207.872330 
95.352943 344.733612 
415.893463 206.184464 
479.827209 253.257080 
153.644501 228.653061 
100.939125 353.330231 
460.160126 269.354584 
92.273422 350.610199 
156.084076 236.719162 
334.703094 253.291885 
484.797760 193.085327 
455.625458 219.855743 
223.130936 201.081848 
269.529907 147.077652 
295.694794 169.280807 
225.314331 199.376740 
291.383606 162.534088 
203.799118 346.088409 
426.391754 218.945129 
153.642807 224.463074 
283.830902 336.298309 
482.839203 191.689438 
156.706116 225.918671 
509.031677 208.939148 
105.462227 358.172729 
217.751556 227.601089 
295.071320 272.213715 
154.457703 349.265045 
309.510864 180.676666 
340.629303 239.338165 
265.369873 211.902954 
499.006378 212.602310 
454.966095 201.647659 
499.224030 213.309479 
289.776459 168.517517 
154.168671 254.417450 
310.490570 269.410095 
268.537170 135.985901 
311.350708 187.079361 
334.575378 250.391586 
360.613831 215.802948 
322.310822 238.937820 
159.760101 231.792145 
476.164917 183.115250 
157.158630 355.677551 
162.009460 359.982849 
286.518768 265.854187 
475.863342 253.342041 
483.461273 190.355270 
460.489410 206.868530 
150.315872 225.613251 
222.885727 206.522629 
264.606079 220.402100 
233.639801 219.498215 
385.506989 388.852295 
153.580780 341.965363 
110.230438 355.415344 
449.409027 281.476318 
220.663010 230.949524 
317.251587 280.417633 
339.992523 238.847870 
222.386185 209.696655 
228.275467 335.456573 
373.184052 242.045959 
342.628479 214.159790 
129.971649 350.693451 
485.265594 194.785385 
455.405304 200.519882 
255.727020 155.115356 
256.416321 155.375732 
318.189758 247.388580 
336.078064 263.015656 
227.082504 189.261261 
148.430161 228.970596 
226.979614 225.443069 
145.165100 195.986160 
496.405548 234.997147 
419.711548 201.916061 
400.218170 237.097610 
400.301025 236.820160 
294.632996 205.969742 
223.160675 210.506958 
313.912750 364.059143 
313.149841 261.221497 
228.370865 181.848770 
145.664688 241.999344 
146.209671 242.334015 
224.527985 225.067307 
225.126419 225.204132 
453.532776 219.568619 
275.502258 337.885132 
296.922455 254.368729 
212.991806 206.734222 
291.362885 271.535370 
488.975403 194.954147 
138.488327 237.480957 
422.766235 270.293579 
455.690308 243.086426 
309.483643 345.343719 
229.880875 334.217041 
259.798096 230.915665 
448.063782 223.600327 
17.113176 366.469666 
215.821045 208.454163 
310.554474 263.249756 
216.781448 246.309509 
217.147476 245.951736 
283.415741 335.672760 
495.019745 238.501221 
424.614136 234.329758 
294.626099 208.357193 
131.289047 352.136749 
246.270279 212.751312 
155.845978 353.763550 
144.300552 290.026062 
258.032715 226.228745 
313.052399 175.205338 
142.919678 183.854813 
456.580750 212.277695 
293.725952 207.161118 
347.606354 231.717026 
279.952209 208.148148 
154.629547 249.807922 
447.259308 224.446945 
492.860779 313.468048 
350.660736 218.050522 
488.743103 315.306915 
469.757233 260.276428 
221.067032 207.892120 
267.515167 219.687775 
228.619629 220.204239 
230.992279 228.521759 
243.310181 174.943420 
242.838516 174.708389 
229.090988 193.150406 
311.549316 177.664429 
436.167358 251.901321 
297.323303 272.483673 
457.462158 212.850571 
258.718750 195.151413 
305.376282 330.060059 
271.115631 330.809509 
476.635162 239.344788 
144.116425 308.677673 
452.859650 178.872452 
287.881500 161.794983 
257.983459 224.956467 
136.680145 217.683456 
380.840485 242.874969 
452.379303 210.324860 
229.466095 220.663040 
459.509827 220.808990 
454.004517 197.295837 
454.286255 253.191605 
444.737213 196.528961 
483.727081 309.583801 
491.950867 268.080566 
323.316376 234.207138 
437.175903 191.928864 
214.753464 207.627533 
213.933197 225.113586 
297.370148 166.683060 
337.865631 260.231842 
453.614594 285.089844 
446.061829 239.059998 
330.993652 259.761566 
226.424377 235.928513 
142.273865 183.857239 
144.474930 196.830963 
287.359192 213.404556 
104.891609 358.638428 
318.804321 362.654358 
270.992432 332.340576 
454.443939 274.576538 
271.470917 185.878220 
85.591255 314.312164 
455.863495 279.359741 
313.609283 181.475815 
218.060318 203.691299 
137.697983 307.589325 
237.116135 236.096756 
478.454865 231.517487 
219.839111 206.212524 
338.412262 268.123260 
300.678711 208.521011 
306.162170 185.647842 
268.198914 146.101501 
309.960236 270.835297 
294.072021 253.359009 
332.179413 238.464096 
461.142151 288.183105 
213.365311 227.407654 
475.633148 254.822800 
145.280746 185.281174 
471.862610 210.279297 
267.910004 144.536240 
303.812622 183.273132 
436.453400 252.579132 
518.380188 200.094986 
314.670593 254.929611 
286.990967 214.646515 
156.323822 256.482849 
217.042404 224.995911 
421.939453 258.685944 
316.679932 248.863251 
210.673325 196.873795 
159.728729 234.869476 
228.171692 222.640411 
445.156433 195.985825 
313.334686 180.378937 
217.597763 201.334381 
464.767517 224.417969 
460.244781 269.729584 
154.815536 357.406891 
224.701218 190.437866 
274.593597 330.095123 
310.561890 342.239441 
252.947998 148.655426 
504.181641 296.532776 
137.202728 216.591888 
207.885635 236.283218 
278.889557 208.209000 
484.442871 312.539062 
465.590759 224.269592 
325.691650 259.767059 
256.176941 229.112793 
433.457458 240.750488 
276.389801 329.970612 
170.376114 336.207764 
452.556030 247.821045 
137.601532 238.305222 
138.847809 219.540527 
314.408936 254.384766 
251.949646 196.152786 
268.311707 327.435455 
266.319733 143.737717 
278.191437 204.248642 
160.762009 233.471954 
238.754730 183.500412 
309.479492 341.615753 
447.424133 196.111877 
252.013290 210.896667 
268.604980 226.826324 
230.889572 337.555359 
415.159454 199.998611 
310.917328 258.336853 
272.611298 140.057938 
363.554626 219.903809 
229.187378 193.955307 
147.011581 224.228897 
283.498871 241.902542 
269.474304 217.908569 
484.324890 255.572250 
444.916168 284.736786 
311.194824 213.866119 
241.950378 190.879517 
237.731598 236.824539 
288.658173 221.073166 
269.861572 216.663574 
101.518227 336.428711 
382.352875 243.046265 
288.355774 194.537415 
422.429169 188.994843 
402.895203 236.330093 
137.673386 297.158539 
232.959488 236.529205 
460.109894 223.441711 
280.938660 202.224579 
424.241974 192.043777 
377.041534 242.548264 
307.286835 341.231964 
256.719116 229.286301 
447.103516 193.067688 
402.699066 208.518265 
424.011810 269.842285 
371.782623 241.855392 
183.070358 329.747833 
455.071899 242.241531 
401.723145 209.547394 
342.974915 248.351608 
131.110336 184.489380 
299.567780 272.226105 
272.273346 301.133636 
506.897339 316.366211 
469.155701 214.632385 
480.591888 244.550018 
214.453979 204.319733 
156.980957 348.603424 
157.308762 349.244690 
480.709290 256.877594 
129.929016 346.459656 
416.721466 199.691833 
213.125015 189.625305 
158.360550 227.694397 
128.015717 185.188232 
433.909882 243.415894 
274.851593 187.899124 
264.769409 183.477646 
486.680603 261.664093 
137.835052 298.412201 
359.480835 213.171799 
475.378906 211.698151 
149.768539 287.090668 
311.484467 256.930176 
460.400543 224.241867 
268.575195 299.846069 
245.896713 231.918381 
289.978851 308.051697 
248.803665 210.165375 
233.482452 335.916534 
345.499237 260.967224 
224.376175 182.746857 
444.037384 192.521576 
257.836914 149.130630 
337.346588 264.702881 
309.620239 224.061386 
200.421494 234.215042 
268.431244 181.917816 
271.679596 154.417725 
233.652771 228.438461 
247.427948 235.573318 
453.839996 277.710266 
261.913788 183.216858 
291.150818 273.884705 
467.175232 239.234482 
304.699463 175.289307 
97.904732 344.235321 
315.023590 229.914536 
438.664948 254.334351 
438.886658 253.850357 
291.116333 186.837341 
204.637070 261.988281 
327.860138 261.077789 
339.481628 217.398972 
144.961624 256.759308 
238.560867 182.934814 
336.958557 320.503540 
