500
378.252960 411.017822 
378.252960 411.017822 
342.744385 134.929138 
342.744385 134.929138 
388.862305 397.252197 
384.370758 419.764313 
378.051788 414.421265 
176.358932 58.557346 
359.136932 402.892517 
376.755280 426.645874 
315.025146 164.444885 
359.219391 398.612640 
392.270294 384.898560 
376.755280 426.645874 
335.044800 372.137787 
363.299500 374.304413 
159.195206 49.970432 
360.377594 388.651703 
291.652771 217.325729 
352.494080 410.941956 
351.376404 261.621033 
294.395233 74.063095 
280.525269 165.725311 
360.451691 375.505096 
282.067566 78.693314 
185.076187 121.691116 
284.714142 73.143227 
353.796021 170.711700 
410.670807 169.379974 
360.377594 388.651703 
301.139404 68.644066 
346.718781 353.835205 
291.652771 217.325729 
273.787720 69.899529 
331.848907 153.703049 
190.995346 102.791069 
349.118439 334.054535 
374.415436 409.603607 
339.666321 406.741394 
293.227783 61.842342 
384.260223 212.359543 
237.720779 246.700439 
302.335815 218.961761 
244.352051 252.871750 
324.721466 176.343857 
352.922333 384.332550 
352.922333 384.332550 
352.922333 384.332550 
223.664658 209.871857 
331.430664 152.608688 
197.069885 254.568359 
295.384216 65.632545 
461.510712 180.736267 
461.510712 180.736267 
292.370941 215.517258 
387.122437 201.509460 
287.592651 62.931564 
287.592651 62.931564 
339.824219 177.011826 
352.494080 410.941956 
175.869308 67.406921 
289.511322 72.243217 
299.664642 251.202438 
350.730652 142.114456 
355.480225 259.868286 
288.920227 67.735344 
288.920227 67.735344 
184.821777 118.002617 
384.260223 212.359543 
394.318634 397.649200 
299.664642 251.202438 
339.666321 406.741394 
349.558990 257.664520 
354.718781 419.735718 
377.615997 222.502502 
320.749237 256.889893 
300.342010 63.269901 
355.480225 259.868286 
365.532013 201.027054 
351.944977 427.913330 
395.960052 393.501373 
363.299500 374.304413 
378.929108 349.391205 
190.995346 102.791069 
339.592285 388.857208 
357.330292 362.512390 
362.079926 159.080399 
388.183868 196.870453 
350.730652 142.114456 
211.656647 168.235382 
367.103027 202.805817 
160.466797 65.213127 
314.231476 138.411606 
325.879211 254.037491 
351.866791 253.465546 
344.003052 123.945282 
343.553925 222.481552 
362.079926 159.080399 
223.664658 209.871857 
179.397141 55.407864 
168.583755 63.254597 
387.916138 398.066711 
378.929108 349.391205 
191.488510 100.649994 
377.615997 222.502502 
302.335815 218.961761 
353.796021 170.711700 
278.533447 79.914421 
344.003052 123.945282 
396.360565 342.862701 
350.730652 142.114456 
325.879211 254.037491 
179.490921 61.383732 
356.062134 412.976410 
349.682892 426.575592 
353.980103 207.396637 
375.167297 383.762726 
365.956970 138.160248 
351.318268 165.476242 
353.980103 207.396637 
395.080353 382.962097 
168.583755 63.254597 
356.975769 353.450165 
387.820160 196.262573 
405.686066 169.330551 
320.879761 249.386230 
361.822357 352.434662 
189.859009 94.800163 
334.618286 395.045441 
226.658218 218.810577 
320.879761 249.386230 
361.913483 382.792206 
192.259766 30.107569 
377.685516 394.461304 
353.580872 327.760071 
367.103027 202.805817 
224.916428 213.446426 
317.155487 135.121964 
347.646637 388.374786 
340.754272 402.774109 
347.646637 388.374786 
221.188263 259.862946 
384.260223 212.359543 
222.939255 263.970337 
314.790619 148.207230 
360.377594 388.651703 
220.175735 221.813858 
376.599457 326.366669 
244.352051 252.871750 
382.705688 390.992157 
387.122437 201.509460 
332.826294 373.817108 
219.140045 176.733948 
359.648071 340.046448 
363.247803 356.203125 
354.933533 427.589783 
334.112091 358.759979 
382.069427 352.073425 
273.787720 69.899529 
375.167297 383.762726 
358.696594 409.092590 
353.796021 170.711700 
393.550537 380.258392 
378.563782 201.469238 
365.953217 361.351868 
362.214966 359.953766 
362.214966 359.953766 
352.502014 127.798195 
297.750153 61.661617 
370.445435 354.804932 
317.155487 135.121964 
384.710114 397.670013 
179.515976 37.914089 
364.827576 369.551331 
382.069427 352.073425 
193.268326 100.412178 
315.927612 388.832947 
315.927612 388.832947 
318.886627 250.094025 
350.751282 194.903030 
401.664001 382.757904 
360.848175 361.823151 
362.776306 209.408508 
362.776306 209.408508 
324.721466 176.343857 
395.080353 382.962097 
302.432465 347.887085 
292.370941 215.517258 
189.587616 354.827148 
236.569214 211.411835 
353.526764 250.700546 
181.062073 252.799011 
344.366699 341.366180 
181.881775 32.872654 
181.881775 32.872654 
363.468689 373.486877 
360.377594 388.651703 
370.890106 314.589661 
319.470367 331.426636 
353.969482 256.973480 
389.478729 383.252014 
366.523773 157.121277 
232.869659 211.586578 
326.844513 358.412781 
326.844513 358.412781 
361.913483 382.792206 
348.259399 274.146912 
364.827576 369.551331 
316.127319 382.132324 
335.532562 398.409943 
354.718781 419.735718 
294.395233 74.063095 
347.271210 359.945190 
379.235046 216.806152 
333.684204 130.796371 
395.080353 382.962097 
298.020264 379.811676 
315.564789 269.643280 
395.040192 344.137390 
308.252960 165.692734 
240.412491 254.138306 
317.688629 135.648956 
298.233551 369.725281 
366.299194 162.475067 
349.682892 426.575592 
334.618286 395.045441 
179.397141 55.407864 
391.388794 367.298981 
366.523773 157.121277 
220.175735 221.813858 
353.792847 351.754974 
370.615051 328.047577 
336.796722 137.457901 
347.271210 359.945190 
391.407501 349.162415 
323.910675 263.179260 
395.043549 190.518646 
169.898819 53.373039 
343.929352 193.140610 
362.079926 159.080399 
348.718292 124.536865 
347.681427 117.275787 
213.299545 25.950180 
316.127319 382.132324 
211.656647 168.235382 
361.494415 150.607941 
338.006683 395.214630 
377.685516 394.461304 
352.502014 127.798195 
296.127411 138.748276 
296.127411 138.748276 
410.565491 175.394745 
377.097168 372.230896 
342.744385 134.929138 
301.925476 75.661484 
425.813599 183.425278 
363.468689 373.486877 
205.705307 112.010223 
360.294342 346.887024 
205.646057 163.643982 
342.295898 202.053726 
336.785950 352.456573 
188.388290 99.171349 
188.388290 99.171349 
324.305695 252.414917 
348.259399 274.146912 
177.650345 63.572609 
381.913879 332.509735 
355.822510 132.646332 
366.993134 386.441254 
333.449493 403.461517 
365.953217 361.351868 
375.167297 383.762726 
239.559326 258.283539 
278.533447 79.914421 
367.604523 328.439423 
314.790619 148.207230 
393.160217 168.949402 
397.036713 187.362595 
165.767151 46.834293 
382.462250 378.467377 
347.646637 388.374786 
360.848175 361.823151 
349.118439 334.054535 
278.533447 79.914421 
382.183319 365.895721 
348.088776 258.244598 
385.467529 356.580322 
343.308075 398.488647 
371.045807 152.179932 
371.045807 152.179932 
378.563782 201.469238 
377.685516 394.461304 
364.827576 369.551331 
395.664642 178.742416 
348.185883 207.771103 
347.271210 359.945190 
395.664642 178.742416 
359.185211 339.429565 
359.185211 339.429565 
324.721466 176.343857 
397.796967 387.512817 
397.796967 387.512817 
342.295898 202.053726 
198.182617 342.783020 
357.963623 372.867432 
164.896271 373.423645 
361.494415 150.607941 
193.268326 100.412178 
385.467529 356.580322 
317.688629 135.648956 
357.963623 372.867432 
388.529053 189.466019 
370.890106 314.589661 
322.158936 234.546936 
322.158936 234.546936 
165.761810 56.154587 
382.183319 365.895721 
357.963623 372.867432 
387.731476 333.881592 
330.765137 387.154541 
410.565491 175.394745 
315.927612 388.832947 
365.899628 373.237457 
377.615997 222.502502 
189.859009 94.800163 
378.789795 402.272980 
400.908081 343.353760 
347.681427 117.275787 
334.685242 356.294830 
360.848175 361.823151 
315.564789 269.643280 
376.599457 326.366669 
330.765137 387.154541 
303.313843 78.482643 
349.540497 246.055771 
375.833252 383.994019 
404.299774 383.473541 
331.430664 152.608688 
348.088776 258.244598 
388.527924 352.330078 
387.731476 333.881592 
315.259888 136.086151 
332.093506 352.053650 
313.806274 251.508881 
359.710083 379.911285 
402.383911 359.434387 
188.174026 94.919464 
307.571869 377.598236 
302.335815 218.961761 
352.279999 272.091400 
318.543091 231.918869 
301.925476 75.661484 
339.281830 351.744446 
386.461548 401.044708 
339.866150 328.718750 
314.790619 148.207230 
351.944977 427.913330 
301.139404 68.644066 
353.796021 170.711700 
179.515976 37.914089 
346.485657 121.417068 
342.295898 202.053726 
397.036713 187.362595 
241.252792 271.019379 
352.656250 393.937622 
374.376343 316.920105 
353.980103 207.396637 
354.872498 365.389954 
402.264954 346.346619 
405.686066 169.330551 
321.945465 242.610291 
399.116974 361.366486 
302.599854 72.694534 
400.881134 358.966187 
309.734955 296.368256 
396.618073 174.930740 
393.893158 404.807190 
284.064087 67.501442 
362.525177 139.714035 
347.271210 359.945190 
388.861511 387.729401 
152.372055 122.192581 
347.271210 359.945190 
360.770111 328.222992 
307.571869 377.598236 
219.044373 251.955887 
334.685242 356.294830 
315.025146 164.444885 
335.014252 127.096191 
301.925476 75.661484 
410.670807 169.379974 
218.997192 217.890976 
301.420563 79.356369 
167.977325 426.223602 
385.539642 204.572617 
181.062073 252.799011 
321.753784 273.864471 
321.753784 273.864471 
394.017029 172.515305 
356.627747 347.910889 
392.505676 330.920593 
320.728333 266.126617 
356.627747 347.910889 
356.627747 347.910889 
177.650345 63.572609 
172.357056 425.964020 
189.587616 354.827148 
315.025146 164.444885 
366.299194 162.475067 
356.861267 344.044952 
175.869308 67.406921 
371.749512 149.026321 
344.749359 335.965607 
396.360565 342.862701 
360.770111 328.222992 
402.728821 156.439545 
380.997559 230.899231 
352.597137 364.083832 
198.576416 161.421143 
377.097168 372.230896 
361.494415 150.607941 
362.325165 272.116364 
315.025146 164.444885 
363.247803 356.203125 
398.852081 370.478271 
306.860077 64.143585 
348.287140 393.283569 
392.270294 384.898560 
247.812225 222.653015 
378.252960 411.017822 
355.597046 200.655426 
359.185211 339.429565 
384.260223 212.359543 
222.939255 263.970337 
361.494965 133.530945 
349.909393 336.484161 
319.133392 159.544846 
383.040283 232.105881 
315.025146 164.444885 
104.951485 133.257889 
405.686066 169.330551 
316.537994 338.464661 
348.185883 207.771103 
342.265076 408.789337 
353.792847 351.754974 
355.985077 344.004700 
314.790619 148.207230 
386.357239 387.777618 
359.185211 339.429565 
244.622940 269.971069 
236.569214 211.411835 
352.688690 114.901688 
395.278015 358.054260 
387.895996 356.866943 
219.140045 176.733948 
347.734039 124.431847 
354.540344 215.908356 
315.564789 269.643280 
355.985077 344.004700 
347.213715 207.653854 
371.438232 381.693359 
278.533447 79.914421 
269.601746 362.929138 
376.599457 326.366669 
176.671616 88.039360 
131.620789 354.957397 
393.160217 168.949402 
308.793091 57.472389 
356.147888 427.254486 
299.664642 251.202438 
384.370758 419.764313 
355.513824 341.967773 
411.684998 392.499542 
362.483124 133.795944 
338.387207 377.346558 
355.597046 200.655426 
315.025146 164.444885 
331.544037 199.816620 
379.235046 216.806152 
183.746552 103.161369 
382.462250 378.467377 
318.224304 274.120178 
371.438232 381.693359 
334.542786 240.953812 
318.224304 274.120178 
395.960052 393.501373 
189.998047 44.342968 
99.319382 105.254059 
343.689575 322.597626 
355.985077 344.004700 
410.565491 175.394745 
377.097168 372.230896 
152.372055 122.192581 
402.642853 157.552429 
378.563782 201.469238 
188.174026 94.919464 
399.141693 341.074554 
338.387207 377.346558 
353.845703 407.035492 
