500
502.595276 214.078186 
293.725952 207.161118 
514.719055 217.582260 
145.664688 241.999344 
146.209671 242.334015 
220.875183 200.060715 
221.469376 200.330612 
289.776459 168.517517 
499.006378 212.602310 
499.224030 213.309479 
296.922455 254.368729 
455.690308 243.086426 
310.490570 269.410095 
112.247520 331.191132 
118.771545 360.176239 
149.909515 241.834595 
494.158020 238.724655 
309.960236 270.835297 
460.109894 223.441711 
484.797760 193.085327 
487.472534 199.996902 
488.975403 194.954147 
175.119980 357.206207 
459.509827 220.808990 
256.686829 195.607056 
138.114975 340.015991 
217.597763 201.334381 
251.569397 330.376740 
455.071899 242.241531 
257.983459 224.956467 
146.605087 251.137436 
167.148773 358.505463 
291.383606 162.534088 
167.856125 339.465454 
454.447449 243.365128 
514.521362 215.660385 
298.064026 193.100067 
297.512817 193.124481 
118.079704 360.485474 
229.187378 193.955307 
275.502258 337.885132 
471.390228 217.741226 
283.830902 336.298309 
495.019745 238.501221 
342.628479 214.159790 
222.885727 206.522629 
311.756226 322.241821 
227.807236 177.758682 
293.835876 265.149780 
460.400543 224.241867 
218.060318 203.691299 
292.807129 200.391083 
420.224854 228.400513 
340.748169 206.664093 
229.090988 193.150406 
258.718750 195.151413 
293.072998 265.480408 
294.626099 208.357193 
356.598206 219.583649 
264.771454 210.830200 
288.355774 194.537415 
115.265945 347.821259 
290.602478 264.308136 
295.694794 169.280807 
507.156189 241.176178 
285.440918 326.812775 
294.897858 201.270309 
163.547180 348.080933 
460.160126 269.354584 
278.889557 208.209000 
253.056992 329.753937 
277.151093 321.404083 
438.820221 223.463730 
229.199844 195.374512 
455.625458 219.855743 
453.532776 219.568619 
125.238510 351.726929 
462.194031 233.512207 
141.847855 232.789413 
245.896713 231.918381 
400.891785 205.119644 
452.556030 247.821045 
92.858292 341.317688 
93.249245 340.766693 
256.873901 197.485184 
487.734802 230.163132 
271.115631 330.809509 
346.718689 208.824356 
119.344109 367.901917 
280.938660 202.224579 
446.061829 239.059998 
472.622803 248.342728 
359.670715 218.735321 
117.246025 350.705475 
448.348572 216.112732 
408.516357 227.614761 
97.904732 344.235321 
475.633148 254.822800 
473.876984 226.937515 
148.502716 355.251404 
309.510864 180.676666 
509.031677 208.939148 
174.563416 330.416473 
237.628998 189.552307 
283.415741 335.672760 
336.647644 210.054214 
270.992432 332.340576 
325.141846 227.763016 
475.863342 253.342041 
484.324890 255.572250 
288.636597 165.905716 
342.228333 213.336273 
248.242371 331.843353 
454.286255 253.191605 
180.871384 352.947479 
453.839996 277.710266 
268.198914 146.101501 
144.072876 234.656677 
105.462227 358.172729 
282.158936 164.509048 
219.839111 206.212524 
279.952209 208.148148 
294.632996 205.969742 
297.370148 166.683060 
409.130341 226.773300 
474.284607 227.762741 
291.507111 189.882538 
480.709290 256.877594 
428.048187 186.232880 
146.427399 253.477539 
442.756683 209.873672 
480.698212 198.632751 
229.387512 340.233215 
297.782135 254.489594 
346.210571 209.843353 
323.407074 183.852219 
280.849182 331.136444 
444.916168 284.736786 
473.180206 233.610489 
289.654449 165.507187 
85.591255 314.312164 
227.957962 197.168549 
491.947266 231.499207 
162.009460 359.982849 
272.651001 143.708038 
235.760849 192.030594 
338.360077 211.904373 
472.971191 192.587036 
322.310822 238.937820 
168.934311 358.105103 
169.384827 358.093140 
228.482346 229.328751 
385.506989 388.852295 
249.066437 184.639572 
246.188156 181.979462 
267.910004 144.536240 
473.226471 191.528610 
423.488770 190.728790 
216.781448 246.309509 
217.147476 245.951736 
475.469971 194.861237 
460.244781 269.729584 
480.371521 260.497803 
213.125015 189.625305 
289.884949 264.094757 
256.544312 221.066711 
506.246124 213.313507 
465.665558 270.771729 
465.853638 271.246643 
153.054504 237.520538 
277.118378 319.964813 
174.991211 351.859558 
477.616577 200.449936 
334.189667 207.894043 
477.390442 227.550339 
283.885529 217.539230 
444.037384 192.521576 
477.733826 228.211914 
283.148682 332.445831 
457.462158 212.850571 
95.085289 324.914062 
313.609283 181.475815 
238.754730 183.500412 
402.649292 259.199219 
482.965668 204.144958 
472.706482 219.916321 
418.733673 228.432098 
290.416107 188.581863 
469.046783 193.166885 
479.827209 253.257080 
426.391754 218.945129 
258.032715 226.228745 
452.379303 210.324860 
246.267273 187.612473 
511.662964 242.092026 
284.763519 157.767471 
145.217224 246.788361 
482.839203 191.689438 
237.476105 189.229248 
266.267609 139.225967 
265.369873 211.902954 
273.790741 155.310440 
401.303070 220.344070 
228.275467 335.456573 
248.387451 184.722076 
238.560867 182.934814 
422.419647 213.563156 
243.263123 327.784302 
445.319153 214.910843 
433.092773 216.191467 
491.574768 247.817764 
327.444763 242.615799 
415.893463 206.184464 
94.874336 317.723511 
94.989006 317.818146 
271.679596 154.417725 
291.116333 186.837341 
296.289185 198.740112 
440.915924 189.734283 
171.678482 340.813751 
454.004517 197.295837 
415.594452 209.087570 
471.837097 238.041641 
464.767517 224.417969 
94.999809 317.161133 
456.580750 212.277695 
223.130936 201.081848 
110.230438 355.415344 
450.449097 228.160751 
450.497864 227.566467 
329.268341 242.898239 
438.664948 254.334351 
438.886658 253.850357 
483.461273 190.355270 
266.319733 143.737717 
294.072021 253.359009 
455.863495 279.359741 
424.241974 192.043777 
465.590759 224.269592 
467.175232 239.234482 
144.957062 354.162292 
472.496033 238.946793 
477.420166 250.447815 
417.463348 229.224258 
348.103546 250.020752 
116.228767 346.046112 
157.871841 343.858063 
237.224060 182.103546 
246.308411 239.274460 
341.082001 237.221695 
140.668793 240.606125 
140.515274 241.248611 
432.838196 223.042953 
512.354248 245.743256 
436.563263 178.632843 
215.882553 188.698410 
90.779564 329.365723 
460.693756 221.403214 
460.952057 221.133881 
119.859894 347.173370 
373.795227 256.703033 
306.978546 214.078522 
140.137543 235.660950 
222.061600 203.756821 
238.871078 327.525055 
447.103516 193.067688 
455.405304 200.519882 
281.572968 155.270935 
153.580780 341.965363 
441.131744 198.994675 
230.889572 337.555359 
278.191437 204.248642 
225.096817 208.164368 
436.332794 226.580765 
336.621826 242.453476 
328.930328 241.075256 
476.079529 184.352997 
487.824249 229.451370 
449.409027 281.476318 
215.607285 191.404312 
321.196320 175.709213 
247.427948 235.573318 
525.083252 236.773621 
264.181122 232.427567 
306.162170 185.647842 
93.125542 312.620483 
92.511772 313.093292 
476.635162 239.344788 
265.331665 230.575470 
77.436989 319.977417 
421.994202 232.669220 
453.380463 231.897324 
284.338959 220.687485 
278.460114 209.986755 
416.611938 192.561844 
407.555786 229.525131 
215.821045 208.454163 
476.886200 185.914627 
313.334686 180.378937 
329.787415 241.477295 
454.216064 202.652359 
124.073280 358.581329 
392.253265 390.279602 
280.945648 155.612823 
224.722977 228.605118 
514.523560 245.769791 
153.644501 228.653061 
228.370865 181.848770 
433.909882 243.415894 
454.966095 201.647659 
424.614136 234.329758 
138.607513 336.808472 
223.787094 229.705475 
267.652130 136.707382 
463.117126 220.887161 
248.618805 179.863693 
200.725677 190.824982 
287.038086 201.001633 
201.351746 190.961014 
497.624939 183.065628 
497.624939 183.065628 
454.443939 274.576538 
169.854462 358.218079 
429.767059 202.466522 
469.780518 233.442810 
478.454865 231.517487 
462.495209 187.076187 
247.075500 177.787308 
491.950867 268.080566 
269.776886 153.949295 
160.453491 226.985352 
440.333740 200.796509 
424.107605 388.581940 
418.688660 232.780334 
443.379181 221.279144 
419.208984 232.677444 
443.335907 220.590134 
476.164917 183.115250 
217.751556 227.601089 
303.150879 202.586456 
438.998138 200.919327 
440.862640 201.382996 
243.310181 174.943420 
242.838516 174.708389 
233.639801 219.498215 
269.529907 147.077652 
136.680145 217.683456 
350.660736 218.050522 
409.789520 256.887695 
409.823242 257.302277 
347.521667 214.713257 
509.712402 256.410950 
416.711823 193.745270 
159.069122 344.441101 
304.817841 182.851562 
422.766235 270.293579 
154.274841 239.087433 
429.653961 221.737976 
469.019379 211.364059 
469.286804 270.763550 
225.340073 191.089798 
468.920044 233.207108 
468.996887 233.351181 
311.918945 241.095154 
469.757233 260.276428 
217.042404 224.995911 
156.980957 348.603424 
157.308762 349.244690 
349.027679 250.185608 
241.950378 190.879517 
452.242096 180.824448 
155.960251 348.822083 
436.197662 185.156250 
62.557743 306.039185 
439.715118 206.709900 
449.728516 207.182205 
480.066711 231.884491 
445.156433 195.985825 
452.510681 184.218277 
247.564331 178.685577 
429.029053 222.890533 
471.862610 210.279297 
430.991577 222.423874 
457.034637 252.933212 
256.433777 192.976257 
405.495544 200.001221 
248.764053 236.464432 
406.017578 226.780914 
427.357513 267.696564 
232.978027 219.450806 
444.737213 196.528961 
315.625214 276.738953 
450.317719 186.563080 
155.033661 227.395874 
138.847809 219.540527 
459.326447 192.087021 
99.478806 340.212189 
213.365311 227.407654 
251.949646 196.152786 
287.359192 213.404556 
127.435326 347.889587 
147.824829 283.118835 
451.627289 182.800873 
111.264595 358.983551 
303.812622 183.273132 
405.744080 231.668915 
426.187927 267.344818 
428.754822 181.767380 
394.972443 222.497009 
318.480774 186.504791 
438.124786 218.982147 
433.457458 240.750488 
472.969604 189.549072 
159.760101 231.792145 
287.656708 201.396912 
221.067032 207.892120 
213.933197 225.113586 
322.777039 177.062225 
287.646698 109.720177 
277.954132 316.842102 
412.924469 229.103012 
141.853683 357.794373 
314.637177 277.512238 
453.614594 285.089844 
267.437561 155.548752 
482.200562 208.129578 
310.561890 342.239441 
296.601868 175.862061 
297.222382 175.518295 
480.591888 244.550018 
485.265594 194.785385 
469.155701 214.632385 
424.011810 269.842285 
501.057495 237.635727 
339.481628 217.398972 
170.376114 336.207764 
363.554626 219.903809 
275.589874 141.828827 
519.484314 249.740601 
253.284683 144.549728 
447.424133 196.111877 
416.611420 212.894913 
232.246918 190.523453 
444.152191 217.529251 
348.100433 245.838837 
162.336136 228.539398 
268.575195 299.846069 
314.019531 217.237885 
277.358643 318.034393 
485.245789 248.577927 
496.405548 234.997147 
315.344543 216.925217 
320.902466 172.533096 
158.360550 227.694397 
203.799118 346.088409 
483.702820 229.438843 
51.253273 306.947327 
269.632599 301.751648 
522.760193 233.210480 
224.701218 190.437866 
272.933868 301.257568 
498.888885 270.644104 
174.743668 347.517303 
287.565002 212.162613 
218.976822 235.717819 
511.643127 241.435455 
440.225250 235.719254 
486.680603 261.664093 
374.269623 252.218948 
521.098816 436.673004 
234.962738 186.864227 
154.457703 349.265045 
324.450684 176.054520 
95.352943 344.733612 
350.093262 251.765533 
311.098297 278.970520 
303.078644 183.588104 
475.378906 211.698151 
205.847992 344.573761 
426.586975 244.672531 
266.322754 229.384552 
462.919373 254.995239 
152.880661 228.374283 
227.082504 189.261261 
247.157379 326.726929 
495.669281 216.525818 
466.145966 207.142761 
160.369324 344.687012 
344.504150 244.966599 
287.064056 90.533890 
287.086761 90.585007 
438.222473 312.612915 
332.179413 238.464096 
268.537170 135.985901 
461.142151 288.183105 
416.836914 261.113037 
415.355957 212.548492 
452.859650 178.872452 
469.825623 224.688889 
230.992279 228.521759 
