500
118.079704 360.485474 
118.771545 360.176239 
17.113176 366.469666 
420.224854 228.400513 
283.830902 336.298309 
168.934311 358.105103 
169.384827 358.093140 
418.733673 228.432098 
246.308411 239.274460 
412.924469 229.103012 
440.333740 200.796509 
483.046143 210.592773 
440.862640 201.382996 
264.771454 210.830200 
438.998138 200.919327 
163.547180 348.080933 
457.034637 252.933212 
417.463348 229.224258 
106.913246 353.428986 
110.230438 355.415344 
293.072998 265.480408 
298.064026 193.100067 
297.512817 193.124481 
290.013855 307.430389 
359.670715 218.735321 
290.602478 264.308136 
244.346237 339.794830 
429.653961 221.737976 
233.482452 335.916534 
291.446747 267.140533 
105.602036 366.053406 
412.948944 222.443085 
150.424469 245.650299 
141.652298 291.536804 
433.092773 216.191467 
169.854462 358.218079 
263.407043 351.104950 
439.715118 206.709900 
293.835876 265.149780 
262.176422 209.362427 
224.234619 228.316132 
226.424377 235.928513 
424.614136 234.329758 
416.237305 261.594849 
475.469971 194.861237 
92.356453 349.875519 
289.884949 264.094757 
92.273422 350.610199 
283.415741 335.672760 
100.939125 353.330231 
314.637177 277.512238 
265.508423 352.481445 
459.326447 192.087021 
422.766235 270.293579 
429.767059 202.466522 
442.756683 209.873672 
224.722977 228.605118 
162.009460 359.982849 
482.200562 208.129578 
485.265594 194.785385 
430.991577 222.423874 
347.521667 214.713257 
429.029053 222.890533 
447.424133 196.111877 
280.485474 314.904236 
309.284515 185.201736 
479.391998 207.700485 
327.444763 242.615799 
272.651001 143.708038 
94.124992 358.003601 
502.595276 214.078186 
336.621826 242.453476 
472.971191 192.587036 
328.930328 241.075256 
432.838196 223.042953 
477.616577 200.449936 
187.810043 343.291260 
264.564087 283.646912 
223.787094 229.705475 
416.836914 261.113037 
105.462227 358.172729 
119.859894 347.173370 
334.703094 253.291885 
230.889572 337.555359 
291.507111 189.882538 
122.902138 341.897552 
313.912750 364.059143 
228.482346 229.328751 
329.787415 241.477295 
444.737213 196.528961 
308.614655 185.569000 
296.922455 254.368729 
445.319153 214.910843 
129.971649 350.693451 
445.156433 195.985825 
454.966095 201.647659 
265.369873 211.902954 
300.208954 338.536713 
24.693386 360.296051 
257.983459 224.956467 
176.130936 356.870575 
454.216064 202.652359 
238.871078 327.525055 
148.502716 355.251404 
476.443207 210.209229 
421.994202 232.669220 
185.139893 330.367493 
418.688660 232.780334 
419.208984 232.677444 
232.099487 176.402374 
427.357513 267.696564 
262.757385 348.520966 
405.744080 231.668915 
275.489380 206.318069 
277.118378 319.964813 
236.753830 213.997253 
124.073280 358.581329 
258.032715 226.228745 
154.815536 357.406891 
266.319733 143.737717 
339.992523 238.847870 
227.957962 197.168549 
140.854721 309.947510 
140.876541 309.769440 
479.454834 204.965393 
455.405304 200.519882 
300.392975 338.348663 
131.289047 352.136749 
478.496979 207.500641 
495.669281 216.525818 
426.187927 267.344818 
229.880875 334.217041 
238.754730 183.500412 
175.119980 357.206207 
449.728516 207.182205 
454.286255 253.191605 
318.804321 362.654358 
441.131744 198.994675 
151.637482 258.556854 
247.427948 235.573318 
496.405548 234.997147 
466.145966 207.142761 
286.379883 307.200012 
444.152191 217.529251 
256.686829 195.607056 
304.817841 182.851562 
294.072021 253.359009 
104.891609 358.638428 
506.246124 213.313507 
246.267273 187.612473 
111.264595 358.983551 
259.798096 230.915665 
277.954132 316.842102 
264.210205 283.782379 
275.502258 337.885132 
514.719055 217.582260 
228.275467 335.456573 
476.079529 184.352997 
334.575378 250.391586 
322.303009 341.533569 
149.909515 241.834595 
256.873901 197.485184 
290.416107 188.581863 
129.744049 349.987610 
480.698212 198.632751 
424.011810 269.842285 
403.544800 229.720947 
277.358643 318.034393 
266.480011 281.557129 
447.103516 193.067688 
153.580780 341.965363 
340.629303 239.338165 
349.419922 337.304108 
216.781448 246.309509 
217.147476 245.951736 
95.352943 344.733612 
310.561890 342.239441 
234.052368 186.844788 
234.962738 186.864227 
329.268341 242.898239 
482.965668 204.144958 
407.555786 229.525131 
225.340073 191.089798 
295.694794 169.280807 
356.598206 219.583649 
228.370865 181.848770 
144.957062 354.162292 
238.560867 182.934814 
144.300552 290.026062 
298.077087 336.358917 
350.660736 218.050522 
454.004517 197.295837 
416.611938 192.561844 
141.853683 357.794373 
286.095032 188.703186 
264.606079 220.402100 
270.992432 332.340576 
144.964645 295.085327 
323.316376 234.207138 
499.867218 298.485077 
277.151093 321.404083 
248.764053 236.464432 
174.991211 351.859558 
487.472534 199.996902 
309.483643 345.343719 
287.881500 161.794983 
322.310822 238.937820 
227.807236 177.758682 
505.428192 239.228439 
473.226471 191.528610 
488.743103 315.306915 
203.799118 346.088409 
145.165100 195.986160 
347.606354 231.717026 
294.505798 190.120422 
415.355957 212.548492 
437.175903 191.928864 
297.370148 166.683060 
224.495041 238.912521 
144.474930 196.830963 
488.975403 194.954147 
444.037384 192.521576 
248.617050 164.803467 
469.046783 193.166885 
151.889145 259.686157 
409.130341 226.773300 
495.019745 238.501221 
142.237366 247.400330 
426.391754 218.945129 
307.286835 341.231964 
408.516357 227.614761 
343.081940 219.674149 
504.181641 296.532776 
465.590759 224.269592 
491.947266 231.499207 
96.997047 337.415680 
157.158630 355.677551 
438.124786 218.982147 
492.143829 193.491501 
416.711823 193.745270 
254.931595 151.082367 
485.245789 248.577927 
309.479492 341.615753 
326.548431 341.158569 
154.629547 249.807922 
183.070358 329.747833 
271.115631 330.809509 
315.625214 276.738953 
115.265945 347.821259 
234.803787 175.577850 
229.387512 340.233215 
296.289185 198.740112 
459.515350 255.202072 
464.767517 224.417969 
205.847992 344.573761 
440.915924 189.734283 
438.820221 223.463730 
409.789520 256.887695 
409.823242 257.302277 
416.611420 212.894913 
406.017578 226.780914 
214.753464 207.627533 
286.551636 265.061310 
162.336136 228.539398 
131.110336 184.489380 
488.659576 197.813354 
309.510864 180.676666 
217.751556 227.601089 
248.577560 164.029572 
162.561829 344.678345 
224.376175 182.746857 
322.834015 336.758362 
317.251587 280.417633 
313.609283 181.475815 
289.978851 308.051697 
373.184052 242.045959 
222.061600 203.756821 
237.476105 189.229248 
222.881027 182.005325 
498.542267 299.490753 
400.218170 237.097610 
400.301025 236.820160 
436.453400 252.579132 
167.148773 358.505463 
156.720322 248.124557 
408.675995 257.622620 
457.462158 212.850571 
263.372101 158.847198 
145.829193 188.398727 
286.518768 265.854187 
501.057495 237.635727 
291.383606 162.534088 
267.437561 155.548752 
448.348572 216.112732 
215.821045 208.454163 
476.164917 183.115250 
237.705139 214.002701 
318.189758 247.388580 
415.893463 206.184464 
119.132904 346.044434 
155.918762 253.701309 
436.167358 251.901321 
241.950378 190.879517 
225.314331 199.376740 
137.205933 234.782486 
210.208527 182.888443 
419.711548 201.916061 
306.998871 178.043091 
144.116425 308.677673 
280.938660 202.224579 
266.322754 229.384552 
456.580750 212.277695 
164.439911 344.420197 
336.958557 320.503540 
232.246918 190.523453 
434.975006 260.079742 
117.246025 350.705475 
313.334686 180.378937 
237.224060 182.103546 
511.643127 241.435455 
221.606827 181.985123 
469.825623 224.688889 
97.632317 337.033020 
156.859680 235.825073 
255.216522 236.286880 
243.263123 327.784302 
158.394821 248.543594 
321.234406 336.869720 
276.665527 206.636459 
453.380463 231.897324 
235.760849 192.030594 
153.054504 237.520538 
160.369324 344.687012 
145.280746 185.281174 
237.628998 189.552307 
336.078064 263.015656 
415.594452 209.087570 
123.327278 345.838806 
509.031677 208.939148 
224.527985 225.067307 
225.126419 225.204132 
476.886200 185.914627 
287.565002 212.162613 
226.979614 225.443069 
332.179413 238.464096 
299.982300 200.260117 
351.623840 316.110077 
330.993652 259.761566 
313.881561 174.472549 
135.155243 313.360687 
428.048187 186.232880 
268.537170 135.985901 
499.006378 212.602310 
499.224030 213.309479 
257.836914 149.130630 
507.156189 241.176178 
438.664948 254.334351 
438.886658 253.850357 
240.558456 324.375427 
263.127136 157.795364 
153.644501 228.653061 
294.516113 328.503479 
295.222595 329.218628 
294.897858 201.270309 
305.376282 330.060059 
374.269623 252.218948 
155.033661 227.395874 
256.950317 148.536880 
152.880661 228.374283 
212.991806 206.734222 
255.229416 208.354950 
254.694489 207.872330 
330.808289 213.296997 
401.303070 220.344070 
436.332794 226.580765 
348.100433 245.838837 
232.978027 219.450806 
311.549316 177.664429 
452.379303 210.324860 
148.430161 228.970596 
128.015717 185.188232 
402.895203 236.330093 
462.919373 254.995239 
298.079773 265.267181 
154.457703 349.265045 
514.521362 215.660385 
291.116333 186.837341 
478.454865 231.517487 
482.839203 191.689438 
491.574768 247.817764 
256.719116 229.286301 
200.725677 190.824982 
201.351746 190.961014 
154.168671 254.417450 
306.162170 185.647842 
311.350708 187.079361 
125.238510 351.726929 
443.379181 221.279144 
443.335907 220.590134 
299.771942 169.073502 
342.974915 248.351608 
421.939453 258.685944 
155.845978 353.763550 
282.265472 334.434967 
405.927979 207.468094 
213.365311 227.407654 
156.084076 236.719162 
511.662964 242.092026 
97.904732 344.235321 
303.812622 183.273132 
147.688766 183.587692 
258.718750 195.151413 
249.569305 172.178528 
214.453979 204.319733 
159.760101 231.792145 
142.919678 183.854813 
480.977509 362.270782 
452.859650 178.872452 
217.042404 224.995911 
337.865631 260.231842 
170.376114 336.207764 
483.461273 190.355270 
138.488327 237.480957 
228.619629 220.204239 
227.082504 189.261261 
147.502335 183.423813 
112.857353 338.819275 
455.690308 243.086426 
424.241974 192.043777 
180.871384 352.947479 
485.523224 177.531418 
243.310181 174.943420 
242.838516 174.708389 
146.678329 188.414856 
231.685883 244.387527 
158.360550 227.694397 
153.642807 224.463074 
220.663010 230.949524 
156.777344 244.678955 
484.797760 193.085327 
278.191437 204.248642 
455.625458 219.855743 
233.639801 219.498215 
333.177124 248.299347 
480.066711 231.884491 
337.145081 324.055054 
228.171692 222.640411 
142.273865 183.857239 
210.673325 196.873795 
154.279572 259.523224 
271.828430 310.610199 
267.515167 219.687775 
268.198914 146.101501 
291.362885 271.535370 
316.679932 248.863251 
269.529907 147.077652 
122.618179 346.934601 
160.453491 226.985352 
232.409409 236.586685 
162.029678 340.988892 
149.352554 183.643234 
101.518227 336.428711 
342.628479 214.159790 
472.887054 175.807159 
213.933197 225.113586 
246.270279 212.751312 
296.066162 303.153595 
99.478806 340.212189 
217.597763 201.334381 
144.961624 256.759308 
469.155701 214.632385 
218.875992 251.322815 
310.490570 269.410095 
224.616959 346.472870 
522.760193 233.210480 
483.727081 309.583801 
407.924438 201.230774 
143.413666 229.467377 
141.537201 229.929520 
338.412262 268.123260 
159.728729 234.869476 
460.489410 206.868530 
294.179779 329.880615 
229.466095 220.663040 
137.697983 307.589325 
136.856613 293.629425 
437.614716 186.050339 
137.673386 297.158539 
359.480835 213.171799 
223.130936 201.081848 
129.929016 346.459656 
116.228767 346.046112 
220.875183 200.060715 
221.469376 200.330612 
156.323822 256.482849 
265.331665 230.575470 
413.988464 190.716995 
156.706116 225.918671 
267.910004 144.536240 
455.071899 242.241531 
