972
284.196289 290.746002 
307.868073 291.564667 
306.898315 394.181274 
299.891266 273.301971 
279.536530 309.977814 
296.983307 299.377960 
306.225433 392.591736 
497.960602 319.288025 
200.349869 341.997925 
304.187744 316.231110 
299.891266 273.301971 
311.392944 319.073822 
313.652863 289.892731 
311.392944 319.073822 
491.098480 315.243927 
310.414185 333.807922 
306.351135 386.052917 
279.536530 309.977814 
497.960602 319.288025 
293.109009 304.958923 
184.279602 397.881317 
423.212524 316.867188 
184.279602 397.881317 
491.098480 315.243927 
410.714691 307.549927 
462.064056 343.914185 
305.939545 319.643219 
306.898315 394.181274 
482.570801 314.442200 
184.804947 397.429688 
310.861572 294.177277 
281.437866 360.186981 
305.939545 319.643219 
305.939545 319.643219 
450.192566 330.120117 
299.891266 273.301971 
183.136917 386.508911 
313.572510 313.438019 
183.136917 386.508911 
462.064056 343.914185 
187.210205 380.323242 
293.007935 320.082336 
201.034210 337.351471 
184.423798 393.094452 
182.660461 382.715942 
296.983307 299.377960 
305.410980 310.716034 
183.562683 394.496185 
186.970047 398.048401 
295.533539 306.471405 
295.533539 306.471405 
200.349869 341.997925 
281.194275 306.062317 
296.066528 307.906006 
299.284515 296.956360 
310.535309 302.364014 
194.748169 320.190765 
531.539795 242.164902 
429.695557 305.160950 
313.652863 289.892731 
284.195618 365.212067 
284.195618 365.212067 
283.999664 419.494446 
290.795563 305.637756 
425.865997 306.494812 
284.196289 290.746002 
427.402618 304.978210 
318.245758 301.193512 
427.402618 304.978210 
306.022766 325.325439 
201.034210 337.351471 
285.046387 312.078522 
201.045715 369.382599 
290.795563 305.637756 
427.402618 304.978210 
283.886322 363.541260 
281.194275 306.062317 
300.559235 293.131805 
305.410980 310.716034 
204.343750 368.923828 
318.245758 301.193512 
187.380890 397.202271 
199.800491 344.640381 
317.439392 341.035431 
423.212524 316.867188 
305.443512 324.920288 
200.349869 341.997925 
180.963058 391.899963 
433.781891 288.284332 
185.864410 386.150482 
212.109863 409.483582 
100.980408 410.646210 
306.530457 318.438416 
306.530457 318.438416 
180.407669 388.567017 
310.535309 302.364014 
165.285507 380.758362 
180.531998 378.534393 
281.859314 356.728821 
279.866760 401.157715 
433.781891 288.284332 
433.781891 288.284332 
100.980408 410.646210 
455.240692 331.815460 
410.714691 307.549927 
181.010056 393.973633 
309.031647 325.851990 
181.309616 396.473999 
194.939743 334.372009 
264.881042 384.613129 
264.881042 384.613129 
294.509583 415.892883 
311.392944 319.073822 
296.983307 299.377960 
453.791992 302.967651 
483.133545 293.963684 
268.842224 300.477478 
288.170868 301.700195 
428.923462 306.040161 
497.960602 319.288025 
289.733490 386.237793 
181.309616 396.473999 
182.312317 377.555389 
294.893799 304.643524 
483.133545 293.963684 
268.842224 300.477478 
284.157288 393.225006 
423.212524 316.867188 
328.729218 304.452789 
326.587616 352.265961 
301.323364 275.869781 
306.022766 325.325439 
198.973022 345.575409 
293.883423 393.115448 
310.414185 333.807922 
453.791992 302.967651 
201.045715 369.382599 
259.912872 227.606003 
432.603149 293.725128 
432.603149 293.725128 
288.170868 301.700195 
288.170868 301.700195 
313.572510 313.438019 
247.767365 287.593414 
204.343750 368.923828 
193.039459 386.701599 
416.166931 300.373840 
301.920044 274.874481 
310.414185 333.807922 
193.039459 386.701599 
309.031647 325.851990 
441.306213 331.813416 
306.351135 386.052917 
321.624390 330.109009 
245.602936 296.453796 
267.729919 402.186829 
297.409943 262.402313 
305.443512 324.920288 
428.548615 345.647278 
252.101791 341.154572 
284.196289 290.746002 
264.688690 380.301819 
284.196289 290.746002 
297.751434 305.141785 
275.693817 353.590424 
499.081207 321.290741 
493.997284 349.830475 
165.285507 380.758362 
165.285507 380.758362 
268.577271 292.398041 
245.602936 296.453796 
313.652863 289.892731 
264.881042 384.613129 
435.779205 300.530579 
184.279602 397.881317 
266.489258 345.595581 
274.923401 298.061249 
181.309616 396.473999 
438.458649 284.351074 
300.466156 411.514130 
180.042908 285.662537 
201.045715 369.382599 
186.154709 367.767670 
287.267151 339.997284 
294.893799 304.643524 
283.684875 386.493408 
496.701965 315.987061 
496.701965 315.987061 
267.255676 276.379395 
317.575226 404.401611 
196.756119 380.067505 
313.652863 289.892731 
181.309616 396.473999 
303.211090 315.980072 
297.751434 305.141785 
416.166931 300.373840 
496.701965 315.987061 
315.907196 339.884460 
315.907196 339.884460 
165.849319 381.937164 
294.509583 415.892883 
301.323364 275.869781 
469.320587 290.023071 
416.166931 300.373840 
269.665100 385.822296 
194.918121 298.453278 
435.779205 300.530579 
272.268921 404.419586 
272.268921 404.419586 
272.268921 404.419586 
272.241180 331.263580 
272.241180 331.263580 
276.821869 386.776672 
197.609573 320.920593 
471.208588 328.062805 
435.779205 300.530579 
190.133133 368.748474 
306.898315 394.181274 
284.157288 393.225006 
272.268921 404.419586 
165.307083 375.444214 
504.308899 308.216675 
284.157288 393.225006 
186.636581 306.127228 
245.602936 296.453796 
326.688416 62.646488 
489.151367 294.724548 
275.693817 353.590424 
328.729218 304.452789 
186.842896 406.019318 
435.779205 300.530579 
324.338318 294.012115 
204.001892 327.743622 
267.255676 276.379395 
258.334442 350.768860 
181.309616 396.473999 
416.437897 314.188019 
241.648102 317.720062 
201.664825 348.375214 
313.652863 289.892731 
180.531998 378.534393 
283.684875 386.493408 
194.939743 334.372009 
239.394028 323.516174 
500.939697 319.875671 
395.281433 353.355499 
273.682434 338.686340 
297.409943 262.402313 
500.211731 341.026123 
189.121872 383.425415 
238.405991 318.891418 
327.423950 334.767792 
241.648102 317.720062 
189.149277 285.255127 
294.893799 304.643524 
294.893799 304.643524 
288.298584 361.980469 
197.815506 363.250122 
283.684875 386.493408 
180.531998 378.534393 
504.705688 323.108856 
436.324585 332.412811 
196.655563 352.353668 
313.652863 289.892731 
165.307083 375.444214 
268.842224 300.477478 
273.682434 338.686340 
282.822510 398.682770 
200.264572 349.694733 
197.423248 335.662231 
500.211731 341.026123 
412.221161 321.682404 
416.437897 314.188019 
288.239014 286.507446 
483.467773 310.090546 
265.996033 335.146729 
300.876587 367.998169 
261.169830 310.364655 
272.268921 404.419586 
182.258972 369.485657 
204.264465 322.768707 
268.842224 300.477478 
268.842224 300.477478 
266.489258 345.595581 
283.684875 386.493408 
171.011536 402.211975 
550.326233 243.652771 
272.268921 404.419586 
425.937103 315.028351 
200.329453 329.774170 
453.791992 302.967651 
245.602936 296.453796 
190.133133 368.748474 
334.109344 357.032013 
290.934509 319.624207 
274.923401 298.061249 
267.255676 276.379395 
212.109863 409.483582 
210.360962 402.642792 
425.865997 306.494812 
422.505768 289.938019 
255.116074 293.742584 
321.188995 343.046631 
321.188995 343.046631 
182.739197 349.865082 
282.672272 294.818268 
271.022156 336.634705 
196.945480 406.073853 
269.298096 282.497192 
271.022156 336.634705 
275.693817 353.590424 
252.845398 297.628235 
187.380890 397.202271 
412.182800 290.859497 
196.006683 389.086609 
272.268921 404.419586 
165.174026 405.112396 
483.133545 293.963684 
455.240692 331.815460 
117.248398 407.460571 
247.767365 287.593414 
196.655563 352.353668 
299.885040 341.080505 
285.046387 312.078522 
281.484039 401.764526 
184.178162 349.486420 
471.208588 328.062805 
241.648102 317.720062 
435.779205 300.530579 
511.754272 314.379211 
194.011246 401.416412 
83.100159 413.171143 
106.189781 219.175659 
443.954468 301.783173 
245.602936 296.453796 
297.409943 262.402313 
436.324585 332.412811 
327.423950 334.767792 
275.998993 405.335144 
495.502472 328.383301 
283.684875 386.493408 
262.935455 337.687927 
418.495972 303.792664 
317.132660 300.952362 
491.098480 315.243927 
313.572510 313.438019 
198.025604 308.770508 
332.543701 298.861267 
409.266357 312.905243 
409.266357 312.905243 
176.268707 304.943909 
200.164703 411.479431 
176.268707 304.943909 
281.223633 421.886536 
475.804108 310.020447 
418.500183 341.974396 
196.945480 406.073853 
270.900513 336.467682 
199.186478 333.421967 
191.276398 312.130707 
187.380890 397.202271 
288.298584 361.980469 
255.116074 293.742584 
486.522369 309.070557 
455.474731 360.057526 
271.907196 385.620880 
317.132660 300.952362 
436.324585 332.412811 
430.667053 284.561768 
284.196289 290.746002 
312.632965 385.930817 
483.467773 310.090546 
239.394028 323.516174 
271.280945 383.933014 
298.592987 267.450958 
247.767365 287.593414 
311.787842 275.866943 
504.308899 308.216675 
317.132660 300.952362 
311.778229 397.936920 
204.001892 327.743622 
239.788254 329.646729 
75.751465 410.906860 
418.275879 283.695374 
247.767365 287.593414 
189.121872 383.425415 
274.923401 298.061249 
257.363647 300.211365 
186.154709 367.767670 
195.019577 311.774506 
196.591934 302.138733 
210.685806 336.678772 
466.440430 308.679138 
198.025604 308.770508 
423.212524 316.867188 
497.070465 311.990051 
165.285507 380.758362 
264.861969 350.655853 
197.277451 348.658569 
468.237000 293.071350 
288.298584 361.980469 
195.019577 311.774506 
281.484039 401.764526 
418.500183 341.974396 
272.268921 404.419586 
242.667618 226.294235 
324.338318 294.012115 
200.637589 411.183380 
182.589462 317.076019 
182.589462 317.076019 
204.001892 327.743622 
327.423950 334.767792 
435.779205 300.530579 
507.267059 327.388855 
312.632965 385.930817 
313.652863 289.892731 
272.241180 331.263580 
197.444611 320.853149 
189.149277 285.255127 
490.744049 291.392944 
275.693817 353.590424 
176.268707 304.943909 
412.182800 290.859497 
282.672272 294.818268 
448.977722 355.686127 
311.778229 397.936920 
309.904175 287.839203 
298.297882 367.339233 
288.298584 361.980469 
299.284515 296.956360 
436.324585 332.412811 
191.276398 312.130707 
243.658691 290.474640 
252.586304 320.266205 
490.999756 373.218109 
186.636581 306.127228 
262.935455 337.687927 
204.264465 322.768707 
268.770691 298.484009 
287.519897 415.489166 
504.705688 323.108856 
241.648102 317.720062 
241.648102 317.720062 
265.553833 356.496613 
176.268707 304.943909 
106.189781 219.175659 
287.519897 415.489166 
287.519897 415.489166 
313.652863 289.892731 
192.359055 345.759277 
176.268707 304.943909 
182.589462 317.076019 
460.316162 306.656616 
177.498993 414.709381 
255.116074 293.742584 
421.236877 315.211731 
341.242401 304.265839 
298.123535 373.971619 
410.714691 307.549927 
450.192566 330.120117 
247.767365 287.593414 
247.767365 287.593414 
479.950531 322.858429 
313.652863 289.892731 
425.865997 306.494812 
312.632965 385.930817 
433.781891 288.284332 
258.555450 294.879517 
257.363647 300.211365 
428.548615 345.647278 
309.904175 287.839203 
516.706299 331.212799 
288.225372 406.251404 
169.954041 380.180603 
265.138428 334.773071 
460.316162 306.656616 
73.040894 413.437408 
288.179718 406.827209 
327.423950 334.767792 
238.381317 289.684784 
174.319092 345.404236 
272.241180 331.263580 
191.276398 312.130707 
332.543701 298.861267 
276.386902 279.028259 
282.675995 407.048187 
436.324585 332.412811 
282.675995 407.048187 
258.555450 294.879517 
289.733490 386.237793 
268.037140 292.640625 
117.248398 407.460571 
508.599213 312.586945 
83.100159 413.171143 
443.954468 301.783173 
196.933289 304.983063 
225.275803 335.739990 
225.275803 335.739990 
261.541504 288.093781 
435.190338 329.220703 
416.919525 367.331421 
415.048462 312.510376 
438.458649 284.351074 
100.980408 410.646210 
181.336624 347.559113 
491.098480 315.243927 
409.266357 312.905243 
264.325287 320.564514 
197.815506 363.250122 
284.196289 290.746002 
303.615234 227.509583 
177.805054 365.705933 
407.603973 317.037231 
194.748169 320.190765 
490.999756 373.218109 
429.695557 305.160950 
254.573746 312.068268 
190.578979 367.562195 
199.319733 308.943054 
426.006561 377.510590 
263.067688 337.089050 
337.323029 302.718353 
292.048798 385.712097 
407.603973 317.037231 
165.285507 380.758362 
292.048798 385.712097 
445.829376 288.414093 
311.976990 236.263336 
428.769196 347.787415 
428.769196 347.787415 
471.208588 328.062805 
181.309616 396.473999 
288.104706 370.050659 
445.829376 288.414093 
340.199921 309.188416 
285.046387 312.078522 
285.046387 312.078522 
288.104706 370.050659 
411.995422 415.990753 
265.553833 356.496613 
288.104706 370.050659 
288.104706 370.050659 
183.696732 347.972687 
430.493011 380.340240 
439.695831 300.476868 
160.895432 408.309540 
186.842896 406.019318 
263.957550 292.622284 
304.928589 375.525970 
288.225372 406.251404 
490.999756 373.218109 
453.791992 302.967651 
453.791992 302.967651 
194.918121 298.453278 
332.543701 298.861267 
340.847565 358.301422 
501.885101 339.714661 
430.493011 380.340240 
410.714691 307.549927 
300.559235 293.131805 
268.577271 292.398041 
504.705688 323.108856 
287.519897 415.489166 
265.636505 314.965302 
284.915741 400.559509 
323.283203 289.350891 
250.721191 341.467743 
288.104706 370.050659 
237.189468 340.295288 
231.279068 340.819855 
272.268921 404.419586 
259.067444 376.801575 
267.255676 276.379395 
243.658691 290.474640 
192.359055 345.759277 
341.242401 304.265839 
192.359055 345.759277 
194.921722 374.455414 
282.090515 415.242035 
418.500183 341.974396 
428.411102 322.669800 
311.778229 397.936920 
201.542923 322.022766 
267.386139 417.840790 
198.025604 308.770508 
344.379822 355.224640 
247.767365 287.593414 
284.911011 365.225464 
340.847565 358.301422 
409.726685 360.466095 
405.831696 292.355377 
187.210205 380.323242 
181.336624 347.559113 
98.882172 412.580872 
173.641052 347.043823 
392.781769 346.864105 
210.685806 336.678772 
257.350677 381.196960 
288.104706 370.050659 
288.104706 370.050659 
288.104706 370.050659 
250.721191 341.467743 
178.442673 411.814880 
453.791992 302.967651 
394.771698 344.744659 
435.290039 389.920441 
508.599213 312.586945 
227.904175 276.584351 
467.172607 343.128448 
264.127960 317.860077 
484.186432 275.586243 
420.449036 286.724884 
252.101791 341.154572 
293.883423 393.115448 
282.675995 407.048187 
435.779205 300.530579 
367.726562 313.113861 
234.450790 275.040863 
332.978912 227.536911 
302.515930 238.230362 
141.011932 408.662628 
425.819427 305.930054 
440.475555 306.826324 
197.815506 363.250122 
163.250687 221.842773 
435.370850 377.021484 
460.316162 306.656616 
276.386902 279.028259 
269.298096 282.497192 
247.767365 287.593414 
504.705688 323.108856 
191.358322 375.998596 
429.695557 305.160950 
73.040894 413.437408 
267.680420 421.049438 
367.726562 313.113861 
265.553833 356.496613 
205.916504 267.709351 
165.779068 369.409668 
327.153442 330.006134 
292.051910 214.952057 
471.208588 328.062805 
324.338318 294.012115 
311.976990 236.263336 
456.753876 342.694550 
176.268707 304.943909 
205.916504 267.709351 
461.204956 344.418304 
440.475555 306.826324 
288.225372 406.251404 
429.911560 280.342529 
288.104706 370.050659 
252.845398 297.628235 
422.505768 289.938019 
332.978912 227.536911 
443.954468 301.783173 
311.778229 397.936920 
239.394028 323.516174 
237.189468 340.295288 
261.936554 378.532043 
272.268921 404.419586 
204.855133 409.096161 
246.734421 294.317932 
482.570801 314.442200 
194.183273 374.661133 
435.370850 377.021484 
435.370850 377.021484 
187.380890 397.202271 
482.570801 314.442200 
204.343750 368.923828 
460.371094 316.288513 
188.315796 339.125122 
464.888733 344.734375 
464.888733 344.734375 
439.763855 393.504852 
486.610687 387.359344 
189.149277 285.255127 
294.509583 415.892883 
298.123535 373.971619 
192.359055 345.759277 
446.652161 389.555756 
176.268707 304.943909 
181.336624 347.559113 
264.127960 317.860077 
196.591934 302.138733 
198.381058 377.565918 
307.515533 356.511200 
263.957550 292.622284 
486.445831 384.833557 
195.242554 307.916779 
400.369873 358.138367 
197.815506 363.250122 
307.515533 356.511200 
435.779205 300.530579 
435.779205 300.530579 
422.505768 289.938019 
250.264481 342.066010 
226.098938 345.630890 
186.063904 341.212769 
267.386139 417.840790 
305.246429 273.625702 
305.246429 273.625702 
431.912964 376.165436 
288.179718 406.827209 
264.325287 320.564514 
191.450485 294.812103 
446.652161 389.555756 
285.046387 312.078522 
431.912964 376.165436 
169.312073 323.774139 
225.187714 345.505310 
199.107727 297.073181 
482.570801 314.442200 
194.918121 298.453278 
287.267151 339.997284 
434.501465 271.718994 
450.407562 321.506592 
425.951324 348.497681 
186.063904 341.212769 
431.912964 376.165436 
450.407562 321.506592 
446.652161 389.555756 
272.241180 331.263580 
225.187714 345.505310 
265.636505 314.965302 
186.842896 406.019318 
194.918121 298.453278 
324.060791 230.577499 
189.579147 315.902618 
202.282684 300.310089 
202.282684 300.310089 
450.407562 321.506592 
181.336624 347.559113 
195.242554 307.916779 
450.407562 321.506592 
302.515930 238.230362 
263.957550 292.622284 
284.250580 256.242249 
250.264481 342.066010 
400.369873 358.138367 
177.498993 414.709381 
186.679779 349.577271 
472.460754 313.916077 
242.667618 226.294235 
484.977997 377.304932 
242.667618 226.294235 
496.151764 379.659027 
431.912964 376.165436 
254.573746 312.068268 
324.338318 294.012115 
189.510010 287.279541 
446.207245 358.853760 
258.555450 294.879517 
290.934509 319.624207 
301.431183 410.924103 
323.283203 289.350891 
141.011932 408.662628 
269.298096 282.497192 
430.493011 380.340240 
440.255249 391.335541 
177.498993 414.709381 
337.999176 215.618011 
450.407562 321.506592 
317.575226 404.401611 
264.699310 279.800598 
156.659332 423.765106 
250.721191 341.467743 
267.971985 273.982422 
73.040894 413.437408 
482.570801 314.442200 
200.164703 411.479431 
451.250427 321.268219 
435.190338 329.220703 
209.463196 381.980499 
137.260239 422.781128 
137.260239 422.781128 
186.063904 341.212769 
345.376099 311.004730 
453.791992 302.967651 
269.298096 282.497192 
282.202179 392.581512 
210.685806 336.678772 
439.401855 394.581207 
265.512146 352.997711 
196.970612 294.099121 
285.046387 312.078522 
463.738464 334.397614 
305.188141 224.393387 
92.755562 217.714737 
263.067688 337.089050 
263.067688 337.089050 
262.708862 419.544403 
314.463593 337.911774 
405.133057 298.569641 
147.814728 221.606369 
169.956589 317.578918 
432.603149 293.725128 
446.652161 389.555756 
329.237183 304.535461 
446.207245 358.853760 
267.729919 402.186829 
288.104706 370.050659 
165.779068 369.409668 
234.632767 337.537445 
234.632767 337.537445 
338.692810 348.595795 
264.881042 384.613129 
169.819031 296.276825 
169.819031 296.276825 
274.237732 279.429291 
475.907867 329.657166 
450.407562 321.506592 
232.607620 343.016357 
427.402618 304.978210 
441.306213 331.813416 
264.325287 320.564514 
447.807892 352.181000 
479.950531 322.858429 
461.008972 276.134979 
196.970612 294.099121 
232.607620 343.016357 
466.440430 308.679138 
269.298096 282.497192 
194.918121 298.453278 
429.295868 273.470123 
265.805817 384.175842 
275.693817 353.590424 
206.346832 312.275482 
106.189781 219.175659 
133.520279 407.686066 
250.265320 329.368164 
456.525177 332.827332 
502.118286 297.647064 
466.440430 308.679138 
285.046387 312.078522 
176.580566 309.136749 
250.815689 300.823761 
317.607910 278.542938 
454.685822 305.106201 
298.297882 367.339233 
307.868073 291.564667 
166.925064 411.426178 
498.854095 366.959137 
443.954468 301.783173 
259.067444 376.801575 
450.407562 321.506592 
433.781891 288.284332 
285.046387 312.078522 
484.977997 377.304932 
172.883286 290.864594 
205.916504 267.709351 
469.320587 290.023071 
262.708862 419.544403 
441.306702 273.427124 
230.721588 335.973999 
463.738464 334.397614 
250.265320 329.368164 
199.005539 296.214691 
502.118286 297.647064 
206.346832 312.275482 
464.416962 348.354248 
464.416962 348.354248 
257.722443 409.244720 
362.898193 345.068176 
483.019135 380.712952 
361.501221 305.985870 
287.519897 415.489166 
209.408630 288.873962 
443.954468 301.783173 
176.268707 304.943909 
287.928375 412.150970 
486.522369 309.070557 
307.515533 356.511200 
173.238495 265.528137 
265.636505 314.965302 
204.264465 322.768707 
428.411102 322.669800 
446.550873 330.321747 
503.019165 318.376007 
484.186432 275.586243 
484.186432 275.586243 
317.607910 278.542938 
329.237183 304.535461 
250.265320 329.368164 
237.433136 293.285370 
289.403778 402.882141 
456.759735 312.322784 
392.781769 346.864105 
297.418304 264.145935 
237.433136 293.285370 
263.067688 337.089050 
250.265320 329.368164 
204.001892 327.743622 
265.636505 314.965302 
226.098938 345.630890 
300.408875 223.788879 
334.757355 226.434021 
305.188141 224.393387 
181.336624 347.559113 
472.460754 313.916077 
262.594940 278.544739 
204.430756 264.337463 
478.170319 327.293335 
309.036194 218.678452 
480.831085 393.438446 
247.545319 324.781464 
324.060791 230.577499 
307.587738 239.307007 
272.506866 322.657684 
147.814728 221.606369 
415.457306 378.891418 
186.842896 406.019318 
483.019135 380.712952 
282.090515 415.242035 
337.271545 223.306335 
350.187134 349.768677 
435.190338 329.220703 
169.956589 317.578918 
264.325287 320.564514 
218.814468 277.470734 
165.174026 405.112396 
302.515930 238.230362 
334.168121 223.272842 
172.589813 260.629578 
210.764145 352.485077 
196.970612 294.099121 
338.472961 287.962982 
300.412292 59.530602 
271.907196 385.620880 
307.515533 356.511200 
262.650940 396.776184 
437.703461 316.027893 
463.738464 334.397614 
231.279068 340.819855 
155.842682 338.701233 
468.590485 281.386688 
475.907867 329.657166 
206.683105 311.806976 
456.759735 312.322784 
300.408875 223.788879 
237.712051 314.372681 
435.779205 300.530579 
169.956589 317.578918 
218.814468 277.470734 
584.306213 418.676392 
269.298096 282.497192 
280.232605 303.711243 
196.945480 406.073853 
428.022583 278.207306 
473.632355 395.338104 
276.386902 279.028259 
441.653290 272.658295 
326.688416 62.646488 
247.767365 287.593414 
247.767365 287.593414 
412.750519 338.722015 
274.045898 355.929932 
133.520279 407.686066 
252.586304 320.266205 
370.986115 314.172333 
156.659332 423.765106 
265.512146 352.997711 
302.515717 326.070404 
311.837219 239.484070 
456.759735 312.322784 
243.798782 332.809601 
405.133057 298.569641 
294.319672 321.745728 
257.490479 351.168427 
435.316925 299.241821 
160.050140 427.404083 
86.784607 421.597473 
