500
167.148773 358.505463 
392.253265 390.279602 
169.854462 358.218079 
168.934311 358.105103 
169.384827 358.093140 
277.118378 319.964813 
277.954132 316.842102 
275.502258 337.885132 
125.238510 351.726929 
277.151093 321.404083 
347.521667 214.713257 
149.909515 241.834595 
277.358643 318.034393 
264.210205 283.782379 
246.308411 239.274460 
143.413666 229.467377 
350.660736 218.050522 
309.483643 345.343719 
310.100525 280.176117 
180.871384 352.947479 
154.815536 357.406891 
502.595276 214.078186 
177.526367 346.066376 
264.564087 283.646912 
293.072998 265.480408 
162.561829 344.678345 
309.479492 341.615753 
265.508423 352.481445 
137.205933 234.782486 
293.835876 265.149780 
279.422089 327.707245 
237.705139 214.002701 
150.424469 245.650299 
236.753830 213.997253 
283.415741 335.672760 
290.602478 264.308136 
162.029678 340.988892 
162.009460 359.982849 
296.922455 254.368729 
321.454498 318.971313 
229.187378 193.955307 
499.006378 212.602310 
499.224030 213.309479 
329.268341 242.898239 
323.271057 322.871704 
514.719055 217.582260 
248.387451 184.722076 
119.344109 367.901917 
359.670715 218.735321 
462.919373 254.995239 
310.561890 342.239441 
311.918945 241.095154 
311.098297 278.970520 
289.776459 168.517517 
230.889572 337.555359 
356.598206 219.583649 
311.194824 213.866119 
163.547180 348.080933 
164.439911 344.420197 
257.983459 224.956467 
283.830902 336.298309 
300.208954 338.536713 
157.158630 355.677551 
155.918762 253.701309 
270.992432 332.340576 
336.621826 242.453476 
322.303009 341.533569 
154.629547 249.807922 
289.884949 264.094757 
405.744080 231.668915 
156.859680 235.825073 
167.856125 339.465454 
271.115631 330.809509 
316.308960 238.374298 
316.306244 237.709457 
422.766235 270.293579 
328.930328 241.075256 
342.628479 214.159790 
258.032715 226.228745 
122.902138 341.897552 
229.090988 193.150406 
263.407043 351.104950 
495.669281 216.525818 
288.355774 194.537415 
418.733673 228.432098 
336.078064 263.015656 
278.460114 209.986755 
233.482452 335.916534 
262.757385 348.520966 
329.787415 241.477295 
152.880661 228.374283 
283.148682 332.445831 
176.130936 356.870575 
229.199844 195.374512 
321.012512 318.175751 
287.881500 161.794983 
283.885529 217.539230 
407.555786 229.525131 
322.310822 238.937820 
229.880875 334.217041 
248.242371 331.843353 
509.031677 208.939148 
228.482346 229.328751 
488.659576 197.813354 
282.265472 334.434967 
241.297592 266.091553 
511.643127 241.435455 
148.502716 355.251404 
333.953064 236.952393 
224.495041 238.912521 
160.369324 344.687012 
291.446747 267.140533 
322.834015 336.758362 
141.853683 357.794373 
487.472534 199.996902 
249.066437 184.639572 
243.263123 327.784302 
298.064026 193.100067 
297.512817 193.124481 
346.210571 209.843353 
307.286835 341.231964 
187.810043 343.291260 
244.765274 226.597412 
421.994202 232.669220 
309.960236 270.835297 
421.939453 258.685944 
262.176422 209.362427 
136.680145 217.683456 
315.344543 216.925217 
208.493225 190.537430 
185.139893 330.367493 
228.275467 335.456573 
153.054504 237.520538 
332.179413 238.464096 
276.389801 329.970612 
286.095032 188.703186 
264.771454 210.830200 
418.688660 232.780334 
419.208984 232.677444 
424.614136 234.329758 
444.916168 284.736786 
315.625214 276.738953 
415.355957 212.548492 
153.644501 228.653061 
321.234406 336.869720 
342.974915 248.351608 
215.882553 188.698410 
449.409027 281.476318 
420.224854 228.400513 
156.720322 248.124557 
346.718689 208.824356 
274.593597 330.095123 
287.366882 198.124771 
498.542267 299.490753 
314.637177 277.512238 
129.971649 350.693451 
245.524445 227.177521 
482.965668 204.144958 
263.127136 157.795364 
477.616577 200.449936 
144.957062 354.162292 
340.629303 239.338165 
424.011810 269.842285 
260.980621 154.895264 
217.751556 227.601089 
159.069122 344.441101 
412.924469 229.103012 
266.267609 139.225967 
483.046143 210.592773 
482.839203 191.689438 
488.975403 194.954147 
156.084076 236.719162 
417.463348 229.224258 
292.807129 200.391083 
294.072021 253.359009 
237.628998 189.552307 
408.516357 227.614761 
174.991211 351.859558 
514.521362 215.660385 
223.787094 229.705475 
334.703094 253.291885 
511.662964 242.092026 
310.490570 269.410095 
131.289047 352.136749 
280.849182 331.136444 
269.056030 149.507660 
300.392975 338.348663 
337.865631 260.231842 
244.346237 339.794830 
119.859894 347.173370 
340.748169 206.664093 
238.871078 327.525055 
284.763519 157.767471 
429.767059 202.466522 
385.506989 388.852295 
484.797760 193.085327 
245.896713 231.918381 
210.208527 182.888443 
322.310242 322.555450 
409.789520 256.887695 
409.823242 257.302277 
440.862640 201.382996 
401.303070 220.344070 
454.004517 197.295837 
287.359192 213.404556 
507.156189 241.176178 
175.119980 357.206207 
321.559296 179.136185 
138.488327 237.480957 
427.357513 267.696564 
273.146515 244.093445 
506.246124 213.313507 
315.023590 229.914536 
475.469971 194.861237 
491.947266 231.499207 
327.444763 242.615799 
224.722977 228.605118 
224.234619 228.316132 
148.960297 286.767609 
210.084167 235.284134 
426.187927 267.344818 
412.948944 222.443085 
415.893463 206.184464 
154.168671 254.417450 
314.033081 279.997681 
210.673325 196.873795 
482.200562 208.129578 
235.760849 192.030594 
461.142151 288.183105 
306.998871 178.043091 
265.331665 230.575470 
229.387512 340.233215 
141.537201 229.929520 
479.391998 207.700485 
153.642807 224.463074 
117.246025 350.705475 
483.702820 229.438843 
388.214417 248.434021 
251.949646 196.152786 
286.990967 214.646515 
343.155396 242.046066 
265.369873 211.902954 
337.346588 264.702881 
289.654449 165.507187 
459.326447 192.087021 
427.550934 302.056549 
499.867218 298.485077 
441.131744 198.994675 
428.527954 302.306549 
433.092773 216.191467 
472.971191 192.587036 
457.034637 252.933212 
426.391754 218.945129 
338.268005 266.947113 
338.097382 267.024475 
238.754730 183.500412 
424.809631 183.752151 
266.480011 281.557129 
236.434601 178.818359 
475.633148 254.822800 
476.443207 210.209229 
453.839996 277.710266 
273.473755 245.118408 
409.130341 226.773300 
405.923157 214.109802 
496.405548 234.997147 
216.781448 246.309509 
217.147476 245.951736 
455.863495 279.359741 
272.889160 242.952789 
442.756683 209.873672 
478.496979 207.500641 
476.886200 185.914627 
271.679596 154.417725 
224.701218 190.437866 
326.548431 341.158569 
313.912750 364.059143 
415.594452 209.087570 
138.847809 219.540527 
447.424133 196.111877 
283.500732 126.528732 
453.614594 285.089844 
294.982117 163.270966 
355.114441 248.320206 
338.412262 268.123260 
504.181641 296.532776 
445.156433 195.985825 
336.521332 236.765503 
455.405304 200.519882 
480.698212 198.632751 
475.863342 253.342041 
430.991577 222.423874 
447.103516 193.067688 
156.323822 256.482849 
157.871841 343.858063 
339.992523 238.847870 
278.889557 208.209000 
438.998138 200.919327 
145.165100 195.986160 
440.333740 200.796509 
225.340073 191.089798 
408.675995 257.622620 
256.686829 195.607056 
432.838196 223.042953 
248.617050 164.803467 
444.037384 192.521576 
269.776886 153.949295 
422.377289 195.807526 
344.335663 240.859207 
349.419922 337.304108 
298.079773 265.267181 
416.237305 261.594849 
247.427948 235.573318 
429.029053 222.890533 
469.046783 193.166885 
246.267273 187.612473 
402.895203 236.330093 
437.175903 191.928864 
402.172668 214.032516 
137.601532 238.305222 
200.725677 190.824982 
201.351746 190.961014 
267.437561 155.548752 
158.394821 248.543594 
145.280746 185.281174 
234.962738 186.864227 
203.508667 191.379761 
259.798096 230.915665 
137.202728 216.591888 
444.737213 196.528961 
292.332245 308.354889 
511.354248 245.172775 
454.286255 253.191605 
155.845978 353.763550 
402.649292 259.199219 
298.077087 336.358917 
415.159454 199.998611 
505.428192 239.228439 
222.885727 206.522629 
454.216064 202.652359 
475.378906 211.698151 
237.476105 189.229248 
472.051117 269.949310 
155.033661 227.395874 
238.560867 182.934814 
353.791321 247.610245 
495.019745 238.501221 
294.626099 208.357193 
330.808289 213.296997 
253.056992 329.753937 
386.381042 244.344025 
428.378082 302.627380 
247.075500 177.787308 
256.873901 197.485184 
460.160126 269.354584 
439.715118 206.709900 
405.927979 207.468094 
348.103546 250.020752 
416.836914 261.113037 
187.090073 303.575409 
308.614655 185.569000 
129.744049 349.987610 
428.612762 300.985748 
419.711548 201.916061 
185.271805 303.528412 
335.565430 203.847122 
477.390442 227.550339 
246.188156 181.979462 
472.969604 189.549072 
273.790741 155.310440 
454.966095 201.647659 
207.356964 193.788300 
309.284515 185.201736 
477.733826 228.211914 
293.725952 207.161118 
438.664948 254.334351 
438.886658 253.850357 
248.577560 164.029572 
213.365311 227.407654 
469.757233 260.276428 
145.829193 188.398727 
156.980957 348.603424 
157.308762 349.244690 
494.158020 238.724655 
234.052368 186.844788 
232.246918 190.523453 
204.949081 192.177109 
416.721466 199.691833 
501.057495 237.635727 
220.875183 200.060715 
221.469376 200.330612 
223.130936 201.081848 
279.952209 208.148148 
433.728546 179.700241 
480.066711 231.884491 
313.881561 174.472549 
428.048187 186.232880 
280.485474 314.904236 
429.653961 221.737976 
483.461273 190.355270 
214.753464 207.627533 
318.804321 362.654358 
450.449097 228.160751 
450.497864 227.566467 
440.915924 189.734283 
479.454834 204.965393 
487.734802 230.163132 
232.099487 176.402374 
248.240860 227.563034 
227.957962 197.168549 
313.109528 227.775177 
416.611420 212.894913 
454.443939 274.576538 
263.372101 158.847198 
349.027679 250.185608 
304.817841 182.851562 
353.828461 244.020630 
249.569305 172.178528 
294.632996 205.969742 
403.544800 229.720947 
465.590759 224.269592 
473.226471 191.528610 
406.017578 226.780914 
221.067032 207.892120 
464.767517 224.417969 
373.184052 242.045959 
304.736542 322.001526 
334.575378 250.391586 
400.218170 237.097610 
400.301025 236.820160 
313.052399 175.205338 
487.824249 229.451370 
344.504150 244.966599 
222.061600 203.756821 
336.958557 320.503540 
512.354248 245.743256 
310.835724 216.364716 
144.474930 196.830963 
248.764053 236.464432 
272.611298 140.057938 
333.177124 248.299347 
258.733765 155.791290 
359.480835 213.171799 
465.665558 270.771729 
465.853638 271.246643 
460.489410 206.868530 
147.824829 283.118835 
146.845322 288.252075 
460.244781 269.729584 
492.143829 193.491501 
360.658356 251.461624 
156.777344 244.678955 
471.862610 210.279297 
131.110336 184.489380 
147.688766 183.587692 
255.727020 155.115356 
256.416321 155.375732 
342.228333 213.336273 
226.424377 235.928513 
347.606354 231.717026 
353.350647 244.621735 
251.569397 330.376740 
124.073280 358.581329 
247.861328 226.352798 
215.821045 208.454163 
115.265945 347.821259 
212.306519 197.018814 
449.728516 207.182205 
220.663010 230.949524 
356.138062 247.866592 
478.454865 231.517487 
324.199127 177.871887 
433.529907 183.404251 
445.319153 214.910843 
119.132904 346.044434 
313.609283 181.475815 
476.079529 184.352997 
280.945648 155.612823 
227.807236 177.758682 
466.145966 207.142761 
436.197662 185.156250 
258.718750 195.151413 
254.931595 151.082367 
469.286804 270.763550 
434.975006 260.079742 
158.360550 227.694397 
225.314331 199.376740 
174.563416 330.416473 
256.719116 229.286301 
159.760101 231.792145 
341.082001 237.221695 
486.379242 306.525238 
237.116135 236.096756 
147.502335 183.423813 
247.564331 178.685577 
222.386185 209.696655 
214.794708 222.964828 
291.507111 189.882538 
278.191437 204.248642 
428.754822 181.767380 
