500
482.965668 204.144958 
430.991577 222.423874 
429.653961 221.737976 
457.034637 252.933212 
480.698212 198.632751 
459.515350 255.202072 
506.246124 213.313507 
479.454834 204.965393 
495.669281 216.525818 
350.660736 218.050522 
453.380463 231.897324 
475.469971 194.861237 
472.971191 192.587036 
522.760193 233.210480 
433.092773 216.191467 
477.616577 200.449936 
145.165100 195.986160 
432.838196 223.042953 
457.462158 212.850571 
502.595276 214.078186 
146.845322 288.252075 
125.238510 351.726929 
246.308411 239.274460 
251.949646 196.152786 
421.994202 232.669220 
439.715118 206.709900 
487.472534 199.996902 
293.072998 265.480408 
293.835876 265.149780 
456.580750 212.277695 
445.319153 214.910843 
225.096817 208.164368 
264.771454 210.830200 
484.797760 193.085327 
499.006378 212.602310 
499.224030 213.309479 
482.200562 208.129578 
418.688660 232.780334 
419.208984 232.677444 
436.332794 226.580765 
455.863495 279.359741 
455.690308 243.086426 
169.854462 358.218079 
105.602036 366.053406 
296.922455 254.368729 
330.993652 259.761566 
290.602478 264.308136 
144.474930 196.830963 
334.703094 253.291885 
328.930328 241.075256 
473.226471 191.528610 
222.885727 206.522629 
298.079773 265.267181 
342.228333 213.336273 
289.776459 168.517517 
255.216522 236.286880 
168.934311 358.105103 
169.384827 358.093140 
323.316376 234.207138 
412.924469 229.103012 
288.355774 194.537415 
277.954132 316.842102 
289.884949 264.094757 
262.176422 209.362427 
483.461273 190.355270 
325.691650 259.767059 
478.496979 207.500641 
329.268341 242.898239 
454.447449 243.365128 
356.598206 219.583649 
479.391998 207.700485 
392.253265 390.279602 
234.803787 175.577850 
329.787415 241.477295 
466.145966 207.142761 
485.265594 194.785385 
215.821045 208.454163 
339.481628 217.398972 
483.046143 210.592773 
509.031677 208.939148 
482.839203 191.689438 
453.839996 277.710266 
415.893463 206.184464 
214.753464 207.627533 
444.152191 217.529251 
442.756683 209.873672 
476.443207 210.209229 
265.369873 211.902954 
124.073280 358.581329 
476.635162 239.344788 
322.310822 238.937820 
327.444763 242.615799 
222.386185 209.696655 
256.176941 229.112793 
155.033661 227.395874 
455.625458 219.855743 
291.446747 267.140533 
221.067032 207.892120 
336.621826 242.453476 
488.975403 194.954147 
424.107605 388.581940 
153.644501 228.653061 
334.575378 250.391586 
336.078064 263.015656 
448.348572 216.112732 
118.079704 360.485474 
152.880661 228.374283 
142.919678 183.854813 
337.865631 260.231842 
385.506989 388.852295 
256.433777 192.976257 
217.597763 201.334381 
277.358643 318.034393 
491.950867 268.080566 
212.991806 206.734222 
140.854721 309.947510 
140.876541 309.769440 
214.453979 204.319733 
525.083252 236.773621 
237.116135 236.096756 
453.532776 219.568619 
429.767059 202.466522 
219.839111 206.212524 
294.072021 253.359009 
409.789520 256.887695 
409.823242 257.302277 
223.160675 210.506958 
448.063782 223.600327 
118.771545 360.176239 
236.753830 213.997253 
304.699463 175.289307 
438.820221 223.463730 
297.782135 254.489594 
228.482346 229.328751 
405.927979 207.468094 
240.558456 324.375427 
454.286255 253.191605 
488.659576 197.813354 
266.794281 139.591690 
232.099487 176.402374 
232.409409 236.586685 
311.194824 213.866119 
416.611420 212.894913 
412.948944 222.443085 
310.490570 269.410095 
443.379181 221.279144 
443.335907 220.590134 
453.614594 285.089844 
142.273865 183.857239 
237.731598 236.824539 
447.259308 224.446945 
333.953064 236.952393 
420.224854 228.400513 
327.921539 258.200897 
234.825760 242.732224 
311.549316 177.664429 
156.706116 225.918671 
338.412262 268.123260 
232.959488 236.529205 
135.155243 313.360687 
498.888885 270.644104 
437.175903 191.928864 
315.020966 176.432098 
461.142151 288.183105 
207.356964 193.788300 
230.992279 228.521759 
210.673325 196.873795 
473.180206 233.610489 
339.992523 238.847870 
340.629303 239.338165 
426.391754 218.945129 
438.124786 218.982147 
438.998138 200.919327 
232.978027 219.450806 
244.444305 224.728958 
343.155396 242.046066 
336.521332 236.765503 
150.704926 206.784088 
327.860138 261.077789 
469.046783 193.166885 
309.284515 185.201736 
441.131744 198.994675 
460.489410 206.868530 
408.675995 257.622620 
185.139893 330.367493 
417.463348 229.224258 
137.205933 234.782486 
444.916168 284.736786 
278.191437 204.248642 
348.103546 250.020752 
469.286804 270.763550 
153.642807 224.463074 
286.095032 188.703186 
213.365311 227.407654 
333.177124 248.299347 
440.333740 200.796509 
266.319733 143.737717 
449.728516 207.182205 
308.614655 185.569000 
349.027679 250.185608 
424.614136 234.329758 
429.029053 222.890533 
512.354248 245.743256 
511.354248 245.172775 
418.733673 228.432098 
223.787094 229.705475 
216.781448 246.309509 
217.147476 245.951736 
224.722977 228.605118 
111.264595 358.983551 
440.862640 201.382996 
419.711548 201.916061 
313.609283 181.475815 
244.765274 226.597412 
327.712433 262.063629 
264.606079 220.402100 
251.569397 330.376740 
452.556030 247.821045 
455.071899 242.241531 
314.637177 277.512238 
115.265945 347.821259 
274.851593 187.899124 
256.686829 195.607056 
224.234619 228.316132 
321.012512 318.175751 
459.326447 192.087021 
277.118378 319.964813 
253.056992 329.753937 
209.241455 186.891525 
422.419647 213.563156 
174.991211 351.859558 
264.769409 183.477646 
224.727783 283.307220 
437.614716 186.050339 
268.431244 181.917816 
329.489227 264.886566 
247.427948 235.573318 
146.605087 251.137436 
313.149841 261.221497 
279.422089 327.707245 
122.618179 346.934601 
256.873901 197.485184 
255.727020 155.115356 
256.416321 155.375732 
151.294128 204.180603 
228.619629 220.204239 
424.241974 192.043777 
310.554474 263.249756 
287.366882 198.124771 
469.155701 214.632385 
469.757233 260.276428 
149.909515 241.834595 
304.817841 182.851562 
454.004517 197.295837 
245.896713 231.918381 
309.620239 224.061386 
468.920044 233.207108 
468.996887 233.351181 
271.470917 185.878220 
346.823761 255.618179 
226.424377 235.928513 
276.665527 206.636459 
227.807236 177.758682 
204.949081 192.177109 
471.862610 210.279297 
246.188156 181.979462 
402.699066 208.518265 
394.284607 229.703232 
267.515167 219.687775 
233.639801 219.498215 
469.780518 233.442810 
217.751556 227.601089 
245.524445 227.177521 
337.346588 264.702881 
275.489380 206.318069 
402.649292 259.199219 
280.485474 314.904236 
24.693386 360.296051 
290.013855 307.430389 
224.495041 238.912521 
236.434601 178.818359 
485.245789 248.577927 
59.545513 333.088562 
330.808289 213.296997 
460.244781 269.729584 
440.915924 189.734283 
331.859711 266.165649 
154.274841 239.087433 
332.179413 238.464096 
315.625214 276.738953 
231.685883 244.387527 
415.355957 212.548492 
143.413666 229.467377 
141.537201 229.929520 
472.051117 269.949310 
296.601868 175.862061 
297.222382 175.518295 
521.098816 436.673004 
306.162170 185.647842 
269.861572 216.663574 
194.066162 269.470245 
229.187378 193.955307 
269.474304 217.908569 
229.090988 193.150406 
315.638885 223.436035 
180.871384 352.947479 
266.666412 183.193436 
247.564331 178.685577 
512.616333 268.227478 
512.920471 268.299927 
241.297592 266.091553 
277.151093 321.404083 
213.125015 189.625305 
462.919373 254.995239 
433.457458 240.750488 
278.889557 208.209000 
452.379303 210.324860 
287.332245 257.406677 
85.591255 314.312164 
454.443939 274.576538 
493.707550 182.000778 
454.216064 202.652359 
150.424469 245.650299 
254.931595 151.082367 
348.100433 245.838837 
449.409027 281.476318 
511.662964 242.092026 
227.957962 197.168549 
331.909912 267.876831 
527.138489 233.871750 
309.510864 180.676666 
341.082001 237.221695 
338.268005 266.947113 
338.097382 267.024475 
388.642853 375.124908 
306.006226 252.186905 
454.966095 201.647659 
286.551636 265.061310 
406.017578 226.780914 
480.977509 362.270782 
318.189758 247.388580 
511.643127 241.435455 
273.459900 284.300934 
272.933868 301.257568 
300.208954 338.536713 
460.045197 256.502319 
247.861328 226.352798 
314.303589 222.371414 
282.265472 334.434967 
421.939453 258.685944 
476.079529 184.352997 
401.723145 209.547394 
310.917328 258.336853 
286.518768 265.854187 
210.208527 182.888443 
155.691193 211.149963 
313.334686 180.378937 
478.454865 231.517487 
345.499237 260.967224 
294.626099 208.357193 
269.056030 149.507660 
314.670593 254.929611 
403.544800 229.720947 
309.960236 270.835297 
140.137543 235.660950 
252.013290 210.896667 
127.435326 347.889587 
514.523560 245.769791 
293.725952 207.161118 
290.416107 188.581863 
128.015717 185.188232 
462.194031 233.512207 
460.400543 224.241867 
123.327278 345.838806 
204.880142 308.194611 
294.632996 205.969742 
238.708694 204.499207 
238.944275 203.831650 
204.629028 228.302414 
238.754730 183.500412 
311.484467 256.930176 
213.933197 225.113586 
226.979614 225.443069 
261.913788 183.216858 
310.561890 342.239441 
279.952209 208.148148 
212.306519 197.018814 
138.488327 237.480957 
307.286835 341.231964 
492.143829 193.491501 
131.110336 184.489380 
144.964645 295.085327 
283.498871 241.902542 
144.961624 256.759308 
94.124992 358.003601 
203.508667 191.379761 
306.978546 214.078522 
163.547180 348.080933 
283.148682 332.445831 
150.422501 208.831360 
317.251587 280.417633 
151.828979 203.992584 
232.246918 190.523453 
260.980621 154.895264 
298.360840 289.966858 
158.360550 227.694397 
228.171692 222.640411 
233.652771 228.438461 
287.907074 228.773010 
104.891609 358.638428 
220.663010 230.949524 
287.565002 212.162613 
237.628998 189.552307 
218.060318 203.691299 
119.859894 347.173370 
359.670715 218.735321 
17.113176 366.469666 
315.344543 216.925217 
247.075500 177.787308 
147.708893 293.711029 
274.391296 284.349365 
475.863342 253.342041 
469.019379 211.364059 
300.678711 208.521011 
266.322754 229.384552 
156.859680 235.825073 
145.217224 246.788361 
176.130936 356.870575 
265.331665 230.575470 
153.054504 237.520538 
340.748169 206.664093 
344.335663 240.859207 
268.575195 299.846069 
105.462227 358.172729 
288.009613 251.641922 
162.009460 359.982849 
321.454498 318.971313 
455.405304 200.519882 
144.116425 308.677673 
474.284607 227.762741 
345.310699 253.415085 
149.064896 201.305008 
473.876984 226.937515 
344.725525 261.807129 
460.109894 223.441711 
243.837662 262.257141 
305.221619 224.773392 
408.516357 227.614761 
156.084076 236.719162 
486.680603 261.664093 
342.974915 248.351608 
155.737518 211.604294 
331.441345 231.310364 
137.697983 307.589325 
280.849182 331.136444 
229.199844 195.374512 
224.527985 225.067307 
225.126419 225.204132 
292.807129 200.391083 
217.042404 224.995911 
347.521667 214.713257 
426.586975 244.672531 
487.734802 230.163132 
248.803665 210.165375 
401.303070 220.344070 
452.859650 178.872452 
373.184052 242.045959 
288.658173 221.073166 
291.848999 299.483032 
374.269623 252.218948 
162.561829 344.678345 
325.141846 227.763016 
149.143539 200.068558 
220.875183 200.060715 
221.469376 200.330612 
237.476105 189.229248 
207.302628 244.872589 
465.665558 270.771729 
465.853638 271.246643 
308.236206 172.560974 
119.132904 346.044434 
475.378906 211.698151 
271.828430 310.610199 
305.431396 252.119904 
471.390228 217.741226 
238.560867 182.934814 
298.856537 290.537170 
280.938660 202.224579 
415.594452 209.087570 
248.242371 331.843353 
342.628479 214.159790 
287.359192 213.404556 
402.895203 236.330093 
112.247520 331.191132 
343.081940 219.674149 
154.263840 211.713211 
322.303009 341.533569 
285.875458 215.350189 
295.071320 272.213715 
446.061829 239.059998 
