500
149.909515 241.834595 
169.854462 358.218079 
264.771454 210.830200 
495.669281 216.525818 
322.310822 238.937820 
459.509827 220.808990 
185.139893 330.367493 
168.934311 358.105103 
169.384827 358.093140 
455.690308 243.086426 
280.485474 314.904236 
350.660736 218.050522 
482.200562 208.129578 
514.719055 217.582260 
298.064026 193.100067 
297.512817 193.124481 
487.472534 199.996902 
167.856125 339.465454 
125.238510 351.726929 
407.555786 229.525131 
479.391998 207.700485 
96.997047 337.415680 
460.109894 223.441711 
483.046143 210.592773 
265.369873 211.902954 
356.598206 219.583649 
141.652298 291.536804 
454.447449 243.365128 
405.744080 231.668915 
294.072021 253.359009 
163.547180 348.080933 
291.507111 189.882538 
480.698212 198.632751 
473.180206 233.610489 
162.561829 344.678345 
164.439911 344.420197 
292.807129 200.391083 
162.029678 340.988892 
488.975403 194.954147 
444.916168 284.736786 
262.176422 209.362427 
487.824249 229.451370 
295.694794 169.280807 
296.922455 254.368729 
477.616577 200.449936 
488.659576 197.813354 
97.632317 337.033020 
485.265594 194.785385 
300.208954 338.536713 
460.400543 224.241867 
412.948944 222.443085 
478.496979 207.500641 
290.416107 188.581863 
334.703094 253.291885 
408.516357 227.614761 
111.264595 358.983551 
487.734802 230.163132 
499.006378 212.602310 
499.224030 213.309479 
400.891785 205.119644 
300.392975 338.348663 
480.066711 231.884491 
92.858292 341.317688 
421.939453 258.685944 
93.249245 340.766693 
455.625458 219.855743 
314.637177 277.512238 
294.505798 190.120422 
448.348572 216.112732 
511.643127 241.435455 
491.947266 231.499207 
149.768539 287.090668 
453.380463 231.897324 
453.532776 219.568619 
160.369324 344.687012 
322.834015 336.758362 
472.622803 248.342728 
339.992523 238.847870 
289.978851 308.051697 
118.079704 360.485474 
418.733673 228.432098 
236.753830 213.997253 
228.482346 229.328751 
475.633148 254.822800 
455.071899 242.241531 
441.131744 198.994675 
478.454865 231.517487 
464.767517 224.417969 
222.885727 206.522629 
453.614594 285.089844 
279.422089 327.707245 
477.390442 227.550339 
475.863342 253.342041 
409.130341 226.773300 
224.234619 228.316132 
321.234406 336.869720 
187.810043 343.291260 
472.706482 219.916321 
477.733826 228.211914 
449.409027 281.476318 
479.454834 204.965393 
445.156433 195.985825 
117.246025 350.705475 
471.390228 217.741226 
420.224854 228.400513 
473.876984 226.937515 
298.077087 336.358917 
233.482452 335.916534 
424.614136 234.329758 
401.303070 220.344070 
421.994202 232.669220 
439.715118 206.709900 
297.370148 166.683060 
466.145966 207.142761 
426.391754 218.945129 
349.419922 337.304108 
95.352943 344.733612 
468.920044 233.207108 
468.996887 233.351181 
472.971191 192.587036 
469.046783 193.166885 
346.718689 208.824356 
428.048187 186.232880 
328.930328 241.075256 
333.953064 236.952393 
321.012512 318.175751 
514.521362 215.660385 
450.449097 228.160751 
450.497864 227.566467 
511.662964 242.092026 
444.737213 196.528961 
283.830902 336.298309 
124.073280 358.581329 
416.237305 261.594849 
277.954132 316.842102 
336.078064 263.015656 
412.924469 229.103012 
448.063782 223.600327 
43.104763 347.265991 
455.863495 279.359741 
509.031677 208.939148 
227.957962 197.168549 
272.651001 143.708038 
286.095032 188.703186 
246.267273 187.612473 
415.355957 212.548492 
467.175232 239.234482 
336.621826 242.453476 
433.092773 216.191467 
429.767059 202.466522 
447.424133 196.111877 
180.871384 352.947479 
438.998138 200.919327 
429.029053 222.890533 
94.874336 317.723511 
94.989006 317.818146 
329.787415 241.477295 
440.862640 201.382996 
118.771545 360.176239 
315.625214 276.738953 
476.443207 210.209229 
224.722977 228.605118 
144.300552 290.026062 
476.886200 185.914627 
318.189758 247.388580 
475.469971 194.861237 
251.949646 196.152786 
466.228546 274.259338 
225.096817 208.164368 
447.259308 224.446945 
436.631714 234.182556 
465.590759 224.269592 
440.333740 200.796509 
223.787094 229.705475 
310.561890 342.239441 
445.319153 214.910843 
232.246918 190.523453 
144.961624 256.759308 
277.358643 318.034393 
230.889572 337.555359 
150.424469 245.650299 
340.629303 239.338165 
469.780518 233.442810 
432.838196 223.042953 
473.226471 191.528610 
418.688660 232.780334 
419.208984 232.677444 
453.839996 277.710266 
416.836914 261.113037 
442.756683 209.873672 
244.346237 339.794830 
417.463348 229.224258 
174.991211 351.859558 
511.354248 245.172775 
104.891609 358.638428 
216.781448 246.309509 
217.147476 245.951736 
140.854721 309.947510 
140.876541 309.769440 
95.085289 324.914062 
323.271057 322.871704 
343.155396 242.046066 
232.099487 176.402374 
469.757233 260.276428 
430.991577 222.423874 
112.247520 331.191132 
304.817841 182.851562 
175.119980 357.206207 
346.210571 209.843353 
283.500732 126.528732 
311.194824 213.866119 
249.066437 184.639572 
92.356453 349.875519 
469.155701 214.632385 
94.999809 317.161133 
484.324890 255.572250 
433.909882 243.415894 
248.617050 164.803467 
359.670715 218.735321 
162.009460 359.982849 
322.303009 341.533569 
334.575378 250.391586 
277.118378 319.964813 
438.124786 218.982147 
221.067032 207.892120 
465.665558 270.771729 
465.853638 271.246643 
91.564331 329.835907 
443.379181 221.279144 
443.335907 220.590134 
210.208527 182.888443 
248.387451 184.722076 
94.124992 358.003601 
265.508423 352.481445 
474.284607 227.762741 
406.017578 226.780914 
232.588531 349.782196 
309.483643 345.343719 
454.443939 274.576538 
246.188156 181.979462 
449.728516 207.182205 
315.344543 216.925217 
92.273422 350.610199 
444.152191 217.529251 
222.386185 209.696655 
505.428192 239.228439 
176.130936 356.870575 
428.527954 302.306549 
224.616959 346.472870 
444.037384 192.521576 
454.216064 202.652359 
507.156189 241.176178 
247.564331 178.685577 
248.577560 164.029572 
492.143829 193.491501 
373.184052 242.045959 
228.370865 181.848770 
455.405304 200.519882 
214.753464 207.627533 
482.965668 204.144958 
454.966095 201.647659 
475.441101 245.267715 
225.314331 199.376740 
438.820221 223.463730 
340.748169 206.664093 
427.550934 302.056549 
222.881027 182.005325 
506.246124 213.313507 
105.602036 366.053406 
307.286835 341.231964 
436.332794 226.580765 
447.103516 193.067688 
229.387512 340.233215 
344.335663 240.859207 
428.612762 300.985748 
313.609283 181.475815 
144.964645 295.085327 
336.521332 236.765503 
460.489410 206.868530 
283.885529 217.539230 
424.241974 192.043777 
276.389801 329.970612 
97.904732 344.235321 
217.751556 227.601089 
415.594452 209.087570 
456.580750 212.277695 
215.821045 208.454163 
274.593597 330.095123 
429.653961 221.737976 
472.496033 238.946793 
480.709290 256.877594 
287.064056 90.533890 
287.086761 90.585007 
405.927979 207.468094 
234.803787 175.577850 
512.354248 245.743256 
309.479492 341.615753 
269.056030 149.507660 
477.420166 250.447815 
156.980957 348.603424 
157.308762 349.244690 
433.529907 183.404251 
256.433777 192.976257 
154.815536 357.406891 
148.502716 355.251404 
105.462227 358.172729 
416.611420 212.894913 
270.992432 332.340576 
457.462158 212.850571 
440.915924 189.734283 
144.957062 354.162292 
228.619629 220.204239 
436.563263 178.632843 
271.115631 330.809509 
486.983704 253.691315 
419.711548 201.916061 
327.444763 242.615799 
224.527985 225.067307 
225.126419 225.204132 
232.978027 219.450806 
235.760849 192.030594 
422.419647 213.563156 
471.837097 238.041641 
283.415741 335.672760 
142.919678 183.854813 
277.151093 321.404083 
323.407074 183.852219 
248.618805 179.863693 
405.923157 214.109802 
147.688766 183.587692 
226.979614 225.443069 
100.939125 353.330231 
309.510864 180.676666 
342.228333 213.336273 
313.912750 364.059143 
237.628998 189.552307 
149.352554 183.643234 
454.004517 197.295837 
260.980621 154.895264 
238.754730 183.500412 
309.284515 185.201736 
337.346588 264.702881 
262.757385 348.520966 
263.407043 351.104950 
433.457458 240.750488 
315.023590 229.914536 
228.275467 335.456573 
286.379883 307.200012 
499.867218 298.485077 
234.052368 186.844788 
238.871078 327.525055 
332.179413 238.464096 
305.376282 330.060059 
487.452209 253.028503 
403.544800 229.720947 
476.079529 184.352997 
203.799118 346.088409 
280.945648 155.612823 
219.839111 206.212524 
213.365311 227.407654 
234.962738 186.864227 
217.042404 224.995911 
329.268341 242.898239 
311.549316 177.664429 
422.429169 188.994843 
280.938660 202.224579 
318.804321 362.654358 
258.032715 226.228745 
336.958557 320.503540 
256.719116 229.286301 
217.597763 201.334381 
341.082001 237.221695 
227.807236 177.758682 
488.743103 315.306915 
266.794281 139.591690 
317.251587 280.417633 
402.172668 214.032516 
256.950317 148.536880 
225.340073 191.089798 
284.338959 220.687485 
514.523560 245.769791 
416.611938 192.561844 
229.880875 334.217041 
338.268005 266.947113 
338.097382 267.024475 
228.171692 222.640411 
147.502335 183.423813 
212.991806 206.734222 
483.461273 190.355270 
326.548431 341.158569 
214.794708 222.964828 
233.639801 219.498215 
223.160675 210.506958 
428.378082 302.627380 
238.560867 182.934814 
471.862610 210.279297 
224.376175 182.746857 
241.950378 190.879517 
479.827209 253.257080 
229.090988 193.150406 
255.229416 208.354950 
254.694489 207.872330 
435.014587 183.570938 
313.334686 180.378937 
220.663010 230.949524 
280.849182 331.136444 
246.270279 212.751312 
313.881561 174.472549 
290.013855 307.430389 
437.175903 191.928864 
402.895203 236.330093 
237.476105 189.229248 
342.974915 248.351608 
141.853683 357.794373 
409.789520 256.887695 
409.823242 257.302277 
337.865631 260.231842 
243.310181 174.943420 
242.838516 174.708389 
402.649292 259.199219 
131.110336 184.489380 
348.100433 245.838837 
144.116425 308.677673 
221.606827 181.985123 
308.614655 185.569000 
522.760193 233.210480 
424.011810 269.842285 
149.716370 183.011795 
344.504150 244.966599 
214.453979 204.319733 
142.273865 183.857239 
371.782623 241.855392 
247.075500 177.787308 
218.060318 203.691299 
200.725677 190.824982 
201.351746 190.961014 
156.859680 235.825073 
257.983459 224.956467 
387.227631 248.498947 
525.083252 236.773621 
497.624939 183.065628 
497.624939 183.065628 
284.763519 157.767471 
110.230438 355.415344 
471.290375 273.976135 
157.158630 355.677551 
322.310242 322.555450 
484.797760 193.085327 
229.187378 193.955307 
292.605042 305.492279 
315.020966 176.432098 
338.412262 268.123260 
271.828430 310.610199 
437.614716 186.050339 
205.847992 344.573761 
107.547951 339.163757 
476.164917 183.115250 
153.644501 228.653061 
476.635162 239.344788 
249.569305 172.178528 
321.454498 318.971313 
136.856613 293.629425 
155.960251 348.822083 
446.061829 239.059998 
306.162170 185.647842 
254.931595 151.082367 
325.691650 259.767059 
214.061234 222.645111 
220.875183 200.060715 
221.469376 200.330612 
416.711823 193.745270 
330.993652 259.761566 
269.861572 216.663574 
255.727020 155.115356 
256.416321 155.375732 
485.245789 248.577927 
283.148682 332.445831 
274.851593 187.899124 
257.836914 149.130630 
264.606079 220.402100 
153.054504 237.520538 
269.474304 217.908569 
452.242096 180.824448 
155.033661 227.395874 
316.679932 248.863251 
436.197662 185.156250 
146.051941 256.534210 
223.130936 201.081848 
408.675995 257.622620 
512.616333 268.227478 
512.920471 268.299927 
248.803665 210.165375 
469.286804 270.763550 
273.459900 284.300934 
268.311707 327.435455 
482.839203 191.689438 
229.466095 220.663040 
405.495544 200.001221 
339.892700 230.810593 
275.489380 206.318069 
