500
482.965668 204.144958 
480.698212 198.632751 
479.454834 204.965393 
479.391998 207.700485 
482.200562 208.129578 
495.669281 216.525818 
487.472534 199.996902 
277.954132 316.842102 
477.616577 200.449936 
228.482346 229.328751 
478.496979 207.500641 
454.447449 243.365128 
488.975403 194.954147 
277.358643 318.034393 
483.046143 210.592773 
405.927979 207.468094 
455.690308 243.086426 
224.234619 228.316132 
262.176422 209.362427 
499.006378 212.602310 
499.224030 213.309479 
522.760193 233.210480 
506.246124 213.313507 
224.722977 228.605118 
223.787094 229.705475 
287.064056 90.533890 
287.086761 90.585007 
185.139893 330.367493 
430.991577 222.423874 
215.821045 208.454163 
214.753464 207.627533 
439.715118 206.709900 
466.145966 207.142761 
225.096817 208.164368 
502.595276 214.078186 
327.860138 261.077789 
436.332794 226.580765 
453.380463 231.897324 
509.031677 208.939148 
328.930328 241.075256 
228.619629 220.204239 
248.617050 164.803467 
222.885727 206.522629 
476.635162 239.344788 
226.979614 225.443069 
421.994202 232.669220 
429.653961 221.737976 
248.577560 164.029572 
418.688660 232.780334 
419.208984 232.677444 
287.366882 198.124771 
346.718689 208.824356 
511.643127 241.435455 
300.392975 338.348663 
385.506989 388.852295 
457.034637 252.933212 
433.092773 216.191467 
297.370148 166.683060 
460.400543 224.241867 
264.771454 210.830200 
294.897858 201.270309 
300.208954 338.536713 
346.210571 209.843353 
228.171692 222.640411 
401.303070 220.344070 
432.838196 223.042953 
429.767059 202.466522 
327.712433 262.063629 
455.071899 242.241531 
224.527985 225.067307 
225.126419 225.204132 
140.854721 309.947510 
140.876541 309.769440 
174.991211 351.859558 
294.505798 190.120422 
441.131744 198.994675 
476.443207 210.209229 
525.083252 236.773621 
233.639801 219.498215 
424.614136 234.329758 
329.787415 241.477295 
232.978027 219.450806 
277.118378 319.964813 
511.662964 242.092026 
478.454865 231.517487 
251.949646 196.152786 
443.379181 221.279144 
443.335907 220.590134 
234.803787 175.577850 
222.386185 209.696655 
141.652298 291.536804 
454.004517 197.295837 
440.862640 201.382996 
221.067032 207.892120 
180.871384 352.947479 
514.523560 245.769791 
438.820221 223.463730 
435.014587 183.570938 
291.507111 189.882538 
290.416107 188.581863 
212.991806 206.734222 
488.659576 197.813354 
457.462158 212.850571 
459.515350 255.202072 
280.849182 331.136444 
330.993652 259.761566 
418.733673 228.432098 
269.056030 149.507660 
216.781448 246.309509 
217.147476 245.951736 
146.605087 251.137436 
471.862610 210.279297 
224.616959 346.472870 
322.310822 238.937820 
298.077087 336.358917 
440.333740 200.796509 
333.953064 236.952393 
147.688766 183.587692 
232.099487 176.402374 
412.948944 222.443085 
438.998138 200.919327 
277.151093 321.404083 
217.042404 224.995911 
321.012512 318.175751 
422.419647 213.563156 
416.611420 212.894913 
426.586975 244.672531 
420.224854 228.400513 
448.348572 216.112732 
448.063782 223.600327 
453.532776 219.568619 
512.354248 245.743256 
232.588531 349.782196 
450.449097 228.160751 
450.497864 227.566467 
491.950867 268.080566 
142.919678 183.854813 
329.268341 242.898239 
456.580750 212.277695 
514.719055 217.582260 
511.354248 245.172775 
356.598206 219.583649 
149.352554 183.643234 
460.489410 206.868530 
455.625458 219.855743 
426.391754 218.945129 
438.124786 218.982147 
286.095032 188.703186 
325.691650 259.767059 
475.469971 194.861237 
392.253265 390.279602 
214.453979 204.319733 
514.521362 215.660385 
256.433777 192.976257 
429.029053 222.890533 
424.107605 388.581940 
440.915924 189.734283 
521.098816 436.673004 
334.703094 253.291885 
336.078064 263.015656 
290.013855 307.430389 
447.259308 224.446945 
311.098297 278.970520 
444.152191 217.529251 
217.751556 227.601089 
223.160675 210.506958 
236.753830 213.997253 
436.563263 178.632843 
162.029678 340.988892 
265.369873 211.902954 
417.463348 229.224258 
445.319153 214.910843 
274.851593 187.899124 
311.194824 213.866119 
245.896713 231.918381 
314.033081 279.997681 
219.839111 206.212524 
217.597763 201.334381 
315.711670 130.612549 
246.188156 181.979462 
247.564331 178.685577 
350.660736 218.050522 
485.265594 194.785385 
139.824249 306.077972 
412.924469 229.103012 
147.502335 183.423813 
415.355957 212.548492 
288.658173 221.073166 
213.365311 227.407654 
275.489380 206.318069 
421.939453 258.685944 
286.379883 307.200012 
402.699066 208.518265 
302.302216 198.653412 
322.834015 336.758362 
315.625214 276.738953 
245.524445 227.177521 
424.241974 192.043777 
244.765274 226.597412 
442.756683 209.873672 
307.286835 341.231964 
437.614716 186.050339 
210.673325 196.873795 
289.978851 308.051697 
204.949081 192.177109 
315.344543 216.925217 
331.441345 231.310364 
484.797760 193.085327 
278.191437 204.248642 
255.216522 236.286880 
327.444763 242.615799 
342.228333 213.336273 
227.807236 177.758682 
141.816086 304.102295 
146.427399 253.477539 
405.495544 200.001221 
329.489227 264.886566 
343.155396 242.046066 
419.711548 201.916061 
241.297592 266.091553 
255.229416 208.354950 
254.694489 207.872330 
436.197662 185.156250 
340.748169 206.664093 
203.508667 191.379761 
287.359192 213.404556 
213.933197 225.113586 
310.554474 263.249756 
472.971191 192.587036 
149.716370 183.011795 
454.216064 202.652359 
247.075500 177.787308 
314.637177 277.512238 
142.273865 183.857239 
405.923157 214.109802 
163.547180 348.080933 
437.175903 191.928864 
406.017578 226.780914 
455.405304 200.519882 
415.594452 209.087570 
229.466095 220.663040 
232.246918 190.523453 
138.865860 287.339478 
443.766174 179.342789 
454.966095 201.647659 
344.335663 240.859207 
144.300552 290.026062 
137.134506 304.950195 
209.241455 186.891525 
145.829193 188.398727 
401.723145 209.547394 
241.950378 190.879517 
310.490570 269.410095 
162.561829 344.678345 
342.974915 248.351608 
334.575378 250.391586 
286.990967 214.646515 
187.810043 343.291260 
212.306519 197.018814 
136.856613 293.629425 
237.116135 236.096756 
454.286255 253.191605 
237.628998 189.552307 
373.184052 242.045959 
164.439911 344.420197 
313.609283 181.475815 
295.694794 169.280807 
433.909882 243.415894 
321.234406 336.869720 
479.827209 253.257080 
230.992279 228.521759 
136.163483 291.380768 
137.697983 307.589325 
449.728516 207.182205 
175.119980 357.206207 
436.631714 234.182556 
498.888885 270.644104 
287.565002 212.162613 
160.369324 344.687012 
296.289185 198.740112 
271.115631 330.809509 
234.052368 186.844788 
460.244781 269.729584 
336.621826 242.453476 
140.137543 235.660950 
293.725952 207.161118 
522.839355 205.858078 
407.555786 229.525131 
324.199127 177.871887 
440.169189 177.531525 
485.245789 248.577927 
256.719116 229.286301 
227.957962 197.168549 
270.992432 332.340576 
311.918945 241.095154 
480.977509 362.270782 
276.665527 206.636459 
313.149841 261.221497 
278.889557 208.209000 
247.427948 235.573318 
336.521332 236.765503 
146.678329 188.414856 
234.962738 186.864227 
327.921539 258.200897 
507.156189 241.176178 
279.952209 208.148148 
244.444305 224.728958 
237.476105 189.229248 
237.731598 236.824539 
167.856125 339.465454 
359.670715 218.735321 
136.771866 302.987122 
235.760849 192.030594 
294.626099 208.357193 
248.803665 210.165375 
480.066711 231.884491 
349.419922 337.304108 
408.516357 227.614761 
214.794708 222.964828 
238.560867 182.934814 
238.754730 183.500412 
236.434601 178.818359 
348.103546 250.020752 
294.632996 205.969742 
281.169403 196.869278 
444.737213 196.528961 
214.061234 222.645111 
405.744080 231.668915 
229.187378 193.955307 
452.556030 247.821045 
416.836914 261.113037 
473.226471 191.528610 
447.424133 196.111877 
249.066437 184.639572 
482.839203 191.689438 
248.387451 184.722076 
246.267273 187.612473 
486.680603 261.664093 
256.176941 229.112793 
221.606827 181.985123 
280.485474 314.904236 
310.100525 280.176117 
176.130936 356.870575 
484.324890 255.572250 
338.412262 268.123260 
445.156433 195.985825 
258.032715 226.228745 
512.616333 268.227478 
512.920471 268.299927 
310.917328 258.336853 
451.627289 182.800873 
246.270279 212.751312 
337.346588 264.702881 
452.242096 180.824448 
156.859680 235.825073 
237.224060 182.103546 
299.771942 169.073502 
271.470917 185.878220 
509.712402 256.410950 
266.794281 139.591690 
344.504150 244.966599 
469.757233 260.276428 
323.271057 322.871704 
444.916168 284.736786 
305.221619 224.773392 
321.454498 318.971313 
145.280746 185.281174 
493.707550 182.000778 
246.308411 239.274460 
501.057495 237.635727 
256.544312 221.066711 
162.009460 359.982849 
475.378906 211.698151 
338.268005 266.947113 
338.097382 267.024475 
467.175232 239.234482 
487.452209 253.028503 
151.887634 186.806808 
483.461273 190.355270 
447.103516 193.067688 
229.199844 195.374512 
318.189758 247.388580 
229.090988 193.150406 
409.130341 226.773300 
402.172668 214.032516 
310.561890 342.239441 
476.079529 184.352997 
461.142151 288.183105 
220.663010 230.949524 
449.409027 281.476318 
264.769409 183.477646 
272.933868 301.257568 
322.641510 203.830673 
322.778442 204.449371 
340.629303 239.338165 
264.606079 220.402100 
268.431244 181.917816 
333.177124 248.299347 
332.832550 218.665146 
459.326447 192.087021 
136.121979 288.102936 
271.828430 310.610199 
300.678711 208.521011 
267.515167 219.687775 
156.084076 236.719162 
341.082001 237.221695 
252.013290 210.896667 
243.324478 268.911346 
288.166290 254.901367 
476.164917 183.115250 
313.912750 364.059143 
486.983704 253.691315 
336.647644 210.054214 
416.237305 261.594849 
207.885635 236.283218 
337.865631 260.231842 
261.913788 183.216858 
422.377289 195.807526 
232.959488 236.529205 
248.242371 331.843353 
280.546783 196.344101 
225.314331 199.376740 
313.334686 180.378937 
309.479492 341.615753 
154.274841 239.087433 
339.992523 238.847870 
226.424377 235.928513 
131.289047 352.136749 
137.835052 298.412201 
248.618805 179.863693 
311.484467 256.930176 
257.983459 224.956467 
349.027679 250.185608 
459.509827 220.808990 
135.155243 313.360687 
388.642853 375.124908 
247.861328 226.352798 
213.125015 189.625305 
446.061829 239.059998 
208.493225 190.537430 
469.019379 211.364059 
272.651001 143.708038 
309.510864 180.676666 
204.629028 228.302414 
225.340073 191.089798 
153.644501 228.653061 
248.240860 227.563034 
270.321960 244.353424 
269.551910 244.029968 
248.764053 236.464432 
472.496033 238.946793 
403.990906 201.044083 
371.782623 241.855392 
492.143829 193.491501 
314.670593 254.929611 
137.673386 297.158539 
469.155701 214.632385 
291.848999 299.483032 
220.875183 200.060715 
221.469376 200.330612 
355.114441 248.320206 
152.880661 228.374283 
428.048187 186.232880 
144.964645 295.085327 
302.728149 274.028900 
267.437561 155.548752 
318.804321 362.654358 
382.352875 243.046265 
452.379303 210.324860 
292.605042 305.492279 
444.037384 192.521576 
309.960236 270.835297 
315.020966 176.432098 
233.652771 228.438461 
229.387512 340.233215 
280.938660 202.224579 
409.789520 256.887695 
409.823242 257.302277 
412.983643 365.710175 
305.317810 248.554703 
222.881027 182.005325 
268.935791 294.051697 
433.457458 240.750488 
339.481628 217.398972 
148.430161 228.970596 
144.116425 308.677673 
129.971649 350.693451 
296.066162 303.153595 
241.760925 221.754303 
469.780518 233.442810 
480.709290 256.877594 
232.409409 236.586685 
230.889572 337.555359 
491.574768 247.817764 
353.791321 247.610245 
403.544800 229.720947 
269.474304 217.908569 
285.875458 215.350189 
260.980621 154.895264 
224.727783 283.307220 
