500
356.501648 244.677490 
234.055847 257.295013 
234.055847 257.295013 
244.708511 308.362427 
393.474457 308.451813 
135.599396 183.270035 
96.770226 130.242523 
96.770226 130.242523 
317.712341 184.438995 
361.805908 256.104736 
392.894196 307.408081 
126.501350 195.401077 
95.846542 133.771622 
248.678757 195.597641 
293.791748 141.315598 
201.428497 107.509972 
398.898621 346.901520 
391.623779 315.375336 
190.509918 232.582657 
333.312653 193.670364 
283.232391 137.785019 
284.272522 235.127518 
230.668243 258.362305 
334.880188 185.642670 
293.745209 230.698074 
319.019653 188.418976 
424.595154 334.898224 
200.303772 113.647926 
355.075104 170.553223 
354.804443 238.903915 
282.977539 233.916397 
323.883484 185.573761 
221.149536 314.424683 
365.718628 362.716156 
201.031616 235.399902 
198.836151 113.556442 
283.365326 232.383896 
391.877838 312.505341 
244.708511 308.362427 
405.172791 344.026489 
135.599396 183.270035 
405.172791 344.026489 
463.395569 339.239532 
427.836304 321.468567 
461.941193 373.554260 
358.703979 136.418198 
407.102051 347.116699 
447.183594 339.959778 
230.668243 258.362305 
354.804443 238.903915 
447.183594 339.959778 
283.365326 232.383896 
206.866348 244.009796 
283.711578 134.856949 
351.026825 243.599411 
138.490585 187.520737 
93.185875 144.745697 
278.381378 176.531036 
204.611496 244.812073 
84.732811 141.712128 
358.107605 138.189087 
358.203613 233.172699 
387.704254 365.474579 
206.768524 107.126038 
206.768524 107.126038 
252.242813 287.155731 
116.611000 139.828125 
96.783554 153.434326 
209.230774 110.149826 
358.107605 138.189087 
313.371399 134.731857 
216.589249 268.975952 
108.846344 162.538864 
269.641266 163.347214 
156.529083 186.258072 
323.023590 241.021500 
447.054626 345.119232 
316.634216 149.353027 
145.111771 187.292496 
421.000000 322.391052 
465.440826 364.157227 
137.404022 204.408142 
135.599396 183.270035 
307.419617 139.090897 
428.707611 325.441772 
421.499481 330.777344 
282.128448 138.634857 
212.325851 99.154930 
455.552856 359.560486 
455.552856 359.560486 
325.240784 228.937561 
312.803040 147.871826 
354.866913 173.096130 
424.639069 341.274200 
307.419617 139.090897 
114.035637 179.660034 
424.639069 341.274200 
97.368820 135.630554 
206.702866 120.191650 
215.000412 109.140198 
432.885803 371.220276 
203.804688 103.117386 
203.804688 103.117386 
312.839233 131.156555 
330.648804 187.589645 
424.595154 334.898224 
259.731079 165.322510 
311.296692 141.139679 
433.216644 372.049866 
225.105713 267.086609 
142.058426 197.446350 
217.667496 258.579041 
408.435364 319.495667 
416.251678 344.137634 
94.038757 168.651962 
316.634216 149.353027 
438.721008 384.932617 
293.745209 230.698074 
447.183594 339.959778 
208.321777 99.991577 
100.846451 162.609436 
353.420898 144.847076 
354.250702 232.125992 
447.566772 340.901489 
310.053040 159.859192 
428.707611 325.441772 
467.598785 341.445496 
119.661423 180.920151 
411.269897 310.799866 
288.733978 258.912476 
421.499481 330.777344 
396.523499 351.489258 
306.599976 177.866547 
119.971291 108.230598 
190.509918 232.582657 
311.296692 141.139679 
100.714966 162.335648 
248.719727 164.532043 
248.719727 164.532043 
90.168449 150.063354 
224.025391 269.762360 
435.240967 341.965149 
424.092804 374.945679 
411.572388 368.217957 
206.866348 244.009796 
306.255157 131.770111 
140.481781 200.708069 
283.263550 143.261810 
354.318878 230.185974 
333.312653 193.670364 
211.907623 101.399063 
292.125977 182.491714 
162.025116 181.746643 
415.958832 323.273590 
415.958832 323.273590 
411.572388 368.217957 
355.148712 149.001205 
322.876038 247.946869 
288.733978 258.912476 
319.019653 188.418976 
311.296692 141.139679 
358.822174 173.035126 
217.667496 258.579041 
356.882080 168.051422 
201.714752 111.446732 
340.462646 185.897690 
315.532074 145.187210 
432.211884 354.959442 
462.937195 332.256561 
442.814362 386.121796 
414.876648 351.540283 
414.876648 351.540283 
340.260803 183.606216 
214.993958 97.079269 
360.294403 250.989380 
361.079559 173.852798 
290.765045 192.421310 
378.065247 366.596161 
362.514191 133.338638 
387.704254 365.474579 
456.059479 345.455719 
333.312653 193.670364 
264.618408 405.063568 
428.339050 355.065308 
461.941193 373.554260 
331.483307 213.183411 
215.000412 109.140198 
342.154388 184.320938 
424.595154 334.898224 
377.410187 368.103394 
408.435364 319.495667 
354.650238 195.284500 
278.724335 171.071198 
362.514191 133.338638 
87.698479 61.982952 
360.222015 159.896957 
206.702866 120.191650 
428.711151 348.770203 
437.929260 307.352448 
429.959778 296.816071 
355.148712 149.001205 
356.882080 168.051422 
453.924286 333.527313 
418.341583 282.896576 
130.921432 195.194977 
456.059479 345.455719 
225.726730 108.286469 
354.685425 195.975235 
410.259186 380.339539 
462.049957 322.908539 
419.983398 289.628937 
421.000000 322.391052 
105.343422 155.044785 
331.703461 136.081635 
312.839233 131.156555 
444.689301 304.698181 
331.703461 136.081635 
406.203796 298.784576 
433.329559 357.620728 
289.092346 125.892525 
322.863770 196.781784 
462.049957 322.908539 
201.031616 235.399902 
421.000000 322.391052 
437.598816 366.605988 
392.706238 326.967255 
436.002228 306.618530 
247.145706 302.733582 
222.348679 106.528435 
422.523590 328.251068 
292.125977 182.491714 
418.341583 282.896576 
117.240166 177.804306 
127.226807 188.666245 
354.650238 195.284500 
428.711151 348.770203 
435.745422 361.792206 
391.766907 371.440033 
391.766907 371.440033 
212.091751 366.326691 
388.884460 310.049042 
201.031616 235.399902 
320.600189 196.239944 
441.648560 342.790070 
370.608551 201.432144 
87.698479 61.982952 
411.600067 359.829651 
355.147797 235.304123 
266.620453 157.680008 
225.225372 273.305176 
306.599976 177.866547 
310.618195 147.756348 
225.225372 273.305176 
340.260803 183.606216 
359.912354 164.637405 
394.910431 301.260803 
438.468506 375.401703 
410.971405 337.569580 
336.041260 255.984055 
266.620453 157.680008 
108.982773 155.620041 
394.449402 374.880280 
290.765045 192.421310 
246.442932 283.078094 
426.180969 286.236694 
455.552856 359.560486 
464.453979 321.780212 
221.717667 103.559853 
390.990143 333.368896 
412.639526 365.325043 
144.144058 205.026596 
264.618408 405.063568 
430.978302 286.888458 
443.128693 328.519928 
290.765045 192.421310 
212.091751 366.326691 
359.217682 189.967865 
365.142090 329.352325 
356.501648 244.677490 
278.724335 171.071198 
450.665039 358.971710 
293.745209 230.698074 
101.427681 104.653084 
434.710297 318.229584 
95.779327 126.856216 
100.846451 162.609436 
427.811615 311.273407 
266.620453 157.680008 
354.866913 173.096130 
411.572388 368.217957 
407.560364 291.541168 
402.768982 307.253662 
402.768982 307.253662 
457.492279 326.429169 
212.091751 366.326691 
455.074493 329.252167 
227.989960 110.289688 
407.560364 291.541168 
325.240784 228.937561 
456.610077 345.687500 
455.074493 329.252167 
292.125977 182.491714 
455.552856 359.560486 
421.000000 322.391052 
428.064911 306.583313 
365.142090 329.352325 
365.142090 329.352325 
277.121887 138.294846 
361.079559 173.852798 
362.514191 133.338638 
318.746216 145.123276 
329.455719 218.790115 
206.702866 120.191650 
359.902588 243.722977 
97.067383 78.863029 
178.438400 388.822266 
343.915771 286.114258 
354.650238 195.284500 
427.121826 332.742981 
283.232391 137.785019 
388.884460 310.049042 
388.884460 310.049042 
443.128693 328.519928 
413.248230 374.194031 
345.591461 130.821289 
115.777199 117.788857 
115.777199 117.788857 
450.087402 302.709198 
435.598358 325.359619 
212.091751 366.326691 
455.074493 329.252167 
402.768982 307.253662 
288.733978 258.912476 
281.185669 116.749001 
281.185669 116.749001 
221.717667 103.559853 
361.805908 256.104736 
127.226807 188.666245 
227.989960 110.289688 
333.312653 193.670364 
381.190277 306.789551 
399.401062 295.938629 
205.282913 320.481415 
353.420898 144.847076 
387.331512 289.222839 
247.145706 302.733582 
238.634766 300.873596 
360.954651 157.125244 
223.264481 110.074028 
392.706238 326.967255 
366.287292 326.704803 
218.778885 87.267761 
390.990143 333.368896 
289.092346 125.892525 
418.693176 335.845886 
418.693176 335.845886 
388.884460 310.049042 
388.884460 310.049042 
450.991333 302.233521 
310.053040 159.859192 
360.954651 157.125244 
427.899841 337.233337 
447.586243 303.913940 
219.956573 91.528542 
310.053040 159.859192 
90.745819 64.556618 
455.074493 329.252167 
438.468506 375.401703 
322.863770 196.781784 
397.823120 351.553833 
206.702866 120.191650 
331.432037 268.152069 
394.910431 301.260803 
453.917450 313.343170 
423.595215 315.106903 
467.690918 316.711609 
212.091751 366.326691 
137.404022 204.408142 
266.115753 390.080719 
322.876038 247.946869 
353.912689 161.819550 
365.406616 326.048950 
331.432037 268.152069 
256.275177 158.563736 
428.840332 349.571320 
212.091751 366.326691 
212.091751 366.326691 
462.045929 324.534882 
413.623383 118.674049 
403.951660 279.690460 
318.746216 145.123276 
416.646545 336.090851 
447.586243 303.913940 
135.599396 183.270035 
135.599396 183.270035 
410.971405 337.569580 
278.381378 176.531036 
100.924728 135.187149 
410.971405 337.569580 
438.468506 375.401703 
256.275177 158.563736 
310.577728 271.331787 
310.577728 271.331787 
251.579391 391.064362 
409.733337 367.029785 
261.553375 149.246246 
462.827759 363.905945 
219.956573 91.528542 
359.902588 243.722977 
212.325851 99.154930 
322.876038 247.946869 
363.183044 140.861435 
135.599396 183.270035 
289.092346 125.892525 
329.455719 218.790115 
421.000000 322.391052 
342.479950 369.812744 
361.799103 196.289703 
364.056488 251.265930 
410.971405 337.569580 
218.248001 100.896996 
443.128693 328.519928 
394.910431 301.260803 
115.777199 117.788857 
283.263550 143.261810 
135.599396 183.270035 
427.811615 311.273407 
418.693176 335.845886 
421.000000 322.391052 
408.435364 319.495667 
467.690918 316.711609 
403.798157 312.055695 
265.471069 151.011215 
253.193817 152.310684 
418.341583 282.896576 
416.646545 336.090851 
405.811340 329.827637 
411.229156 329.918579 
345.591461 130.821289 
432.545990 367.334808 
324.318115 248.929688 
416.646545 336.090851 
373.765961 378.337616 
114.203209 161.465256 
263.405945 152.281296 
428.711151 348.770203 
429.147583 327.361176 
453.924286 333.527313 
457.492279 326.429169 
326.987640 259.074463 
450.665039 358.971710 
309.298462 199.750107 
403.798157 312.055695 
420.505463 348.495026 
294.487946 231.561951 
382.183685 430.380005 
383.128876 357.090302 
361.799103 196.289703 
329.455719 218.790115 
96.783554 153.434326 
366.429108 138.829025 
439.670990 287.476593 
438.468506 375.401703 
438.468506 375.401703 
457.492279 326.429169 
264.618408 405.063568 
294.487946 231.561951 
318.746216 145.123276 
278.381378 176.531036 
390.887848 414.776459 
192.724930 402.932922 
426.180969 286.236694 
416.646545 336.090851 
317.450592 262.019928 
403.951660 279.690460 
334.038361 264.594147 
438.468506 375.401703 
388.884460 310.049042 
350.302307 127.338020 
263.405945 152.281296 
400.765564 310.109711 
287.929291 194.844849 
391.877838 312.505341 
402.564606 303.656616 
123.925888 187.951019 
337.771729 371.178467 
218.999802 110.884773 
403.751129 306.896393 
405.300720 314.945465 
370.608551 201.432144 
393.520782 420.143066 
206.494003 243.069122 
353.088562 282.543579 
114.203209 161.465256 
178.212448 247.175568 
468.195801 350.952637 
368.106689 339.499603 
218.999802 110.884773 
221.167328 105.539124 
361.805908 256.104736 
