500
420.224854 228.400513 
417.463348 229.224258 
460.693756 221.403214 
460.952057 221.133881 
418.733673 228.432098 
442.756683 209.873672 
429.653961 221.737976 
430.991577 222.423874 
439.715118 206.709900 
436.332794 226.580765 
293.835876 265.149780 
293.072998 265.480408 
445.319153 214.910843 
450.449097 228.160751 
450.497864 227.566467 
440.862640 201.382996 
260.980621 154.895264 
449.728516 207.182205 
444.152191 217.529251 
290.602478 264.308136 
432.838196 223.042953 
262.176422 209.362427 
440.333740 200.796509 
359.670715 218.735321 
412.924469 229.103012 
433.092773 216.191467 
438.998138 200.919327 
298.079773 265.267181 
463.117126 220.887161 
289.884949 264.094757 
168.934311 358.105103 
169.384827 358.093140 
232.099487 176.402374 
167.148773 358.505463 
169.854462 358.218079 
476.443207 210.209229 
227.957962 197.168549 
472.971191 192.587036 
224.722977 228.605118 
269.776886 153.949295 
255.216522 236.286880 
418.688660 232.780334 
419.208984 232.677444 
149.909515 241.834595 
291.446747 267.140533 
315.020966 176.432098 
466.145966 207.142761 
459.509827 220.808990 
140.854721 309.947510 
140.876541 309.769440 
224.234619 228.316132 
408.516357 227.614761 
228.482346 229.328751 
223.787094 229.705475 
448.348572 216.112732 
150.424469 245.650299 
409.130341 226.773300 
256.686829 195.607056 
309.284515 185.201736 
314.637177 277.512238 
290.013855 307.430389 
236.753830 213.997253 
453.532776 219.568619 
234.803787 175.577850 
459.326447 192.087021 
234.962738 186.864227 
256.873901 197.485184 
438.820221 223.463730 
438.124786 218.982147 
443.379181 221.279144 
443.335907 220.590134 
308.614655 185.569000 
448.063782 223.600327 
447.259308 224.446945 
424.107605 388.581940 
460.109894 223.441711 
483.046143 210.592773 
416.836914 261.113037 
234.052368 186.844788 
329.787415 241.477295 
441.131744 198.994675 
407.555786 229.525131 
225.340073 191.089798 
336.621826 242.453476 
469.155701 214.632385 
449.409027 281.476318 
460.400543 224.241867 
155.918762 253.701309 
328.930328 241.075256 
406.017578 226.780914 
455.625458 219.855743 
403.544800 229.720947 
514.521362 215.660385 
421.994202 232.669220 
502.595276 214.078186 
475.469971 194.861237 
347.521667 214.713257 
495.669281 216.525818 
153.054504 237.520538 
416.237305 261.594849 
227.807236 177.758682 
467.175232 239.234482 
479.391998 207.700485 
141.652298 291.536804 
237.476105 189.229248 
462.919373 254.995239 
315.625214 276.738953 
471.862610 210.279297 
329.268341 242.898239 
144.964645 295.085327 
429.767059 202.466522 
286.379883 307.200012 
473.226471 191.528610 
461.142151 288.183105 
205.847992 344.573761 
482.200562 208.129578 
478.496979 207.500641 
155.033661 227.395874 
476.886200 185.914627 
477.616577 200.449936 
268.537170 135.985901 
476.079529 184.352997 
187.810043 343.291260 
279.422089 327.707245 
267.437561 155.548752 
222.061600 203.756821 
313.881561 174.472549 
264.771454 210.830200 
286.095032 188.703186 
343.081940 219.674149 
457.034637 252.933212 
462.194031 233.512207 
203.799118 346.088409 
374.269623 252.218948 
135.155243 313.360687 
152.880661 228.374283 
232.246918 190.523453 
306.998871 178.043091 
153.642807 224.463074 
327.444763 242.615799 
263.407043 351.104950 
356.598206 219.583649 
255.229416 208.354950 
254.694489 207.872330 
310.490570 269.410095 
153.644501 228.653061 
297.782135 254.489594 
412.948944 222.443085 
280.849182 331.136444 
482.965668 204.144958 
453.839996 277.710266 
176.130936 356.870575 
469.046783 193.166885 
265.508423 352.481445 
415.893463 206.184464 
220.875183 200.060715 
221.469376 200.330612 
154.168671 254.417450 
235.760849 192.030594 
506.246124 213.313507 
156.084076 236.719162 
514.719055 217.582260 
254.931595 151.082367 
225.314331 199.376740 
304.817841 182.851562 
459.515350 255.202072 
129.744049 349.987610 
137.205933 234.782486 
453.614594 285.089844 
405.744080 231.668915 
499.006378 212.602310 
499.224030 213.309479 
237.628998 189.552307 
216.781448 246.309509 
217.147476 245.951736 
487.472534 199.996902 
180.871384 352.947479 
232.978027 219.450806 
454.216064 202.652359 
333.177124 248.299347 
284.763519 157.767471 
488.659576 197.813354 
154.629547 249.807922 
156.859680 235.825073 
480.698212 198.632751 
223.130936 201.081848 
215.821045 208.454163 
453.380463 231.897324 
295.071320 272.213715 
262.757385 348.520966 
283.830902 336.298309 
265.369873 211.902954 
150.315872 225.613251 
175.119980 357.206207 
464.767517 224.417969 
454.447449 243.365128 
479.454834 204.965393 
217.751556 227.601089 
454.443939 274.576538 
444.916168 284.736786 
426.391754 218.945129 
287.115387 324.474670 
509.031677 208.939148 
309.510864 180.676666 
95.352943 344.733612 
521.098816 436.673004 
483.461273 190.355270 
340.629303 239.338165 
522.760193 233.210480 
454.966095 201.647659 
496.405548 234.997147 
294.632996 205.969742 
336.078064 263.015656 
476.635162 239.344788 
429.029053 222.890533 
156.706116 225.918671 
225.096817 208.164368 
153.580780 341.965363 
495.019745 238.501221 
475.633148 254.822800 
144.300552 290.026062 
460.489410 206.868530 
334.703094 253.291885 
220.663010 230.949524 
286.551636 265.061310 
157.158630 355.677551 
295.694794 169.280807 
289.776459 168.517517 
339.992523 238.847870 
214.753464 207.627533 
291.383606 162.534088 
422.766235 270.293579 
212.991806 206.734222 
482.839203 191.689438 
373.184052 242.045959 
296.922455 254.368729 
436.167358 251.901321 
480.591888 244.550018 
455.863495 279.359741 
313.149841 261.221497 
334.575378 250.391586 
434.975006 260.079742 
475.378906 211.698151 
258.032715 226.228745 
162.009460 359.982849 
233.639801 219.498215 
311.549316 177.664429 
294.626099 208.357193 
293.725952 207.161118 
484.797760 193.085327 
424.614136 234.329758 
226.424377 235.928513 
317.251587 280.417633 
455.690308 243.086426 
243.310181 174.943420 
242.838516 174.708389 
129.971649 350.693451 
475.441101 245.267715 
476.164917 183.115250 
385.506989 388.852295 
454.286255 253.191605 
142.919678 183.854813 
472.622803 248.342728 
155.845978 353.763550 
106.913246 353.428986 
283.415741 335.672760 
455.405304 200.519882 
318.189758 247.388580 
419.711548 201.916061 
360.613831 215.802948 
237.116135 236.096756 
259.798096 230.915665 
452.859650 178.872452 
313.052399 175.205338 
350.660736 218.050522 
264.606079 220.402100 
342.628479 214.159790 
148.430161 228.970596 
311.350708 187.079361 
229.466095 220.663040 
256.176941 229.112793 
436.453400 252.579132 
297.323303 272.483673 
310.554474 263.249756 
469.757233 260.276428 
291.362885 271.535370 
460.160126 269.354584 
286.518768 265.854187 
279.952209 208.148148 
145.664688 241.999344 
146.209671 242.334015 
226.979614 225.443069 
154.457703 349.265045 
257.983459 224.956467 
136.680145 217.683456 
228.619629 220.204239 
469.019379 211.364059 
322.310822 238.937820 
85.591255 314.312164 
325.691650 259.767059 
230.992279 228.521759 
478.454865 231.517487 
246.270279 212.751312 
465.590759 224.269592 
224.527985 225.067307 
225.126419 225.204132 
159.760101 231.792145 
504.181641 296.532776 
156.323822 256.482849 
223.160675 210.506958 
347.606354 231.717026 
337.865631 260.231842 
144.116425 308.677673 
300.678711 208.521011 
142.273865 183.857239 
255.727020 155.115356 
256.416321 155.375732 
258.718750 195.151413 
222.885727 206.522629 
488.975403 194.954147 
269.529907 147.077652 
137.697983 307.589325 
297.370148 166.683060 
222.386185 209.696655 
309.960236 270.835297 
228.275467 335.456573 
213.933197 225.113586 
380.840485 242.874969 
217.042404 224.995911 
268.198914 146.101501 
228.370865 181.848770 
313.609283 181.475815 
267.910004 144.536240 
400.218170 237.097610 
400.301025 236.820160 
294.072021 253.359009 
227.082504 189.261261 
267.515167 219.687775 
170.376114 336.207764 
433.457458 240.750488 
131.289047 352.136749 
446.061829 239.059998 
338.412262 268.123260 
218.060318 203.691299 
138.488327 237.480957 
475.863342 253.342041 
309.483643 345.343719 
330.993652 259.761566 
275.502258 337.885132 
145.165100 195.986160 
268.604980 226.826324 
145.280746 185.281174 
421.939453 258.685944 
287.359192 213.404556 
444.737213 196.528961 
229.880875 334.217041 
237.731598 236.824539 
213.365311 227.407654 
251.949646 196.152786 
252.013290 210.896667 
313.334686 180.378937 
311.194824 213.866119 
305.376282 330.060059 
473.180206 233.610489 
469.780518 233.442810 
452.556030 247.821045 
492.860779 313.468048 
316.679932 248.863251 
219.839111 206.212524 
229.090988 193.150406 
246.308411 239.274460 
323.316376 234.207138 
156.720322 248.124557 
454.004517 197.295837 
232.409409 236.586685 
232.959488 236.529205 
314.670593 254.929611 
207.885635 236.283218 
518.380188 200.094986 
278.889557 208.209000 
286.990967 214.646515 
137.202728 216.591888 
303.812622 183.273132 
485.265594 194.785385 
221.067032 207.892120 
480.066711 231.884491 
332.179413 238.464096 
456.580750 212.277695 
271.115631 330.809509 
271.470917 185.878220 
256.719116 229.286301 
234.825760 242.732224 
424.241974 192.043777 
283.498871 241.902542 
485.245789 248.577927 
110.230438 355.415344 
280.938660 202.224579 
138.847809 219.540527 
288.355774 194.537415 
437.175903 191.928864 
217.597763 201.334381 
306.162170 185.647842 
278.191437 204.248642 
445.156433 195.985825 
483.727081 309.583801 
468.920044 233.207108 
468.996887 233.351181 
228.171692 222.640411 
241.950378 190.879517 
247.427948 235.573318 
314.408936 254.384766 
299.567780 272.226105 
274.593597 330.095123 
460.244781 269.729584 
270.992432 332.340576 
269.861572 216.663574 
144.474930 196.830963 
424.011810 269.842285 
310.917328 258.336853 
457.462158 212.850571 
289.978851 308.051697 
313.912750 364.059143 
287.881500 161.794983 
276.389801 329.970612 
491.950867 268.080566 
129.929016 346.459656 
264.769409 183.477646 
269.474304 217.908569 
252.947998 148.655426 
415.159454 199.998611 
455.071899 242.241531 
159.728729 234.869476 
382.352875 243.046265 
200.421494 234.215042 
158.394821 248.543594 
131.110336 184.489380 
484.442871 312.539062 
144.961624 256.759308 
337.346588 264.702881 
388.642853 375.124908 
265.331665 230.575470 
309.620239 224.061386 
447.424133 196.111877 
327.860138 261.077789 
125.238510 351.726929 
272.611298 140.057938 
213.125015 189.625305 
342.974915 248.351608 
224.495041 238.912521 
224.701218 190.437866 
477.420166 250.447815 
97.904732 344.235321 
268.431244 181.917816 
288.658173 221.073166 
245.896713 231.918381 
214.453979 204.319733 
145.829193 188.398727 
128.015717 185.188232 
231.685883 244.387527 
363.554626 219.903809 
241.760925 221.754303 
299.982300 200.260117 
111.264595 358.983551 
339.481628 217.398972 
149.768539 287.090668 
345.499237 260.967224 
156.980957 348.603424 
157.308762 349.244690 
402.699066 208.518265 
137.673386 297.158539 
183.070358 329.747833 
371.782623 241.855392 
296.289185 198.740112 
447.103516 193.067688 
311.484467 256.930176 
137.601532 238.305222 
346.823761 255.618179 
271.826233 137.158813 
268.311707 327.435455 
465.665558 270.771729 
465.853638 271.246643 
139.824249 306.077972 
274.851593 187.899124 
271.679596 154.417725 
291.116333 186.837341 
229.187378 193.955307 
233.652771 228.438461 
204.637070 261.988281 
147.011581 224.228897 
128.476837 182.397827 
154.815536 357.406891 
443.766174 179.342789 
160.762009 233.471954 
291.150818 273.884705 
471.390228 217.741226 
416.721466 199.691833 
402.895203 236.330093 
338.268005 266.947113 
338.097382 267.024475 
238.754730 183.500412 
