500
412.924469 229.103012 
296.922455 254.368729 
274.593597 330.095123 
244.346237 339.794830 
346.210571 209.843353 
276.389801 329.970612 
440.225250 235.719254 
156.980957 348.603424 
157.308762 349.244690 
449.728516 207.182205 
429.029053 222.890533 
314.637177 277.512238 
157.871841 343.858063 
420.224854 228.400513 
429.653961 221.737976 
141.853683 357.794373 
482.200562 208.129578 
234.962738 186.864227 
452.379303 210.324860 
293.072998 265.480408 
157.158630 355.677551 
289.776459 168.517517 
426.391754 218.945129 
293.835876 265.149780 
456.580750 212.277695 
297.782135 254.489594 
290.013855 307.430389 
506.246124 213.313507 
212.306519 197.018814 
162.561829 344.678345 
217.042404 224.995911 
347.521667 214.713257 
119.344109 367.901917 
229.880875 334.217041 
457.462158 212.850571 
452.556030 247.821045 
430.991577 222.423874 
234.052368 186.844788 
227.957962 197.168549 
118.771545 360.176239 
159.069122 344.441101 
153.644501 228.653061 
162.029678 340.988892 
460.489410 206.868530 
453.614594 285.089844 
118.079704 360.485474 
346.718689 208.824356 
280.938660 202.224579 
279.422089 327.707245 
164.439911 344.420197 
291.470215 170.573074 
315.625214 276.738953 
424.614136 234.329758 
238.150620 326.893646 
238.871078 327.525055 
322.303009 341.533569 
436.631714 234.182556 
160.369324 344.687012 
238.754730 183.500412 
432.838196 223.042953 
421.939453 258.685944 
155.960251 348.822083 
342.228333 213.336273 
227.082504 189.261261 
475.469971 194.861237 
269.056030 149.507660 
263.127136 157.795364 
269.776886 153.949295 
514.521362 215.660385 
289.978851 308.051697 
321.012512 318.175751 
310.561890 342.239441 
479.391998 207.700485 
154.168671 254.417450 
155.845978 353.763550 
494.158020 238.724655 
359.670715 218.735321 
336.078064 263.015656 
222.885727 206.522629 
337.346588 264.702881 
149.909515 241.834595 
238.560867 182.934814 
433.092773 216.191467 
450.317719 186.563080 
448.063782 223.600327 
356.598206 219.583649 
412.948944 222.443085 
251.949646 196.152786 
180.871384 352.947479 
321.234406 336.869720 
292.345306 176.609634 
446.061829 239.059998 
150.424469 245.650299 
245.896713 231.918381 
402.895203 236.330093 
154.629547 249.807922 
448.348572 216.112732 
290.602478 264.308136 
210.673325 196.873795 
460.160126 269.354584 
442.756683 209.873672 
478.496979 207.500641 
468.920044 233.207108 
468.996887 233.351181 
271.679596 154.417725 
241.297592 266.091553 
315.023590 229.914536 
445.156433 195.985825 
290.416107 188.581863 
471.862610 210.279297 
153.054504 237.520538 
125.238510 351.726929 
469.780518 233.442810 
138.114975 340.015991 
488.975403 194.954147 
447.424133 196.111877 
246.188156 181.979462 
459.509827 220.808990 
440.333740 200.796509 
342.628479 214.159790 
486.983704 253.691315 
433.457458 240.750488 
237.476105 189.229248 
475.378906 211.698151 
438.820221 223.463730 
214.753464 207.627533 
438.998138 200.919327 
455.625458 219.855743 
257.983459 224.956467 
297.370148 166.683060 
276.665527 206.636459 
333.953064 236.952393 
155.033661 227.395874 
228.370865 181.848770 
445.319153 214.910843 
322.310242 322.555450 
455.863495 279.359741 
462.919373 254.995239 
471.837097 238.041641 
495.019745 238.501221 
321.454498 318.971313 
480.698212 198.632751 
295.694794 169.280807 
174.991211 351.859558 
487.452209 253.028503 
291.116333 186.837341 
437.175903 191.928864 
444.152191 217.529251 
232.099487 176.402374 
223.787094 229.705475 
433.909882 243.415894 
117.246025 350.705475 
143.413666 229.467377 
248.387451 184.722076 
213.933197 225.113586 
443.379181 221.279144 
443.335907 220.590134 
485.245789 248.577927 
246.267273 187.612473 
464.767517 224.417969 
334.189667 207.894043 
483.046143 210.592773 
280.485474 314.904236 
140.668793 240.606125 
140.515274 241.248611 
291.507111 189.882538 
444.737213 196.528961 
460.244781 269.729584 
311.098297 278.970520 
483.702820 229.438843 
416.611938 192.561844 
141.537201 229.929520 
263.372101 158.847198 
155.918762 253.701309 
499.006378 212.602310 
499.224030 213.309479 
465.590759 224.269592 
326.548431 341.158569 
438.124786 218.982147 
495.669281 216.525818 
473.876984 226.937515 
277.118378 319.964813 
224.701218 190.437866 
454.443939 274.576538 
472.496033 238.946793 
289.884949 264.094757 
243.263123 327.784302 
283.885529 217.539230 
152.880661 228.374283 
153.580780 341.965363 
460.109894 223.441711 
249.066437 184.639572 
509.712402 256.410950 
268.198914 146.101501 
453.380463 231.897324 
455.690308 243.086426 
247.075500 177.787308 
322.834015 336.758362 
482.839203 191.689438 
440.862640 201.382996 
415.159454 199.998611 
273.790741 155.310440 
514.719055 217.582260 
129.971649 350.693451 
475.633148 254.822800 
298.064026 193.100067 
297.512817 193.124481 
287.565002 212.162613 
476.443207 210.209229 
416.721466 199.691833 
148.502716 355.251404 
237.224060 182.103546 
453.532776 219.568619 
287.366882 198.124771 
336.521332 236.765503 
214.453979 204.319733 
154.815536 357.406891 
444.037384 192.521576 
224.234619 228.316132 
491.950867 268.080566 
416.711823 193.745270 
452.510681 184.218277 
267.910004 144.536240 
382.352875 243.046265 
213.365311 227.407654 
287.064056 90.533890 
287.086761 90.585007 
154.279572 259.523224 
224.722977 228.605118 
486.680603 261.664093 
437.614716 186.050339 
487.824249 229.451370 
385.506989 388.852295 
462.495209 187.076187 
380.840485 242.874969 
466.145966 207.142761 
474.284607 227.762741 
134.846756 337.541229 
216.781448 246.309509 
217.147476 245.951736 
480.709290 256.877594 
484.797760 193.085327 
453.839996 277.710266 
479.827209 253.257080 
144.957062 354.162292 
309.510864 180.676666 
144.961624 256.759308 
122.902138 341.897552 
287.359192 213.404556 
208.493225 190.537430 
248.617050 164.803467 
471.290375 273.976135 
441.131744 198.994675 
154.274841 239.087433 
234.803787 175.577850 
409.789520 256.887695 
409.823242 257.302277 
243.310181 174.943420 
242.838516 174.708389 
401.303070 220.344070 
256.686829 195.607056 
469.019379 211.364059 
492.143829 193.491501 
220.875183 200.060715 
221.469376 200.330612 
119.859894 347.173370 
233.482452 335.916534 
272.651001 143.708038 
480.591888 244.550018 
284.763519 157.767471 
451.627289 182.800873 
454.286255 253.191605 
350.660736 218.050522 
501.057495 237.635727 
294.072021 253.359009 
158.360550 227.694397 
482.965668 204.144958 
221.606827 181.985123 
460.400543 224.241867 
258.032715 226.228745 
256.873901 197.485184 
454.216064 202.652359 
460.693756 221.403214 
460.952057 221.133881 
290.698181 173.847443 
332.347473 206.930939 
457.034637 252.933212 
452.242096 180.824448 
248.577560 164.029572 
469.046783 193.166885 
213.125015 189.625305 
286.379883 307.200012 
480.066711 231.884491 
282.158936 164.509048 
473.180206 233.610489 
323.271057 322.871704 
230.992279 228.521759 
291.383606 162.534088 
337.145081 324.055054 
475.863342 253.342041 
485.265594 194.785385 
417.463348 229.224258 
454.004517 197.295837 
175.119980 357.206207 
303.150879 202.586456 
244.765274 226.597412 
224.376175 182.746857 
467.175232 239.234482 
463.117126 220.887161 
247.564331 178.685577 
360.658356 251.461624 
423.488770 190.728790 
156.706116 225.918671 
248.618805 179.863693 
506.897339 316.366211 
436.197662 185.156250 
212.991806 206.734222 
340.748169 206.664093 
477.390442 227.550339 
479.454834 204.965393 
321.559296 179.136185 
160.453491 226.985352 
424.107605 388.581940 
424.241974 192.043777 
374.269623 252.218948 
343.155396 242.046066 
225.340073 191.089798 
429.767059 202.466522 
222.881027 182.005325 
472.971191 192.587036 
343.081940 219.674149 
454.966095 201.647659 
154.457703 349.265045 
505.231506 298.982269 
472.706482 219.916321 
511.643127 241.435455 
469.155701 214.632385 
266.319733 143.737717 
455.405304 200.519882 
156.323822 256.482849 
459.326447 192.087021 
262.176422 209.362427 
302.302216 198.653412 
450.449097 228.160751 
450.497864 227.566467 
360.613831 215.802948 
256.544312 221.066711 
267.652130 136.707382 
509.031677 208.939148 
418.688660 232.780334 
502.595276 214.078186 
419.208984 232.677444 
418.733673 228.432098 
436.332794 226.580765 
469.757233 260.276428 
322.777039 177.062225 
422.419647 213.563156 
455.071899 242.241531 
459.515350 255.202072 
283.415741 335.672760 
483.461273 190.355270 
475.441101 245.267715 
313.109528 227.775177 
472.887054 175.807159 
422.377289 195.807526 
336.647644 210.054214 
315.344543 216.925217 
424.809631 183.752151 
314.019531 217.237885 
477.733826 228.211914 
487.472534 199.996902 
338.360077 211.904373 
439.715118 206.709900 
339.992523 238.847870 
204.949081 192.177109 
477.616577 200.449936 
478.454865 231.517487 
232.246918 190.523453 
203.508667 191.379761 
314.033081 279.997681 
421.994202 232.669220 
511.662964 242.092026 
447.103516 193.067688 
151.637482 258.556854 
340.629303 239.338165 
476.635162 239.344788 
174.563416 330.416473 
392.253265 390.279602 
469.825623 224.688889 
278.889557 208.209000 
444.916168 284.736786 
237.628998 189.552307 
283.830902 336.298309 
291.807770 211.285492 
491.574768 247.817764 
473.226471 191.528610 
124.073280 358.581329 
233.639801 219.498215 
228.482346 229.328751 
522.839355 205.858078 
416.611420 212.894913 
162.336136 228.539398 
285.875458 215.350189 
422.429169 188.994843 
300.208954 338.536713 
484.324890 255.572250 
151.889145 259.686157 
505.428192 239.228439 
138.847809 219.540527 
413.144165 285.468048 
292.332245 308.354889 
300.392975 338.348663 
454.447449 243.365128 
286.990967 214.646515 
268.575195 299.846069 
388.642853 375.124908 
245.524445 227.177521 
426.586975 244.672531 
241.950378 190.879517 
232.978027 219.450806 
363.554626 219.903809 
417.569427 195.231064 
498.888885 270.644104 
447.259308 224.446945 
460.045197 256.502319 
435.014587 183.570938 
266.267609 139.225967 
277.151093 321.404083 
433.529907 183.404251 
476.886200 185.914627 
153.642807 224.463074 
407.924438 201.230774 
313.912750 364.059143 
115.265945 347.821259 
252.947998 148.655426 
452.859650 178.872452 
159.760101 231.792145 
225.096817 208.164368 
327.921539 258.200897 
183.070358 329.747833 
311.194824 213.866119 
214.061234 222.645111 
480.371521 260.497803 
129.744049 349.987610 
471.390228 217.741226 
400.891785 205.119644 
324.199127 177.871887 
443.766174 179.342789 
521.098816 436.673004 
262.757385 348.520966 
138.607513 336.808472 
426.187927 267.344818 
267.437561 155.548752 
318.804321 362.654358 
443.860321 250.403015 
488.659576 197.813354 
349.027679 250.185608 
269.632599 301.751648 
247.427948 235.573318 
279.952209 208.148148 
271.828430 310.610199 
229.199844 195.374512 
415.355957 212.548492 
485.523224 177.531418 
408.675995 257.622620 
247.861328 226.352798 
436.167358 251.901321 
462.194031 233.512207 
321.196320 175.709213 
427.357513 267.696564 
436.453400 252.579132 
144.964645 295.085327 
483.727081 309.583801 
462.832916 174.176483 
405.927979 207.468094 
229.090988 193.150406 
472.622803 248.342728 
415.834503 280.617767 
428.378082 302.627380 
365.034271 221.492889 
467.837341 168.163971 
268.935791 294.051697 
223.130936 201.081848 
360.145325 253.397095 
306.978546 214.078522 
284.338959 220.687485 
253.284683 144.549728 
496.137543 184.266739 
331.941010 271.884399 
512.616333 268.227478 
512.920471 268.299927 
344.335663 240.859207 
160.762009 233.471954 
502.442902 276.652527 
254.931595 151.082367 
466.228546 274.259338 
214.794708 222.964828 
260.980621 154.895264 
507.211823 297.588684 
309.483643 345.343719 
