972
420.141663 307.003510 
283.340912 368.842682 
369.224945 289.512939 
426.278168 308.331970 
427.063385 308.530090 
391.375885 340.921997 
420.141663 307.003510 
420.141663 307.003510 
384.156067 316.074310 
380.585785 300.767090 
226.626373 278.439758 
420.141663 307.003510 
380.585785 300.767090 
426.278168 308.331970 
374.497314 295.095184 
286.570343 365.662170 
288.407471 290.798553 
376.719025 333.283630 
269.594025 368.624420 
284.831970 362.361145 
380.585785 300.767090 
391.375885 340.921997 
291.217957 375.933594 
420.141663 307.003510 
269.594025 368.624420 
268.665710 292.683167 
377.144318 311.251740 
274.667053 312.075439 
384.959625 354.654877 
384.959625 354.654877 
373.254547 291.874786 
414.573090 307.338165 
269.505005 289.944672 
374.497314 295.095184 
276.282532 384.341736 
384.959625 354.654877 
285.477936 355.078552 
276.282532 384.341736 
397.349182 299.792389 
377.144318 311.251740 
394.177032 314.083069 
377.144318 311.251740 
380.464111 314.758087 
380.464111 314.758087 
394.177032 314.083069 
384.959625 354.654877 
408.427460 318.251984 
438.411987 300.869659 
379.917877 300.840912 
394.177032 314.083069 
391.375885 340.921997 
417.006866 305.318024 
384.205414 342.013702 
269.505005 289.944672 
269.594025 368.624420 
394.177032 314.083069 
365.900848 297.911194 
270.570923 365.429077 
282.394989 380.606018 
402.583221 302.401611 
402.583221 302.401611 
284.335175 315.146393 
402.583221 302.401611 
418.035645 305.689636 
391.375885 340.921997 
269.594025 368.624420 
394.177032 314.083069 
301.433472 288.110168 
269.594025 368.624420 
278.166901 386.656219 
286.176392 277.446869 
205.636200 331.080200 
391.375885 340.921997 
390.120422 287.169861 
282.667389 343.467072 
380.464111 314.758087 
386.735046 295.941376 
433.354156 326.770813 
205.636200 331.080200 
189.866318 363.867950 
282.473053 288.944611 
393.257599 298.564758 
394.177032 314.083069 
197.893265 287.738464 
197.154404 368.088562 
376.719025 333.283630 
396.380707 335.958282 
205.222580 294.712708 
279.912811 275.051178 
387.656555 283.293518 
282.357666 277.261444 
376.719025 333.283630 
276.233704 286.390625 
380.585785 300.767090 
271.232849 280.127686 
433.354156 326.770813 
303.058502 320.287598 
282.667389 343.467072 
269.220245 372.477539 
269.220245 372.477539 
396.380707 335.958282 
433.354156 326.770813 
433.354156 326.770813 
396.380707 335.958282 
283.340912 368.842682 
287.114624 314.131653 
258.965851 282.767944 
292.766510 301.783600 
377.649780 301.087189 
189.866318 363.867950 
269.594025 368.624420 
269.731140 376.847168 
306.144684 301.632965 
191.631790 365.201080 
238.052673 237.500626 
380.464111 314.758087 
389.189087 299.087708 
277.581299 299.912323 
374.497314 295.095184 
269.220245 372.477539 
393.990204 312.979614 
273.671814 366.746765 
274.667053 312.075439 
282.473053 288.944611 
430.223480 306.917999 
269.764465 388.000519 
189.866318 363.867950 
394.177032 314.083069 
268.715881 299.009857 
269.731140 376.847168 
396.380707 335.958282 
426.278168 308.331970 
391.375885 340.921997 
380.585785 300.767090 
376.719025 333.283630 
292.437592 280.159210 
380.464111 314.758087 
380.585785 300.767090 
416.045807 304.622498 
382.448364 335.968262 
418.035645 305.689636 
274.667053 312.075439 
272.972412 299.079224 
269.220245 372.477539 
310.559143 300.472565 
389.189087 299.087708 
284.335175 315.146393 
247.538483 298.285248 
273.671814 366.746765 
387.656555 283.293518 
286.570343 365.662170 
278.664032 313.205048 
199.122162 363.901093 
269.220245 372.477539 
277.380951 390.924957 
394.177032 314.083069 
197.154404 368.088562 
191.631790 365.201080 
272.972412 299.079224 
389.562134 364.327118 
269.220245 372.477539 
306.144684 301.632965 
382.448364 335.968262 
391.092041 321.335266 
289.183136 373.840454 
384.156067 316.074310 
391.092041 321.335266 
301.433472 288.110168 
195.819550 376.553162 
387.656555 283.293518 
406.984253 306.868683 
373.441376 293.057739 
291.217957 375.933594 
409.952820 289.946167 
199.122162 363.901093 
284.335175 315.146393 
421.967407 303.565063 
291.228882 357.632019 
276.282532 384.341736 
269.560638 386.851440 
391.375885 340.921997 
188.662689 375.201599 
397.349182 299.792389 
591.653931 126.315651 
310.559143 300.472565 
376.719025 333.283630 
373.441376 293.057739 
290.837708 311.396271 
394.177032 314.083069 
278.664032 313.205048 
195.819550 376.553162 
269.764465 388.000519 
372.101074 300.121033 
269.505005 289.944672 
394.177032 314.083069 
269.594025 368.624420 
283.934692 246.353882 
412.496338 312.543854 
267.733002 283.139404 
384.156067 316.074310 
267.778931 367.910583 
420.385223 357.942902 
190.071228 372.950500 
377.649780 301.087189 
380.585785 300.767090 
267.778931 367.910583 
404.816559 280.035370 
277.581299 299.912323 
269.505005 289.944672 
189.866318 363.867950 
197.154404 368.088562 
271.608704 285.925476 
379.917877 300.840912 
389.562134 364.327118 
376.719025 333.283630 
298.207397 329.853363 
433.354156 326.770813 
198.963120 293.173676 
205.222580 294.712708 
205.222580 294.712708 
594.569763 244.448776 
273.671814 366.746765 
196.806534 368.632965 
284.335175 315.146393 
283.511353 392.011688 
205.636200 331.080200 
279.912811 275.051178 
199.122162 363.901093 
325.825989 92.890350 
281.094086 299.581879 
380.585785 300.767090 
272.357391 305.568695 
209.251144 349.004608 
436.297546 313.518158 
194.062714 370.109741 
85.906265 446.902679 
389.189087 299.087708 
189.092758 346.969391 
192.811249 348.422150 
291.217957 375.933594 
269.731140 376.847168 
267.733002 283.139404 
205.636200 331.080200 
180.840912 375.764282 
269.220245 372.477539 
389.612366 315.719482 
391.375885 340.921997 
380.585785 300.767090 
394.177032 314.083069 
221.152191 331.993469 
376.719025 333.283630 
238.052673 237.500626 
197.893265 287.738464 
591.653931 126.315651 
372.101074 300.121033 
276.540710 312.325043 
284.745178 100.729164 
276.529938 299.085724 
283.934692 246.353882 
295.094574 287.242371 
382.448364 335.968262 
194.062714 370.109741 
269.220245 372.477539 
255.885651 335.473938 
282.841461 291.433716 
286.176392 277.446869 
283.243591 245.778290 
200.286148 362.402802 
185.902634 346.087128 
293.325348 362.127106 
268.665710 292.683167 
430.223480 306.917999 
379.917877 300.840912 
377.649780 301.087189 
426.278168 308.331970 
392.595551 273.405396 
433.354156 326.770813 
282.681488 392.962921 
282.681488 392.962921 
282.841461 291.433716 
247.538483 298.285248 
269.220245 372.477539 
380.585785 300.767090 
380.585785 300.767090 
431.029510 328.891754 
206.037918 319.167938 
431.029510 328.891754 
278.464844 302.733917 
247.377701 296.996185 
269.731140 376.847168 
374.910065 312.282440 
426.278168 308.331970 
279.912811 275.051178 
426.278168 308.331970 
269.594025 368.624420 
188.249176 376.402527 
288.407471 290.798553 
205.636200 331.080200 
282.841461 291.433716 
392.595551 273.405396 
269.505005 289.944672 
197.154404 368.088562 
197.981125 371.518066 
195.819550 376.553162 
273.671814 366.746765 
247.377701 296.996185 
377.649780 301.087189 
426.316193 403.122498 
373.254547 291.874786 
396.380707 335.958282 
374.478546 310.134735 
286.176392 277.446869 
206.037918 319.167938 
435.675720 298.410675 
370.906952 306.547363 
254.640274 336.110199 
273.671814 366.746765 
298.207397 329.853363 
298.207397 329.853363 
197.981125 371.518066 
113.459137 384.849609 
384.950836 308.763062 
205.222580 294.712708 
253.852448 280.383392 
300.866638 343.499237 
276.233704 286.390625 
420.385223 357.942902 
282.473053 288.944611 
290.837708 311.396271 
290.837708 311.396271 
189.866318 363.867950 
389.562134 364.327118 
191.631790 365.201080 
259.612213 324.485565 
258.109436 296.411102 
267.733002 283.139404 
325.825989 92.890350 
228.785629 329.494507 
279.912811 275.051178 
267.778931 367.910583 
282.357666 277.261444 
269.220245 372.477539 
271.608704 285.925476 
205.222580 294.712708 
267.733002 283.139404 
191.048645 397.587921 
439.128174 316.582275 
278.664032 313.205048 
281.094086 299.581879 
329.448486 294.874390 
269.560638 386.851440 
390.273804 365.372498 
269.560638 386.851440 
431.029510 328.891754 
249.943604 292.957794 
391.375885 340.921997 
190.071228 372.950500 
266.066223 374.205200 
269.764465 388.000519 
269.764465 388.000519 
380.585785 300.767090 
380.585785 300.767090 
269.560638 386.851440 
190.071228 372.950500 
394.177032 314.083069 
184.451889 388.468628 
377.649780 301.087189 
271.232849 280.127686 
591.653931 126.315651 
426.316193 403.122498 
389.189087 299.087708 
267.733002 283.139404 
251.479309 341.984772 
426.278168 308.331970 
296.421082 304.293762 
271.608704 285.925476 
282.841461 291.433716 
275.885864 299.981720 
406.984253 306.868683 
405.229919 314.457916 
301.522858 243.135040 
269.594025 368.624420 
409.952820 289.946167 
276.529938 299.085724 
195.819550 376.553162 
283.132141 89.318390 
278.464844 302.733917 
259.068726 327.605530 
284.745178 100.729164 
269.594025 368.624420 
125.230560 384.063873 
125.230560 384.063873 
281.654449 276.159241 
276.233704 286.390625 
276.233704 286.390625 
282.841461 291.433716 
389.189087 299.087708 
269.594025 368.624420 
271.881836 335.536041 
192.954071 358.543671 
278.664032 313.205048 
278.435028 390.545013 
261.733765 355.536591 
426.278168 308.331970 
269.731140 376.847168 
377.649780 301.087189 
182.815384 395.347717 
377.649780 301.087189 
412.496338 312.543854 
276.529938 299.085724 
283.132141 89.318390 
284.745178 100.729164 
237.351303 317.231323 
269.505005 289.944672 
287.751526 249.735184 
200.487137 331.743225 
205.636200 331.080200 
269.594025 368.624420 
384.156067 316.074310 
380.585785 300.767090 
159.125931 388.663971 
261.480560 338.837616 
255.885651 335.473938 
372.101074 300.121033 
258.109436 296.411102 
377.181976 290.638428 
329.448486 294.874390 
423.276276 307.068390 
269.505005 289.944672 
293.356049 233.104034 
391.375885 340.921997 
282.990448 311.243469 
328.752777 294.213562 
191.066467 371.302460 
377.181976 290.638428 
235.559662 286.556854 
409.952820 289.946167 
274.667053 312.075439 
278.464844 302.733917 
202.157303 306.077454 
293.325348 362.127106 
272.972412 299.079224 
279.912811 275.051178 
279.912811 275.051178 
440.700714 313.972900 
272.136017 308.352875 
397.313690 364.736664 
298.207397 329.853363 
387.656555 283.293518 
195.819550 376.553162 
268.715881 299.009857 
408.427460 318.251984 
159.125931 388.663971 
276.540710 312.325043 
369.224945 289.512939 
284.745178 100.729164 
380.585785 300.767090 
192.954071 358.543671 
273.867584 377.666840 
254.017746 280.907288 
275.112885 333.892822 
275.112885 333.892822 
255.885651 335.473938 
212.524597 324.353302 
426.278168 308.331970 
384.051147 288.049500 
570.725037 103.245522 
591.653931 126.315651 
273.671814 366.746765 
284.745178 100.729164 
298.005341 299.924561 
238.052673 237.500626 
213.307343 298.131531 
394.177032 314.083069 
284.745178 100.729164 
553.831360 392.195496 
306.640656 284.710510 
292.103149 230.351761 
296.421082 304.293762 
189.866318 363.867950 
406.984253 306.868683 
397.313690 364.736664 
298.207397 329.853363 
297.179718 245.423370 
283.243591 245.778290 
261.733765 355.536591 
197.154404 368.088562 
292.766510 301.783600 
187.889938 305.838684 
258.965851 282.767944 
397.313690 364.736664 
369.224945 289.512939 
591.653931 126.315651 
253.328201 314.020477 
200.305649 293.818481 
380.585785 300.767090 
278.464844 302.733917 
203.947479 333.182800 
274.667053 312.075439 
255.959335 309.088837 
269.505005 289.944672 
255.885651 335.473938 
436.793304 296.082611 
254.640274 336.110199 
187.889938 305.838684 
300.866638 343.499237 
188.249176 376.402527 
205.222580 294.712708 
276.540710 312.325043 
277.380951 390.924957 
276.540710 312.325043 
185.607330 350.242950 
188.662689 375.201599 
377.144318 311.251740 
249.943604 292.957794 
278.464844 302.733917 
278.664032 313.205048 
390.120422 287.169861 
374.516083 356.514679 
435.675720 298.410675 
273.671814 366.746765 
377.181976 290.638428 
292.766510 301.783600 
280.270966 269.356903 
213.307343 298.131531 
267.733002 283.139404 
277.928741 237.010635 
591.653931 126.315651 
200.305649 293.818481 
185.138870 345.678986 
270.570923 365.429077 
270.570923 365.429077 
283.243591 245.778290 
377.181976 290.638428 
200.305649 293.818481 
269.594025 368.624420 
188.249176 376.402527 
269.594025 368.624420 
269.560638 386.851440 
269.560638 386.851440 
290.837708 311.396271 
269.220245 372.477539 
296.421082 304.293762 
185.138870 345.678986 
186.199631 382.411957 
284.745178 100.729164 
238.052673 237.500626 
190.071228 372.950500 
195.819550 376.553162 
197.697495 340.280670 
276.529938 299.085724 
311.735138 286.438019 
394.177032 314.083069 
269.731140 376.847168 
384.156067 316.074310 
197.154404 368.088562 
384.156067 316.074310 
384.156067 316.074310 
274.667053 312.075439 
440.700714 313.972900 
277.581299 299.912323 
384.950836 308.763062 
269.594025 368.624420 
290.837708 311.396271 
281.812622 376.660706 
405.229919 314.457916 
160.123535 394.248657 
188.662689 375.201599 
412.496338 312.543854 
187.317673 360.381409 
298.138977 242.031708 
277.581299 299.912323 
180.840912 375.764282 
295.556854 228.669312 
249.943604 292.957794 
276.529938 299.085724 
216.213852 288.630341 
189.866318 363.867950 
287.638672 272.748077 
287.638672 272.748077 
191.066467 371.302460 
278.435028 390.545013 
382.448364 335.968262 
382.448364 335.968262 
591.653931 126.315651 
258.109436 296.411102 
185.607330 350.242950 
203.947479 333.182800 
278.435028 390.545013 
28.380968 372.483459 
439.128174 316.582275 
267.778931 367.910583 
266.971222 393.919617 
396.380707 335.958282 
197.893265 287.738464 
391.092041 321.335266 
276.233704 286.390625 
405.229919 314.457916 
278.664032 313.205048 
203.947479 333.182800 
195.819550 376.553162 
425.108154 401.690430 
285.323730 243.477219 
594.569763 244.448776 
380.585785 300.767090 
275.885864 299.981720 
300.811310 236.577408 
206.037918 319.167938 
522.777405 87.450027 
292.103149 230.351761 
185.607330 350.242950 
278.435028 390.545013 
402.583221 302.401611 
200.487137 331.743225 
276.233704 286.390625 
286.570343 365.662170 
160.123535 394.248657 
284.745178 100.729164 
257.504883 278.337250 
301.522858 243.135040 
285.323730 243.477219 
269.731140 376.847168 
328.629303 344.461426 
185.618958 305.717529 
274.667053 312.075439 
377.181976 290.638428 
274.667053 312.075439 
421.967407 303.565063 
277.928741 237.010635 
278.669403 228.905457 
273.671814 366.746765 
393.990204 312.979614 
269.505005 289.944672 
273.671814 366.746765 
384.959625 354.654877 
397.313690 364.736664 
188.249176 376.402527 
273.796967 297.253296 
188.003067 285.153168 
284.745178 100.729164 
591.653931 126.315651 
270.095062 329.437714 
391.375885 340.921997 
267.778931 367.910583 
203.947479 333.182800 
177.466583 353.838623 
284.460266 249.500031 
277.581299 299.912323 
230.771286 332.249084 
191.631790 365.201080 
269.731140 376.847168 
406.993439 318.594727 
408.427460 318.251984 
251.479309 341.984772 
176.812851 376.052643 
176.812851 376.052643 
228.785629 329.494507 
188.249176 376.402527 
383.760834 305.500061 
383.760834 305.500061 
278.435028 390.545013 
159.125931 388.663971 
271.608704 285.925476 
185.902634 346.087128 
273.671814 366.746765 
273.671814 366.746765 
273.671814 366.746765 
397.313690 364.736664 
269.560638 386.851440 
189.866318 363.867950 
231.568161 326.921387 
196.806534 368.632965 
283.243591 245.778290 
185.902634 346.087128 
384.156067 316.074310 
290.837708 311.396271 
283.511353 392.011688 
283.934692 246.353882 
247.017746 339.595825 
276.540710 312.325043 
273.671814 366.746765 
440.700714 313.972900 
202.087769 280.013336 
274.667053 312.075439 
269.220245 372.477539 
267.733002 283.139404 
205.039124 343.685577 
394.177032 314.083069 
288.407471 290.798553 
283.934692 246.353882 
384.950836 308.763062 
276.282532 384.341736 
297.179718 245.423370 
271.881836 335.536041 
187.889938 305.838684 
295.556854 228.669312 
291.573242 305.133270 
200.305649 293.818481 
279.912811 275.051178 
291.773743 308.745636 
271.608704 285.925476 
282.681488 392.962921 
192.811249 348.422150 
190.071228 372.950500 
270.831329 326.641296 
276.529938 299.085724 
265.365082 289.082672 
300.811310 236.577408 
426.278168 308.331970 
401.843079 367.617706 
296.421082 304.293762 
251.317688 356.637268 
258.109436 296.411102 
284.831970 362.361145 
284.831970 362.361145 
283.243591 245.778290 
269.594025 368.624420 
283.934692 246.353882 
284.378662 378.141357 
269.220245 372.477539 
380.585785 300.767090 
393.868683 288.484589 
235.678452 320.161499 
251.317688 356.637268 
373.784180 357.091675 
373.784180 357.091675 
200.487137 331.743225 
186.639053 330.452759 
185.902634 346.087128 
284.378662 378.141357 
269.764465 388.000519 
298.207397 329.853363 
379.917877 300.840912 
265.324677 390.543549 
194.525513 369.445129 
197.154404 368.088562 
380.585785 300.767090 
363.138458 302.459198 
278.107483 250.665268 
200.305649 293.818481 
238.052673 237.500626 
278.435028 390.545013 
301.522858 243.135040 
184.451889 388.468628 
272.972412 299.079224 
272.972412 299.079224 
255.885651 335.473938 
191.902725 367.260590 
290.837708 311.396271 
249.943604 292.957794 
192.811249 348.422150 
269.505005 289.944672 
364.947205 296.050537 
271.608704 285.925476 
208.641876 314.159485 
205.222580 294.712708 
235.678452 320.161499 
391.375885 340.921997 
270.907501 286.132751 
377.144318 311.251740 
284.460266 249.500031 
270.095062 329.437714 
198.963120 293.173676 
420.385223 357.942902 
194.805023 333.437988 
292.766510 301.783600 
192.954071 358.543671 
255.893539 317.103455 
167.417572 385.953461 
185.138870 345.678986 
425.130188 351.734985 
394.177032 314.083069 
269.505005 289.944672 
273.671814 366.746765 
191.048645 397.587921 
406.111725 272.930573 
260.670624 320.790802 
195.819550 376.553162 
195.819550 376.553162 
192.954071 358.543671 
290.837708 311.396271 
365.900848 297.911194 
177.727158 354.464020 
258.109436 296.411102 
198.963120 293.173676 
271.608704 285.925476 
286.027527 240.550949 
271.608704 285.925476 
402.583221 302.401611 
370.906952 306.547363 
370.906952 306.547363 
182.816101 316.032562 
186.639053 330.452759 
396.565826 395.344940 
382.448364 335.968262 
282.681488 392.962921 
284.745178 100.729164 
230.771286 332.249084 
594.530457 266.482544 
594.530457 266.482544 
279.912811 275.051178 
277.380951 390.924957 
205.180969 321.950623 
205.180969 321.950623 
320.817841 310.593658 
277.318817 237.069565 
393.868683 288.484589 
287.751526 249.735184 
254.640274 336.110199 
254.640274 336.110199 
264.288483 280.421295 
258.109436 296.411102 
247.017746 339.595825 
308.777161 237.064728 
391.375885 340.921997 
282.378326 386.747650 
284.745178 100.729164 
377.649780 301.087189 
189.866318 363.867950 
276.233704 286.390625 
267.733002 283.139404 
287.751526 249.735184 
282.841461 291.433716 
376.719025 333.283630 
267.733002 283.139404 
251.939621 325.089020 
406.984253 306.868683 
271.881836 335.536041 
382.448364 335.968262 
406.993439 318.594727 
384.950836 308.763062 
205.222580 294.712708 
205.222580 294.712708 
282.841461 291.433716 
284.378662 378.141357 
290.106873 288.499207 
205.039124 343.685577 
269.220245 372.477539 
283.511353 392.011688 
408.797821 362.123871 
273.671814 366.746765 
389.189087 299.087708 
394.177032 314.083069 
265.365082 289.082672 
209.735626 305.997559 
200.606140 352.933929 
393.257599 298.564758 
243.479401 293.767883 
249.943604 292.957794 
373.254547 291.874786 
370.906952 306.547363 
370.906952 306.547363 
289.595856 246.755783 
270.907501 286.132751 
429.013214 333.465729 
290.106873 288.499207 
255.609283 308.382874 
366.357727 399.088165 
439.128174 316.582275 
212.025299 305.945404 
269.764465 388.000519 
269.220245 372.477539 
390.273804 365.372498 
271.608704 285.925476 
200.286148 362.402802 
188.249176 376.402527 
200.606140 352.933929 
276.529938 299.085724 
363.138458 302.459198 
200.606140 352.933929 
197.893265 287.738464 
255.885651 335.473938 
191.631790 365.201080 
282.681488 392.962921 
278.669403 228.905457 
191.130844 336.711304 
176.812851 376.052643 
384.156067 316.074310 
207.579346 394.214203 
374.516083 356.514679 
374.516083 356.514679 
198.227219 391.677094 
267.750916 265.554047 
195.373520 356.495972 
444.765869 307.756317 
591.653931 126.315651 
173.515671 400.889740 
282.212494 382.595490 
389.189087 299.087708 
269.731140 376.847168 
269.764465 388.000519 
269.764465 388.000519 
288.407471 290.798553 
291.773743 308.745636 
273.796967 297.253296 
278.664032 313.205048 
269.505005 289.944672 
591.653931 126.315651 
276.529938 299.085724 
377.649780 301.087189 
195.819550 376.553162 
188.249176 376.402527 
271.608704 285.925476 
287.114624 314.131653 
291.773743 308.745636 
205.189560 393.702881 
389.612366 315.719482 
382.448364 335.968262 
176.812851 376.052643 
247.017746 339.595825 
200.286148 362.402802 
325.825989 92.890350 
591.653931 126.315651 
261.894958 388.468201 
197.893265 287.738464 
212.025299 305.945404 
406.984253 306.868683 
406.984253 306.868683 
273.749908 395.306091 
278.669403 228.905457 
397.313690 364.736664 
300.004913 345.335327 
292.103149 230.351761 
195.978378 333.807159 
384.959625 354.654877 
313.135773 341.230194 
273.671814 366.746765 
235.678452 320.161499 
377.144318 311.251740 
287.751526 249.735184 
289.538452 290.609894 
431.029510 328.891754 
269.594025 368.624420 
197.893265 287.738464 
256.391174 359.906067 
208.641876 314.159485 
272.972412 299.079224 
272.972412 299.079224 
303.058502 320.287598 
280.115875 352.582367 
282.667389 343.467072 
272.972412 299.079224 
594.530457 266.482544 
167.663528 402.551178 
426.278168 308.331970 
269.594025 368.624420 
192.811249 348.422150 
205.482758 303.784973 
278.107483 250.665268 
438.411987 300.869659 
207.409286 297.372406 
206.037918 319.167938 
276.233704 286.390625 
384.051147 288.049500 
176.812851 376.052643 
160.123535 394.248657 
160.123535 394.248657 
287.751526 249.735184 
287.751526 249.735184 
284.460266 249.500031 
266.066223 374.205200 
266.066223 374.205200 
185.618958 305.717529 
180.840912 375.764282 
267.733002 283.139404 
298.207397 329.853363 
136.995682 382.244232 
249.943604 292.957794 
277.928741 237.010635 
185.138870 345.678986 
249.943604 292.957794 
290.124176 291.972809 
