500
277.954132 316.842102 
277.358643 318.034393 
347.521667 214.713257 
420.224854 228.400513 
322.303009 341.533569 
418.733673 228.432098 
412.924469 229.103012 
142.237366 247.400330 
323.271057 322.871704 
150.424469 245.650299 
162.561829 344.678345 
293.835876 265.149780 
160.369324 344.687012 
296.922455 254.368729 
154.629547 249.807922 
241.297592 266.091553 
146.605087 251.137436 
145.217224 246.788361 
293.072998 265.480408 
275.489380 206.318069 
290.602478 264.308136 
424.614136 234.329758 
269.056030 149.507660 
162.009460 359.982849 
145.664688 241.999344 
146.209671 242.334015 
280.938660 202.224579 
155.918762 253.701309 
266.319733 143.737717 
300.208954 338.536713 
290.013855 307.430389 
279.952209 208.148148 
421.994202 232.669220 
289.776459 168.517517 
288.355774 194.537415 
444.916168 284.736786 
459.509827 220.808990 
146.427399 253.477539 
294.897858 201.270309 
326.548431 341.158569 
289.884949 264.094757 
454.447449 243.365128 
455.690308 243.086426 
298.064026 193.100067 
297.512817 193.124481 
276.389801 329.970612 
343.081940 219.674149 
455.071899 242.241531 
218.060318 203.691299 
300.392975 338.348663 
342.228333 213.336273 
238.871078 327.525055 
426.391754 218.945129 
149.909515 241.834595 
162.029678 340.988892 
154.168671 254.417450 
289.978851 308.051697 
159.069122 344.441101 
245.896713 231.918381 
448.348572 216.112732 
153.054504 237.520538 
140.668793 240.606125 
140.515274 241.248611 
322.310242 322.555450 
141.853683 357.794373 
234.962738 186.864227 
251.569397 330.376740 
402.895203 236.330093 
234.052368 186.844788 
141.847855 232.789413 
342.628479 214.159790 
340.748169 206.664093 
256.686829 195.607056 
248.242371 331.843353 
236.434601 178.818359 
452.379303 210.324860 
460.160126 269.354584 
140.137543 235.660950 
164.439911 344.420197 
275.502258 337.885132 
174.563416 330.416473 
443.379181 221.279144 
443.335907 220.590134 
90.325943 309.339233 
478.496979 207.500641 
453.532776 219.568619 
268.198914 146.101501 
175.119980 357.206207 
311.756226 322.241821 
309.479492 341.615753 
249.066437 184.639572 
321.012512 318.175751 
494.158020 238.724655 
479.391998 207.700485 
228.482346 229.328751 
309.284515 185.201736 
217.597763 201.334381 
256.873901 197.485184 
322.310822 238.937820 
221.067032 207.892120 
267.910004 144.536240 
157.871841 343.858063 
482.200562 208.129578 
274.593597 330.095123 
125.238510 351.726929 
270.992432 332.340576 
444.152191 217.529251 
460.109894 223.441711 
315.023590 229.914536 
238.754730 183.500412 
433.092773 216.191467 
337.346588 264.702881 
509.031677 208.939148 
297.782135 254.489594 
495.019745 238.501221 
248.387451 184.722076 
144.072876 234.656677 
438.124786 218.982147 
151.637482 258.556854 
287.366882 198.124771 
455.625458 219.855743 
174.709518 325.050964 
465.590759 224.269592 
257.983459 224.956467 
464.767517 224.417969 
148.502716 355.251404 
232.099487 176.402374 
456.580750 212.277695 
224.495041 238.912521 
491.574768 247.817764 
238.560867 182.934814 
415.594452 209.087570 
446.061829 239.059998 
174.743668 347.517303 
263.127136 157.795364 
429.653961 221.737976 
480.591888 244.550018 
507.156189 241.176178 
476.443207 210.209229 
314.637177 277.512238 
144.961624 256.759308 
472.706482 219.916321 
482.839203 191.689438 
308.614655 185.569000 
292.807129 200.391083 
416.836914 261.113037 
210.673325 196.873795 
156.323822 256.482849 
475.633148 254.822800 
216.781448 246.309509 
217.147476 245.951736 
487.452209 253.028503 
475.863342 253.342041 
483.461273 190.355270 
457.462158 212.850571 
329.268341 242.898239 
412.948944 222.443085 
278.889557 208.209000 
118.771545 360.176239 
174.991211 351.859558 
447.424133 196.111877 
156.980957 348.603424 
157.308762 349.244690 
246.308411 239.274460 
251.949646 196.152786 
246.188156 181.979462 
253.056992 329.753937 
262.176422 209.362427 
453.839996 277.710266 
271.115631 330.809509 
430.991577 222.423874 
237.224060 182.103546 
416.237305 261.594849 
432.838196 223.042953 
487.472534 199.996902 
154.274841 239.087433 
266.267609 139.225967 
462.194031 233.512207 
337.145081 324.055054 
219.839111 206.212524 
143.413666 229.467377 
288.636597 165.905716 
228.370865 181.848770 
267.652130 136.707382 
478.454865 231.517487 
163.547180 348.080933 
429.029053 222.890533 
336.078064 263.015656 
473.180206 233.610489 
214.753464 207.627533 
315.625214 276.738953 
294.505798 190.120422 
455.863495 279.359741 
279.422089 327.707245 
438.820221 223.463730 
334.189667 207.894043 
151.889145 259.686157 
228.275467 335.456573 
118.079704 360.485474 
295.694794 169.280807 
460.244781 269.729584 
445.156433 195.985825 
437.175903 191.928864 
258.718750 195.151413 
460.400543 224.241867 
296.289185 198.740112 
486.983704 253.691315 
85.591255 314.312164 
336.647644 210.054214 
158.360550 227.694397 
77.436989 319.977417 
473.876984 226.937515 
306.978546 214.078522 
265.331665 230.575470 
422.419647 213.563156 
433.457458 240.750488 
297.370148 166.683060 
380.840485 242.874969 
287.565002 212.162613 
213.125015 189.625305 
244.765274 226.597412 
450.317719 186.563080 
157.158630 355.677551 
289.654449 165.507187 
472.496033 238.946793 
447.103516 193.067688 
321.454498 318.971313 
476.886200 185.914627 
224.234619 228.316132 
487.734802 230.163132 
416.611938 192.561844 
51.253273 306.947327 
167.148773 358.505463 
117.246025 350.705475 
483.046143 210.592773 
445.319153 214.910843 
153.580780 341.965363 
485.245789 248.577927 
144.957062 354.162292 
444.737213 196.528961 
256.544312 221.066711 
440.862640 201.382996 
480.698212 198.632751 
487.824249 229.451370 
332.347473 206.930939 
423.488770 190.728790 
234.803787 175.577850 
248.577560 164.029572 
212.306519 197.018814 
322.777039 177.062225 
315.344543 216.925217 
474.284607 227.762741 
472.969604 189.549072 
321.234406 336.869720 
491.947266 231.499207 
248.617050 164.803467 
475.469971 194.861237 
511.662964 242.092026 
467.175232 239.234482 
471.862610 210.279297 
501.057495 237.635727 
287.359192 213.404556 
154.279572 259.523224 
224.722977 228.605118 
476.079529 184.352997 
422.377289 195.807526 
286.379883 307.200012 
433.909882 243.415894 
417.463348 229.224258 
153.644501 228.653061 
146.051941 256.534210 
97.904732 344.235321 
152.880661 228.374283 
465.665558 270.771729 
465.853638 271.246643 
229.199844 195.374512 
223.787094 229.705475 
243.263123 327.784302 
238.150620 326.893646 
314.019531 217.237885 
294.072021 253.359009 
338.360077 211.904373 
262.757385 348.520966 
291.383606 162.534088 
416.711823 193.745270 
382.352875 243.046265 
311.350708 187.079361 
472.622803 248.342728 
444.037384 192.521576 
469.046783 193.166885 
258.032715 226.228745 
283.830902 336.298309 
471.837097 238.041641 
283.415741 335.672760 
476.164917 183.115250 
306.998871 178.043091 
92.858292 341.317688 
93.249245 340.766693 
495.669281 216.525818 
453.380463 231.897324 
266.322754 229.384552 
212.991806 206.734222 
475.378906 211.698151 
350.660736 218.050522 
119.859894 347.173370 
333.953064 236.952393 
263.372101 158.847198 
469.286804 270.763550 
441.131744 198.994675 
160.453491 226.985352 
439.715118 206.709900 
264.181122 232.427567 
304.736542 322.001526 
477.420166 250.447815 
479.454834 204.965393 
472.971191 192.587036 
479.827209 253.257080 
415.893463 206.184464 
346.210571 209.843353 
268.537170 135.985901 
452.859650 178.872452 
466.145966 207.142761 
385.506989 388.852295 
180.871384 352.947479 
245.524445 227.177521 
341.082001 237.221695 
155.960251 348.822083 
454.443939 274.576538 
509.712402 256.410950 
344.335663 240.859207 
258.733765 155.791290 
450.449097 228.160751 
450.497864 227.566467 
401.303070 220.344070 
155.845978 353.763550 
124.073280 358.581329 
473.226471 191.528610 
454.004517 197.295837 
452.242096 180.824448 
109.965797 334.865723 
313.109528 227.775177 
428.048187 186.232880 
449.409027 281.476318 
314.452362 221.494812 
260.980621 154.895264 
94.874336 317.723511 
94.989006 317.818146 
374.269623 252.218948 
392.253265 390.279602 
155.033661 227.395874 
248.618805 179.863693 
254.931595 151.082367 
162.336136 228.539398 
200.725677 190.824982 
201.351746 190.961014 
462.919373 254.995239 
292.332245 308.354889 
222.061600 203.756821 
298.077087 336.358917 
485.523224 177.531418 
454.216064 202.652359 
496.405548 234.997147 
491.950867 268.080566 
442.756683 209.873672 
485.265594 194.785385 
159.760101 231.792145 
413.144165 285.468048 
311.098297 278.970520 
468.920044 233.207108 
468.996887 233.351181 
169.854462 358.218079 
148.430161 228.970596 
477.390442 227.550339 
322.834015 336.758362 
346.718689 208.824356 
222.386185 209.696655 
469.019379 211.364059 
452.510681 184.218277 
484.324890 255.572250 
462.495209 187.076187 
460.693756 221.403214 
460.952057 221.133881 
327.444763 242.615799 
141.537201 229.929520 
336.521332 236.765503 
451.627289 182.800873 
455.405304 200.519882 
141.576950 220.898956 
469.780518 233.442810 
498.888885 270.644104 
213.835129 236.299408 
429.767059 202.466522 
457.034637 252.933212 
299.982300 200.260117 
213.095200 236.570175 
460.489410 206.868530 
247.564331 178.685577 
476.635162 239.344788 
299.771942 169.073502 
247.427948 235.573318 
282.158936 164.509048 
217.042404 224.995911 
453.614594 285.089844 
338.268005 266.947113 
338.097382 267.024475 
215.882553 188.698410 
127.435326 347.889587 
252.947998 148.655426 
328.930328 241.075256 
269.529907 147.077652 
313.609283 181.475815 
521.098816 436.673004 
408.675995 257.622620 
136.680145 217.683456 
388.642853 375.124908 
502.442902 276.652527 
448.063782 223.600327 
141.856400 221.528839 
418.688660 232.780334 
419.208984 232.677444 
487.964142 233.269318 
506.897339 316.366211 
506.246124 213.313507 
291.807770 211.285492 
315.087311 220.671036 
213.933197 225.113586 
463.117126 220.887161 
409.789520 256.887695 
409.823242 257.302277 
427.357513 267.696564 
471.390228 217.741226 
407.924438 201.230774 
282.849762 224.349167 
424.241974 192.043777 
99.478806 340.212189 
213.365311 227.407654 
477.733826 228.211914 
488.743103 315.306915 
440.333740 200.796509 
454.966095 201.647659 
94.999809 317.161133 
438.998138 200.919327 
477.616577 200.449936 
210.084167 235.284134 
443.766174 179.342789 
286.990967 214.646515 
440.225250 235.719254 
313.334686 180.378937 
469.825623 224.688889 
486.680603 261.664093 
416.611420 212.894913 
459.326447 192.087021 
313.912750 364.059143 
225.314331 199.376740 
229.187378 193.955307 
413.988464 190.716995 
469.155701 214.632385 
329.787415 241.477295 
309.483643 345.343719 
349.027679 250.185608 
415.355957 212.548492 
449.728516 207.182205 
356.598206 219.583649 
348.103546 250.020752 
436.332794 226.580765 
505.428192 239.228439 
214.453979 204.319733 
230.889572 337.555359 
417.569427 195.231064 
499.006378 212.602310 
499.224030 213.309479 
247.075500 177.787308 
215.821045 208.454163 
156.706116 225.918671 
314.303589 222.371414 
447.259308 224.446945 
486.049286 176.907928 
428.754822 181.767380 
411.187164 282.964722 
459.515350 255.202072 
272.611298 140.057938 
248.764053 236.464432 
110.346985 335.749084 
469.757233 260.276428 
460.045197 256.502319 
424.107605 388.581940 
284.763519 157.767471 
360.658356 251.461624 
336.621826 242.453476 
342.974915 248.351608 
265.538574 236.212158 
475.441101 245.267715 
266.794281 139.591690 
90.430161 336.858978 
217.751556 227.601089 
440.574432 311.511627 
215.607285 191.404312 
269.632599 301.751648 
511.643127 241.435455 
268.575195 299.846069 
