500
187.976410 131.841019 
129.276718 232.779205 
295.887268 181.073273 
468.772461 334.221191 
323.265350 240.836853 
438.816315 314.971619 
158.642639 221.866821 
129.276718 232.779205 
129.276718 232.779205 
422.013489 328.731506 
240.866013 272.143585 
357.329773 242.421600 
464.470367 315.254578 
483.131805 346.595947 
332.873444 188.873962 
332.873444 188.873962 
473.048767 316.050018 
139.041046 218.427933 
98.764191 200.046997 
394.397278 287.232269 
461.773499 315.752533 
85.986336 171.368500 
438.816315 314.971619 
462.775909 317.873718 
295.887268 181.073273 
360.894836 247.055344 
150.482147 164.753494 
420.326813 327.233978 
394.397278 287.232269 
292.982025 235.457642 
132.118149 219.835526 
330.574402 182.939331 
470.196869 307.512329 
441.104340 332.730988 
133.094177 219.250183 
133.094177 219.250183 
325.089050 191.928070 
132.325562 215.738281 
478.489960 313.433044 
386.270935 353.350403 
294.987030 179.581390 
456.105835 339.095917 
346.585907 167.228745 
292.982025 235.457642 
470.196869 307.512329 
475.973724 315.405823 
85.986336 171.368500 
476.672058 308.524017 
240.174652 301.656189 
437.959839 317.878662 
402.381317 285.631256 
461.773499 315.752533 
329.868530 181.096283 
321.151764 262.325562 
394.397278 287.232269 
85.566513 193.679276 
455.109131 339.436798 
474.225800 334.191406 
474.225800 334.191406 
405.218994 264.017029 
240.304916 301.144958 
446.787506 334.565277 
81.456085 170.149994 
386.017426 319.336700 
81.456085 170.149994 
436.824310 310.955872 
289.132263 263.698273 
331.876984 181.353256 
434.910095 307.105865 
465.923615 362.764618 
458.149261 344.376556 
158.529251 164.899887 
427.155945 318.615265 
436.824310 310.955872 
128.592682 216.130798 
258.918365 314.450806 
430.857025 341.873260 
334.302673 250.018066 
253.128845 273.013947 
84.894661 197.658157 
402.712036 291.640961 
272.687347 165.829453 
257.120819 173.621918 
429.620178 350.218536 
421.973267 327.537811 
438.694336 285.485779 
446.787506 334.565277 
441.990387 317.180420 
267.353241 151.126984 
393.299896 361.264587 
232.944946 280.570892 
448.309174 332.002136 
429.620178 350.218536 
394.397278 287.232269 
253.089279 168.084152 
258.918365 314.450806 
151.044601 232.728470 
449.520538 322.159210 
448.309174 332.002136 
392.190948 353.676086 
466.159912 310.022430 
444.776428 284.857819 
93.560974 193.587296 
450.508606 320.240234 
402.812866 293.168304 
446.850037 327.516907 
240.304916 301.144958 
190.408615 254.632202 
404.118439 301.948151 
394.595551 276.359314 
401.146820 297.611176 
433.751709 289.513275 
348.874817 167.554504 
456.441376 305.653809 
414.599548 290.735474 
281.021942 329.715149 
77.360771 174.343079 
437.825073 329.437592 
437.825073 329.437592 
468.618744 301.704437 
466.493195 299.845886 
359.969910 232.444016 
438.169067 267.235474 
328.471924 245.084793 
332.788666 245.845901 
270.575348 298.379395 
483.131805 346.595947 
427.126556 313.998840 
427.126556 313.998840 
465.923615 362.764618 
444.776428 284.857819 
233.250671 289.495026 
90.012276 201.894653 
379.928131 320.404663 
240.866013 272.143585 
318.216034 269.390228 
398.207123 290.052582 
429.808655 309.804169 
41.044445 143.996735 
398.960449 357.113220 
483.439392 340.222412 
275.757111 146.120865 
345.567261 134.557663 
327.178375 178.521820 
296.981354 150.616653 
409.510620 278.341156 
433.015991 333.066711 
334.302673 250.018066 
421.953613 293.414520 
428.024292 280.854126 
444.776428 284.857819 
137.113235 229.072845 
437.297638 286.507111 
414.844788 296.280304 
97.667183 155.096039 
97.667183 155.096039 
328.471924 245.084793 
437.297638 286.507111 
90.012276 201.894653 
289.132263 263.698273 
455.818115 314.137360 
253.089279 168.084152 
150.482147 164.753494 
475.103302 298.456421 
315.899597 246.364380 
468.474152 304.732941 
296.300690 162.280853 
409.492218 359.361542 
267.353241 151.126984 
429.808655 309.804169 
413.142242 310.029968 
441.990387 317.180420 
437.297638 286.507111 
253.089279 168.084152 
244.758560 308.867615 
428.789154 297.112915 
284.451538 144.901062 
175.221664 139.254868 
240.866013 272.143585 
188.611557 254.139587 
187.976410 131.841019 
335.801819 250.317123 
439.753601 331.954712 
418.897797 295.896851 
468.618744 301.704437 
400.012604 297.190430 
400.012604 297.190430 
398.960449 357.113220 
379.928131 320.404663 
434.929565 296.126984 
197.324921 267.651672 
402.712036 291.640961 
135.928894 232.867798 
465.227386 363.561798 
78.111992 191.202820 
236.493118 177.523758 
236.493118 177.523758 
137.879318 177.675797 
137.879318 177.675797 
92.717224 159.111328 
269.072449 304.170868 
337.415192 255.376282 
293.687897 134.021210 
419.728363 348.921875 
418.897797 295.896851 
102.410851 176.347687 
345.876343 185.950439 
126.747063 231.772247 
359.969910 232.444016 
364.106384 127.729591 
330.054993 217.073730 
300.509949 151.199982 
77.360771 174.343079 
450.324646 315.191498 
97.667183 155.096039 
434.836487 355.974426 
405.476929 315.409119 
313.405518 135.527359 
363.956940 248.172256 
126.747063 231.772247 
250.448547 314.017517 
321.151764 262.325562 
240.866013 272.143585 
424.497620 298.878906 
267.353241 151.126984 
413.084778 356.901398 
413.084778 356.901398 
87.321449 161.212433 
427.737610 303.745148 
427.737610 303.745148 
272.139893 124.273903 
300.509949 151.199982 
71.237633 184.082626 
206.992554 289.600983 
446.850037 327.516907 
394.397278 287.232269 
178.292053 259.849335 
244.627640 313.311584 
398.409363 354.012238 
302.092438 146.806824 
434.929565 296.126984 
330.054993 217.073730 
77.360771 174.343079 
429.193298 302.407745 
267.353241 151.126984 
462.937531 358.500092 
126.747063 231.772247 
363.501190 358.319916 
181.387878 253.039551 
445.280884 282.165680 
448.684723 296.394592 
462.150574 362.095886 
302.092438 146.806824 
313.405518 135.527359 
477.536804 307.640015 
354.846466 273.967194 
287.668091 135.647308 
448.099762 295.065338 
260.026245 146.891907 
466.159912 310.022430 
448.684723 296.394592 
436.329102 337.747406 
275.757111 146.120865 
421.062775 303.032867 
356.816986 226.899780 
363.501190 358.319916 
283.908112 133.223892 
478.489960 313.433044 
78.111992 191.202820 
244.758560 308.867615 
418.017090 304.217377 
445.280884 282.165680 
181.387878 253.039551 
338.037933 255.541809 
363.501190 358.319916 
353.250916 190.971786 
150.482147 164.753494 
334.359253 246.361328 
448.937317 304.078735 
306.607819 198.918411 
432.385193 268.349548 
232.944946 280.570892 
77.360771 174.343079 
250.259674 166.098206 
415.261963 275.206482 
441.087402 321.239746 
260.026245 146.891907 
232.944946 280.570892 
418.897797 295.896851 
436.367889 336.391083 
434.836487 355.974426 
390.913422 103.971718 
390.913422 103.971718 
411.689606 268.623840 
293.687897 134.021210 
465.227386 363.561798 
244.758560 308.867615 
339.874603 136.700974 
433.336121 347.911438 
125.915878 213.363632 
125.915878 213.363632 
444.101471 268.558868 
298.605072 163.617752 
118.164787 223.928467 
114.621468 218.912079 
78.111992 191.202820 
415.846985 283.025574 
222.769226 276.240021 
441.087402 321.239746 
444.566772 277.605011 
112.530334 216.543945 
253.089279 168.084152 
447.878906 266.826813 
222.769226 276.240021 
439.751038 356.873322 
428.024292 280.854126 
328.471924 245.084793 
253.089279 168.084152 
253.089279 168.084152 
252.475555 167.668365 
287.816376 146.864853 
415.479553 285.037231 
436.367889 336.391083 
233.250671 289.495026 
221.456680 82.617004 
240.866013 272.143585 
359.079254 197.399307 
302.092438 146.806824 
396.934601 273.792908 
224.379776 86.283890 
253.089279 168.084152 
79.511772 181.443527 
351.151520 187.040298 
357.089661 231.509140 
242.779480 335.035919 
287.816376 146.864853 
224.379776 86.283890 
457.176788 291.133514 
329.449036 136.466385 
294.103180 144.151764 
345.876343 185.950439 
318.216034 269.390228 
206.992554 289.600983 
206.992554 289.600983 
406.808136 313.034210 
323.020325 227.671448 
188.611557 254.139587 
253.128845 273.013947 
420.851746 399.708374 
288.915253 144.293808 
201.822708 256.434265 
334.302673 250.018066 
254.482224 295.570099 
439.751038 356.873322 
394.397278 287.232269 
475.634674 296.244049 
159.943222 241.292740 
346.053345 151.262543 
265.912994 146.146042 
249.417206 163.822510 
288.915253 144.293808 
251.680038 162.527054 
324.392212 246.386032 
351.151520 187.040298 
431.315704 265.054718 
314.486725 185.437149 
242.779480 335.035919 
263.736542 190.594131 
280.862701 311.749176 
263.736542 190.594131 
267.535431 142.406708 
339.016449 252.566940 
293.687897 134.021210 
405.026947 406.168030 
343.802155 127.422142 
287.390808 263.596008 
396.934601 273.792908 
329.657928 128.390594 
278.695465 140.662979 
306.607819 198.918411 
465.923615 362.764618 
424.286713 264.654877 
188.611557 254.139587 
318.216034 269.390228 
318.216034 269.390228 
253.089279 168.084152 
224.379776 86.283890 
260.026245 146.891907 
470.235565 303.280945 
257.126709 318.500702 
251.680038 162.527054 
252.475555 167.668365 
267.353241 151.126984 
363.660034 359.010101 
294.103180 144.151764 
424.514709 311.247986 
283.908112 133.223892 
294.775208 150.858856 
434.836487 355.974426 
284.451538 144.901062 
294.987030 179.581390 
294.987030 179.581390 
444.101471 268.558868 
353.250916 190.971786 
252.475555 167.668365 
235.915100 284.031708 
272.687347 165.829453 
357.572266 185.434540 
253.128845 273.013947 
437.849915 277.356262 
385.730072 289.398712 
288.915253 144.293808 
335.251465 258.605103 
112.530334 216.543945 
378.858459 310.409210 
378.858459 310.409210 
317.837860 269.543304 
301.089844 138.654953 
301.089844 138.654953 
371.970612 307.168457 
210.965439 74.390907 
337.848511 261.922394 
137.879318 177.675797 
282.068481 131.968948 
345.235565 185.759399 
477.695343 356.094025 
382.624268 331.145782 
224.379776 86.283890 
334.479370 254.723709 
260.026245 146.891907 
221.456680 82.617004 
354.846466 273.967194 
303.273743 144.746506 
259.157562 139.421356 
260.612640 125.091812 
260.612640 125.091812 
197.756027 130.534973 
263.736542 190.594131 
365.708588 289.174988 
484.507355 337.059052 
459.639984 273.311035 
459.639984 273.311035 
346.053345 151.262543 
85.076996 193.577209 
409.492218 359.361542 
121.019493 225.072968 
269.072449 304.170868 
470.196869 307.512329 
284.451538 144.901062 
253.128845 273.013947 
357.168488 188.010330 
317.837860 269.543304 
240.866013 272.143585 
444.566772 277.605011 
159.943222 241.292740 
102.410851 176.347687 
476.812408 295.759552 
199.217300 124.787659 
443.668640 337.193237 
307.450500 137.472839 
270.575348 298.379395 
150.482147 164.753494 
125.915878 213.363632 
417.147369 319.738586 
345.235565 185.759399 
326.944122 129.626389 
321.151764 262.325562 
251.680038 162.527054 
259.157562 139.421356 
259.157562 139.421356 
424.286713 264.654877 
321.151764 262.325562 
294.987030 179.581390 
326.740540 134.549332 
326.740540 134.549332 
461.773499 315.752533 
235.915100 284.031708 
308.513489 185.618057 
329.657928 128.390594 
267.279236 185.703186 
193.745987 129.325745 
294.987030 179.581390 
460.217743 278.479919 
200.625565 125.654022 
315.899597 246.364380 
447.408783 273.259155 
175.221664 139.254868 
275.757111 146.120865 
378.858459 310.409210 
449.178162 384.830017 
449.178162 384.830017 
273.428802 166.598404 
413.084778 356.901398 
292.982025 235.457642 
232.944946 280.570892 
470.196869 307.512329 
294.987030 179.581390 
411.293274 263.889618 
343.559631 248.820480 
294.987030 179.581390 
