178
239.134430 313.464661 
293.597229 301.392242 
285.373657 300.669769 
293.597229 301.392242 
240.571609 310.872772 
268.820587 346.351105 
276.864349 293.057953 
394.178253 292.502563 
393.056183 307.405914 
273.475433 333.271301 
393.056183 307.405914 
285.373657 300.669769 
305.560669 332.038910 
275.304291 296.818024 
294.609650 329.705750 
274.119293 353.231140 
260.203918 295.215942 
393.056183 307.405914 
548.539490 251.091370 
294.609650 329.705750 
240.355881 295.621246 
261.434906 323.137024 
262.436829 300.630768 
239.134430 313.464661 
394.178253 292.502563 
394.178253 292.502563 
266.580048 299.733215 
262.436829 300.630768 
240.355881 295.621246 
394.178253 292.502563 
260.203918 295.215942 
276.864349 293.057953 
396.564545 306.948181 
261.434906 323.137024 
267.400146 344.946930 
265.627808 288.308258 
260.203918 295.215942 
240.355881 295.621246 
187.736130 309.966522 
253.089813 367.562347 
240.355881 295.621246 
265.627808 288.308258 
267.400146 344.946930 
260.018646 343.720612 
393.056183 307.405914 
396.564545 306.948181 
548.539490 251.091370 
266.580048 299.733215 
364.534882 288.670746 
262.967743 299.026917 
262.967743 299.026917 
266.580048 299.733215 
240.355881 295.621246 
281.337219 298.139923 
200.433594 295.366302 
199.785736 290.997925 
260.203918 295.215942 
281.371643 307.750793 
262.436829 300.630768 
198.695221 306.801849 
548.539490 251.091370 
295.532623 300.871552 
275.304291 296.818024 
295.532623 300.871552 
364.534882 288.670746 
187.970261 362.262695 
266.580048 299.733215 
275.304291 296.818024 
216.371429 283.555695 
254.002487 348.329773 
256.841675 335.488098 
234.626633 299.217041 
364.534882 288.670746 
364.534882 288.670746 
262.967743 299.026917 
234.626633 299.217041 
241.633636 333.299011 
275.304291 296.818024 
266.164551 288.538544 
285.373657 300.669769 
396.564545 306.948181 
260.165649 353.111420 
273.079224 304.894318 
262.436829 300.630768 
247.146301 284.970398 
262.436829 300.630768 
148.639572 372.352356 
184.597748 312.927063 
279.491058 361.808136 
260.018646 343.720612 
271.010712 309.688385 
364.534882 288.670746 
260.203918 295.215942 
256.841675 335.488098 
256.841675 335.488098 
280.310333 349.537598 
364.534882 288.670746 
262.436829 300.630768 
254.002487 348.329773 
247.775757 315.335022 
262.967743 299.026917 
262.896667 358.950806 
295.532623 300.871552 
280.310333 349.537598 
202.535858 299.067078 
285.373657 300.669769 
271.010712 309.688385 
199.785736 290.997925 
148.639572 372.352356 
262.967743 299.026917 
262.436829 300.630768 
273.079224 304.894318 
388.483032 290.069916 
267.400146 344.946930 
256.841675 335.488098 
234.626633 299.217041 
260.203918 295.215942 
295.532623 300.871552 
280.867798 354.721802 
268.820587 346.351105 
269.603760 275.319458 
364.534882 288.670746 
364.534882 288.670746 
275.304291 296.818024 
358.873749 348.859406 
241.105774 297.612915 
260.018646 343.720612 
260.018646 343.720612 
279.491058 361.808136 
236.060730 282.983093 
262.436829 300.630768 
267.400146 344.946930 
288.524719 297.821472 
194.663452 306.150055 
262.967743 299.026917 
285.373657 300.669769 
274.119293 353.231140 
262.436829 300.630768 
267.400146 344.946930 
247.918396 314.354370 
358.873749 348.859406 
267.400146 344.946930 
187.970261 362.262695 
240.355881 295.621246 
281.134888 354.036865 
262.436829 300.630768 
216.371429 283.555695 
242.696960 298.550720 
187.736130 309.966522 
185.375732 349.534088 
267.400146 344.946930 
364.534882 288.670746 
194.663452 306.150055 
295.723145 303.814331 
271.010712 309.688385 
262.436829 300.630768 
273.619171 309.205170 
243.990570 294.845856 
398.632172 323.504669 
256.841675 335.488098 
245.179123 349.222626 
295.532623 300.871552 
273.079224 304.894318 
262.967743 299.026917 
262.436829 300.630768 
358.873749 348.859406 
262.967743 299.026917 
262.967743 299.026917 
267.400146 344.946930 
266.426544 311.476685 
398.632172 323.504669 
396.564545 306.948181 
274.119293 353.231140 
184.827560 349.414795 
194.663452 306.150055 
200.433594 295.366302 
191.095993 301.586639 
390.052002 345.347198 
