972
333.202362 338.368774 
315.178711 375.852173 
336.378296 339.963715 
335.573303 310.125824 
336.248169 308.972778 
335.603729 339.201294 
338.792053 343.192169 
339.403900 343.459076 
325.687042 396.964935 
311.676239 427.949097 
244.902573 326.653412 
341.144257 345.584106 
278.127197 391.002258 
277.507690 395.894714 
277.541168 395.987305 
336.112396 308.052612 
323.714813 307.286469 
324.906189 396.183594 
294.104309 284.930115 
332.384644 289.370941 
276.464691 395.940552 
319.072845 298.921082 
282.516541 296.248260 
331.034241 298.845367 
256.842041 326.984558 
298.963501 286.793091 
300.938019 285.794006 
318.323761 307.485199 
291.455963 360.577271 
351.567932 358.119110 
345.556000 331.604950 
219.295700 272.840454 
217.695389 273.435364 
267.323853 297.677490 
355.474487 357.197388 
558.116577 322.292480 
351.944427 336.038147 
317.283112 295.867432 
326.765198 308.527771 
287.513031 295.920502 
333.026062 299.644409 
318.805817 293.049866 
297.749908 288.017303 
318.946686 301.150879 
283.558105 284.576019 
188.836716 280.745972 
480.406738 282.743805 
291.860840 360.849792 
299.316589 368.779327 
321.548218 265.474213 
251.082581 326.407837 
315.694305 325.307129 
340.388184 298.247711 
493.226562 282.593628 
188.708755 286.641052 
312.221191 320.433014 
315.614746 305.908264 
272.700836 393.736053 
559.704834 321.954803 
171.487595 304.300354 
327.201660 402.569733 
493.738495 282.562714 
341.334961 298.448334 
322.290588 267.944305 
340.965759 282.172211 
259.981110 314.193939 
314.277802 299.474457 
314.277557 298.756317 
204.743103 322.364441 
352.013794 337.010742 
350.525635 340.306061 
270.766876 293.853149 
298.025024 291.132935 
338.879822 283.013702 
329.788635 286.653412 
474.036407 304.229034 
279.181030 416.155853 
261.752747 272.448212 
474.367645 387.665833 
361.604187 298.144928 
481.346436 390.984283 
480.584259 390.971680 
288.995392 361.093323 
256.227417 297.765015 
290.254761 294.281189 
289.577972 293.997711 
301.795898 405.706451 
369.899017 309.798309 
493.691772 282.230225 
308.396729 296.834686 
307.688324 296.655243 
300.640015 437.047546 
318.590576 315.461304 
473.831451 387.493683 
477.996124 282.977570 
254.870300 292.937744 
478.343048 282.956635 
437.551666 293.932922 
252.657013 300.647614 
318.668182 266.085480 
284.879242 343.579193 
192.883636 378.137146 
459.156311 312.292664 
334.538696 285.122284 
233.599380 344.953156 
535.632324 307.560699 
199.626495 373.185028 
334.575165 303.030029 
314.880890 303.536316 
353.535706 301.870026 
191.414062 279.617004 
316.489563 402.763977 
93.765846 204.160385 
553.408020 316.637115 
312.700165 303.132477 
481.418854 394.304474 
255.614761 296.702026 
299.879425 372.439148 
300.291931 372.402863 
298.501953 369.856262 
196.032974 370.930084 
480.328644 390.466766 
270.057617 293.641144 
332.380981 387.636566 
359.747345 301.226715 
233.517059 344.282227 
138.638763 206.981781 
300.044861 408.341003 
536.987244 307.300537 
477.754333 288.252106 
477.999786 287.720093 
312.642639 433.740997 
200.305283 320.946747 
156.752762 388.181458 
92.865646 203.878372 
275.432770 270.946014 
157.012070 387.452881 
470.155945 304.150879 
322.543762 267.215881 
299.652802 401.885590 
310.074982 319.879822 
475.254456 386.338928 
287.962921 291.435059 
297.834412 398.476624 
298.734955 290.688538 
287.635406 397.298431 
322.488281 278.398254 
537.761108 309.063141 
201.282669 375.245148 
293.037628 291.239899 
495.305328 405.371582 
561.728699 322.653961 
470.068878 304.825745 
269.946106 297.108307 
312.575348 433.108093 
565.120789 309.982361 
484.659363 278.271454 
490.087280 278.698853 
168.018875 303.080902 
550.574463 314.404694 
270.054138 358.831879 
477.282532 386.552673 
315.235016 304.772766 
325.176361 403.829773 
316.690887 263.143433 
366.407532 360.356171 
333.402435 387.110504 
191.778259 281.724396 
290.874329 362.101471 
338.953064 276.607666 
172.527283 303.393860 
160.151596 387.487640 
473.899048 301.085358 
335.870148 302.912903 
254.847610 296.306915 
552.641724 316.244537 
195.243118 386.197174 
320.533051 288.709808 
312.036591 302.144135 
296.716064 309.901398 
189.001144 396.599426 
265.282379 294.911743 
300.743073 404.350800 
300.393951 298.153351 
456.320587 311.359680 
309.545044 303.414734 
300.168640 280.416443 
288.122437 342.362915 
470.158081 303.190948 
453.886230 313.093323 
298.678955 397.948364 
339.602570 283.951569 
317.833679 263.717682 
325.016083 314.775299 
297.562469 379.483734 
470.643188 388.053162 
490.830627 309.933472 
283.431061 276.322113 
270.645325 386.012085 
212.796768 337.627930 
295.843689 308.087433 
231.127396 343.648102 
329.905396 272.227448 
268.417328 290.666290 
355.642365 298.747711 
271.309570 290.744659 
548.755554 313.117950 
195.595612 386.532471 
253.275955 338.047882 
306.139313 298.609467 
533.523865 307.657440 
200.768799 292.602478 
548.110596 312.541138 
467.381409 301.939606 
352.763885 340.862732 
353.924622 301.404663 
300.866455 393.436462 
308.792206 303.338867 
336.803467 285.472076 
333.841858 267.898621 
184.246231 311.142273 
299.007294 363.505493 
449.739746 285.839966 
337.815979 293.660034 
188.631561 279.391266 
341.416077 285.511444 
364.870575 300.100403 
186.152847 414.383911 
470.403229 296.697723 
367.594421 362.792145 
280.795898 277.492279 
342.083923 284.974365 
173.795746 302.537537 
273.199127 387.691528 
312.144257 405.406982 
311.649292 257.457672 
567.878845 328.529175 
581.368042 231.676773 
344.329742 283.733551 
299.128632 395.387878 
465.081177 296.840515 
275.723419 316.765076 
315.921814 301.940887 
170.986099 300.907043 
454.903717 285.698639 
495.385071 408.076538 
269.088470 300.470184 
265.952911 288.692596 
389.754944 296.323914 
391.458282 296.668640 
303.198242 319.352295 
333.802643 319.556976 
336.287079 419.537689 
565.744873 324.374298 
296.718994 312.426849 
283.104462 288.106934 
190.028885 393.956909 
174.700607 302.315521 
307.856873 384.944977 
461.989990 283.880219 
316.083160 300.957153 
334.658691 275.710297 
467.869904 279.556061 
575.864685 307.943573 
317.450134 356.291168 
324.541473 318.341675 
451.189453 314.228241 
333.879333 225.136627 
472.288635 341.331757 
469.763977 388.262512 
317.330719 289.493164 
180.891205 420.268738 
366.679352 300.662170 
285.117981 391.818054 
273.645569 287.812927 
569.143860 327.323059 
186.687515 410.716522 
314.462036 396.258484 
452.334412 286.276825 
333.297272 321.982758 
155.944214 388.196075 
332.800995 313.102264 
341.315002 416.208923 
299.096100 273.526428 
237.477509 344.592163 
280.627563 350.480499 
338.851715 275.907074 
296.039551 295.662750 
158.829666 396.187866 
222.645645 271.619843 
269.561829 385.259186 
570.059265 310.555939 
465.602142 296.245972 
222.123428 270.703125 
159.221039 395.460907 
269.477570 290.306305 
522.541870 332.069672 
253.330185 293.602478 
202.676834 375.157257 
104.836060 205.032104 
541.272949 403.735229 
464.706879 336.633240 
247.809860 284.667419 
525.413696 337.508789 
344.213196 346.998291 
344.089203 346.533356 
175.628174 420.355255 
306.757263 404.297516 
327.231140 406.795563 
349.158173 282.171204 
295.667358 249.619949 
271.851074 403.388794 
389.912567 294.489380 
329.048981 319.536926 
296.899780 300.271332 
355.965546 283.133972 
546.609192 302.119934 
537.020874 405.409760 
258.802368 288.270966 
172.496490 307.581970 
265.733582 300.721344 
328.318420 320.452087 
491.515015 401.419373 
352.240753 362.022766 
285.558502 340.716431 
330.148621 220.912628 
293.556274 392.784668 
160.496109 423.018097 
258.066895 334.563934 
557.380615 313.975159 
242.444809 310.861572 
462.408356 314.443207 
467.018433 286.964874 
455.068207 342.446716 
485.729736 315.459747 
216.849991 420.563690 
191.887314 322.429291 
290.569397 272.320526 
179.355804 410.265076 
307.844879 396.917419 
367.265503 365.385193 
235.315353 268.818359 
171.230103 300.073730 
302.068024 280.379822 
395.852631 426.621613 
196.027237 321.232452 
316.424469 321.664734 
325.532410 265.411133 
326.221619 265.149933 
332.650146 335.412720 
357.898376 297.795990 
183.265244 414.157593 
324.948212 414.927826 
310.981720 436.636597 
179.179214 408.544830 
282.461273 268.174042 
278.087311 316.308167 
329.975708 411.493195 
280.869049 315.357422 
181.054855 288.486237 
160.345123 395.225372 
358.511627 307.708588 
485.610596 300.746155 
479.876190 399.671783 
349.900452 329.187286 
556.884705 317.222900 
556.989563 316.592377 
477.561066 400.109558 
594.905029 232.519562 
316.740570 254.210892 
488.698273 304.384155 
177.674316 414.385742 
300.663452 271.707458 
194.913788 338.580383 
261.825073 338.208771 
350.640625 362.420654 
187.433075 294.535614 
463.545105 335.878387 
338.148834 288.419647 
183.076126 414.700531 
293.401062 419.695557 
292.507416 420.022369 
292.733673 420.201721 
461.645782 311.371552 
333.835602 222.560410 
185.385498 303.293243 
448.873016 307.497253 
494.224548 299.526001 
494.741730 272.743286 
478.164337 292.183441 
357.122040 302.020660 
282.042450 287.074371 
280.744598 269.350098 
486.193085 404.450989 
332.484070 221.821442 
513.681946 315.752075 
186.583939 393.278198 
479.054901 292.332031 
256.128601 271.143188 
286.118561 340.096344 
281.569550 416.167755 
305.077972 279.073853 
217.423248 422.810547 
290.413452 413.067474 
515.455200 312.822479 
514.935181 312.957581 
447.995270 314.875092 
207.012894 381.209381 
177.207626 279.599579 
305.330627 428.214142 
327.740875 213.126343 
504.228912 450.715515 
504.253448 450.749115 
195.103592 337.777863 
280.642456 351.040771 
583.203674 348.854431 
303.361328 310.436554 
450.235565 309.449524 
105.562988 419.477081 
324.530609 375.047974 
474.121368 295.375366 
287.667053 385.653503 
296.259430 275.213440 
347.209900 303.445312 
178.578644 414.625488 
325.512695 315.523987 
251.833633 319.251709 
326.242249 316.422302 
195.296082 294.608124 
468.205139 313.451752 
518.837036 349.679932 
519.077759 350.295258 
184.167877 411.283752 
336.479279 268.384705 
196.119431 423.509308 
311.329010 250.316498 
522.477966 330.620667 
276.387390 273.106323 
272.557587 365.186829 
180.018692 412.772247 
195.273880 398.559998 
339.352386 195.888489 
338.844299 195.943146 
338.983459 195.592117 
162.862640 330.169159 
188.409927 408.074860 
192.155014 377.958923 
203.727066 297.429047 
462.534180 346.868927 
204.296188 296.565155 
572.695068 324.107269 
489.402588 303.076050 
397.536743 313.913666 
498.572784 403.195923 
178.083603 312.661591 
317.201508 362.203949 
164.204681 325.160828 
181.040848 440.055664 
372.349457 311.989685 
182.874222 355.016663 
385.153229 364.441833 
555.299744 330.196533 
356.470459 279.721924 
226.664001 347.743347 
316.524017 251.600220 
179.295364 312.059967 
501.470917 404.573090 
316.581818 253.033966 
304.272308 259.718628 
273.669037 365.256897 
492.382843 401.500732 
197.357285 423.126007 
192.148315 354.137360 
447.289856 317.134735 
200.850998 297.995422 
350.036591 266.602905 
200.517227 291.422241 
453.839203 322.093750 
201.580658 307.229980 
469.319275 388.326233 
196.267441 342.129486 
321.310455 218.747070 
216.024338 341.983063 
452.572968 306.987457 
318.933502 283.452820 
464.487915 284.557831 
513.533142 318.491119 
161.850586 423.576324 
135.565109 458.443176 
521.813843 325.134918 
457.026154 276.129120 
178.483704 417.453949 
286.797485 332.866150 
287.248627 333.433868 
319.110931 376.751648 
180.187637 313.814545 
494.467926 399.976746 
283.915314 272.726471 
245.111816 315.276611 
304.897644 343.454559 
515.906799 310.612762 
176.060760 364.254974 
167.637939 319.117279 
491.339050 298.349640 
456.180206 296.611328 
326.057587 213.358978 
343.986664 300.711975 
279.805389 327.650818 
204.595459 327.896881 
539.075989 269.316986 
539.075989 269.316986 
350.554260 351.879486 
568.023193 313.103760 
284.593933 339.160004 
314.523956 321.339874 
501.032990 332.473358 
188.026352 411.415131 
448.672821 311.609650 
449.022522 311.919434 
256.949768 336.164368 
180.779221 413.167084 
561.391541 380.204620 
340.016388 289.117523 
195.042206 401.890198 
543.028442 311.349976 
457.051300 330.355560 
180.523422 443.229828 
231.684784 349.115509 
167.135605 299.416718 
197.124451 289.713379 
242.151306 314.855194 
251.261902 317.620911 
499.761566 451.954346 
333.923065 396.482208 
308.165558 428.338593 
278.091370 424.946960 
270.320007 400.945648 
452.687103 279.085419 
177.489014 318.160339 
297.323822 250.413651 
288.401184 269.503784 
297.108429 439.637421 
362.495544 359.894104 
489.460846 297.373260 
548.977905 346.747040 
464.935486 315.241455 
57.039146 201.771988 
319.049316 417.923615 
181.750580 410.411835 
179.002838 364.950348 
525.289490 329.960663 
303.494263 392.783783 
203.768799 376.767090 
481.517792 331.256134 
351.024994 358.242798 
288.611359 386.222809 
185.250427 402.430756 
108.060860 419.468475 
305.166443 432.201111 
516.849426 310.924561 
304.506470 432.102997 
532.026062 332.387939 
528.551208 337.200348 
482.918396 386.171448 
484.633881 426.645172 
254.765427 321.425476 
520.489319 312.060913 
485.624878 406.589600 
197.434952 298.728546 
454.228973 342.563385 
523.796631 312.501801 
288.815277 339.099548 
286.966370 243.705841 
306.089355 422.377563 
334.167511 395.467773 
263.562897 352.746063 
263.559875 353.434570 
296.255585 430.913391 
562.428528 344.024872 
194.149384 417.139954 
280.643250 329.541107 
274.810974 282.573364 
246.056702 312.575562 
245.832169 313.174805 
364.197937 301.652039 
358.923584 304.983704 
483.776428 297.085144 
202.429230 384.633728 
171.383240 431.339722 
361.704102 295.636841 
294.943176 420.505280 
331.843506 405.944702 
541.723694 399.872711 
201.131287 307.597595 
185.172913 350.618103 
504.424225 354.603973 
282.542969 413.592377 
505.535278 406.349091 
306.155304 420.896729 
358.067352 304.412567 
287.359589 272.832703 
545.897400 315.361938 
190.885788 368.159210 
329.478790 281.102905 
345.308441 367.593567 
519.161255 266.997955 
286.087311 266.874176 
189.923172 209.850204 
171.983551 429.995758 
277.000549 288.033264 
311.385437 391.512451 
175.661209 430.268555 
198.793396 302.439758 
459.466431 297.095734 
512.185120 398.725433 
327.132996 210.787033 
326.896515 211.342407 
90.178833 417.320557 
446.377167 312.300629 
561.933228 378.480377 
198.509735 284.473358 
183.632339 355.054443 
479.330475 327.188324 
340.118256 371.281097 
182.870926 300.263428 
523.782837 326.378265 
283.124390 272.459534 
248.343246 365.186340 
560.171204 380.292999 
174.739868 317.561951 
483.773651 427.301300 
319.141602 264.443420 
319.487976 264.189209 
279.599792 338.320068 
199.487564 306.960999 
322.535797 378.815613 
349.918671 368.981873 
373.778168 310.286774 
562.259949 344.792511 
349.657867 300.880798 
297.692444 318.352325 
494.784760 299.830414 
545.198608 292.697449 
369.899292 314.651886 
305.865784 344.582703 
325.435455 327.725830 
456.565735 295.529541 
496.788574 291.432190 
506.321259 333.776276 
203.172989 380.504730 
107.780365 415.767090 
193.027039 313.052979 
290.576538 402.364929 
178.558807 403.528168 
280.700745 342.307861 
201.526642 429.741425 
308.748901 352.003510 
309.285614 352.340820 
322.743042 211.819534 
324.572845 200.061707 
325.656281 262.011627 
301.771790 316.761169 
322.991180 370.034760 
518.357117 294.367889 
161.907791 395.606842 
194.855255 310.794128 
530.359070 270.616394 
192.294357 351.590057 
164.959274 317.300446 
153.759003 421.916504 
345.879333 299.866882 
197.490845 311.685486 
164.502243 291.950409 
164.746063 292.101074 
125.999420 205.937637 
335.962524 220.662109 
502.966858 431.458344 
544.868530 345.077454 
355.101898 348.633484 
323.115265 369.442474 
517.793884 338.445709 
293.947510 416.522369 
208.447617 379.361450 
327.376007 254.848663 
268.960632 393.172119 
292.114380 237.525772 
289.050446 272.606934 
241.622116 424.119293 
279.753693 424.281036 
308.067291 439.754364 
230.762421 348.988525 
462.100830 294.873108 
164.335724 318.672668 
307.823242 418.414825 
183.013611 407.979828 
333.719757 403.121338 
345.852386 360.523743 
148.703903 441.921143 
196.662842 310.776093 
263.444702 348.855011 
177.418442 360.858734 
374.988953 303.758087 
506.393677 407.255524 
362.622894 358.991852 
303.160095 418.323761 
506.730530 453.842072 
321.844513 376.183136 
515.024719 333.234497 
377.578766 306.781616 
350.527496 301.390778 
194.364914 426.563934 
197.933212 309.423950 
309.836761 440.233490 
480.614899 295.508026 
266.361328 353.260071 
163.245468 391.380615 
286.161072 311.822052 
328.174866 211.111954 
332.557800 327.896240 
276.523895 323.383179 
195.587753 304.932343 
356.650055 360.784973 
330.057495 282.062592 
325.980560 207.990463 
281.542999 422.324280 
341.900513 212.382431 
556.684082 281.576904 
326.033142 327.218719 
137.051910 453.875793 
484.477295 400.278473 
178.155548 360.511444 
292.532990 324.062286 
530.053833 269.188812 
276.867004 343.953705 
496.638458 292.655731 
198.803955 391.750549 
531.125000 335.378967 
320.927490 223.781845 
332.402893 414.422760 
228.039963 331.726410 
352.022339 284.967987 
306.631317 439.629333 
486.332153 328.304382 
278.040833 364.255859 
278.073425 317.581116 
278.514832 324.918182 
255.464050 333.635895 
534.549194 329.336273 
190.591644 354.470978 
191.100616 354.087341 
287.781464 427.240143 
357.316071 269.312286 
516.309753 261.452545 
304.134399 419.058960 
571.662415 319.818909 
341.912323 301.132904 
482.353210 342.935394 
280.467377 325.902008 
509.953796 333.327087 
510.572418 333.098267 
369.677795 301.170593 
257.060120 318.877289 
273.768005 308.895020 
347.870667 368.923981 
247.969376 292.863983 
320.858948 214.290421 
375.662415 312.359009 
303.331573 235.605209 
192.884583 387.481995 
515.809387 349.456818 
300.393433 315.210693 
300.185455 314.636719 
324.300873 362.878723 
414.178711 298.396362 
318.460144 418.401428 
181.161804 451.166168 
520.114258 266.452606 
447.194214 281.476318 
284.692566 314.142059 
349.033691 371.150726 
329.827332 210.920563 
193.315857 334.868958 
285.359375 311.830750 
540.975342 329.908325 
306.402954 234.757385 
164.497787 284.645691 
136.782425 453.367249 
195.989532 304.487701 
303.321503 416.022552 
199.712631 286.979919 
180.897537 400.162384 
203.767548 380.091431 
146.000305 425.379974 
124.641273 444.148254 
195.504593 322.834503 
189.035736 408.461060 
167.727600 445.641113 
167.503632 445.629700 
247.915955 280.966248 
331.470612 324.679108 
172.903305 362.880463 
487.581360 398.584991 
364.124420 355.942017 
299.643005 412.126221 
181.080353 400.959503 
265.410492 311.660065 
184.491959 334.448120 
260.424469 283.575470 
213.827927 341.977936 
501.032593 299.844025 
334.004181 397.562134 
506.692047 315.524017 
329.812714 389.488434 
491.206146 418.573181 
173.789230 277.862305 
294.294678 426.527710 
263.872406 354.684052 
175.502731 381.847687 
127.122894 443.101166 
126.588799 442.993439 
264.036102 318.581207 
290.680328 215.710876 
136.266876 424.822479 
136.399475 425.475098 
280.509460 338.538574 
300.546661 424.079376 
477.312103 322.228333 
197.991074 404.327301 
375.654205 289.328247 
192.063553 403.168976 
354.092194 268.115936 
180.794983 350.023132 
518.677429 324.513702 
509.889465 348.201660 
494.689941 429.849182 
313.689453 244.082825 
378.128754 307.943878 
190.831665 405.755981 
360.497192 332.495636 
547.741821 328.474060 
203.131088 341.229279 
330.071442 204.361420 
285.012909 402.313507 
170.522186 424.290710 
196.845337 359.792511 
183.512589 335.194336 
267.931366 349.788330 
337.622833 214.512451 
319.299957 219.564270 
299.435486 433.082214 
299.498810 432.951935 
305.038849 435.010437 
509.460083 268.605713 
500.232849 449.733856 
175.040222 275.547424 
191.343353 404.540039 
261.532257 343.937225 
180.997238 380.169769 
163.884628 258.304474 
287.227783 419.822113 
197.552124 359.992523 
562.974426 346.941772 
243.709457 428.983643 
308.803467 205.613037 
305.816620 202.085938 
200.080215 346.461395 
193.090088 278.128113 
192.577454 277.673584 
286.906677 419.195740 
185.313248 453.114319 
300.488037 418.526428 
488.023163 334.553619 
559.052917 300.534943 
180.610840 396.054596 
259.535156 283.253143 
332.099182 416.306732 
518.410645 314.693176 
515.873230 307.686890 
270.986267 272.576752 
269.146790 391.533875 
286.568573 314.347229 
337.002472 388.077789 
261.916199 297.711670 
314.344727 206.209061 
515.067871 349.304108 
361.854614 305.354736 
214.372223 451.883362 
257.303619 266.712982 
498.406921 328.166870 
214.311295 297.338837 
163.755371 256.605042 
196.409622 289.873962 
495.103516 450.103210 
372.111298 361.187378 
372.425903 360.632446 
454.161621 293.757721 
251.755737 283.319183 
168.035019 446.536926 
192.358047 401.524689 
324.038208 219.097580 
376.813293 288.641510 
322.533386 433.059357 
506.643402 334.260437 
539.145569 289.658173 
320.534332 200.507141 
190.731461 290.881409 
84.458191 426.572479 
239.371582 394.437683 
498.584503 311.097015 
482.510895 343.609894 
163.079575 319.059357 
184.795959 330.574707 
337.913605 382.651031 
291.584259 215.609833 
362.846741 345.860687 
299.587769 422.400269 
553.304443 356.538239 
325.583679 385.537292 
313.951141 418.392609 
478.061768 324.213776 
499.791748 299.755981 
298.222137 416.374298 
190.361221 388.850861 
256.188110 283.999512 
184.347397 313.526428 
135.817154 425.652039 
540.970825 345.080536 
69.326477 423.874847 
134.699310 452.405731 
213.455841 356.465485 
538.579956 314.598175 
171.908295 318.420959 
520.358765 306.772552 
469.763214 270.156525 
191.929260 397.405365 
322.549072 418.510040 
306.040985 315.974823 
284.659607 422.416382 
166.450623 338.339783 
183.479706 343.360809 
350.263855 213.816696 
260.846649 331.516693 
202.110046 332.266571 
169.848358 313.273499 
198.588745 434.691010 
359.952972 363.615723 
469.259705 269.627106 
528.584778 333.499786 
499.319489 323.631927 
201.786728 336.422485 
302.918884 434.837677 
307.537415 355.250427 
160.485764 309.705933 
306.924774 201.599106 
299.521271 411.254211 
441.251495 323.943268 
390.634674 301.563293 
299.484833 304.955994 
305.476257 357.522644 
260.090973 282.115143 
338.058990 388.412109 
325.157227 322.733185 
483.467194 407.291840 
542.795898 290.435638 
172.262192 319.043030 
342.172607 215.648468 
265.871216 310.962708 
487.671326 407.595245 
185.970062 422.804779 
413.722015 295.974823 
188.557144 325.170624 
360.451385 342.087830 
