500
453.380463 231.897324 
475.469971 194.861237 
480.698212 198.632751 
487.472534 199.996902 
429.029053 222.890533 
429.653961 221.737976 
472.496033 238.946793 
459.509827 220.808990 
471.837097 238.041641 
477.616577 200.449936 
449.409027 281.476318 
336.078064 263.015656 
418.733673 228.432098 
337.346588 264.702881 
430.991577 222.423874 
212.306519 197.018814 
409.789520 256.887695 
409.823242 257.302277 
289.776459 168.517517 
441.131744 198.994675 
460.109894 223.441711 
445.156433 195.985825 
444.737213 196.528961 
480.591888 244.550018 
432.838196 223.042953 
455.405304 200.519882 
476.635162 239.344788 
438.124786 218.982147 
228.619629 220.204239 
417.463348 229.224258 
438.820221 223.463730 
460.693756 221.403214 
460.952057 221.133881 
447.424133 196.111877 
455.625458 219.855743 
245.896713 231.918381 
392.253265 390.279602 
467.175232 239.234482 
462.919373 254.995239 
385.506989 388.852295 
291.470215 170.573074 
452.556030 247.821045 
450.449097 228.160751 
450.497864 227.566467 
454.004517 197.295837 
296.922455 254.368729 
210.673325 196.873795 
418.688660 232.780334 
419.208984 232.677444 
460.400543 224.241867 
119.344109 367.901917 
110.230438 355.415344 
455.690308 243.086426 
444.152191 217.529251 
440.862640 201.382996 
453.532776 219.568619 
495.669281 216.525818 
297.782135 254.489594 
469.019379 211.364059 
485.265594 194.785385 
408.675995 257.622620 
446.061829 239.059998 
469.046783 193.166885 
449.728516 207.182205 
412.948944 222.443085 
232.978027 219.450806 
97.904732 344.235321 
277.118378 319.964813 
471.862610 210.279297 
456.580750 212.277695 
277.151093 321.404083 
478.454865 231.517487 
486.983704 253.691315 
439.715118 206.709900 
460.489410 206.868530 
457.462158 212.850571 
499.006378 212.602310 
499.224030 213.309479 
92.858292 341.317688 
93.249245 340.766693 
217.751556 227.601089 
322.310242 322.555450 
459.515350 255.202072 
429.767059 202.466522 
288.355774 194.537415 
426.391754 218.945129 
482.839203 191.689438 
454.443939 274.576538 
469.780518 233.442810 
421.939453 258.685944 
167.148773 358.505463 
485.245789 248.577927 
356.598206 219.583649 
463.117126 220.887161 
437.175903 191.928864 
468.920044 233.207108 
468.996887 233.351181 
424.614136 234.329758 
290.013855 307.430389 
453.839996 277.710266 
472.971191 192.587036 
447.259308 224.446945 
478.496979 207.500641 
440.333740 200.796509 
444.916168 284.736786 
491.574768 247.817764 
475.378906 211.698151 
246.267273 187.612473 
465.665558 270.771729 
465.853638 271.246643 
480.709290 256.877594 
287.359192 213.404556 
229.466095 220.663040 
438.998138 200.919327 
412.924469 229.103012 
487.452209 253.028503 
454.216064 202.652359 
480.066711 231.884491 
455.071899 242.241531 
476.443207 210.209229 
443.860321 250.403015 
233.639801 219.498215 
290.698181 173.847443 
433.909882 243.415894 
162.561829 344.678345 
479.391998 207.700485 
421.994202 232.669220 
459.326447 192.087021 
157.871841 343.858063 
443.379181 221.279144 
443.335907 220.590134 
483.046143 210.592773 
228.370865 181.848770 
444.037384 192.521576 
342.228333 213.336273 
305.376282 330.060059 
237.476105 189.229248 
514.523560 245.769791 
218.976822 235.717819 
440.225250 235.719254 
154.457703 349.265045 
450.317719 186.563080 
466.145966 207.142761 
94.874336 317.723511 
94.989006 317.818146 
237.628998 189.552307 
436.631714 234.182556 
164.439911 344.420197 
479.454834 204.965393 
160.369324 344.687012 
420.224854 228.400513 
474.284607 227.762741 
484.324890 255.572250 
454.286255 253.191605 
469.825623 224.688889 
469.155701 214.632385 
462.194031 233.512207 
150.424469 245.650299 
427.357513 267.696564 
471.290375 273.976135 
323.271057 322.871704 
293.835876 265.149780 
477.420166 250.447815 
43.104763 347.265991 
219.839111 206.212524 
498.888885 270.644104 
448.348572 216.112732 
287.565002 212.162613 
347.521667 214.713257 
221.067032 207.892120 
154.279572 259.523224 
218.060318 203.691299 
149.909515 241.834595 
159.069122 344.441101 
118.771545 360.176239 
293.072998 265.480408 
424.107605 388.581940 
487.734802 230.163132 
311.350708 187.079361 
488.975403 194.954147 
322.310822 238.937820 
464.767517 224.417969 
521.098816 436.673004 
168.934311 358.105103 
169.384827 358.093140 
487.964142 233.269318 
457.034637 252.933212 
454.447449 243.365128 
156.980957 348.603424 
157.308762 349.244690 
506.246124 213.313507 
309.483643 345.343719 
287.366882 198.124771 
436.332794 226.580765 
315.023590 229.914536 
509.712402 256.410950 
105.462227 358.172729 
289.978851 308.051697 
154.629547 249.807922 
484.797760 193.085327 
213.125015 189.625305 
215.607285 191.404312 
213.933197 225.113586 
204.949081 192.177109 
486.680603 261.664093 
227.957962 197.168549 
292.807129 200.391083 
162.009460 359.982849 
286.095032 188.703186 
279.422089 327.707245 
416.611420 212.894913 
433.092773 216.191467 
455.863495 279.359741 
117.246025 350.705475 
505.428192 239.228439 
124.073280 358.581329 
452.379303 210.324860 
215.882553 188.698410 
298.064026 193.100067 
297.512817 193.124481 
141.847855 232.789413 
321.454498 318.971313 
426.187927 267.344818 
154.168671 254.417450 
336.647644 210.054214 
222.061600 203.756821 
469.757233 260.276428 
268.575195 299.846069 
236.753830 213.997253 
502.595276 214.078186 
213.365311 227.407654 
454.966095 201.647659 
472.622803 248.342728 
488.659576 197.813354 
477.390442 227.550339 
163.547180 348.080933 
342.628479 214.159790 
292.345306 176.609634 
343.081940 219.674149 
271.679596 154.417725 
494.158020 238.724655 
465.590759 224.269592 
257.983459 224.956467 
445.319153 214.910843 
333.953064 236.952393 
254.931595 151.082367 
448.063782 223.600327 
217.042404 224.995911 
511.643127 241.435455 
94.999809 317.161133 
217.597763 201.334381 
220.875183 200.060715 
221.469376 200.330612 
290.602478 264.308136 
295.071320 272.213715 
473.180206 233.610489 
268.198914 146.101501 
235.760849 192.030594 
286.990967 214.646515 
416.237305 261.594849 
156.706116 225.918671 
512.616333 268.227478 
512.920471 268.299927 
118.079704 360.485474 
422.766235 270.293579 
422.419647 213.563156 
325.141846 227.763016 
316.308960 238.374298 
316.306244 237.709457 
512.354248 245.743256 
447.103516 193.067688 
483.702820 229.438843 
51.253273 306.947327 
155.960251 348.822083 
473.226471 191.528610 
407.555786 229.525131 
256.686829 195.607056 
442.756683 209.873672 
473.876984 226.937515 
162.029678 340.988892 
269.632599 301.751648 
415.355957 212.548492 
267.910004 144.536240 
338.360077 211.904373 
109.965797 334.865723 
416.836914 261.113037 
151.637482 258.556854 
408.516357 227.614761 
308.614655 185.569000 
453.614594 285.089844 
155.918762 253.701309 
289.884949 264.094757 
518.380188 200.094986 
246.188156 181.979462 
297.323303 272.483673 
112.247520 331.191132 
433.457458 240.750488 
336.521332 236.765503 
151.889145 259.686157 
140.668793 240.606125 
140.515274 241.248611 
258.032715 226.228745 
460.244781 269.729584 
153.054504 237.520538 
256.873901 197.485184 
360.613831 215.802948 
501.057495 237.635727 
247.861328 226.352798 
334.703094 253.291885 
288.636597 165.905716 
241.950378 190.879517 
424.011810 269.842285 
461.142151 288.183105 
519.484314 249.740601 
153.642807 224.463074 
273.790741 155.310440 
291.116333 186.837341 
158.945023 280.095947 
313.334686 180.378937 
491.950867 268.080566 
507.156189 241.176178 
233.652771 228.438461 
311.549316 177.664429 
502.442902 276.652527 
248.240860 227.563034 
269.056030 149.507660 
284.763519 157.767471 
145.664688 241.999344 
146.209671 242.334015 
356.476471 231.919800 
460.045197 256.502319 
244.765274 226.597412 
321.012512 318.175751 
347.606354 231.717026 
436.167358 251.901321 
145.217224 246.788361 
290.416107 188.581863 
315.711670 130.612549 
158.360550 227.694397 
131.289047 352.136749 
291.807770 211.285492 
413.144165 285.468048 
407.924438 201.230774 
382.352875 243.046265 
247.427948 235.573318 
477.733826 228.211914 
228.482346 229.328751 
405.923157 214.109802 
175.119980 357.206207 
124.379715 280.963196 
466.228546 274.259338 
154.274841 239.087433 
313.609283 181.475815 
289.654449 165.507187 
359.670715 218.735321 
307.286835 341.231964 
174.991211 351.859558 
95.352943 344.733612 
310.917328 258.336853 
327.921539 258.200897 
232.099487 176.402374 
169.854462 358.218079 
262.176422 209.362427 
294.897858 201.270309 
237.705139 214.002701 
228.171692 222.640411 
482.200562 208.129578 
291.507111 189.882538 
309.284515 185.201736 
271.828430 310.610199 
248.618805 179.863693 
236.434601 178.818359 
350.660736 218.050522 
224.234619 228.316132 
225.314331 199.376740 
272.273346 301.133636 
246.308411 239.274460 
318.189758 247.388580 
224.722977 228.605118 
223.787094 229.705475 
251.949646 196.152786 
426.586975 244.672531 
495.019745 238.501221 
469.286804 270.763550 
237.116135 236.096756 
272.933868 301.257568 
265.331665 230.575470 
141.853683 357.794373 
203.508667 191.379761 
222.386185 209.696655 
253.056992 329.753937 
245.524445 227.177521 
336.621826 242.453476 
237.731598 236.824539 
482.965668 204.144958 
101.518227 336.428711 
253.284683 144.549728 
244.444305 224.728958 
224.616959 346.472870 
268.935791 294.051697 
146.605087 251.137436 
327.444763 242.615799 
153.580780 341.965363 
205.847992 344.573761 
209.241455 186.891525 
232.870010 213.045731 
106.913246 353.428986 
522.760193 233.210480 
269.776886 153.949295 
309.510864 180.676666 
436.453400 252.579132 
136.771866 302.987122 
212.176910 257.702484 
110.346985 335.749084 
214.753464 207.627533 
247.075500 177.787308 
311.484467 256.930176 
157.158630 355.677551 
363.554626 219.903809 
248.764053 236.464432 
286.379883 307.200012 
483.461273 190.355270 
377.041534 242.548264 
274.593597 330.095123 
299.441650 275.080017 
323.316376 234.207138 
287.064056 90.533890 
287.086761 90.585007 
475.863342 253.342041 
300.392975 338.348663 
276.389801 329.970612 
296.289185 198.740112 
208.493225 190.537430 
480.371521 260.497803 
365.034271 221.492889 
299.567780 272.226105 
266.598022 314.231323 
472.706482 219.916321 
247.564331 178.685577 
292.332245 308.354889 
98.161324 316.961182 
346.210571 209.843353 
475.441101 245.267715 
460.160126 269.354584 
266.319733 143.737717 
152.880661 228.374283 
388.642853 375.124908 
212.991806 206.734222 
511.662964 242.092026 
125.238510 351.726929 
148.430161 228.970596 
268.431244 181.917816 
214.061234 222.645111 
436.197662 185.156250 
214.453979 204.319733 
496.405548 234.997147 
238.871078 327.525055 
310.490570 269.410095 
305.221619 224.773392 
141.537201 229.929520 
331.556335 271.256195 
143.413666 229.467377 
107.547951 339.163757 
415.834503 280.617767 
318.804321 362.654358 
462.495209 187.076187 
156.323822 256.482849 
203.799118 346.088409 
291.446747 267.140533 
201.546738 196.004898 
419.711548 201.916061 
409.130341 226.773300 
266.660736 315.534149 
264.181122 232.427567 
244.178864 294.440521 
94.124992 358.003601 
222.885727 206.522629 
514.719055 217.582260 
293.188599 211.943695 
269.474304 217.908569 
402.895203 236.330093 
270.873993 305.055786 
476.886200 185.914627 
234.803787 175.577850 
95.085289 324.914062 
514.521362 215.660385 
294.072021 253.359009 
266.322754 229.384552 
281.833771 290.684143 
492.143829 193.491501 
471.390228 217.741226 
408.818359 173.546967 
475.633148 254.822800 
440.915924 189.734283 
146.427399 253.477539 
438.664948 254.334351 
438.886658 253.850357 
144.961624 256.759308 
441.261383 315.784637 
265.508423 352.481445 
