500
283.830902 336.298309 
17.113176 366.469666 
118.079704 360.485474 
420.224854 228.400513 
418.733673 228.432098 
483.046143 210.592773 
246.308411 239.274460 
163.547180 348.080933 
168.934311 358.105103 
169.384827 358.093140 
118.771545 360.176239 
264.771454 210.830200 
452.556030 247.821045 
110.230438 355.415344 
440.862640 201.382996 
106.913246 353.428986 
440.333740 200.796509 
417.463348 229.224258 
412.924469 229.103012 
283.415741 335.672760 
359.670715 218.735321 
293.072998 265.480408 
438.998138 200.919327 
290.602478 264.308136 
460.693756 221.403214 
460.952057 221.133881 
150.424469 245.650299 
454.447449 243.365128 
290.013855 307.430389 
298.064026 193.100067 
297.512817 193.124481 
291.446747 267.140533 
429.653961 221.737976 
422.766235 270.293579 
244.346237 339.794830 
450.449097 228.160751 
450.497864 227.566467 
293.835876 265.149780 
309.284515 185.201736 
289.884949 264.094757 
433.092773 216.191467 
424.614136 234.329758 
224.234619 228.316132 
262.176422 209.362427 
226.424377 235.928513 
430.991577 222.423874 
502.595276 214.078186 
416.237305 261.594849 
224.722977 228.605118 
169.854462 358.218079 
141.652298 291.536804 
334.703094 253.291885 
314.637177 277.512238 
479.391998 207.700485 
453.532776 219.568619 
328.930328 241.075256 
444.916168 284.736786 
233.482452 335.916534 
92.273422 350.610199 
475.469971 194.861237 
92.356453 349.875519 
327.444763 242.615799 
439.715118 206.709900 
421.994202 232.669220 
472.971191 192.587036 
412.948944 222.443085 
347.521667 214.713257 
459.326447 192.087021 
265.508423 352.481445 
162.009460 359.982849 
280.485474 314.904236 
455.625458 219.855743 
482.200562 208.129578 
329.787415 241.477295 
105.602036 366.053406 
432.838196 223.042953 
429.029053 222.890533 
232.099487 176.402374 
263.407043 351.104950 
308.614655 185.569000 
119.859894 347.173370 
336.621826 242.453476 
416.836914 261.113037 
442.756683 209.873672 
448.348572 216.112732 
223.787094 229.705475 
476.443207 210.209229 
462.194031 233.512207 
24.693386 360.296051 
477.616577 200.449936 
122.902138 341.897552 
230.889572 337.555359 
272.651001 143.708038 
228.482346 229.328751 
433.457458 240.750488 
300.208954 338.536713 
185.139893 330.367493 
265.369873 211.902954 
187.810043 343.291260 
296.922455 254.368729 
291.507111 189.882538 
238.871078 327.525055 
418.688660 232.780334 
419.208984 232.677444 
236.753830 213.997253 
438.820221 223.463730 
499.867218 298.485077 
264.564087 283.646912 
455.690308 243.086426 
140.854721 309.947510 
140.876541 309.769440 
105.462227 358.172729 
461.142151 288.183105 
448.063782 223.600327 
514.719055 217.582260 
479.454834 204.965393 
277.118378 319.964813 
339.992523 238.847870 
424.011810 269.842285 
322.303009 341.533569 
478.496979 207.500641 
266.319733 143.737717 
148.502716 355.251404 
151.637482 258.556854 
300.392975 338.348663 
438.124786 218.982147 
485.265594 194.785385 
455.071899 242.241531 
129.971649 350.693451 
176.130936 356.870575 
463.117126 220.887161 
247.427948 235.573318 
246.267273 187.612473 
429.767059 202.466522 
468.920044 233.207108 
468.996887 233.351181 
275.489380 206.318069 
334.575378 250.391586 
227.957962 197.168549 
154.815536 357.406891 
460.160126 269.354584 
304.817841 182.851562 
266.480011 281.557129 
216.781448 246.309509 
217.147476 245.951736 
294.072021 253.359009 
447.424133 196.111877 
286.379883 307.200012 
264.606079 220.402100 
100.939125 353.330231 
445.319153 214.910843 
449.728516 207.182205 
405.744080 231.668915 
460.400543 224.241867 
447.259308 224.446945 
229.880875 334.217041 
349.419922 337.304108 
491.947266 231.499207 
124.073280 358.581329 
256.686829 195.607056 
447.103516 193.067688 
277.954132 316.842102 
475.863342 253.342041 
340.629303 239.338165 
277.358643 318.034393 
262.757385 348.520966 
506.246124 213.313507 
174.991211 351.859558 
275.502258 337.885132 
175.119980 357.206207 
310.561890 342.239441 
454.216064 202.652359 
323.316376 234.207138 
228.275467 335.456573 
484.324890 255.572250 
256.873901 197.485184 
466.145966 207.142761 
228.370865 181.848770 
329.268341 242.898239 
153.580780 341.965363 
444.152191 217.529251 
290.416107 188.581863 
149.909515 241.834595 
475.633148 254.822800 
454.966095 201.647659 
238.754730 183.500412 
94.124992 358.003601 
473.226471 191.528610 
95.352943 344.733612 
298.077087 336.358917 
257.983459 224.956467 
505.428192 239.228439 
111.264595 358.983551 
476.079529 184.352997 
356.598206 219.583649 
286.095032 188.703186 
453.839996 277.710266 
313.912750 364.059143 
131.289047 352.136749 
441.131744 198.994675 
144.300552 290.026062 
436.332794 226.580765 
142.237366 247.400330 
104.891609 358.638428 
309.483643 345.343719 
129.744049 349.987610 
96.997047 337.415680 
322.310822 238.937820 
295.694794 169.280807 
403.544800 229.720947 
455.405304 200.519882 
487.472534 199.996902 
258.032715 226.228745 
347.606354 231.717026 
495.669281 216.525818 
227.807236 177.758682 
350.660736 218.050522 
248.764053 236.464432 
471.390228 217.741226 
482.965668 204.144958 
469.046783 193.166885 
277.151093 321.404083 
445.156433 195.985825 
469.780518 233.442810 
307.286835 341.231964 
264.210205 283.782379 
443.379181 221.279144 
443.335907 220.590134 
326.548431 341.158569 
225.340073 191.089798 
480.591888 244.550018 
259.798096 230.915665 
297.370148 166.683060 
455.863495 279.359741 
453.614594 285.089844 
309.479492 341.615753 
234.052368 186.844788 
287.881500 161.794983 
270.992432 332.340576 
234.962738 186.864227 
238.560867 182.934814 
480.698212 198.632751 
444.737213 196.528961 
145.165100 195.986160 
144.964645 295.085327 
486.983704 253.691315 
144.957062 354.162292 
151.889145 259.686157 
498.542267 299.490753 
453.380463 231.897324 
294.505798 190.120422 
454.004517 197.295837 
254.931595 151.082367 
415.355957 212.548492 
144.474930 196.830963 
234.803787 175.577850 
224.495041 238.912521 
183.070358 329.747833 
318.804321 362.654358 
488.975403 194.954147 
407.555786 229.525131 
289.978851 308.051697 
203.799118 346.088409 
426.391754 218.945129 
248.617050 164.803467 
229.387512 340.233215 
154.629547 249.807922 
440.915924 189.734283 
437.175903 191.928864 
467.175232 239.234482 
444.037384 192.521576 
157.158630 355.677551 
416.611938 192.561844 
167.148773 358.505463 
267.437561 155.548752 
145.829193 188.398727 
433.909882 243.415894 
487.452209 253.028503 
473.180206 233.610489 
115.265945 347.821259 
315.625214 276.738953 
271.115631 330.809509 
286.551636 265.061310 
222.881027 182.005325 
343.081940 219.674149 
322.834015 336.758362 
440.225250 235.719254 
504.181641 296.532776 
313.609283 181.475815 
222.061600 203.756821 
214.753464 207.627533 
296.289185 198.740112 
480.066711 231.884491 
309.510864 180.676666 
162.561829 344.678345 
205.847992 344.573761 
141.853683 357.794373 
145.280746 185.281174 
488.659576 197.813354 
406.017578 226.780914 
131.110336 184.489380 
306.998871 178.043091 
286.518768 265.854187 
409.130341 226.773300 
156.720322 248.124557 
492.143829 193.491501 
416.711823 193.745270 
472.706482 219.916321 
317.251587 280.417633 
416.611420 212.894913 
318.189758 247.388580 
299.982300 200.260117 
248.577560 164.029572 
514.521362 215.660385 
237.705139 214.002701 
488.743103 315.306915 
217.751556 227.601089 
408.516357 227.614761 
144.116425 308.677673 
119.132904 346.044434 
280.938660 202.224579 
97.632317 337.033020 
509.031677 208.939148 
472.622803 248.342728 
224.376175 182.746857 
215.821045 208.454163 
441.384216 247.557892 
210.208527 182.888443 
478.454865 231.517487 
501.057495 237.635727 
221.606827 181.985123 
241.950378 190.879517 
507.156189 241.176178 
291.383606 162.534088 
449.409027 281.476318 
415.893463 206.184464 
164.439911 344.420197 
373.184052 242.045959 
287.565002 212.162613 
473.876984 226.937515 
225.314331 199.376740 
454.443939 274.576538 
336.958557 320.503540 
409.789520 256.887695 
409.823242 257.302277 
224.527985 225.067307 
225.126419 225.204132 
313.881561 174.472549 
158.394821 248.543594 
476.164917 183.115250 
226.979614 225.443069 
321.234406 336.869720 
477.420166 250.447815 
313.334686 180.378937 
400.218170 237.097610 
400.301025 236.820160 
419.711548 201.916061 
499.006378 212.602310 
499.224030 213.309479 
237.476105 189.229248 
424.107605 388.581940 
237.224060 182.103546 
162.336136 228.539398 
428.048187 186.232880 
351.623840 316.110077 
155.918762 253.701309 
160.369324 344.687012 
408.675995 257.622620 
263.372101 158.847198 
336.078064 263.015656 
332.179413 238.464096 
232.246918 190.523453 
137.205933 234.782486 
255.216522 236.286880 
156.859680 235.825073 
255.229416 208.354950 
254.694489 207.872330 
243.263123 327.784302 
257.836914 149.130630 
476.886200 185.914627 
240.558456 324.375427 
276.665527 206.636459 
117.246025 350.705475 
263.127136 157.795364 
415.594452 209.087570 
511.643127 241.435455 
446.061829 239.059998 
311.350708 187.079361 
123.327278 345.838806 
291.116333 186.837341 
330.993652 259.761566 
460.244781 269.729584 
135.155243 313.360687 
256.950317 148.536880 
266.322754 229.384552 
474.284607 227.762741 
421.939453 258.685944 
401.303070 220.344070 
153.644501 228.653061 
153.054504 237.520538 
232.978027 219.450806 
152.880661 228.374283 
212.991806 206.734222 
306.162170 185.647842 
155.033661 227.395874 
402.895203 236.330093 
348.100433 245.838837 
237.628998 189.552307 
330.808289 213.296997 
235.760849 192.030594 
298.079773 265.267181 
471.862610 210.279297 
475.441101 245.267715 
294.897858 201.270309 
299.771942 169.073502 
268.537170 135.985901 
342.974915 248.351608 
142.919678 183.854813 
469.286804 270.763550 
146.678329 188.414856 
213.365311 227.407654 
214.453979 204.319733 
374.269623 252.218948 
303.812622 183.273132 
337.145081 324.055054 
128.015717 185.188232 
228.619629 220.204239 
147.688766 183.587692 
217.042404 224.995911 
485.523224 177.531418 
385.506989 388.852295 
311.549316 177.664429 
154.457703 349.265045 
480.977509 362.270782 
483.461273 190.355270 
125.238510 351.726929 
422.377289 195.807526 
170.376114 336.207764 
249.569305 172.178528 
200.725677 190.824982 
201.351746 190.961014 
155.845978 353.763550 
282.265472 334.434967 
159.760101 231.792145 
154.279572 259.523224 
228.171692 222.640411 
342.628479 214.159790 
522.760193 233.210480 
337.865631 260.231842 
224.616959 346.472870 
147.502335 183.423813 
97.904732 344.235321 
294.516113 328.503479 
295.222595 329.218628 
142.273865 183.857239 
296.066162 303.153595 
287.064056 90.533890 
287.086761 90.585007 
156.084076 236.719162 
154.168671 254.417450 
477.390442 227.550339 
472.496033 238.946793 
258.718750 195.151413 
278.191437 204.248642 
459.509827 220.808990 
227.082504 189.261261 
213.933197 225.113586 
180.871384 352.947479 
153.642807 224.463074 
333.177124 248.299347 
511.662964 242.092026 
305.376282 330.060059 
460.109894 223.441711 
465.665558 270.771729 
465.853638 271.246643 
144.961624 256.759308 
243.310181 174.943420 
242.838516 174.708389 
268.198914 146.101501 
233.639801 219.498215 
437.614716 186.050339 
452.859650 178.872452 
475.378906 211.698151 
210.673325 196.873795 
156.777344 244.678955 
160.453491 226.985352 
405.927979 207.468094 
472.051117 269.949310 
246.270279 212.751312 
137.697983 307.589325 
149.352554 183.643234 
482.839203 191.689438 
214.794708 222.964828 
310.490570 269.410095 
267.515167 219.687775 
112.857353 338.819275 
477.733826 228.211914 
229.466095 220.663040 
484.597961 314.025482 
231.685883 244.387527 
