500
335.653564 118.668961 
340.353363 134.258148 
340.231873 132.038818 
335.653564 118.668961 
335.653564 118.668961 
338.836548 127.304756 
350.750488 99.404999 
350.750488 99.404999 
328.277435 116.297493 
326.428375 81.752884 
335.653564 118.668961 
335.779327 125.423950 
325.092621 146.171204 
346.482208 145.258438 
346.482208 145.258438 
363.804260 98.340088 
328.277435 116.297493 
341.188202 78.138214 
326.428375 81.752884 
363.804260 98.340088 
328.277435 116.297493 
275.338989 327.166443 
353.267914 113.597740 
347.343628 75.594467 
317.084106 427.095978 
346.482208 145.258438 
335.653564 118.668961 
352.977478 260.942352 
229.417969 304.234039 
353.261597 262.240845 
338.836548 127.304756 
338.836548 127.304756 
384.641083 106.321739 
349.266418 231.723572 
325.374359 220.510620 
325.374359 220.510620 
354.931946 98.630440 
229.417969 304.234039 
266.531311 309.770691 
253.279556 327.985779 
238.909088 300.928650 
275.338989 327.166443 
335.653564 118.668961 
335.653564 118.668961 
350.750488 99.404999 
331.479034 81.798523 
325.639801 77.838989 
349.004150 70.133194 
326.428375 81.752884 
355.478455 52.398357 
317.084106 427.095978 
328.337250 217.902039 
333.278473 273.296326 
333.278473 273.296326 
253.279556 327.985779 
328.337250 217.902039 
264.534943 232.066559 
346.075836 259.647400 
209.308823 385.709778 
373.521240 291.345428 
325.639801 77.838989 
342.570099 272.809265 
345.565491 65.063354 
253.279556 327.985779 
238.909088 300.928650 
330.082092 78.122360 
287.253235 308.185303 
354.522125 62.907291 
339.526062 144.459335 
339.526062 144.459335 
353.783051 106.268013 
341.188202 78.138214 
341.188202 78.138214 
247.408813 312.488678 
264.534943 232.066559 
328.337250 217.902039 
394.343170 118.388077 
394.343170 118.388077 
363.804260 98.340088 
346.482208 145.258438 
357.541290 67.607780 
275.338989 327.166443 
353.783051 106.268013 
275.338989 327.166443 
255.001770 320.868530 
354.746643 108.466805 
335.653564 118.668961 
353.783051 106.268013 
335.653564 118.668961 
341.711639 144.034470 
342.570099 272.809265 
363.804260 98.340088 
396.475464 315.826904 
209.308823 385.709778 
363.413727 427.484497 
354.746643 108.466805 
378.438293 421.947998 
371.395691 400.786743 
335.164001 89.151390 
342.419739 128.444412 
328.277435 116.297493 
430.821991 134.912903 
355.764099 98.808571 
275.338989 327.166443 
349.628723 231.929276 
349.628723 231.929276 
343.862122 259.346008 
343.164398 79.535698 
327.670410 228.264725 
333.278473 273.296326 
355.478455 52.398357 
342.570099 272.809265 
335.653564 118.668961 
316.096497 87.904953 
342.419739 128.444412 
342.570099 272.809265 
317.904083 426.693024 
317.904083 426.693024 
240.663574 312.848419 
326.110718 137.595718 
349.628723 231.929276 
349.628723 231.929276 
335.653564 118.668961 
326.428375 81.752884 
342.570099 272.809265 
353.783051 106.268013 
321.777649 93.860939 
349.628723 231.929276 
345.298584 106.551704 
278.821991 321.892456 
373.521240 291.345428 
250.908752 406.582672 
325.639801 77.838989 
275.338989 327.166443 
238.909088 300.928650 
363.413727 427.484497 
258.861298 392.086945 
222.249039 261.349548 
275.338989 327.166443 
275.338989 327.166443 
389.178894 154.769501 
255.001770 320.868530 
328.277435 116.297493 
270.510345 318.386932 
380.814117 308.229126 
272.734222 282.782745 
271.149628 262.896576 
280.619537 310.246155 
314.615692 116.139275 
317.084106 427.095978 
255.439194 286.688660 
325.639801 77.838989 
317.084106 427.095978 
238.649078 297.053619 
322.843445 227.629761 
328.337250 217.902039 
344.306580 77.486343 
352.977478 260.942352 
308.479279 95.207588 
323.718079 231.871948 
229.417969 304.234039 
378.468964 384.630432 
253.279556 327.985779 
339.626587 232.497696 
409.091858 129.469437 
267.320404 402.004211 
328.277435 116.297493 
378.438293 421.947998 
378.438293 421.947998 
324.998901 266.966858 
370.880920 60.029240 
370.880920 60.029240 
267.462646 245.355377 
267.462646 245.355377 
327.990417 135.512253 
275.338989 327.166443 
281.167999 258.920074 
328.277435 116.297493 
275.338989 327.166443 
275.338989 327.166443 
238.649078 297.053619 
343.862122 259.346008 
276.091431 399.407990 
349.266418 231.723572 
251.578415 393.396179 
347.343628 75.594467 
331.782501 274.926239 
339.626587 232.497696 
259.282135 396.534760 
340.019257 156.459915 
399.582764 108.218849 
353.267914 113.597740 
275.240723 328.246826 
406.097870 328.099487 
323.718079 231.871948 
317.904083 426.693024 
258.861298 392.086945 
325.639801 77.838989 
262.642365 225.398346 
240.726257 301.578339 
264.534943 232.066559 
388.096802 307.733398 
324.998901 266.966858 
350.201538 85.202103 
380.286011 307.992065 
328.393433 219.863113 
272.497406 332.006073 
406.097870 328.099487 
401.177063 126.421883 
333.819244 77.754425 
255.001770 320.868530 
253.279556 327.985779 
418.766144 422.097321 
331.782501 274.926239 
323.383850 432.239380 
349.628723 231.929276 
251.578415 393.396179 
276.091431 399.407990 
365.978119 94.040512 
378.468964 384.630432 
258.861298 392.086945 
343.164398 79.535698 
269.533386 344.082062 
410.365295 324.697266 
223.467300 254.869278 
302.153564 210.523712 
282.343628 307.278442 
315.212646 144.002686 
326.110504 233.322311 
272.734222 282.782745 
272.734222 282.782745 
327.066498 241.561310 
327.886658 77.305687 
346.075836 259.647400 
315.212646 144.002686 
251.578415 393.396179 
330.470825 226.727692 
255.439194 286.688660 
259.501923 254.650238 
242.153564 237.483871 
321.777649 93.860939 
387.167542 415.886108 
318.940918 237.324081 
304.365570 204.489639 
350.201538 85.202103 
332.537537 274.123047 
388.096802 307.733398 
353.267914 113.597740 
330.542267 68.970268 
253.279556 327.985779 
238.649078 297.053619 
335.653564 118.668961 
385.012604 98.565666 
389.178894 154.769501 
247.690109 319.618439 
247.690109 319.618439 
333.819244 77.754425 
263.371857 400.914795 
253.011185 395.445618 
247.779892 392.940674 
276.091431 399.407990 
371.842712 150.654587 
402.537720 276.820526 
318.940918 237.324081 
270.825287 335.791077 
271.149628 262.896576 
353.783051 106.268013 
261.063477 225.642471 
349.266418 231.723572 
339.769012 90.620544 
351.310791 53.153465 
250.908752 406.582672 
328.337250 217.902039 
287.253235 308.185303 
272.734222 282.782745 
358.872284 133.382507 
396.137299 306.917755 
266.531311 309.770691 
255.001770 320.868530 
387.078278 277.542450 
282.343628 307.278442 
266.531311 309.770691 
388.528046 348.120239 
275.338989 327.166443 
265.499176 407.085693 
240.175415 289.202423 
340.019257 156.459915 
247.408813 312.488678 
281.167999 258.920074 
322.977905 133.837601 
340.019257 156.459915 
266.531311 309.770691 
340.019257 156.459915 
382.678192 148.536911 
247.690109 319.618439 
342.570099 272.809265 
302.153564 210.523712 
287.253235 308.185303 
267.071686 308.656006 
330.542267 68.970268 
260.373291 234.083969 
387.167542 415.886108 
347.522461 196.835052 
320.946167 75.077866 
349.266418 231.723572 
223.467300 254.869278 
371.842712 150.654587 
284.671692 315.872009 
387.167542 415.886108 
255.619797 289.138428 
371.994202 432.549042 
375.565216 415.097717 
363.804260 98.340088 
275.338989 327.166443 
275.338989 327.166443 
387.078278 277.542450 
382.678192 148.536911 
344.617889 58.250561 
339.769012 90.620544 
255.619797 289.138428 
260.373291 234.083969 
213.821930 271.217041 
354.315643 404.367676 
308.217438 195.994904 
270.510345 318.386932 
282.343628 307.278442 
317.084106 427.095978 
318.940918 237.324081 
243.472885 325.126343 
312.120544 147.193039 
387.377686 318.769226 
341.954071 307.303314 
343.164398 79.535698 
275.240723 328.246826 
330.470825 226.727692 
258.861298 392.086945 
387.167542 415.886108 
238.430496 238.347824 
324.998901 266.966858 
380.814117 308.229126 
377.871552 116.543877 
240.175415 289.202423 
386.128845 85.767159 
380.814117 308.229126 
317.084106 427.095978 
340.019257 156.459915 
388.096802 307.733398 
349.266418 231.723572 
343.302765 183.378906 
244.031555 292.418762 
270.510345 318.386932 
454.199524 439.881470 
307.284882 425.226166 
252.967667 392.687683 
388.096802 307.733398 
244.758774 310.212494 
396.410706 306.207245 
234.706558 243.388672 
448.399475 97.084503 
244.758774 310.212494 
343.334961 87.242096 
328.002136 54.082611 
355.764099 98.808571 
328.277435 116.297493 
275.338989 327.166443 
333.819244 77.754425 
209.404907 250.602753 
315.212646 144.002686 
346.575378 91.744637 
278.821991 321.892456 
250.908752 406.582672 
266.531311 309.770691 
233.177475 305.533264 
280.619537 310.246155 
295.051819 238.340195 
258.861298 392.086945 
270.510345 318.386932 
227.013626 247.089249 
328.337250 217.902039 
272.497406 332.006073 
397.272461 125.521103 
282.343628 307.278442 
320.946167 75.077866 
260.455536 234.518890 
341.954071 307.303314 
299.141113 207.541885 
354.931946 98.630440 
237.748535 330.033447 
266.531311 309.770691 
435.676270 86.509506 
242.289001 244.249161 
324.998901 266.966858 
266.531311 309.770691 
256.904144 231.280975 
333.563507 69.318970 
354.931946 98.630440 
353.783051 106.268013 
353.783051 106.268013 
415.268433 272.338409 
339.307190 117.317329 
349.266418 231.723572 
377.097992 433.205139 
317.399933 247.803741 
372.788879 93.224777 
240.663574 312.848419 
278.821991 321.892456 
385.156860 82.301254 
374.929169 156.185333 
374.929169 156.185333 
266.531311 309.770691 
266.531311 309.770691 
320.585999 231.936020 
322.843445 227.629761 
314.061035 137.352982 
307.284882 425.226166 
317.084106 427.095978 
282.343628 307.278442 
295.051819 238.340195 
295.051819 238.340195 
274.373505 330.947144 
435.676270 86.509506 
346.042175 233.275330 
275.240723 328.246826 
272.734222 282.782745 
282.343628 307.278442 
260.893524 250.998230 
236.859650 325.459747 
358.872284 133.382507 
251.782730 403.829773 
245.384583 405.679199 
291.266296 243.068985 
218.397797 389.239136 
275.240723 328.246826 
255.439194 286.688660 
343.687225 163.225098 
343.687225 163.225098 
343.687225 163.225098 
315.212646 144.002686 
372.788879 93.224777 
229.417969 304.234039 
387.377686 318.769226 
272.905975 246.153687 
317.502411 133.582550 
276.091431 399.407990 
233.951630 328.203522 
264.534943 232.066559 
363.804260 98.340088 
243.418121 407.489777 
370.834869 448.970734 
246.352112 331.660645 
272.734222 282.782745 
272.905975 246.153687 
266.531311 309.770691 
320.585999 231.936020 
317.940155 151.317017 
354.034973 128.337372 
332.537537 274.123047 
340.309509 217.815231 
340.057404 121.878609 
330.470825 226.727692 
314.061035 137.352982 
233.951630 328.203522 
349.628723 231.929276 
338.836548 127.304756 
361.589569 432.216003 
275.240723 328.246826 
348.995758 102.993362 
387.801117 345.741180 
255.001770 320.868530 
210.418625 272.601257 
340.231873 132.038818 
312.464844 74.074104 
275.338989 327.166443 
342.451263 142.229721 
268.732239 315.429718 
374.929169 156.185333 
415.903259 159.078400 
349.628723 231.929276 
372.788879 93.224777 
340.019257 156.459915 
432.391968 255.778549 
490.589630 131.352966 
236.360703 292.331635 
296.553131 242.309311 
397.709015 112.929581 
238.743210 404.211578 
308.217438 195.994904 
242.289001 244.249161 
346.042175 233.275330 
311.197388 128.649475 
211.310959 258.857910 
324.836182 152.788025 
369.268707 90.523308 
307.284882 425.226166 
265.554596 254.546494 
372.788879 93.224777 
372.788879 93.224777 
282.343628 307.278442 
280.619537 310.246155 
212.200668 251.716858 
