500
539.153564 317.390564 
539.153564 317.390564 
612.237671 392.254456 
247.105789 172.591919 
414.774597 206.694824 
506.752808 280.533783 
506.752808 280.533783 
247.105789 172.591919 
366.719513 298.071167 
251.646286 177.232513 
210.563324 173.780182 
192.945389 134.880768 
210.563324 173.780182 
333.400024 302.133453 
210.563324 173.780182 
501.509430 292.479279 
242.176880 128.446167 
247.262680 175.375351 
543.216431 326.565674 
542.925232 326.336304 
357.022461 246.083603 
298.489746 288.417267 
298.489746 288.417267 
391.453247 219.583023 
278.194122 223.895279 
357.022461 246.083603 
445.652954 234.246719 
236.859802 167.991318 
449.490051 247.417343 
357.022461 246.083603 
554.218872 323.898254 
248.249481 180.446396 
433.597748 366.721405 
473.934509 343.776154 
228.730103 169.200150 
506.752808 280.533783 
439.918488 211.114822 
218.087952 170.807861 
357.022461 246.083603 
334.388702 303.778656 
373.379547 322.320007 
380.268921 314.677490 
248.376221 164.624664 
274.593384 153.951065 
184.925507 150.747833 
546.914062 340.734558 
357.022461 246.083603 
546.914062 340.734558 
414.774597 206.694824 
546.814148 335.254303 
354.730164 222.090118 
440.250366 209.241364 
194.707047 165.615784 
276.978424 142.262405 
220.680023 181.087357 
216.404785 164.893097 
373.379547 322.320007 
513.498657 284.598907 
190.755737 141.158844 
177.062775 147.743439 
236.201843 167.944321 
283.498352 235.322510 
239.234421 169.890289 
204.854599 174.051239 
403.723663 222.271057 
285.314575 284.024780 
192.816406 140.040222 
317.024414 234.869553 
276.816956 339.138580 
555.267212 338.287872 
182.695480 117.435265 
311.299347 226.595749 
185.999847 155.260101 
317.024414 234.869553 
232.998917 167.786255 
186.075699 146.472672 
485.521820 277.035583 
388.962341 254.795258 
373.379547 322.320007 
274.593384 153.951065 
549.831543 329.936646 
531.017212 324.379974 
322.549408 217.980072 
449.002106 244.535416 
297.845612 295.679077 
525.093262 325.932312 
415.404785 163.383240 
373.379547 322.320007 
314.955597 232.769455 
204.854599 174.051239 
285.314575 284.024780 
346.254791 249.301926 
222.581100 165.197311 
528.241516 314.249695 
204.854599 174.051239 
203.687073 164.726715 
333.400024 302.133453 
408.717133 193.285812 
603.498169 390.209290 
347.874023 297.508301 
502.595978 275.591858 
203.687073 164.726715 
438.968384 244.600098 
520.338562 299.079865 
192.816406 140.040222 
248.376221 164.624664 
475.804138 286.057678 
251.115524 169.950958 
251.115524 169.950958 
330.047058 350.352509 
271.498596 141.806274 
439.918488 211.114822 
258.546143 180.660904 
322.287659 295.561005 
403.723663 222.271057 
353.639008 321.195068 
539.153564 317.390564 
347.874023 297.508301 
516.074097 292.048981 
281.892395 341.810913 
307.909332 228.108719 
346.208252 338.684418 
488.426849 333.121338 
488.426849 333.121338 
188.046539 145.263092 
203.687073 164.726715 
408.717133 193.285812 
528.241516 314.249695 
192.816406 140.040222 
188.000198 129.297394 
271.498596 141.806274 
449.490051 247.417343 
328.703308 338.860321 
506.593536 280.264618 
216.404785 164.893097 
243.476486 128.510742 
415.404785 163.383240 
205.927689 178.867126 
441.897308 357.596100 
366.719513 298.071167 
201.531479 104.598305 
197.080521 151.442963 
391.453247 219.583023 
222.581100 165.197311 
329.946960 320.140808 
285.307983 288.652008 
346.254791 249.301926 
549.831543 329.936646 
179.475037 123.242821 
327.196960 332.128174 
544.108521 321.881042 
347.874023 297.508301 
403.723663 222.271057 
388.962341 254.795258 
423.410767 211.024048 
178.058807 106.445755 
449.490051 247.417343 
176.602600 157.630585 
322.549408 217.980072 
395.291504 171.637604 
430.769226 369.850159 
329.946960 320.140808 
297.845612 295.679077 
528.241516 314.249695 
186.075699 146.472672 
276.978424 142.262405 
258.546143 180.660904 
403.723663 222.271057 
388.962341 254.795258 
202.070740 172.647537 
506.154236 300.399780 
306.090637 225.499405 
375.857483 153.299316 
391.280273 315.467957 
391.280273 315.467957 
546.914062 340.734558 
404.933472 183.440460 
332.580383 340.909119 
332.580383 340.909119 
314.955597 232.769455 
188.046539 145.263092 
258.546143 180.660904 
343.335205 345.034698 
281.177826 306.964874 
279.705597 229.010620 
333.689758 347.078888 
522.759827 302.195679 
328.703308 338.860321 
473.934509 343.776154 
408.717133 193.285812 
279.705597 229.010620 
204.854599 174.051239 
221.658432 197.103409 
522.759827 302.195679 
302.088348 299.086792 
347.874023 297.508301 
422.332489 221.420944 
473.934509 343.776154 
316.976410 238.978500 
249.112167 65.223534 
403.723663 222.271057 
366.719513 298.071167 
499.518219 279.291931 
181.846619 138.243820 
406.807281 180.741150 
280.087646 315.362610 
317.024414 234.869553 
330.047058 350.352509 
201.278976 95.067360 
185.999847 155.260101 
265.637238 62.016094 
477.703339 262.797028 
398.606598 402.468964 
299.089142 226.535553 
297.845612 295.679077 
242.110901 189.398773 
210.040222 183.183929 
278.920441 306.147217 
380.268921 314.677490 
398.606598 402.468964 
176.604416 140.760452 
205.927689 178.867126 
308.296539 343.918365 
185.719177 157.265228 
441.897308 357.596100 
249.587006 180.158112 
206.783356 107.950127 
436.808838 370.612823 
239.234421 169.890289 
406.342072 185.348160 
249.587006 180.158112 
288.973175 236.400589 
245.106094 63.258404 
215.360931 138.725815 
202.401184 113.394012 
538.570007 348.320465 
513.317017 290.009613 
228.730103 169.200150 
172.401230 138.554504 
221.658432 197.103409 
294.125824 346.832153 
220.449112 108.931351 
404.933472 183.440460 
392.285278 171.177155 
433.297150 359.808350 
476.628479 287.726593 
422.332489 221.420944 
354.730164 222.090118 
531.017212 324.379974 
330.047058 350.352509 
458.025787 250.038177 
301.753387 284.143890 
242.176880 128.446167 
215.360931 138.725815 
477.703339 262.797028 
203.285385 181.024475 
228.730103 169.200150 
274.656036 160.587555 
274.656036 160.587555 
240.598953 184.061371 
258.546143 180.660904 
362.878113 341.705139 
357.022461 246.083603 
412.010040 369.710327 
398.940582 421.683258 
176.604416 140.760452 
285.307983 288.652008 
375.923401 325.009674 
308.296539 343.918365 
501.509430 292.479279 
337.565826 351.840851 
391.608246 175.230957 
355.949402 222.490723 
278.268829 282.058075 
391.453247 219.583023 
291.528748 200.486008 
356.736450 336.738190 
333.850342 339.857574 
337.565826 351.840851 
249.112167 65.223534 
265.282440 181.385635 
265.282440 181.385635 
254.366135 143.963837 
509.078583 284.805023 
433.297150 359.808350 
274.656036 160.587555 
217.476410 151.748947 
293.894073 337.645660 
390.753265 409.144104 
357.022461 246.083603 
200.664658 99.604858 
280.087646 315.362610 
286.579102 335.152924 
222.581100 165.197311 
362.878113 341.705139 
175.546021 158.219788 
353.055450 320.302338 
324.689301 234.271942 
232.439636 188.458847 
531.017212 324.379974 
433.297150 359.808350 
254.366135 143.963837 
329.381805 332.243652 
347.002075 339.776703 
428.848602 383.735748 
347.137177 361.984100 
226.805740 182.517761 
280.782318 290.032135 
488.426849 333.121338 
316.116516 294.426239 
349.234955 287.578705 
218.999985 157.608932 
501.509430 292.479279 
370.474854 176.005096 
342.461151 340.476776 
261.364227 140.329605 
534.656555 324.955200 
278.200897 283.710297 
328.703308 338.860321 
198.069412 92.979332 
337.565826 351.840851 
215.360931 138.725815 
538.570007 348.320465 
421.000214 369.115234 
361.618591 303.468964 
438.968384 244.600098 
433.297150 359.808350 
392.084167 176.041000 
322.287659 295.561005 
234.495377 147.080017 
336.146393 338.053040 
424.999573 370.859802 
501.509430 292.479279 
390.753265 409.144104 
333.850342 339.857574 
326.946930 213.625092 
242.110901 189.398773 
525.796814 318.534760 
174.559174 115.842766 
373.379547 322.320007 
373.379547 322.320007 
177.950027 157.091446 
317.136230 283.218231 
373.379547 322.320007 
307.999786 231.142548 
301.753387 284.143890 
358.732635 169.004120 
326.946930 213.625092 
272.906128 287.218933 
488.426849 333.121338 
209.021713 193.111557 
277.485809 346.661346 
188.000198 129.297394 
188.000198 129.297394 
289.653351 346.135712 
201.278976 95.067360 
254.710480 140.965790 
254.710480 140.965790 
438.968384 244.600098 
293.894073 337.645660 
418.282349 376.440155 
393.574219 197.458099 
393.574219 197.458099 
301.753387 284.143890 
393.574219 197.458099 
296.084198 193.885727 
418.282349 376.440155 
291.290527 348.174194 
418.282349 376.440155 
362.878113 341.705139 
334.388702 303.778656 
334.388702 303.778656 
292.262848 249.049057 
252.668488 190.777145 
232.998917 167.786255 
305.961639 215.405869 
373.895691 322.765106 
278.200897 283.710297 
218.999985 157.608932 
421.752014 379.102997 
398.642731 422.815125 
263.320648 179.807770 
236.467087 117.587074 
357.022461 246.083603 
512.773193 291.333740 
178.058807 106.445755 
299.739197 296.393799 
216.131638 122.587578 
182.507736 153.570831 
215.907196 105.054329 
347.874023 297.508301 
358.814331 363.251007 
358.814331 363.251007 
433.297150 359.808350 
285.349762 284.715485 
285.314575 284.024780 
532.120728 320.428589 
222.581100 165.197311 
222.581100 165.197311 
278.920441 306.147217 
313.654266 225.277969 
273.712738 153.295197 
512.773193 291.333740 
415.974609 210.237656 
241.456467 197.534958 
376.594086 327.718719 
421.000214 369.115234 
198.069412 92.979332 
546.914062 340.734558 
285.307983 288.652008 
387.752960 409.591248 
329.946960 320.140808 
319.218384 340.674957 
362.878113 341.705139 
421.000214 369.115234 
390.065308 412.315094 
310.561310 37.060825 
189.008652 177.766479 
373.947388 328.879395 
326.946930 213.625092 
499.306000 297.685272 
182.507736 153.570831 
428.848602 383.735748 
373.379547 322.320007 
343.335205 345.034698 
387.752960 409.591248 
523.046265 339.970032 
227.427811 163.636612 
213.819046 193.763321 
497.941589 282.553650 
165.768433 153.796188 
321.831329 343.718079 
321.831329 343.718079 
390.753265 409.144104 
380.268921 314.677490 
417.651337 373.471558 
414.587769 379.117828 
373.895691 322.765106 
433.297150 359.808350 
182.507736 153.570831 
322.287659 295.561005 
215.360931 138.725815 
373.895691 322.765106 
313.012360 220.925537 
216.131638 122.587578 
372.856934 173.732101 
373.379547 322.320007 
390.065308 412.315094 
356.455231 355.639557 
441.897308 357.596100 
403.723663 222.271057 
361.618591 303.468964 
282.791840 338.307892 
357.022461 246.083603 
324.689301 234.271942 
276.816956 339.138580 
525.796814 318.534760 
414.273254 371.713531 
380.268921 314.677490 
501.509430 292.479279 
387.752960 409.591248 
530.564148 344.612091 
283.498352 235.322510 
172.309113 163.288437 
374.528931 328.988800 
353.639008 321.195068 
391.453247 219.583023 
539.075256 344.812866 
356.288422 345.143036 
441.163849 366.443542 
204.759033 138.034851 
391.280273 315.467957 
353.639008 321.195068 
458.025787 250.038177 
185.011536 98.307228 
265.995941 67.784187 
236.048325 200.309540 
425.006042 382.920746 
425.006042 382.920746 
326.946930 213.625092 
421.000214 369.115234 
205.289688 161.770432 
393.574219 197.458099 
334.388702 303.778656 
488.426849 333.121338 
473.934509 343.776154 
203.285385 181.024475 
473.934509 343.776154 
275.943542 228.734055 
356.736450 336.738190 
525.796814 318.534760 
531.017212 324.379974 
356.736450 336.738190 
356.736450 336.738190 
433.297150 359.808350 
349.234955 287.578705 
221.231537 199.959579 
418.282349 376.440155 
282.791840 338.307892 
283.165833 231.665237 
