500
420.224854 228.400513 
283.830902 336.298309 
418.733673 228.432098 
440.333740 200.796509 
440.862640 201.382996 
417.463348 229.224258 
412.924469 229.103012 
438.998138 200.919327 
246.308411 239.274460 
168.934311 358.105103 
169.384827 358.093140 
293.072998 265.480408 
163.547180 348.080933 
264.771454 210.830200 
290.013855 307.430389 
290.602478 264.308136 
150.424469 245.650299 
454.447449 243.365128 
412.948944 222.443085 
298.064026 193.100067 
297.512817 193.124481 
131.289047 352.136749 
452.556030 247.821045 
244.346237 339.794830 
293.835876 265.149780 
433.092773 216.191467 
129.971649 350.693451 
141.652298 291.536804 
289.884949 264.094757 
283.415741 335.672760 
359.670715 218.735321 
424.614136 234.329758 
439.715118 206.709900 
429.653961 221.737976 
291.446747 267.140533 
422.766235 270.293579 
262.176422 209.362427 
483.046143 210.592773 
224.234619 228.316132 
421.994202 232.669220 
472.971191 192.587036 
122.902138 341.897552 
162.009460 359.982849 
233.482452 335.916534 
309.284515 185.201736 
169.854462 358.218079 
226.424377 235.928513 
433.457458 240.750488 
459.326447 192.087021 
334.703094 253.291885 
224.722977 228.605118 
230.889572 337.555359 
265.508423 352.481445 
475.469971 194.861237 
430.991577 222.423874 
263.407043 351.104950 
416.237305 261.594849 
314.637177 277.512238 
280.485474 314.904236 
327.444763 242.615799 
328.930328 241.075256 
264.564087 283.646912 
442.756683 209.873672 
300.208954 338.536713 
277.118378 319.964813 
502.595276 214.078186 
429.029053 222.890533 
432.838196 223.042953 
347.521667 214.713257 
223.787094 229.705475 
308.614655 185.569000 
272.651001 143.708038 
485.265594 194.785385 
125.238510 351.726929 
429.767059 202.466522 
477.616577 200.449936 
336.621826 242.453476 
232.099487 176.402374 
313.912750 364.059143 
329.787415 241.477295 
296.922455 254.368729 
455.690308 243.086426 
476.443207 210.209229 
454.966095 201.647659 
416.836914 261.113037 
187.810043 343.291260 
405.744080 231.668915 
266.319733 143.737717 
185.139893 330.367493 
148.502716 355.251404 
229.880875 334.217041 
339.992523 238.847870 
140.854721 309.947510 
140.876541 309.769440 
141.853683 357.794373 
455.071899 242.241531 
238.871078 327.525055 
356.598206 219.583649 
300.392975 338.348663 
129.744049 349.987610 
514.719055 217.582260 
318.804321 362.654358 
454.216064 202.652359 
286.379883 307.200012 
455.405304 200.519882 
236.753830 213.997253 
151.637482 258.556854 
228.482346 229.328751 
228.275467 335.456573 
322.303009 341.533569 
176.130936 356.870575 
257.983459 224.956467 
479.391998 207.700485 
499.867218 298.485077 
294.072021 253.359009 
277.358643 318.034393 
265.369873 211.902954 
275.502258 337.885132 
216.781448 246.309509 
217.147476 245.951736 
484.324890 255.572250 
258.032715 226.228745 
277.954132 316.842102 
334.575378 250.391586 
418.688660 232.780334 
419.208984 232.677444 
266.480011 281.557129 
262.757385 348.520966 
479.454834 204.965393 
154.815536 357.406891 
275.489380 206.318069 
227.957962 197.168549 
506.246124 213.313507 
521.098816 436.673004 
291.507111 189.882538 
495.669281 216.525818 
424.011810 269.842285 
246.267273 187.612473 
149.909515 241.834595 
264.210205 283.782379 
350.660736 218.050522 
447.424133 196.111877 
310.561890 342.239441 
277.151093 321.404083 
505.428192 239.228439 
473.226471 191.528610 
247.427948 235.573318 
153.580780 341.965363 
304.817841 182.851562 
403.544800 229.720947 
238.754730 183.500412 
298.077087 336.358917 
174.991211 351.859558 
340.629303 239.338165 
445.156433 195.985825 
175.119980 357.206207 
407.555786 229.525131 
447.103516 193.067688 
309.483643 345.343719 
441.131744 198.994675 
228.370865 181.848770 
433.909882 243.415894 
144.957062 354.162292 
482.200562 208.129578 
487.472534 199.996902 
445.319153 214.910843 
449.728516 207.182205 
329.268341 242.898239 
478.496979 207.500641 
234.052368 186.844788 
259.798096 230.915665 
323.316376 234.207138 
476.079529 184.352997 
234.962738 186.864227 
254.931595 151.082367 
142.237366 247.400330 
444.037384 192.521576 
349.419922 337.304108 
256.686829 195.607056 
444.152191 217.529251 
444.737213 196.528961 
415.355957 212.548492 
227.807236 177.758682 
144.300552 290.026062 
469.046783 193.166885 
290.416107 188.581863 
224.495041 238.912521 
492.143829 193.491501 
486.983704 253.691315 
225.340073 191.089798 
264.606079 220.402100 
256.873901 197.485184 
286.095032 188.703186 
270.992432 332.340576 
151.889145 259.686157 
322.310822 238.937820 
466.145966 207.142761 
488.743103 315.306915 
307.286835 341.231964 
203.799118 346.088409 
238.560867 182.934814 
309.479492 341.615753 
144.964645 295.085327 
488.975403 194.954147 
437.175903 191.928864 
295.694794 169.280807 
326.548431 341.158569 
438.124786 218.982147 
438.820221 223.463730 
482.965668 204.144958 
480.698212 198.632751 
145.165100 195.986160 
248.764053 236.464432 
287.881500 161.794983 
119.859894 347.173370 
343.081940 219.674149 
144.474930 196.830963 
157.158630 355.677551 
229.387512 340.233215 
183.070358 329.747833 
408.516357 227.614761 
498.542267 299.490753 
454.004517 197.295837 
297.370148 166.683060 
511.643127 241.435455 
409.130341 226.773300 
347.606354 231.717026 
271.115631 330.809509 
234.803787 175.577850 
296.289185 198.740112 
289.978851 308.051697 
426.391754 218.945129 
286.551636 265.061310 
465.590759 224.269592 
248.617050 164.803467 
267.437561 155.548752 
322.834015 336.758362 
487.452209 253.028503 
406.017578 226.780914 
416.611938 192.561844 
217.751556 227.601089 
167.148773 358.505463 
154.629547 249.807922 
205.847992 344.573761 
309.510864 180.676666 
440.225250 235.719254 
501.057495 237.635727 
145.829193 188.398727 
241.950378 190.879517 
294.505798 190.120422 
400.218170 237.097610 
400.301025 236.820160 
464.767517 224.417969 
237.705139 214.002701 
214.753464 207.627533 
315.625214 276.738953 
237.476105 189.229248 
313.609283 181.475815 
131.110336 184.489380 
415.893463 206.184464 
318.189758 247.388580 
286.518768 265.854187 
504.181641 296.532776 
488.659576 197.813354 
263.372101 158.847198 
248.577560 164.029572 
162.561829 344.678345 
440.915924 189.734283 
409.789520 256.887695 
409.823242 257.302277 
507.156189 241.176178 
145.280746 185.281174 
222.881027 182.005325 
416.611420 212.894913 
280.938660 202.224579 
291.383606 162.534088 
419.711548 201.916061 
416.711823 193.745270 
96.997047 337.415680 
306.998871 178.043091 
225.314331 199.376740 
221.606827 181.985123 
336.958557 320.503540 
511.662964 242.092026 
472.622803 248.342728 
321.234406 336.869720 
499.006378 212.602310 
499.224030 213.309479 
156.859680 235.825073 
153.054504 237.520538 
408.675995 257.622620 
237.224060 182.103546 
287.565002 212.162613 
509.031677 208.939148 
215.821045 208.454163 
162.336136 228.539398 
478.454865 231.517487 
155.918762 253.701309 
441.384216 247.557892 
476.164917 183.115250 
222.061600 203.756821 
457.462158 212.850571 
255.229416 208.354950 
254.694489 207.872330 
351.623840 316.110077 
313.881561 174.472549 
160.369324 344.687012 
156.720322 248.124557 
237.628998 189.552307 
446.061829 239.059998 
317.251587 280.417633 
415.594452 209.087570 
469.825623 224.688889 
153.644501 228.653061 
144.116425 308.677673 
263.127136 157.795364 
313.334686 180.378937 
235.760849 192.030594 
137.205933 234.782486 
210.208527 182.888443 
330.808289 213.296997 
152.880661 228.374283 
453.380463 231.897324 
257.836914 149.130630 
436.332794 226.580765 
514.521362 215.660385 
224.376175 182.746857 
232.246918 190.523453 
276.665527 206.636459 
224.527985 225.067307 
225.126419 225.204132 
298.079773 265.267181 
135.155243 313.360687 
268.537170 135.985901 
240.558456 324.375427 
424.107605 388.581940 
452.859650 178.872452 
164.439911 344.420197 
255.216522 236.286880 
299.982300 200.260117 
456.580750 212.277695 
226.979614 225.443069 
348.100433 245.838837 
402.895203 236.330093 
332.179413 238.464096 
476.886200 185.914627 
155.033661 227.395874 
373.184052 242.045959 
311.350708 187.079361 
243.263123 327.784302 
336.078064 263.015656 
256.950317 148.536880 
305.376282 330.060059 
123.327278 345.838806 
213.365311 227.407654 
266.322754 229.384552 
246.270279 212.751312 
306.162170 185.647842 
401.303070 220.344070 
142.919678 183.854813 
448.348572 216.112732 
483.461273 190.355270 
294.897858 201.270309 
158.394821 248.543594 
294.516113 328.503479 
295.222595 329.218628 
428.048187 186.232880 
156.084076 236.719162 
147.688766 183.587692 
217.042404 224.995911 
374.269623 252.218948 
212.991806 206.734222 
159.760101 231.792145 
330.993652 259.761566 
337.145081 324.055054 
232.978027 219.450806 
154.457703 349.265045 
482.839203 191.689438 
480.066711 231.884491 
155.845978 353.763550 
256.719116 229.286301 
154.168671 254.417450 
200.725677 190.824982 
201.351746 190.961014 
311.549316 177.664429 
421.939453 258.685944 
405.927979 207.468094 
443.379181 221.279144 
443.335907 220.590134 
296.066162 303.153595 
97.632317 337.033020 
485.523224 177.531418 
128.015717 185.188232 
147.502335 183.423813 
282.265472 334.434967 
146.678329 188.414856 
154.279572 259.523224 
303.812622 183.273132 
148.430161 228.970596 
342.628479 214.159790 
141.537201 229.929520 
170.376114 336.207764 
342.974915 248.351608 
142.273865 183.857239 
213.933197 225.113586 
119.132904 346.044434 
243.310181 174.943420 
242.838516 174.708389 
385.506989 388.852295 
143.413666 229.467377 
268.198914 146.101501 
160.453491 226.985352 
278.191437 204.248642 
158.360550 227.694397 
214.453979 204.319733 
316.679932 248.863251 
249.569305 172.178528 
522.760193 233.210480 
149.352554 183.643234 
483.727081 309.583801 
422.377289 195.807526 
471.862610 210.279297 
453.614594 285.089844 
144.961624 256.759308 
220.663010 230.949524 
136.856613 293.629425 
333.177124 248.299347 
455.625458 219.855743 
153.642807 224.463074 
214.794708 222.964828 
511.354248 245.172775 
180.871384 352.947479 
137.673386 297.158539 
337.865631 260.231842 
291.116333 186.837341 
156.706116 225.918671 
227.082504 189.261261 
229.466095 220.663040 
137.697983 307.589325 
452.379303 210.324860 
228.619629 220.204239 
475.378906 211.698151 
233.639801 219.498215 
224.616959 346.472870 
138.488327 237.480957 
310.490570 269.410095 
469.155701 214.632385 
218.875992 251.322815 
299.771942 169.073502 
484.797760 193.085327 
231.685883 244.387527 
267.910004 144.536240 
252.947998 148.655426 
162.029678 340.988892 
492.860779 313.468048 
291.362885 271.535370 
159.728729 234.869476 
228.171692 222.640411 
512.354248 245.743256 
291.848999 299.483032 
472.887054 175.807159 
269.529907 147.077652 
217.597763 201.334381 
267.515167 219.687775 
258.718750 195.151413 
122.618179 346.934601 
210.673325 196.873795 
460.489410 206.868530 
232.409409 236.586685 
460.109894 223.441711 
479.827209 253.257080 
426.586975 244.672531 
485.245789 248.577927 
288.355774 194.537415 
459.509827 220.808990 
156.777344 244.678955 
150.315872 225.613251 
115.265945 347.821259 
359.480835 213.171799 
220.875183 200.060715 
221.469376 200.330612 
344.504150 244.966599 
137.835052 298.412201 
214.061234 222.645111 
303.078644 183.588104 
491.950867 268.080566 
271.470917 185.878220 
407.924438 201.230774 
129.929016 346.459656 
292.605042 305.492279 
426.187927 267.344818 
338.412262 268.123260 
467.175232 239.234482 
271.828430 310.610199 
313.149841 261.221497 
424.241974 192.043777 
473.853546 176.087723 
99.478806 340.212189 
437.614716 186.050339 
427.357513 267.696564 
