356
248.920807 312.629333 
364.771912 282.768311 
249.072754 311.888397 
120.732559 351.861176 
123.340591 355.804779 
258.438599 303.890961 
347.516968 282.447021 
347.881348 281.819489 
348.494873 280.825531 
364.900116 282.259094 
132.108246 266.540558 
139.866608 269.670044 
429.865570 288.935455 
260.973419 271.753632 
430.501465 289.556976 
243.543701 275.927490 
252.316238 300.181854 
244.613724 319.115967 
360.661072 282.562683 
135.352570 272.553711 
159.022919 262.265594 
132.856812 269.614288 
246.326950 317.573975 
360.859406 280.573425 
252.864655 300.719879 
143.684036 268.217194 
258.435608 302.282501 
249.095200 299.997650 
150.874237 254.694672 
251.201981 297.563171 
125.876282 334.361328 
432.919739 289.415649 
199.079285 301.385284 
423.447144 314.438232 
159.149384 263.345276 
430.521271 305.456543 
146.171432 268.440063 
280.090332 300.635437 
350.887390 278.083984 
228.322678 321.743011 
277.917877 297.844513 
277.917267 298.777527 
346.567505 278.042816 
239.302795 313.869598 
195.143707 301.535797 
201.685455 275.136353 
258.522614 301.270782 
202.357452 276.266510 
225.905060 321.408966 
249.718613 275.319397 
144.129196 243.468079 
201.223343 302.798584 
180.256165 280.352234 
198.795135 302.477173 
146.976746 268.299438 
280.376160 301.970520 
148.833237 259.245819 
219.068253 272.238861 
185.145218 285.976776 
218.116394 269.847992 
243.864044 325.565796 
180.140976 281.676727 
142.045502 271.055573 
203.982391 301.690338 
424.038239 314.483124 
273.683929 290.771484 
258.719940 299.631348 
210.580276 267.682281 
231.202454 318.400940 
206.735092 314.636047 
366.626221 288.487610 
258.666016 288.456482 
226.345856 317.341858 
282.784241 298.172272 
214.157379 307.038696 
219.977386 320.650360 
206.277115 299.714386 
207.909378 312.670258 
278.349976 303.472076 
268.039490 281.267426 
257.416809 291.510529 
250.101517 291.653564 
290.964386 308.523468 
213.704147 305.962097 
433.874268 291.604187 
139.089203 261.510468 
275.268341 310.740234 
216.877747 302.639771 
137.044479 269.754669 
147.350433 255.411453 
261.677856 333.718353 
151.502197 253.939438 
219.848526 325.566681 
261.649902 302.130432 
262.294312 301.747437 
216.839203 313.876556 
261.234192 270.600464 
282.328125 297.661560 
321.128662 273.520020 
360.679077 286.408325 
235.540817 334.360352 
216.518417 276.119659 
398.088257 346.281525 
252.062927 349.064240 
252.436234 349.283386 
117.043198 359.398712 
206.312775 276.512268 
254.124741 291.948792 
404.091003 296.529480 
151.241211 284.793945 
206.164490 278.470551 
264.599701 264.558044 
258.469147 287.574646 
217.963409 324.322754 
215.550003 262.554901 
428.517944 292.014435 
182.348862 278.527344 
251.198242 289.421509 
427.848175 282.546234 
126.572708 335.638824 
275.776489 310.617188 
252.761810 349.121277 
343.265961 287.723602 
389.390533 353.483337 
434.307922 286.607330 
211.892197 300.563507 
114.722603 353.452026 
218.300186 330.191986 
274.778229 313.098999 
154.193130 257.969055 
209.093155 276.087830 
232.289368 263.779633 
145.044586 252.697632 
212.042526 299.258148 
185.223129 279.561676 
158.501511 275.623444 
220.005478 328.055420 
210.366669 276.555298 
182.642380 275.111328 
424.981659 261.609436 
355.748474 304.778992 
391.526184 349.306519 
231.092163 354.882690 
250.564560 339.374176 
176.378540 282.416992 
142.234497 335.744019 
142.308228 336.495117 
270.799683 305.862274 
271.384125 305.909180 
202.261139 320.566254 
229.038452 322.016357 
427.559357 281.064331 
254.932236 337.460144 
137.257889 346.380707 
280.236847 309.318085 
151.791275 253.245300 
357.598633 271.547852 
157.799606 269.514252 
142.183182 338.421967 
144.099487 252.324371 
143.920349 252.188065 
154.676163 260.459747 
367.299225 273.024261 
446.391327 299.425659 
145.305832 326.129944 
143.965027 326.387329 
435.073486 286.939453 
132.073990 272.499298 
257.169708 282.705566 
226.918976 313.933075 
137.833694 349.748169 
138.476990 349.959290 
140.621857 319.023773 
134.254135 347.110046 
377.647858 266.104340 
252.701431 262.682587 
146.920471 238.838577 
262.979218 297.080597 
431.971100 269.413422 
227.848709 334.848450 
229.956131 270.451874 
136.560623 347.385559 
373.558441 267.925720 
228.712677 353.372101 
254.254791 353.234497 
148.341309 240.885986 
355.571564 272.231140 
355.371277 278.157501 
414.549103 278.660034 
132.589294 321.002960 
148.475067 315.622467 
366.788116 273.510742 
403.023712 289.615967 
256.846039 346.167175 
142.607697 336.541260 
160.011032 300.913055 
418.471466 280.375580 
249.109940 333.613525 
294.448181 311.376190 
209.102783 297.555115 
391.473145 270.769226 
229.387833 353.956787 
133.720184 347.946136 
140.324829 341.418793 
429.840912 266.978821 
421.110687 280.781525 
228.293060 313.991821 
359.417023 270.870667 
366.020233 272.748840 
236.013519 287.238251 
421.943512 282.138153 
139.177979 351.603394 
275.615814 317.642273 
177.629395 276.348572 
130.970459 343.007202 
354.409698 279.039185 
423.913025 283.428986 
149.696762 265.669098 
415.900848 278.930664 
147.950821 251.392822 
228.868378 287.495331 
424.461945 283.656372 
131.006927 345.887573 
137.325256 343.013397 
364.635345 337.640503 
213.791107 276.706268 
218.292374 262.557709 
200.408813 298.777161 
212.271759 331.718323 
126.570877 332.743042 
401.673248 292.056580 
400.594757 285.964813 
227.887085 333.750732 
280.676636 312.263062 
376.275085 271.040192 
124.404877 360.869690 
257.532928 343.777252 
212.964859 278.872040 
364.592529 308.451263 
151.189026 265.579559 
151.409363 266.145142 
377.898743 296.054321 
216.149734 275.503082 
281.942078 312.107300 
258.892822 335.164948 
131.443481 346.698120 
351.556091 302.143555 
200.569229 256.119537 
213.701889 331.996002 
250.218124 333.600006 
240.243790 265.096466 
286.046661 261.025024 
364.140656 272.875824 
264.162750 214.738297 
353.666412 293.550507 
294.593018 307.171844 
200.288757 256.672760 
360.978058 270.285980 
140.940750 340.052856 
370.307800 340.449127 
377.229858 268.042053 
377.577667 267.730682 
135.696350 355.384766 
202.853714 300.830597 
155.405441 283.779633 
130.635559 341.832092 
225.466461 264.218079 
154.337723 348.987061 
143.974457 276.724274 
251.842072 331.753784 
219.313736 261.050507 
379.791016 349.672913 
347.353882 274.730469 
411.575287 286.605957 
382.500031 315.448669 
123.720322 296.831573 
251.605850 332.995911 
372.822449 295.531799 
369.856049 338.655975 
265.956940 297.881989 
129.863815 260.443604 
148.694534 276.568085 
257.859741 335.607422 
199.572708 261.060791 
353.230804 294.561829 
231.181503 343.051910 
224.773392 341.134644 
132.614944 339.398743 
399.093231 290.340973 
361.896118 310.517853 
361.791382 310.973541 
160.721344 296.106750 
152.811340 357.401703 
382.864655 293.213104 
370.444580 337.538513 
136.515594 342.380951 
212.625412 324.181122 
141.671112 359.353821 
283.938812 267.436218 
132.914856 337.015228 
230.706451 285.080383 
219.913971 341.809052 
388.387329 356.247437 
153.435272 348.527222 
350.287079 268.113098 
349.764099 267.947418 
295.880707 308.223358 
224.963013 263.185608 
132.296417 295.238800 
224.499191 262.131836 
202.969864 257.086121 
310.885284 317.769043 
126.068550 267.296906 
406.426483 255.889359 
388.506226 270.449554 
128.054413 258.260437 
444.740845 283.290405 
113.421371 328.088226 
369.189240 338.593964 
129.511917 350.420410 
346.551880 304.977112 
351.157104 302.446869 
407.149872 299.902618 
186.782440 304.710480 
398.258087 290.370575 
415.106049 282.013824 
373.455658 343.209412 
158.421097 358.600891 
347.870789 265.614868 
387.732056 270.492188 
153.539993 282.180939 
382.898987 293.889954 
147.684662 278.552246 
210.933563 334.492126 
137.135071 354.844879 
204.167801 260.256409 
357.011993 267.662445 
382.781403 349.463531 
153.726120 221.395309 
116.753418 326.410675 
207.772690 330.322968 
259.867737 350.108398 
235.252502 367.898499 
348.373718 270.971893 
430.272125 275.728973 
148.540421 361.172058 
149.135162 360.811768 
129.787537 352.109009 
254.418671 355.306335 
368.905029 341.229004 
158.717438 357.661133 
410.595154 294.230927 
399.126617 244.154282 
381.690887 352.119415 
378.560394 347.349579 
107.835930 367.771912 
