972
325.687042 396.964935 
324.906189 396.183594 
324.300873 362.878723 
300.168640 280.416443 
322.535797 378.815613 
188.708755 286.641052 
334.575165 303.030029 
299.879425 372.439148 
300.291931 372.402863 
233.517059 344.282227 
300.938019 285.794006 
192.884583 387.481995 
297.749908 288.017303 
298.963501 286.793091 
298.501953 369.856262 
308.396729 296.834686 
307.688324 296.655243 
305.077972 279.073853 
315.694305 325.307129 
332.380981 387.636566 
336.112396 308.052612 
336.248169 308.972778 
299.316589 368.779327 
317.283112 295.867432 
267.323853 297.677490 
314.277802 299.474457 
314.277557 298.756317 
187.433075 294.535614 
256.842041 326.984558 
317.330719 289.493164 
319.072845 298.921082 
323.714813 307.286469 
335.573303 310.125824 
355.474487 357.197388 
231.127396 343.648102 
353.535706 301.870026 
548.755554 313.117950 
301.795898 405.706451 
548.110596 312.541138 
294.104309 284.930115 
351.567932 358.119110 
185.385498 303.293243 
335.870148 302.912903 
287.635406 397.298431 
310.074982 319.879822 
300.640015 437.047546 
298.734955 290.688538 
171.487595 304.300354 
318.323761 307.485199 
470.155945 304.150879 
307.844879 396.917419 
259.981110 314.193939 
318.946686 301.150879 
331.034241 298.845367 
270.054138 358.831879 
474.766357 351.184387 
270.645325 386.012085 
353.924622 301.404663 
333.402435 387.110504 
474.036407 304.229034 
298.025024 291.132935 
233.599380 344.953156 
300.044861 408.341003 
470.068878 304.825745 
470.158081 303.190948 
321.844513 376.183136 
172.527283 303.393860 
312.036591 302.144135 
366.407532 360.356171 
321.548218 265.474213 
480.406738 282.743805 
326.765198 308.527771 
477.996124 282.977570 
478.343048 282.956635 
200.305283 320.946747 
300.393951 298.153351 
196.027237 321.232452 
327.201660 402.569733 
157.012070 387.452881 
550.574463 314.404694 
493.738495 282.562714 
333.026062 299.644409 
156.752762 388.181458 
474.885437 353.741058 
341.334961 298.448334 
160.151596 387.487640 
473.899048 301.085358 
269.946106 297.108307 
470.403229 296.697723 
324.530609 375.047974 
493.226562 282.593628 
467.018433 286.964874 
253.275955 338.047882 
161.850586 423.576324 
188.836716 280.745972 
318.590576 315.461304 
340.388184 298.247711 
465.081177 296.840515 
251.833633 319.251709 
332.384644 289.370941 
467.381409 301.939606 
173.795746 302.537537 
300.743073 404.350800 
322.543762 267.215881 
302.068024 280.379822 
265.282379 294.911743 
160.496109 423.018097 
191.778259 281.724396 
174.700607 302.315521 
315.614746 305.908264 
288.611359 386.222809 
183.265244 414.157593 
270.766876 293.853149 
269.477570 290.306305 
493.691772 282.230225 
312.221191 320.433014 
268.417328 290.666290 
477.754333 288.252106 
477.999786 287.720093 
317.201508 362.203949 
464.487915 284.557831 
287.667053 385.653503 
552.641724 316.244537 
315.921814 301.940887 
338.953064 276.607666 
270.057617 293.641144 
183.076126 414.700531 
184.167877 411.283752 
519.693420 227.801132 
251.261902 317.620911 
269.561829 385.259186 
542.838684 229.676620 
222.123428 270.703125 
565.120789 309.982361 
465.602142 296.245972 
170.986099 300.907043 
299.652802 401.885590 
345.556000 331.604950 
254.847610 296.306915 
256.227417 297.765015 
271.309570 290.744659 
297.834412 398.476624 
300.866455 393.436462 
245.111816 315.276611 
543.391968 385.752625 
278.127197 391.002258 
318.805817 293.049866 
269.088470 300.470184 
237.477509 344.592163 
325.176361 403.829773 
254.870300 292.937744 
556.884705 317.222900 
556.989563 316.592377 
322.290588 267.944305 
168.018875 303.080902 
307.856873 384.944977 
306.139313 298.609467 
451.189453 314.228241 
316.083160 300.957153 
325.016083 314.775299 
293.556274 392.784668 
303.494263 392.783783 
202.110046 332.266571 
295.843689 308.087433 
490.830627 309.933472 
318.668182 266.085480 
479.054901 292.332031 
298.678955 397.948364 
295.667358 249.619949 
279.181030 416.155853 
201.786728 336.422485 
319.110931 376.751648 
316.690887 263.143433 
296.716064 309.901398 
515.809387 349.456818 
180.891205 420.268738 
278.087311 316.308167 
553.408020 316.637115 
478.164337 292.183441 
372.267120 313.454681 
277.507690 395.894714 
277.541168 395.987305 
265.733582 300.721344 
241.778946 272.194031 
251.082581 326.407837 
538.579956 314.598175 
244.902573 326.653412 
470.793762 353.647064 
471.264404 354.164520 
568.023193 313.103760 
453.886230 313.093323 
246.056702 312.575562 
245.832169 313.174805 
334.167511 395.467773 
521.654175 348.042450 
513.681946 315.752075 
181.750580 410.411835 
273.645569 287.812927 
333.923065 396.482208 
317.833679 263.717682 
275.723419 316.765076 
514.054932 227.733063 
518.837036 349.679932 
519.077759 350.295258 
320.533051 288.709808 
276.464691 395.940552 
252.657013 300.647614 
315.178711 375.852173 
273.669037 365.256897 
273.199127 387.691528 
293.037628 291.239899 
324.541473 318.341675 
303.160095 418.323761 
183.013611 407.979828 
449.739746 285.839966 
291.455963 360.577271 
278.040833 364.255859 
195.243118 386.197174 
222.645645 271.619843 
314.462036 396.258484 
359.747345 301.226715 
158.829666 396.187866 
557.380615 313.975159 
179.179214 408.544830 
155.944214 388.196075 
255.614761 296.702026 
180.018692 412.772247 
180.779221 413.167084 
299.007294 363.505493 
203.131088 341.229279 
282.516541 296.248260 
195.504593 322.834503 
171.230103 300.073730 
217.695389 273.435364 
299.096100 273.526428 
179.355804 410.265076 
272.557587 365.186829 
312.700165 303.132477 
288.995392 361.093323 
337.815979 293.660034 
485.610596 300.746155 
299.128632 395.387878 
290.576538 402.364929 
326.057587 213.358978 
199.626495 373.185028 
282.461273 268.174042 
299.300690 244.741486 
474.121368 295.375366 
558.116577 322.292480 
288.122437 342.362915 
456.320587 311.359680 
219.295700 272.840454 
179.295364 312.059967 
178.083603 312.661591 
312.144257 405.406982 
570.059265 310.555939 
367.594421 362.792145 
346.152222 28.241970 
515.067871 349.304108 
291.860840 360.849792 
202.160141 341.720398 
513.533142 318.491119 
311.649292 257.457672 
159.221039 395.460907 
265.952911 288.692596 
520.358765 306.772552 
329.048981 319.536926 
545.897400 315.361938 
316.489563 402.763977 
361.604187 298.144928 
454.903717 285.698639 
543.028442 311.349976 
201.333313 350.262390 
258.802368 288.270966 
338.851715 275.907074 
514.530396 297.815033 
517.793884 338.445709 
172.496490 307.581970 
304.134399 419.058960 
355.642365 298.747711 
500.619720 305.240814 
277.000549 288.033264 
516.271729 307.000885 
337.584778 194.960709 
195.595612 386.532471 
318.933502 283.452820 
303.321503 416.022552 
333.297272 321.982758 
309.545044 303.414734 
328.318420 320.452087 
334.004181 397.562134 
178.578644 414.625488 
217.423248 422.810547 
290.874329 362.101471 
188.631561 279.391266 
495.305328 405.371582 
461.989990 283.880219 
509.889465 348.201660 
280.869049 315.357422 
160.345123 395.225372 
226.664001 347.743347 
263.444702 348.855011 
296.899780 300.271332 
484.659363 278.271454 
340.118256 371.281097 
562.428528 344.024872 
489.402588 303.076050 
185.250427 402.430756 
125.999420 205.937637 
207.012894 381.209381 
308.748901 352.003510 
309.285614 352.340820 
204.595459 327.896881 
308.792206 303.338867 
462.100830 294.873108 
216.849991 420.563690 
314.880890 303.536316 
285.359375 311.830750 
181.080353 400.959503 
322.488281 278.398254 
490.087280 278.698853 
515.873230 307.686890 
282.042450 287.074371 
182.870926 300.263428 
253.330185 293.602478 
344.329742 283.733551 
214.372223 451.883362 
195.103592 337.777863 
194.149384 417.139954 
296.259430 275.213440 
516.849426 310.924561 
515.906799 310.612762 
178.558807 403.528168 
200.052658 351.488525 
491.515015 401.419373 
196.662842 310.776093 
300.663452 271.707458 
494.224548 299.526001 
105.562988 419.477081 
559.704834 321.954803 
350.875671 292.019562 
509.277832 348.205536 
562.259949 344.792511 
297.562469 379.483734 
167.637939 319.117279 
182.874222 355.016663 
334.658691 275.710297 
184.246231 311.142273 
502.966858 431.458344 
524.711243 307.460297 
447.995270 314.875092 
357.898376 297.795990 
175.628174 420.355255 
297.108429 439.637421 
327.740875 213.126343 
333.802643 319.556976 
364.124420 355.942017 
177.674316 414.385742 
487.581360 398.584991 
179.002838 364.950348 
308.165558 428.338593 
357.122040 302.020660 
488.698273 304.384155 
287.359589 272.832703 
243.246964 268.896545 
321.889679 225.185989 
547.741821 328.474060 
192.155014 377.958923 
317.450134 356.291168 
286.161072 311.822052 
498.584503 311.097015 
316.055908 24.558363 
561.728699 322.653961 
163.341278 432.757294 
325.406158 223.706680 
202.676834 375.157257 
284.879242 343.579193 
197.490845 311.685486 
191.414062 279.617004 
447.289856 317.134735 
515.455200 312.822479 
514.935181 312.957581 
483.776428 297.085144 
347.209900 303.445312 
519.161255 266.997955 
242.444809 310.861572 
180.187637 313.814545 
208.447617 379.361450 
327.231140 406.795563 
559.052917 300.534943 
266.398834 342.569641 
164.502243 291.950409 
164.746063 292.101074 
459.156311 312.292664 
180.897537 400.162384 
322.991180 370.034760 
194.913788 338.580383 
325.532410 265.411133 
326.221619 265.149933 
176.060760 364.254974 
504.859497 298.310822 
329.788635 286.653412 
496.788574 291.432190 
108.060860 419.468475 
485.729736 315.459747 
509.953796 333.327087 
196.119431 423.509308 
369.899017 309.798309 
306.757263 404.297516 
323.115265 369.442474 
241.622116 424.119293 
530.053833 269.188812 
344.213196 346.998291 
344.089203 346.533356 
491.339050 298.349640 
184.347397 313.526428 
200.080215 346.461395 
177.207626 279.599579 
176.902069 288.586578 
178.483704 417.453949 
283.104462 288.106934 
201.282669 375.245148 
517.467224 320.901947 
468.205139 313.451752 
301.771790 316.761169 
196.267441 342.129486 
181.054855 288.486237 
320.555603 207.879929 
349.798553 217.763321 
467.869904 279.556061 
546.609192 302.119934 
351.029694 215.364517 
300.546661 424.079376 
165.039734 296.747223 
581.368042 231.676773 
183.632339 355.054443 
345.879333 299.866882 
303.198242 319.352295 
343.986664 300.711975 
362.846741 345.860687 
489.460846 297.373260 
321.726318 206.732849 
501.470917 404.573090 
364.870575 300.100403 
464.935486 315.241455 
562.974426 346.941772 
504.141541 298.975586 
494.467926 399.976746 
197.933212 309.423950 
264.644531 344.390686 
280.744598 269.350098 
267.931366 349.788330 
261.532257 343.937225 
290.413452 413.067474 
285.117981 391.818054 
317.401337 212.106766 
264.100067 340.882568 
358.511627 307.708588 
286.087311 266.874176 
325.512695 315.523987 
326.242249 316.422302 
532.497559 307.673096 
462.408356 314.443207 
285.012909 402.313507 
506.692047 315.524017 
455.068207 342.446716 
283.558105 284.576019 
196.032974 370.930084 
272.700836 393.736053 
299.587769 422.400269 
171.983551 429.995758 
203.768799 376.767090 
171.383240 431.339722 
327.132996 210.787033 
326.896515 211.342407 
507.034668 301.998077 
279.599792 338.320068 
352.022339 284.967987 
203.767548 380.091431 
520.114258 266.452606 
164.959274 317.300446 
553.304443 356.538239 
548.859497 383.947235 
330.148621 220.912628 
315.235016 304.772766 
347.929352 356.941254 
349.158173 282.171204 
528.193359 308.473206 
378.868011 312.022156 
161.907791 395.606842 
514.224548 280.379608 
501.032593 299.844025 
524.078674 283.131042 
319.049316 417.923615 
90.178833 417.320557 
197.357285 423.126007 
501.183105 359.122498 
177.418442 360.858734 
274.810974 282.573364 
293.947510 416.522369 
296.039551 295.662750 
498.572784 403.195923 
279.805389 327.650818 
135.565109 458.443176 
492.382843 401.500732 
306.122528 383.709808 
362.622894 358.991852 
341.912323 301.132904 
350.554260 351.879486 
305.330627 428.214142 
510.572418 333.098267 
320.534332 200.507141 
304.062836 370.836365 
305.166443 432.201111 
304.506470 432.102997 
484.633881 426.645172 
361.704102 295.636841 
258.066895 334.563934 
366.679352 300.662170 
278.073425 317.581116 
353.163574 216.410904 
305.816620 202.085938 
299.643005 412.126221 
345.852386 360.523743 
311.329010 250.316498 
512.198730 302.841400 
480.614899 295.508026 
502.266144 299.929718 
322.743042 211.819534 
167.727600 445.641113 
167.503632 445.629700 
261.916199 297.711670 
184.602325 346.087341 
137.051910 453.875793 
541.819519 388.480530 
514.551636 305.240082 
477.312103 322.228333 
535.632324 307.560699 
247.809860 284.667419 
340.965759 282.172211 
163.245468 391.380615 
289.050446 272.606934 
351.024994 358.242798 
275.432770 270.946014 
320.858948 214.290421 
511.768127 304.803101 
136.782425 453.367249 
342.083923 284.974365 
464.706879 336.633240 
191.929260 397.405365 
452.334412 286.276825 
521.813843 325.134918 
332.800995 313.102264 
549.998108 382.531158 
203.727066 297.429047 
204.296188 296.565155 
197.552124 359.992523 
524.702271 263.425262 
306.924774 201.599106 
494.689941 429.849182 
333.835602 222.560410 
268.960632 393.172119 
248.263855 324.232971 
506.321259 333.776276 
287.513031 295.920502 
540.975342 329.908325 
284.692566 314.142059 
496.638458 292.655731 
271.851074 403.388794 
288.815277 339.099548 
395.852631 426.621613 
298.222137 416.374298 
328.174866 211.111954 
284.593933 339.160004 
200.850998 297.995422 
243.709457 428.983643 
306.155304 420.896729 
494.741730 272.743286 
324.038208 219.097580 
300.488037 418.526428 
349.657867 300.880798 
172.903305 362.880463 
193.816223 354.726898 
461.645782 311.371552 
308.708984 247.495895 
299.521271 411.254211 
296.255585 430.913391 
264.321228 345.092468 
285.558502 340.716431 
175.502731 381.847687 
175.661209 430.268555 
355.101898 348.633484 
303.061859 374.894043 
306.089355 422.377563 
287.962921 291.435059 
505.535278 406.349091 
283.431061 276.322113 
504.424225 354.603973 
290.254761 294.281189 
289.577972 293.997711 
352.240753 362.022766 
194.855255 310.794128 
486.332153 328.304382 
191.887314 322.429291 
297.323822 250.413651 
198.509735 284.473358 
543.422668 390.355499 
203.172989 380.504730 
179.408066 353.061859 
269.146790 391.533875 
484.477295 400.278473 
550.396667 349.237976 
351.703003 279.681244 
160.827820 381.101807 
536.987244 307.300537 
196.845337 359.792511 
356.470459 279.721924 
331.843506 405.944702 
355.965546 283.133972 
369.899292 314.651886 
263.872406 354.684052 
520.489319 312.060913 
294.294678 426.527710 
518.410645 314.693176 
506.643402 334.260437 
338.879822 283.013702 
495.552032 367.083832 
320.927490 223.781845 
401.921814 313.487488 
280.643250 329.541107 
329.812714 389.488434 
322.460449 419.033508 
248.343246 365.186340 
198.793396 302.439758 
258.179169 278.554871 
504.228912 450.715515 
504.253448 450.749115 
460.279541 280.140533 
286.797485 332.866150 
287.248627 333.433868 
393.888428 297.120697 
350.036591 266.602905 
512.967896 369.261597 
247.969376 292.863983 
373.778168 310.286774 
168.035019 446.536926 
180.523422 443.229828 
242.151306 314.855194 
280.795898 277.492279 
463.545105 335.878387 
352.763885 340.862732 
341.851868 207.041611 
459.466431 297.095734 
322.549072 418.510040 
456.180206 296.611328 
195.296082 294.608124 
257.303619 266.712982 
314.344727 206.209061 
527.580688 306.266083 
454.228973 342.563385 
537.761108 309.063141 
286.118561 340.096344 
501.032990 332.473358 
185.313248 453.114319 
332.484070 221.821442 
350.527496 301.390778 
346.341217 357.913788 
479.330475 327.188324 
327.376007 254.848663 
350.640625 362.420654 
523.796631 312.501801 
260.424469 283.575470 
502.771088 359.404449 
313.951141 418.392609 
305.038849 435.010437 
329.478790 281.102905 
316.524017 251.600220 
190.885788 368.159210 
276.867004 343.953705 
375.654205 289.328247 
329.975708 411.493195 
178.155548 360.511444 
307.823242 418.414825 
288.401184 269.503784 
356.650055 360.784973 
264.036102 318.581207 
525.413696 337.508789 
283.915314 272.726471 
195.273880 398.559998 
332.557800 327.896240 
499.761566 451.954346 
186.152847 414.383911 
164.204681 325.160828 
500.583191 430.029327 
350.525635 340.306061 
341.144257 345.584106 
316.740570 254.210892 
336.479279 268.384705 
294.943176 420.505280 
329.905396 272.227448 
515.024719 333.234497 
164.335724 318.672668 
367.265503 365.385193 
199.487564 306.960999 
259.356995 330.986877 
259.535156 283.253143 
247.915955 280.966248 
330.057495 282.062592 
228.039963 331.726410 
571.662415 319.818909 
200.768799 292.602478 
333.841858 267.898621 
197.434952 298.728546 
540.970825 345.080536 
52.177017 422.717560 
273.768005 308.895020 
338.148834 288.419647 
276.387390 273.106323 
192.883636 378.137146 
374.988953 303.758087 
331.470612 324.679108 
185.172913 350.618103 
304.272308 259.718628 
195.042206 401.890198 
181.161804 451.166168 
533.523865 307.657440 
448.672821 311.609650 
449.022522 311.919434 
159.652527 445.071136 
275.134735 410.469666 
193.090088 278.128113 
192.577454 277.673584 
292.114380 237.525772 
325.980560 207.990463 
330.842377 210.714706 
315.977844 207.372055 
304.839050 376.757233 
364.197937 301.652039 
272.195892 338.123199 
185.373810 348.322510 
276.523895 323.383179 
293.401062 419.695557 
292.507416 420.022369 
292.733673 420.201721 
341.416077 285.511444 
280.627563 350.480499 
328.846313 326.847015 
139.069458 421.967621 
280.509460 338.538574 
227.959442 274.280640 
58.211487 427.140320 
264.395050 320.882385 
325.157227 322.733185 
548.977905 346.747040 
334.538696 285.122284 
181.040848 440.055664 
193.027039 313.052979 
340.016388 289.117523 
180.997238 380.169769 
68.517189 426.991577 
214.029007 444.993988 
213.882736 444.618164 
153.759003 421.916504 
291.584259 215.609833 
280.642456 351.040771 
275.041779 339.700165 
274.996063 340.355743 
523.782837 326.378265 
177.489014 318.160339 
202.460617 345.597168 
349.900452 329.187286 
176.354538 451.998199 
280.700745 342.307861 
318.959839 344.137604 
376.813293 288.641510 
339.352386 195.888489 
338.844299 195.943146 
338.983459 195.592117 
163.755371 256.605042 
192.358047 401.524689 
265.410492 311.660065 
385.153229 364.441833 
466.472961 316.522003 
345.308441 367.593567 
306.463654 372.563263 
93.765846 204.160385 
280.780121 408.997803 
202.429230 384.633728 
462.534180 346.868927 
309.073151 202.467117 
190.904541 380.460022 
167.135605 299.416718 
281.569550 416.167755 
324.948212 414.927826 
534.549194 329.336273 
369.677795 301.170593 
544.868530 345.077454 
309.367889 363.037048 
84.458191 426.572479 
255.464050 333.635895 
558.245239 305.731476 
142.401337 417.441559 
333.879333 225.136627 
555.299744 330.196533 
160.348312 456.107391 
167.984131 285.825531 
519.201660 314.002838 
338.792053 343.192169 
339.403900 343.459076 
299.435486 433.082214 
299.498810 432.951935 
318.460144 418.401428 
303.331573 235.605209 
197.991074 404.327301 
483.773651 427.301300 
484.874603 410.612244 
306.587921 355.731323 
256.188110 283.999512 
194.364914 426.563934 
217.072968 284.205719 
530.359070 270.616394 
92.865646 203.878372 
241.189438 347.787079 
495.326324 366.771606 
329.827332 210.920563 
362.495544 359.894104 
453.839203 322.093750 
414.178711 298.396362 
272.170898 338.729584 
344.553162 362.916016 
495.385071 408.076538 
389.912567 294.489380 
201.888580 354.233765 
199.712631 286.979919 
349.918671 368.981873 
290.680328 215.710876 
473.922363 320.152893 
185.970062 422.804779 
339.602570 283.951569 
412.802856 317.935730 
413.476013 317.768555 
296.718994 312.426849 
302.918884 434.837677 
193.315857 334.868958 
192.063553 403.168976 
478.061768 324.213776 
204.743103 322.364441 
541.723694 399.872711 
328.357910 326.275146 
456.565735 295.529541 
364.309570 197.567810 
324.572845 200.061707 
452.572968 306.987457 
503.416656 302.529114 
502.801239 303.006897 
499.791748 299.755981 
307.537415 355.250427 
325.583679 385.537292 
325.656281 262.011627 
253.992569 335.326874 
450.235565 309.449524 
186.583939 393.278198 
506.327393 359.865295 
319.141602 264.443420 
319.487976 264.189209 
261.825073 338.208771 
354.470123 214.270065 
354.078949 213.683594 
322.533386 433.059357 
260.846649 331.516693 
134.699310 452.405731 
390.634674 301.563293 
189.001144 396.599426 
486.992340 263.576508 
486.719543 264.110687 
260.090973 282.115143 
186.687515 410.716522 
151.939880 445.151947 
237.318100 349.167419 
318.127014 245.257492 
244.519119 317.200714 
314.523956 321.339874 
275.200653 275.455475 
134.146698 450.464935 
69.326477 423.874847 
352.013794 337.010742 
135.817154 425.652039 
136.266876 424.822479 
136.399475 425.475098 
545.264709 389.454437 
256.949768 336.164368 
179.221786 359.498108 
297.692444 318.352325 
315.637695 445.681427 
305.476257 357.522644 
343.619202 363.161041 
372.608826 307.062927 
233.436493 349.649384 
278.514832 324.918182 
518.357117 294.367889 
319.299957 219.564270 
506.730530 453.842072 
177.124054 268.703888 
280.467377 325.902008 
379.044403 316.795715 
302.809814 346.797028 
359.179047 281.462372 
198.365494 354.511353 
318.361938 443.041138 
318.294678 200.133011 
530.694336 407.496643 
204.533768 330.653076 
297.507965 248.573486 
127.122894 443.101166 
126.588799 442.993439 
308.067291 439.754364 
204.225266 300.773621 
515.264465 354.914703 
514.676697 355.265228 
201.131287 307.597595 
251.755737 283.319183 
200.285370 356.698517 
321.310455 218.747070 
325.141174 322.011932 
208.459732 374.194183 
184.795959 330.574707 
189.923172 209.850204 
518.677429 324.513702 
347.870667 368.923981 
351.944427 336.038147 
170.505875 438.476440 
262.618469 330.879578 
307.341370 380.114960 
290.569397 272.320526 
555.930237 394.466492 
265.871216 310.962708 
263.450470 328.985168 
163.884628 258.304474 
298.061005 439.338196 
306.863464 379.436829 
302.863983 348.238770 
354.092194 268.115936 
358.067352 304.412567 
336.803467 285.472076 
594.905029 232.519562 
303.551971 382.685303 
230.974533 337.805359 
186.060150 351.417023 
337.622833 214.512451 
292.317657 269.009277 
499.033539 418.928772 
547.377747 286.696747 
497.760468 259.411041 
176.212692 356.503204 
443.885986 294.760956 
182.744095 339.049500 
360.742859 282.296753 
302.966125 384.556915 
236.068588 349.220398 
349.033691 371.150726 
278.287842 320.781952 
333.202362 338.368774 
372.248596 360.488098 
183.512589 335.194336 
474.436798 321.238678 
410.680176 19.153751 
557.849243 391.742737 
429.193329 21.030390 
309.836761 440.233490 
200.517227 291.422241 
448.873016 307.497253 
277.680267 321.823822 
