500
261.747040 68.982178 
261.747040 68.982178 
297.255615 345.070862 
297.255615 345.070862 
261.948212 65.578743 
251.137711 82.747803 
461.519257 368.782349 
461.519257 368.782349 
403.430786 268.588165 
431.777924 359.048645 
403.430786 268.588165 
276.700500 105.695572 
431.777924 359.048645 
463.641052 421.442657 
292.353363 91.625221 
298.866516 349.173553 
295.633301 138.633820 
324.974854 315.555115 
351.079773 412.264648 
351.079773 412.264648 
308.151093 326.296936 
263.244720 53.354130 
288.623596 218.378983 
289.944427 148.021057 
420.163055 292.983795 
451.034454 376.341980 
420.163055 292.983795 
263.244720 53.354130 
276.700500 105.695572 
350.630463 244.001221 
304.955200 107.862221 
454.923828 358.308899 
323.786194 155.786133 
279.622406 91.348305 
480.804810 430.029572 
280.863068 77.107498 
247.729706 95.101448 
359.474731 314.274689 
357.932434 401.306671 
300.960083 347.566742 
416.335358 270.128143 
287.505920 69.058037 
290.881561 145.945450 
286.203979 309.288300 
252.877563 278.490540 
395.647949 227.128265 
417.745575 274.585602 
464.130707 412.593079 
337.664185 261.038239 
287.077667 95.667450 
287.077667 95.667450 
279.622406 91.348305 
280.780609 81.387360 
287.261078 95.390388 
433.599640 456.822784 
276.700500 105.695572 
340.335358 228.797562 
229.329193 310.620026 
315.278534 303.656128 
340.335358 228.797562 
402.279205 233.299561 
290.441010 222.335464 
318.821075 124.108437 
445.609894 368.752960 
300.175781 302.988159 
245.681351 82.350807 
424.190002 268.206787 
284.519775 220.131699 
287.258423 94.199707 
244.039948 86.498627 
416.335358 270.128143 
455.178223 361.997375 
289.269348 337.885529 
428.343353 311.764648 
262.384003 257.497498 
265.584564 70.396393 
255.739777 267.640442 
261.070892 130.608810 
287.414124 69.987923 
292.353363 91.625221 
325.768524 341.588409 
288.133209 226.534470 
350.630463 244.001221 
285.281219 60.264282 
337.664185 261.038239 
361.466553 400.085571 
323.462006 141.535339 
280.439301 279.453217 
292.689880 151.378922 
274.467987 278.972961 
255.739777 267.640442 
289.269348 337.885529 
284.519775 220.131699 
261.070892 130.608810 
286.815918 311.291901 
287.019653 57.911633 
297.734924 71.210670 
302.248383 346.637970 
460.602844 424.592102 
464.745789 375.743622 
360.104584 409.460663 
319.250763 223.110107 
305.887909 121.240028 
288.681763 314.523773 
277.920074 320.919617 
295.977814 356.025848 
461.519257 368.782349 
251.694992 82.795738 
262.384003 257.497498 
321.859619 296.478638 
314.120789 225.962509 
277.920074 320.919617 
289.269348 337.885529 
285.707581 274.046997 
272.896973 277.194183 
257.294312 89.007858 
286.419128 152.239944 
323.462006 141.535339 
321.859619 296.478638 
342.011597 398.669373 
234.313934 310.669434 
417.060730 216.029633 
479.533203 414.786865 
299.245728 77.225883 
286.019897 272.603363 
278.177643 127.565323 
257.930542 127.926575 
417.745575 274.585602 
263.400513 153.633316 
319.120239 230.613770 
272.896973 277.194183 
295.977814 356.025848 
319.120239 230.613770 
262.314484 85.538704 
283.937866 67.023575 
299.245728 77.225883 
243.639420 137.137299 
274.043060 341.839783 
314.120789 225.962509 
276.752197 123.796867 
286.815918 311.291901 
303.203278 342.542114 
395.647949 227.128265 
264.166748 96.005974 
415.083588 266.553558 
282.669708 117.487610 
282.669708 117.487610 
306.815216 348.066254 
455.168945 442.956970 
450.140991 385.199829 
419.824249 258.186157 
334.310150 99.664108 
264.166748 96.005974 
279.622406 91.348305 
296.837006 111.451225 
244.919647 97.037888 
321.633209 232.343643 
313.772552 217.552826 
289.102722 284.348389 
337.567535 132.112915 
455.168945 442.956970 
276.531311 106.513123 
322.844513 344.878052 
269.109863 165.410339 
252.877563 278.490540 
283.852142 52.745506 
261.436218 278.530762 
460.509094 418.616272 
307.173706 106.182899 
296.837006 111.451225 
274.046783 118.648132 
286.207153 128.245010 
483.225037 38.864822 
464.815857 394.133362 
281.303406 70.907410 
420.859955 303.266052 
274.100372 106.762535 
322.844513 344.878052 
285.281219 60.264282 
269.384949 151.952408 
315.278534 303.656128 
291.740601 205.853088 
260.764954 263.193848 
286.473236 229.299454 
446.731720 379.587830 
447.740265 449.892426 
321.113373 229.905975 
292.641449 48.275124 
446.731720 379.587830 
280.954132 86.713242 
255.739777 267.640442 
277.223694 270.591492 
277.223694 270.591492 
444.533051 353.052307 
286.030518 223.026520 
299.245728 77.225883 
244.956451 289.481354 
269.554565 125.195084 
282.733398 164.676224 
248.592529 130.837601 
238.335999 97.242088 
407.130341 268.413422 
463.328369 391.960632 
332.721252 102.204750 
313.155487 121.587204 
255.289871 82.329994 
313.155487 121.587204 
463.440521 110.884003 
273.700806 317.524933 
324.072388 91.167046 
324.072388 91.167046 
324.435211 210.356720 
262.314484 85.538704 
399.587494 225.861694 
291.814117 272.228912 
244.919647 97.037888 
273.476227 322.878723 
476.207153 184.664291 
342.011597 398.669373 
273.476227 322.878723 
343.872589 341.251740 
343.872589 341.251740 
348.953186 263.739227 
470.101196 426.626953 
331.747040 314.307251 
246.449478 99.741615 
419.824249 258.186157 
450.412384 125.172852 
325.034454 331.261780 
291.740601 205.853088 
277.920074 320.919617 
293.945862 90.561096 
244.959793 135.862595 
214.186401 296.574707 
297.255615 345.070862 
264.166748 96.005974 
244.919647 97.037888 
296.070648 286.859406 
444.619507 372.739075 
341.766449 110.274712 
422.401031 293.436035 
292.318573 362.724213 
451.783020 385.150757 
451.783020 385.150757 
262.314484 85.538704 
251.816147 283.129547 
274.046783 118.648132 
361.466553 400.085571 
322.311371 344.351044 
272.395477 151.560562 
400.440674 221.716446 
229.434494 304.605255 
513.686829 364.211273 
474.232849 433.165710 
269.109863 165.410339 
460.602844 424.592102 
246.839767 311.050598 
275.510651 133.887146 
254.532455 123.419662 
461.519257 368.782349 
248.611206 112.701027 
242.963287 292.637421 
434.294708 367.989777 
265.623657 163.079910 
315.694305 227.585068 
462.349670 416.427399 
278.505585 329.392059 
282.036377 107.132576 
475.409729 105.984474 
261.436218 278.530762 
428.343353 311.764648 
242.203033 92.487198 
242.203033 92.487198 
254.532455 123.419662 
289.944427 148.021057 
289.944427 148.021057 
461.150787 362.118774 
296.691925 81.511368 
257.816681 114.104271 
282.036377 107.132576 
257.816681 114.104271 
321.456909 248.081131 
361.466553 400.085571 
293.945862 90.561096 
268.954193 327.820068 
268.954193 327.820068 
244.335342 301.257599 
292.641449 48.275124 
257.730377 102.209587 
297.704102 277.946259 
451.783020 385.150757 
276.752197 123.796867 
276.752197 123.796867 
262.445404 120.317963 
291.911224 221.755417 
258.086151 147.490265 
257.042206 68.309250 
282.036377 107.132576 
290.881561 145.945450 
280.289917 100.088707 
234.313934 310.669434 
458.937927 227.200974 
292.689880 151.378922 
463.440521 110.884003 
290.459503 233.944229 
291.911224 221.755417 
317.337738 217.696365 
309.234863 92.845451 
417.060730 216.029633 
243.433517 303.447205 
360.362610 410.060059 
475.409729 105.984474 
259.763824 114.617188 
292.318573 362.724213 
322.551331 86.025993 
322.311371 344.351044 
279.705658 133.112961 
263.400513 153.633316 
351.814911 417.761108 
351.814911 417.761108 
242.963287 292.637421 
308.151093 326.296936 
252.268555 146.118439 
278.505585 329.392059 
239.091919 136.646225 
324.435211 210.356720 
336.686157 401.517365 
470.101196 426.626953 
262.384003 257.497498 
308.752350 330.757751 
315.278534 303.656128 
297.704102 277.946259 
250.577225 97.009842 
324.960175 347.691315 
237.735046 133.653397 
342.011597 398.669373 
450.140991 385.199829 
283.372253 132.089127 
305.314758 123.705177 
290.881561 145.945450 
446.731720 379.587830 
254.964737 75.896416 
291.814117 272.228912 
283.372253 132.089127 
283.372253 132.089127 
324.072388 91.167046 
308.569336 327.391327 
304.985748 352.903809 
287.720001 207.908615 
330.265045 183.631729 
229.434494 304.605255 
240.883011 118.633530 
325.532623 140.107285 
398.747192 208.980606 
293.281250 126.164780 
247.494324 149.079422 
252.268555 146.118439 
337.550964 417.721375 
237.616074 120.565613 
475.409729 105.984474 
235.700211 96.526459 
550.546936 339.458130 
287.258423 94.199707 
245.982971 307.484711 
292.786285 272.346130 
286.019897 272.603363 
279.229889 151.777023 
277.474823 340.285950 
239.118866 121.033806 
286.203979 309.288300 
307.906525 127.946320 
243.433517 303.447205 
276.752197 123.796867 
293.514343 358.582916 
301.647675 307.977478 
407.130341 268.413422 
319.271667 213.873383 
285.459656 264.091644 
463.440521 110.884003 
290.090607 143.515839 
458.937927 227.200974 
464.130707 412.593079 
273.700806 317.524933 
242.203033 92.487198 
234.313934 310.669434 
229.329193 310.620026 
284.003296 108.550903 
278.505035 346.469055 
324.435211 210.356720 
436.954590 370.209473 
333.139923 415.856415 
279.229889 151.777023 
321.859619 296.478638 
277.674835 207.883621 
254.460373 275.427368 
463.440521 110.884003 
255.739777 267.640442 
268.250488 330.973694 
421.002808 262.109009 
324.974854 315.555115 
297.704102 277.946259 
346.965668 47.747406 
318.246216 206.135529 
355.935944 412.498566 
298.866516 349.173553 
324.974854 315.555115 
237.271179 323.560455 
305.314758 123.705177 
443.676331 344.375061 
293.281250 126.164780 
237.855087 129.968948 
309.234863 92.845451 
462.349670 416.427399 
324.974854 315.555115 
302.248383 346.637970 
340.335358 228.797562 
304.985748 352.903809 
292.353363 91.625221 
292.353363 91.625221 
321.859619 296.478638 
392.187775 257.346985 
246.106827 75.192810 
318.246216 206.135529 
458.937927 227.200974 
441.423584 318.578857 
293.331665 96.144745 
338.074524 404.338531 
449.180115 335.244141 
337.664185 261.038239 
284.402954 279.344574 
259.002441 249.100769 
275.510651 133.887146 
275.510651 133.887146 
337.400146 407.305450 
436.954590 370.209473 
324.974854 315.555115 
345.604767 405.936920 
350.488678 407.756775 
178.489304 299.263733 
443.676331 344.375061 
287.311310 365.098297 
294.271820 117.461067 
277.516876 346.204041 
282.036377 107.132576 
253.538437 78.955284 
303.214050 127.543434 
256.959717 247.894119 
475.409729 105.984474 
260.764954 263.193848 
247.729706 95.101448 
289.944427 148.021057 
417.060730 216.029633 
284.003296 108.550903 
284.014923 135.995316 
308.569336 327.391327 
243.639420 137.137299 
244.721970 121.945747 
240.858307 138.925446 
463.440521 110.884003 
278.505585 329.392059 
511.180939 162.652466 
535.217163 346.492035 
320.866608 320.455170 
293.275391 155.755249 
305.457184 239.046188 
246.839767 311.050598 
370.334900 117.147133 
293.331665 96.144745 
237.357162 322.447571 
246.022583 282.381927 
458.937927 227.200974 
311.227997 72.801704 
424.736633 231.882217 
424.736633 231.882217 
284.402954 279.344574 
334.191803 349.108765 
467.642944 54.035976 
451.783020 385.150757 
244.039948 86.498627 
261.436218 278.530762 
279.548309 104.494926 
260.403137 87.851425 
285.648682 149.626633 
294.271820 117.461067 
253.642746 92.222389 
446.731720 379.587830 
426.700470 454.049805 
263.400513 153.633316 
260.764954 263.193848 
267.365723 115.861481 
401.919525 406.840332 
467.642944 54.035976 
283.138733 135.955032 
324.974854 315.555115 
285.127502 114.610039 
516.567993 181.543121 
244.789673 145.583511 
334.851654 397.876465 
322.140381 184.657043 
289.269348 337.885529 
