500
193.597733 206.732071 
161.256805 228.248032 
158.687607 223.613525 
158.687607 223.613525 
212.038803 219.768127 
213.847931 221.616272 
285.255035 69.502541 
183.837921 211.288284 
285.255035 69.502541 
157.754425 226.180756 
210.110001 158.373901 
311.929291 210.371277 
222.229721 217.548737 
311.929291 210.371277 
212.038803 219.768127 
405.126343 316.527100 
303.930115 74.988594 
303.930115 74.988594 
324.249146 317.710999 
185.705109 238.265259 
183.837921 211.288284 
185.705109 238.265259 
185.705109 238.265259 
523.644165 108.534081 
205.964981 213.159821 
177.208984 224.111862 
170.523300 190.731293 
201.878601 219.942581 
398.386932 289.489655 
224.459335 220.473953 
203.217972 215.153458 
349.780823 76.668854 
349.780823 76.668854 
185.705109 238.265259 
181.945114 210.170776 
390.463593 273.112366 
193.709579 226.565552 
285.255035 69.502541 
186.321747 175.358917 
221.446533 212.913834 
323.210876 315.338867 
198.059372 187.608032 
196.566498 206.033539 
196.566498 206.033539 
177.208984 224.111862 
346.966858 235.001083 
405.126343 316.527100 
224.459335 220.473953 
224.459335 220.473953 
183.837921 211.288284 
552.384033 189.166245 
556.621765 203.317871 
192.755417 236.172821 
201.878601 219.942581 
185.705109 238.265259 
181.945114 210.170776 
548.243408 115.808228 
346.966858 235.001083 
201.878601 219.942581 
157.838989 234.360199 
310.037140 102.679710 
224.459335 220.473953 
161.752838 233.571579 
180.134491 230.381241 
223.718872 231.794403 
395.429718 291.267761 
565.117676 219.405792 
387.992065 179.713974 
201.878601 219.942581 
181.219482 229.713943 
387.992065 179.713974 
303.930115 74.988594 
212.029816 194.738556 
285.255035 69.502541 
180.134491 230.381241 
181.219482 229.713943 
142.953781 204.385895 
142.953781 204.385895 
568.365234 223.953415 
568.365234 223.953415 
410.947144 285.626495 
346.070770 162.444504 
186.304306 170.383972 
186.268021 206.216949 
334.546478 294.445404 
213.847931 221.616272 
157.838989 234.360199 
185.787399 223.480652 
236.185333 185.070847 
230.654587 188.157288 
504.790649 181.372421 
196.992340 207.406647 
275.583313 246.760147 
349.780823 76.668854 
196.118073 245.355667 
178.340088 196.195740 
178.340088 196.195740 
220.091827 210.541916 
371.345428 186.478775 
177.208984 224.111862 
158.122360 229.917908 
194.191101 213.858124 
589.462341 189.578705 
178.808578 204.235916 
173.224777 187.211105 
162.301254 174.843140 
233.208527 212.612839 
368.646576 316.914062 
198.388077 165.656830 
198.388077 165.656830 
150.133194 210.995834 
338.920074 278.832001 
398.386932 289.489655 
178.808578 204.235916 
206.357483 203.414276 
212.029816 194.738556 
178.808578 204.235916 
221.446533 212.913834 
192.755417 236.172821 
233.208527 212.612839 
162.301254 174.843140 
395.429718 291.267761 
323.210876 315.338867 
532.166199 125.382591 
504.309387 194.854721 
589.462341 189.578705 
222.229721 217.548737 
169.066956 224.931122 
507.484497 196.586288 
203.217972 215.153458 
203.217972 215.153458 
589.462341 189.578705 
387.957886 326.622711 
188.300003 238.712341 
290.523712 257.846436 
317.699127 21.523516 
380.205261 315.238342 
149.213821 148.269501 
414.997131 280.724731 
208.337372 205.965042 
512.549072 188.005814 
179.806229 246.638580 
170.620544 220.230972 
557.998901 243.721481 
557.998901 243.721481 
380.205261 315.238342 
208.337372 205.965042 
502.566498 195.423553 
188.300003 238.712341 
507.484497 196.586288 
180.073868 189.269913 
168.586105 198.630386 
217.386765 194.125809 
314.665985 19.416861 
220.091827 210.541916 
201.878601 219.942581 
184.916489 198.238403 
482.004211 292.679596 
200.845932 205.394318 
196.543869 182.128433 
346.070770 162.444504 
353.296326 226.721512 
176.837143 177.544510 
618.436035 233.220535 
400.868530 304.998230 
178.340088 196.195740 
183.837921 211.288284 
338.920074 278.832001 
284.489624 255.634445 
400.868530 304.998230 
479.407959 283.908569 
403.453064 308.778595 
480.914795 296.628143 
507.484497 196.586288 
548.959412 197.417023 
354.123047 227.462479 
157.754425 226.180756 
213.382507 201.127701 
312.066559 295.465057 
272.353699 71.348740 
317.324097 241.059097 
178.630447 205.068069 
548.243408 115.808228 
504.790649 181.372421 
504.790649 181.372421 
160.786728 190.132782 
186.321747 175.358917 
192.755417 236.172821 
510.271759 191.430069 
510.271759 191.430069 
145.063354 214.434494 
365.309509 145.299225 
336.720398 290.580780 
213.975281 224.121048 
320.769257 252.440598 
317.699127 21.523516 
563.978577 203.005157 
371.345428 186.478775 
479.407959 283.908569 
154.622543 237.684204 
400.837097 323.730316 
400.837097 323.730316 
412.006073 287.502594 
411.341339 324.188934 
234.769501 170.821091 
392.488678 312.591187 
330.815735 286.269623 
509.807434 181.696762 
334.650238 300.498077 
387.733398 171.903214 
192.755417 236.172821 
207.304764 221.163467 
177.208984 224.111862 
548.526978 206.036179 
548.243408 115.808228 
548.959412 197.417023 
200.845932 205.394318 
400.837097 323.730316 
325.346985 292.481079 
325.346985 292.481079 
483.829803 308.217255 
345.402374 165.367767 
200.845932 205.394318 
479.407959 283.908569 
290.523712 257.846436 
399.618439 312.309875 
186.304306 170.383972 
188.466797 205.253342 
389.770691 293.468689 
142.907288 205.477890 
412.006073 287.502594 
178.808578 204.235916 
179.864105 181.065048 
157.838989 234.360199 
168.347122 199.264923 
504.309387 194.854721 
290.523712 257.846436 
323.210876 315.338867 
193.597733 206.732071 
334.869263 336.532684 
155.535065 182.588211 
182.349167 207.197937 
372.605469 276.299255 
186.268021 206.216949 
305.964478 238.905060 
351.217041 346.178070 
208.444412 217.580261 
412.006073 287.502594 
225.258438 213.517792 
557.998901 243.721481 
403.929504 312.743408 
399.618439 312.309875 
399.618439 312.309875 
354.926239 228.217514 
352.809265 217.429901 
148.347443 176.505798 
337.861115 347.564606 
381.557709 316.172211 
338.920074 278.832001 
221.446533 212.913834 
473.396179 308.421600 
303.930115 74.988594 
303.930115 74.988594 
548.959412 197.417023 
166.002258 173.790405 
222.229721 217.548737 
311.610748 251.354614 
323.079346 244.100021 
323.079346 244.100021 
149.213821 148.269501 
188.300003 238.712341 
211.078705 204.477020 
594.124084 268.393494 
512.549072 188.005814 
196.616577 192.282822 
158.795868 216.386307 
365.414276 304.345306 
185.787399 223.480652 
171.466858 200.503311 
504.735077 197.695770 
188.466797 205.253342 
191.575165 237.364243 
337.861115 347.564606 
290.523712 257.846436 
546.257751 224.931183 
221.446533 212.913834 
479.407959 283.908569 
158.795868 216.386307 
312.066559 295.465057 
145.063354 214.434494 
479.407959 283.908569 
354.926239 228.217514 
134.082626 231.997864 
369.202423 319.824585 
352.809265 217.429901 
546.257751 224.931183 
532.166199 125.382591 
305.964478 238.905060 
479.407959 283.908569 
489.584686 301.015411 
489.584686 301.015411 
372.605469 276.299255 
198.925064 165.502365 
476.534760 300.717865 
365.414276 304.345306 
275.994904 251.782578 
152.918839 186.048904 
388.185303 272.746765 
312.497711 220.373413 
324.249146 317.710999 
373.908813 314.906006 
166.002258 173.790405 
186.268021 206.216949 
179.864105 181.065048 
472.940674 312.220123 
334.869263 336.532684 
328.613068 299.230652 
340.942352 207.022507 
311.280975 303.095856 
147.608505 180.678284 
174.040512 194.021896 
324.249146 317.710999 
311.280975 303.095856 
299.862793 392.394958 
388.185303 272.746765 
337.679749 341.351990 
322.339691 329.411133 
284.489624 255.634445 
284.489624 255.634445 
294.989380 238.843292 
186.304306 170.383972 
387.278442 277.656372 
344.902435 165.980377 
294.989380 238.843292 
212.029816 194.738556 
487.085693 294.500824 
328.613068 299.230652 
194.191101 213.858124 
473.396179 308.421600 
537.459412 200.206284 
335.326141 280.358459 
133.628967 204.139786 
227.193054 247.879456 
263.378906 216.697235 
388.185303 272.746765 
168.347122 199.264923 
407.166412 284.661011 
230.884613 235.083344 
496.155701 179.296082 
548.895203 197.534668 
174.040512 194.021896 
191.291946 219.710693 
305.398346 297.357635 
324.249146 317.710999 
275.845123 248.278168 
176.264221 177.738678 
495.097717 184.434799 
565.117676 219.405792 
398.386932 289.489655 
340.942352 207.022507 
384.234039 330.582031 
504.790649 181.372421 
362.782745 287.265778 
330.815735 286.269623 
388.656006 292.928314 
398.386932 289.489655 
180.073868 189.269913 
328.613068 299.230652 
312.066559 295.465057 
182.512283 208.006775 
369.202423 319.824585 
383.447296 323.667603 
186.268021 206.216949 
407.166412 284.661011 
398.386932 289.489655 
212.038803 219.768127 
390.015472 267.124054 
321.561310 232.933502 
407.166412 284.661011 
407.166412 284.661011 
366.688660 304.560791 
230.654587 188.157288 
155.535065 182.588211 
198.925064 165.502365 
390.463593 273.112366 
196.566498 206.033539 
388.185303 272.746765 
529.910583 189.604553 
411.341339 324.188934 
400.868530 304.998230 
415.577423 179.934723 
388.185303 272.746765 
305.100647 232.670807 
390.463593 273.112366 
177.208984 224.111862 
554.464661 225.437668 
352.601257 349.581390 
407.166412 284.661011 
139.753128 178.379547 
183.837921 211.288284 
486.809937 289.987335 
315.056976 237.618881 
511.838104 198.330017 
147.607788 202.458710 
408.203522 326.048370 
393.715546 293.247620 
556.055969 203.324539 
198.059372 187.608032 
385.533264 326.822510 
308.900665 301.264008 
212.029816 194.738556 
388.185303 272.746765 
387.278442 277.656372 
546.257751 224.931183 
407.985809 306.720490 
368.585846 321.597107 
398.386932 289.489655 
513.205139 182.902008 
275.994904 251.782578 
388.185303 272.746765 
371.345428 186.478775 
157.838989 234.360199 
267.580475 219.011505 
387.733398 171.903214 
352.809265 217.429901 
311.610748 251.354614 
207.571091 159.637589 
207.571091 159.637589 
532.033081 132.313644 
176.264221 177.738678 
387.733398 171.903214 
330.815735 286.269623 
411.341339 324.188934 
155.048615 212.659531 
275.994904 251.782578 
352.809265 217.429901 
182.349167 207.197937 
177.626282 215.190262 
369.202423 319.824585 
371.345428 186.478775 
557.998901 243.721481 
290.497498 258.746094 
348.590698 35.509594 
198.925064 165.502365 
338.857910 348.689056 
471.311554 306.672363 
158.122360 229.917908 
407.985809 306.720490 
178.565659 174.987411 
548.959412 197.417023 
475.445648 306.988831 
297.879578 234.003998 
412.006073 287.502594 
191.860550 252.661438 
407.985809 306.720490 
152.918839 186.048904 
425.059814 184.015808 
339.395538 214.983566 
324.249146 317.710999 
483.829803 308.217255 
407.985809 306.720490 
486.117798 310.241699 
554.464661 225.437668 
230.654587 188.157288 
178.808578 204.235916 
198.059372 187.608032 
479.407959 283.908569 
147.607788 202.458710 
354.971832 226.781723 
411.341339 324.188934 
201.210037 198.181259 
158.795868 216.386307 
169.066956 224.931122 
388.185303 272.746765 
398.386932 289.489655 
573.096497 207.317947 
403.453064 308.778595 
138.250565 215.382126 
335.326141 280.358459 
362.782745 287.265778 
229.650864 175.642609 
177.626282 215.190262 
167.904953 243.903488 
384.234039 330.582031 
557.998901 243.721481 
127.086235 200.935669 
346.966858 235.001083 
388.185303 272.746765 
397.540283 325.647980 
140.922867 225.770248 
175.433777 205.022934 
194.191101 213.858124 
158.795868 216.386307 
188.100876 243.354584 
487.866150 289.782135 
208.649475 248.802612 
208.649475 248.802612 
490.124451 285.199799 
291.221741 264.176514 
584.297913 266.105530 
