500
211.841019 372.023590 
312.779205 430.723267 
414.221191 91.227554 
261.073273 264.112732 
301.866821 401.357391 
298.427948 420.958954 
367.232269 165.602707 
312.779205 430.723267 
312.779205 430.723267 
320.836853 236.734665 
394.971588 121.183685 
322.421631 202.670258 
409.740784 175.648361 
394.971588 121.183685 
395.254578 95.529640 
397.873718 97.224083 
268.873962 227.126572 
268.873962 227.126572 
426.595947 76.868202 
315.457642 267.017975 
414.565277 113.212486 
352.143585 319.133972 
416.168671 144.260895 
397.250671 86.324722 
395.752533 98.226486 
327.055359 199.105179 
261.073273 264.112732 
381.656158 319.825348 
244.753494 409.517853 
367.232269 165.602707 
262.939331 229.425583 
299.250183 426.905823 
367.232269 165.602707 
424.376556 101.850731 
271.928070 234.910965 
414.565277 113.212486 
299.250183 426.905823 
315.457642 267.017975 
299.835541 427.881866 
295.738281 427.674438 
247.228745 213.414108 
381.144958 319.695068 
393.433044 81.510033 
442.764618 94.076393 
419.095917 103.894165 
419.436798 104.890877 
259.581390 265.012970 
387.512329 89.803131 
433.350403 173.729050 
343.698273 270.867737 
261.096283 230.131470 
397.878662 122.040154 
414.191406 85.774208 
414.191406 85.774208 
394.450806 301.081635 
407.866425 175.814148 
397.180420 118.009605 
412.731049 118.895622 
369.494995 326.749451 
365.631256 157.618698 
311.772247 433.252930 
402.159210 110.479477 
395.752533 98.226486 
388.524017 83.327934 
261.353241 228.123016 
244.899887 401.470764 
409.715210 278.977997 
371.640961 157.287964 
390.955811 123.175713 
298.912018 445.378540 
334.632202 369.591400 
416.168671 144.260895 
245.829453 287.312653 
387.512329 89.803131 
399.336700 173.982574 
390.174255 123.735771 
367.232269 165.602707 
430.218536 130.379822 
353.013947 306.871155 
378.379425 289.424652 
441.264587 166.700104 
253.621902 302.879181 
379.845825 93.506866 
385.956024 103.558586 
247.554504 211.125198 
442.764618 94.076393 
381.144958 319.695068 
344.017029 154.781006 
360.854126 131.975723 
295.738281 427.674438 
373.168304 157.187149 
377.190430 159.987396 
377.190430 159.987396 
394.450806 301.081635 
387.105835 125.089897 
377.611176 158.853180 
395.405823 84.026268 
330.018066 225.697327 
358.341156 150.489380 
369.513306 126.248283 
360.570892 327.055054 
342.325562 238.848236 
325.845917 227.211319 
248.084152 306.910736 
389.804169 130.191345 
356.359314 165.404434 
312.728485 408.955383 
407.516907 113.149971 
312.444000 200.030090 
303.928467 441.835205 
370.052582 161.792877 
365.485779 121.305664 
381.948151 155.881546 
430.218536 130.379822 
412.002136 111.690811 
334.139587 371.388428 
311.772247 433.252930 
231.126984 292.646759 
325.084778 231.528076 
400.240234 109.491386 
439.361542 150.507782 
369.601013 353.007446 
349.390228 241.783981 
400.404663 180.071869 
397.180420 118.009605 
413.066711 126.984009 
347.235474 121.830917 
230.616653 263.018646 
412.002136 111.690811 
433.776642 99.950089 
381.704437 91.381241 
390.022430 93.840103 
394.137360 104.181885 
214.557663 214.432739 
371.640961 157.287964 
226.120865 284.242889 
370.735474 145.400436 
352.143585 319.133972 
337.841736 367.932556 
433.676086 167.809036 
409.437622 122.174934 
409.437622 122.174934 
389.804169 130.191345 
311.772247 433.252930 
248.084152 306.910736 
373.414520 138.046371 
325.084778 231.528076 
430.155792 105.546715 
248.084152 306.910736 
384.732941 91.525848 
343.698273 270.867737 
431.590179 119.202065 
326.364380 244.100388 
219.254868 384.778320 
390.100220 313.920044 
376.280304 145.155212 
224.901062 275.548462 
375.896851 141.102203 
395.850311 127.220474 
395.850311 127.220474 
312.867798 424.071106 
226.806824 257.907562 
366.507111 122.702354 
428.921875 140.271652 
258.521820 232.821625 
437.113220 161.039536 
400.404663 180.071869 
265.950439 214.123657 
352.143585 319.133972 
257.523773 323.506897 
257.523773 323.506897 
242.280853 263.699310 
214.021210 266.312103 
394.017548 309.551422 
420.222382 76.560608 
375.896851 141.102203 
378.456451 84.896698 
381.704437 91.381241 
377.112915 131.210861 
231.199982 259.490051 
311.509155 202.910339 
339.849365 381.707947 
366.507111 122.702354 
366.507111 122.702354 
352.143585 319.133972 
433.183289 75.167114 
309.072845 422.886749 
277.399292 200.920746 
235.194122 463.096191 
384.170868 290.927551 
376.126984 125.070450 
257.675812 422.120697 
257.675812 422.120697 
376.394592 111.315292 
335.376282 222.584808 
235.194122 463.096191 
235.194122 463.096191 
330.018066 225.697327 
443.561798 94.772606 
231.199982 259.490051 
231.126984 292.646759 
375.065338 111.900246 
333.039520 378.612152 
375.065338 111.900246 
215.527359 246.594467 
598.191772 212.379013 
216.700974 220.125381 
434.012238 161.590652 
330.018066 225.697327 
387.640015 82.463188 
244.753494 409.517853 
207.729584 195.893631 
382.407745 130.806717 
430.155792 105.546715 
211.841019 372.023590 
369.494995 326.749451 
297.073730 229.945007 
407.516907 113.149971 
395.191498 109.675354 
383.745148 132.262390 
383.745148 132.262390 
362.165680 114.719109 
378.161133 72.918457 
378.878906 135.502380 
393.311584 315.372314 
204.273911 287.860107 
328.172241 196.043045 
442.095886 97.849434 
271.025970 456.822601 
366.489075 160.897095 
436.901398 146.915222 
436.901398 146.915222 
415.035919 317.220490 
434.012238 161.590652 
297.073730 229.945007 
369.601013 353.007446 
390.022430 93.840103 
231.126984 292.646759 
342.325562 238.848236 
214.021210 266.312103 
411.954712 120.246414 
333.039520 378.612152 
215.527359 246.594467 
438.319916 196.498810 
348.623840 148.310379 
326.361389 225.640701 
435.416382 113.666656 
415.035919 317.220490 
298.912018 445.378540 
293.536835 434.893036 
293.536835 434.893036 
362.165680 114.719109 
215.647324 272.331879 
362.165680 114.719109 
226.806824 257.907562 
246.098190 309.740326 
362.165680 114.719109 
442.764618 94.076393 
353.967194 205.153519 
278.918396 253.392181 
376.126984 125.070450 
375.896851 141.102203 
306.899780 203.183029 
369.601013 353.007446 
356.240051 337.230743 
213.223892 276.091888 
226.864838 272.183624 
443.561798 94.772606 
362.165680 114.719109 
388.867615 315.241425 
356.240051 337.230743 
226.891907 299.973755 
438.319916 196.498810 
360.570892 327.055054 
231.126984 292.646759 
397.655457 128.189758 
438.319916 196.498810 
226.120865 284.242889 
360.570892 327.055054 
353.792908 163.065414 
270.971802 206.749069 
348.349518 127.614822 
242.280853 263.699310 
345.054718 128.684280 
357.949341 153.362030 
346.826813 112.121094 
325.084778 231.528076 
357.605042 115.433212 
265.759399 214.764420 
375.896851 141.102203 
226.891907 299.973755 
388.867615 315.241425 
352.143585 319.133972 
348.558868 115.898544 
265.437134 245.513290 
247.668365 307.524445 
224.293808 271.084747 
376.244080 84.365311 
358.341156 150.489380 
325.396790 398.789581 
393.433044 81.510033 
162.617004 338.543335 
349.390228 241.783981 
417.747406 123.670906 
398.500702 302.873291 
166.283890 335.620239 
479.708374 139.148270 
335.541809 221.962051 
267.040283 208.848480 
166.283890 335.620239 
224.151764 265.896820 
226.806824 257.907562 
416.391083 123.632141 
224.293808 271.084747 
217.467834 252.477509 
244.753494 409.517853 
248.084152 306.910736 
406.421570 158.486603 
406.421570 158.486603 
344.654877 135.713287 
307.671448 236.979691 
384.078735 111.062691 
334.139587 371.388428 
397.655457 128.189758 
353.013947 306.871155 
216.466385 230.550964 
226.864838 272.183624 
365.037231 144.520447 
248.084152 306.910736 
248.084152 306.910736 
378.161133 72.918457 
401.239746 118.912598 
311.509155 202.910339 
326.386047 235.607773 
231.262543 213.946655 
360.854126 131.975723 
248.084152 306.910736 
224.293808 271.084747 
435.727875 127.489891 
334.139587 371.388428 
243.822372 310.582855 
349.390228 241.783981 
349.390228 241.783981 
353.792908 163.065414 
245.829453 287.312653 
336.434265 358.177307 
383.280945 89.764435 
438.500061 97.062485 
208.390610 230.342072 
226.146042 294.087006 
416.391083 123.632141 
267.040283 208.848480 
408.145294 165.265991 
220.078918 281.054535 
247.668365 307.524445 
224.901062 275.548462 
247.668365 307.524445 
265.759399 214.764420 
416.168671 144.260895 
214.021210 266.312103 
343.596008 272.609192 
270.594116 296.263458 
402.093079 156.053009 
242.527054 308.319977 
222.406708 292.464569 
219.421356 300.842438 
325.972260 229.674683 
166.283890 335.620239 
353.013947 306.871155 
364.031708 324.084900 
213.223892 276.091888 
207.422150 216.197845 
242.527054 308.319977 
218.654953 258.910156 
218.654953 258.910156 
332.566956 220.983536 
378.379425 289.424652 
224.151764 265.896820 
349.543304 242.162140 
248.084152 306.910736 
154.390915 349.034576 
224.901062 275.548462 
224.746506 256.726257 
387.168488 188.029373 
321.292755 400.056732 
405.482788 127.302628 
244.753494 409.517853 
259.581390 265.012970 
259.581390 265.012970 
305.072968 438.980499 
231.262543 213.946655 
372.366913 110.187378 
226.891907 299.973755 
398.615265 132.844055 
265.434540 202.427750 
270.971802 206.749069 
486.168030 154.973053 
334.723724 225.520538 
367.232269 165.602707 
348.558868 115.898544 
438.319916 196.498810 
162.617004 338.543335 
278.918396 253.392181 
265.703186 292.720764 
369.174988 194.291397 
369.398712 174.269928 
344.654877 135.713287 
166.283890 335.620239 
257.675812 422.120697 
375.759552 83.187592 
211.968948 277.931519 
230.858856 265.224792 
436.094025 82.304665 
387.512329 89.803131 
210.534973 362.243958 
204.787659 360.782684 
338.605103 224.748535 
270.594116 296.263458 
439.361542 150.507782 
353.013947 306.871155 
231.126984 292.646759 
390.409210 181.141556 
390.409210 181.141556 
357.363800 122.098709 
208.058212 233.714417 
270.594116 296.263458 
384.217377 141.982910 
353.967194 205.153519 
353.259155 112.591240 
349.543304 242.162140 
391.749207 279.137299 
268.010345 202.831512 
208.390610 230.342072 
293.536835 434.893036 
205.091812 299.387360 
364.031708 324.084900 
205.091812 299.387360 
265.759399 214.764420 
384.170868 290.927551 
326.364380 244.100388 
342.325562 238.848236 
219.421356 300.842438 
219.421356 300.842438 
359.420441 101.315231 
341.922394 222.151489 
253.621902 302.879181 
244.753494 409.517853 
214.549332 233.259476 
214.549332 233.259476 
226.891907 299.973755 
219.254868 384.778320 
274.701630 196.660706 
265.618073 251.486496 
352.143585 319.133972 
343.879852 121.808853 
342.325562 238.848236 
353.311066 100.359993 
353.311066 100.359993 
259.581390 265.012970 
242.527054 308.319977 
204.787659 360.782684 
360.570892 327.055054 
417.193237 116.331360 
417.059052 75.492661 
241.980408 311.589294 
298.912018 445.378540 
265.437134 245.513290 
328.820465 216.440338 
387.512329 89.803131 
265.618073 251.486496 
209.325745 366.253998 
166.283890 335.620239 
390.538116 181.433594 
244.753494 409.517853 
210.534973 362.243958 
357.605042 115.433212 
205.654022 359.374451 
259.581390 265.012970 
315.457642 267.017975 
400.349609 65.355164 
166.283890 335.620239 
397.180420 118.009605 
205.654022 359.374451 
431.590179 119.202065 
476.264526 249.678772 
154.390915 349.034576 
202.348175 370.084259 
349.390228 241.783981 
315.457642 267.017975 
244.753494 409.517853 
436.901398 146.915222 
343.889618 148.706711 
247.668365 307.524445 
223.843338 374.763428 
479.708374 139.148270 
369.398712 174.269928 
369.398712 174.269928 
375.353516 305.105164 
464.830017 110.821846 
464.830017 110.821846 
