500
240.672516 299.874939 
241.689545 299.363892 
240.672516 299.874939 
234.790558 310.044769 
235.678238 308.715057 
332.204224 205.853699 
228.796173 322.382294 
332.204224 205.853699 
228.156357 328.754456 
234.455200 309.799408 
235.560715 335.057037 
213.154037 356.943726 
234.299072 328.629669 
414.274323 284.618713 
242.788605 299.964874 
235.560715 335.057037 
235.117844 318.201691 
333.164001 205.684555 
235.890900 336.413361 
228.796173 322.382294 
224.566284 350.273621 
394.166168 60.832584 
228.156357 328.754456 
238.941208 295.852661 
238.941208 295.852661 
331.078461 205.957535 
410.109863 201.545792 
333.164001 205.684555 
410.109863 201.545792 
250.847702 290.231781 
430.383362 249.348373 
213.154037 356.943726 
410.109863 201.545792 
250.847702 290.231781 
410.109863 201.545792 
385.670990 236.992188 
311.910828 166.210846 
389.229706 208.723389 
297.996307 279.017548 
357.166260 281.878906 
392.217468 63.071041 
392.217468 63.071041 
421.165649 245.167450 
234.455200 309.799408 
356.393951 292.532227 
441.151550 91.143768 
441.151550 91.143768 
250.847702 290.231781 
332.204224 205.853699 
467.347351 154.309189 
250.543396 292.844696 
204.388794 300.908966 
392.217468 63.071041 
357.166260 281.878906 
228.796173 322.382294 
464.102448 150.422318 
210.641876 342.121063 
421.829834 231.371307 
421.165649 245.167450 
236.593872 335.961914 
250.847702 290.231781 
312.204773 241.781281 
308.142944 202.701782 
430.383362 249.348373 
199.025528 348.067474 
305.127136 246.318130 
205.098053 355.399475 
312.204773 241.781281 
214.972458 358.103455 
427.287415 235.359299 
456.473389 146.166077 
227.590714 269.603088 
398.141510 246.987274 
398.141510 246.987274 
233.292328 297.621826 
312.204773 241.781281 
212.015472 365.291992 
180.394958 357.942444 
170.377243 315.371185 
405.820679 220.943985 
228.796173 322.382294 
420.605896 243.928177 
236.162842 298.631683 
433.052246 246.313995 
311.910828 166.210846 
362.592590 287.378540 
193.069839 348.383820 
375.564819 267.579987 
250.847702 290.231781 
96.389801 153.851395 
214.068008 366.876801 
421.522186 283.979523 
448.828766 106.315338 
311.419220 269.950012 
213.154037 356.943726 
467.158478 159.259918 
448.828766 106.315338 
195.044861 320.416168 
358.510956 293.385071 
306.658752 205.974655 
221.964371 296.523987 
471.431366 166.675339 
188.182053 357.453400 
201.971542 363.997467 
424.326782 237.821136 
243.704987 300.366638 
163.120239 362.371887 
234.145630 317.725739 
333.677002 215.708099 
227.590714 269.603088 
409.458313 286.231689 
215.260391 313.051117 
471.431366 166.675339 
244.358459 327.494720 
373.210541 89.056755 
456.473389 146.166077 
312.204773 241.781281 
195.044861 320.416168 
441.151550 91.143768 
468.937653 146.990967 
408.033661 289.536926 
205.098053 355.399475 
204.020432 353.573578 
312.001984 144.722015 
298.658173 233.329224 
202.437241 305.819244 
464.621185 162.781616 
479.847992 156.869919 
253.233932 315.075714 
297.996307 279.017548 
471.431366 166.675339 
228.796173 322.382294 
228.796173 322.382294 
418.902649 241.431183 
309.371063 141.601196 
373.210541 89.056755 
204.020432 353.573578 
411.014130 201.257660 
219.924133 294.393250 
473.441559 170.478653 
386.946381 82.739990 
417.727112 242.015350 
429.348114 48.034302 
417.623199 300.625000 
311.804840 116.998047 
423.306915 222.949600 
389.381317 295.810883 
331.078461 205.957535 
200.522827 352.501923 
172.759338 360.876068 
191.808929 354.988708 
191.808929 354.988708 
413.661011 199.503220 
200.158676 349.685394 
163.120239 362.371887 
407.316620 182.643692 
407.316620 182.643692 
299.822601 250.222290 
306.859528 119.360237 
201.971542 363.997467 
199.658676 347.951599 
467.158478 159.259918 
423.306915 222.949600 
308.671783 275.052612 
386.553894 66.451729 
295.224426 231.681183 
456.473389 146.166077 
295.224426 231.681183 
48.253578 170.252762 
411.014130 201.257660 
270.310425 255.719254 
384.347321 72.576317 
311.804840 116.998047 
385.670990 236.992188 
249.214462 314.755096 
385.670990 236.992188 
385.670990 236.992188 
201.901733 325.839691 
421.829834 231.371307 
362.037079 282.534698 
307.366089 145.821274 
384.393402 288.740479 
362.037079 282.534698 
211.378082 358.626099 
386.553894 66.451729 
444.139038 34.999958 
231.146805 333.360260 
405.820679 220.943985 
195.044861 320.416168 
423.306915 222.949600 
423.306915 222.949600 
240.672516 299.874939 
200.158676 349.685394 
214.972458 358.103455 
474.955811 169.946579 
360.972687 253.936447 
410.109863 201.545792 
390.565491 207.547516 
357.166260 281.878906 
211.378082 358.626099 
202.437241 305.819244 
252.759155 283.319672 
252.759155 283.319672 
304.175934 140.813614 
299.822601 250.222290 
213.482895 294.160675 
195.044861 320.416168 
411.014130 201.257660 
423.306915 222.949600 
213.504044 325.890717 
464.621185 162.781616 
410.109863 201.545792 
410.109863 201.545792 
493.290558 190.962784 
452.883392 33.265125 
429.348114 48.034302 
215.518326 332.314636 
385.285431 292.188934 
170.377243 315.371185 
231.146805 333.360260 
312.044983 243.741272 
207.901688 321.704773 
229.092667 322.951385 
333.205322 216.113358 
214.476288 360.130127 
358.510956 293.385071 
214.068008 366.876801 
315.213226 234.344177 
360.972687 253.936447 
209.363892 313.734924 
195.044861 320.416168 
410.109863 201.545792 
360.972687 253.936447 
410.848267 66.056190 
471.431366 166.675339 
300.719818 281.190033 
331.078461 205.957535 
456.473389 146.166077 
331.078461 205.957535 
474.413391 163.698517 
390.565491 207.547516 
423.306915 222.949600 
199.658676 347.951599 
196.916336 363.823151 
405.820679 220.943985 
379.280792 289.824005 
333.164001 205.684555 
275.091125 148.696945 
204.038132 341.906189 
372.454437 218.864822 
209.363892 313.734924 
402.332123 58.154709 
372.454437 218.864822 
361.673248 250.551270 
403.917511 59.019913 
216.017166 265.510559 
422.608002 230.981064 
385.670990 236.992188 
295.406067 228.369781 
448.828766 106.315338 
199.658676 347.951599 
228.796173 322.382294 
212.131760 303.875641 
404.736694 221.369034 
267.065369 267.718781 
441.151550 91.143768 
356.393951 292.532227 
424.326782 237.821136 
435.400970 217.375717 
218.770020 304.023956 
421.333313 256.978027 
421.333313 256.978027 
429.348114 48.034302 
433.126709 242.369720 
308.671783 275.052612 
130.128967 266.878754 
304.175934 140.813614 
236.107697 358.620331 
423.306915 222.949600 
390.565491 207.547516 
209.357346 360.529541 
361.673248 250.551270 
187.555588 277.697723 
405.820679 220.943985 
277.129486 261.828979 
372.454437 218.864822 
410.109863 201.545792 
488.751465 64.999039 
441.151550 91.143768 
479.847992 156.869919 
351.782959 111.614601 
285.378998 164.919937 
493.290558 190.962784 
309.973236 133.115295 
235.890900 336.413361 
423.306915 222.949600 
385.670990 236.992188 
169.192902 312.435120 
332.204224 205.853699 
249.214462 314.755096 
410.497101 293.616516 
427.671997 215.423645 
333.205322 216.113358 
403.917511 59.019913 
309.042603 201.118439 
418.572266 201.237335 
207.901688 321.704773 
236.593872 335.961914 
236.593872 335.961914 
444.139038 34.999958 
424.326782 237.821136 
396.850098 247.951340 
355.909058 288.725800 
201.901733 325.839691 
215.518326 332.314636 
487.732178 166.590897 
415.763184 199.803238 
207.901688 321.704773 
298.658173 233.329224 
415.763184 199.803238 
132.686722 283.245178 
170.377243 315.371185 
295.406067 228.369781 
390.565491 207.547516 
200.522827 352.501923 
383.352570 60.746429 
411.014130 201.257660 
421.522186 283.979523 
411.014130 201.257660 
412.181824 302.990387 
315.213226 234.344177 
410.109863 201.545792 
260.222626 133.238480 
140.993271 263.302734 
498.537994 199.847641 
351.517456 112.732994 
423.306915 222.949600 
372.454437 218.864822 
97.077148 153.757004 
134.426987 263.381805 
414.274323 284.618713 
414.274323 284.618713 
361.673248 250.551270 
221.878601 303.637848 
355.909058 288.725800 
512.480347 193.824188 
221.901367 325.400635 
218.770020 304.023956 
370.674347 263.734619 
410.079834 299.941101 
459.506378 50.778812 
227.590714 269.603088 
212.131760 303.875641 
426.380646 225.596085 
312.001984 144.722015 
295.406067 228.369781 
275.091125 148.696945 
414.002930 292.704163 
357.166260 281.878906 
360.972687 253.936447 
429.869049 222.468552 
236.593872 335.961914 
379.280792 289.824005 
411.014130 201.257660 
410.079834 299.941101 
295.406067 228.369781 
221.878601 303.637848 
389.229706 208.723389 
385.285431 292.188934 
372.454437 218.864822 
313.625519 242.509277 
309.535248 250.022614 
498.537994 199.847641 
405.820679 220.943985 
254.674057 330.559662 
398.141510 246.987274 
418.000275 189.481552 
464.621185 162.781616 
221.964371 296.523987 
312.001984 144.722015 
468.227539 167.048569 
243.411331 357.297455 
187.382980 277.056152 
201.901733 325.839691 
456.473389 146.166077 
448.828766 106.315338 
331.078461 205.957535 
199.658676 347.951599 
275.091125 148.696945 
404.338623 55.856327 
405.820679 220.943985 
250.737259 285.652069 
385.670990 236.992188 
362.264526 261.367310 
201.901733 325.839691 
309.371063 141.601196 
407.363953 73.125793 
389.229706 208.723389 
260.222626 133.238480 
202.437241 305.819244 
362.264526 261.367310 
362.264526 261.367310 
303.012787 257.709747 
446.683197 113.618958 
236.593872 335.961914 
362.037079 282.534698 
421.096191 286.548523 
465.234283 144.150040 
221.878601 303.637848 
221.878601 303.637848 
405.820679 220.943985 
441.151550 91.143768 
405.820679 220.943985 
487.732178 166.590897 
187.382980 277.056152 
207.048370 324.503418 
318.503113 136.736649 
309.371063 141.601196 
257.071411 323.681946 
487.732178 166.590897 
404.736694 221.369034 
331.078461 205.957535 
185.243713 318.624390 
421.096191 286.548523 
140.993271 263.302734 
411.014130 201.257660 
448.828766 106.315338 
424.326782 237.821136 
362.888062 248.007248 
265.914551 268.147766 
311.910828 166.210846 
479.847992 156.869919 
201.901733 325.839691 
275.091125 148.696945 
424.326782 237.821136 
440.197510 224.313232 
261.835175 316.316162 
464.621185 162.781616 
315.213226 234.344177 
394.387665 93.790016 
390.565491 207.547516 
423.052612 185.011307 
448.828766 106.315338 
203.915848 341.252441 
385.282501 204.083038 
195.044861 320.416168 
295.406067 228.369781 
216.017166 265.510559 
385.282501 204.083038 
513.863525 194.333084 
390.565491 207.547516 
117.026886 271.317535 
385.670990 236.992188 
258.384277 336.455017 
498.537994 199.847641 
433.072601 51.067810 
360.972687 253.936447 
390.565491 207.547516 
207.048370 324.503418 
370.394379 216.315445 
331.078461 205.957535 
311.419220 269.950012 
421.165649 245.167450 
195.044861 320.416168 
441.151550 91.143768 
417.623199 300.625000 
173.886597 315.373199 
422.608002 230.981064 
222.594940 303.564514 
404.408386 62.508572 
404.408386 62.508572 
300.719818 281.190033 
351.044159 111.779037 
360.972687 253.936447 
367.347229 290.787048 
317.988922 243.025635 
385.282501 204.083038 
477.117157 171.301605 
412.335724 246.867126 
195.044861 320.416168 
452.883392 33.265125 
433.126709 242.369720 
382.436951 286.350067 
385.670990 236.992188 
360.972687 253.936447 
172.759338 360.876068 
385.282501 204.083038 
396.850098 247.951340 
434.473541 37.448692 
413.681152 53.158100 
258.098389 322.748230 
513.863525 194.333084 
392.217468 63.071041 
456.473389 146.166077 
410.109863 201.545792 
202.113266 301.087128 
436.061401 45.526157 
311.910828 166.210846 
207.048370 324.503418 
299.807556 244.477982 
