500
392.253265 390.279602 
418.733673 228.432098 
420.224854 228.400513 
412.924469 229.103012 
167.148773 358.505463 
293.835876 265.149780 
265.508423 352.481445 
293.072998 265.480408 
459.509827 220.808990 
263.407043 351.104950 
460.109894 223.441711 
290.602478 264.308136 
236.753830 213.997253 
289.884949 264.094757 
144.964645 295.085327 
157.871841 343.858063 
407.555786 229.525131 
248.242371 331.843353 
205.847992 344.573761 
441.131744 198.994675 
168.934311 358.105103 
169.384827 358.093140 
432.838196 223.042953 
429.653961 221.737976 
224.495041 238.912521 
408.516357 227.614761 
442.756683 209.873672 
430.991577 222.423874 
440.862640 201.382996 
417.463348 229.224258 
409.130341 226.773300 
329.268341 242.898239 
472.971191 192.587036 
439.715118 206.709900 
291.446747 267.140533 
140.854721 309.947510 
140.876541 309.769440 
229.387512 340.233215 
449.728516 207.182205 
452.379303 210.324860 
288.355774 194.537415 
238.754730 183.500412 
475.469971 194.861237 
460.693756 221.403214 
460.952057 221.133881 
309.483643 345.343719 
452.556030 247.821045 
230.889572 337.555359 
336.078064 263.015656 
502.595276 214.078186 
450.449097 228.160751 
450.497864 227.566467 
229.090988 193.150406 
257.983459 224.956467 
412.948944 222.443085 
232.246918 190.523453 
156.859680 235.825073 
277.151093 321.404083 
223.787094 229.705475 
153.054504 237.520538 
329.787415 241.477295 
159.069122 344.441101 
180.871384 352.947479 
229.187378 193.955307 
129.929016 346.459656 
283.830902 336.298309 
506.246124 213.313507 
238.871078 327.525055 
238.560867 182.934814 
405.744080 231.668915 
418.688660 232.780334 
419.208984 232.677444 
328.930328 241.075256 
262.757385 348.520966 
477.616577 200.449936 
385.506989 388.852295 
459.326447 192.087021 
148.502716 355.251404 
343.155396 242.046066 
203.799118 346.088409 
157.158630 355.677551 
255.727020 155.115356 
256.416321 155.375732 
347.521667 214.713257 
290.013855 307.430389 
403.544800 229.720947 
479.391998 207.700485 
445.319153 214.910843 
283.415741 335.672760 
258.032715 226.228745 
277.118378 319.964813 
274.593597 330.095123 
144.072876 234.656677 
463.117126 220.887161 
406.017578 226.780914 
253.056992 329.753937 
187.810043 343.291260 
224.722977 228.605118 
283.500732 126.528732 
342.228333 213.336273 
169.854462 358.218079 
340.629303 239.338165 
337.346588 264.702881 
482.200562 208.129578 
495.669281 216.525818 
145.664688 241.999344 
146.209671 242.334015 
424.614136 234.329758 
244.346237 339.794830 
149.909515 241.834595 
292.807129 200.391083 
141.652298 291.536804 
322.303009 341.533569 
339.992523 238.847870 
476.443207 210.209229 
237.628998 189.552307 
245.896713 231.918381 
440.333740 200.796509 
359.670715 218.735321 
298.079773 265.267181 
163.547180 348.080933 
300.208954 338.536713 
438.998138 200.919327 
264.606079 220.402100 
141.816086 304.102295 
444.152191 217.529251 
234.962738 186.864227 
448.348572 216.112732 
483.046143 210.592773 
215.882553 188.698410 
137.697983 307.589325 
228.482346 229.328751 
248.387451 184.722076 
296.922455 254.368729 
270.992432 332.340576 
286.095032 188.703186 
327.444763 242.615799 
436.332794 226.580765 
275.502258 337.885132 
277.358643 318.034393 
336.621826 242.453476 
300.392975 338.348663 
154.815536 357.406891 
154.629547 249.807922 
276.389801 329.970612 
156.084076 236.719162 
338.268005 266.947113 
338.097382 267.024475 
310.561890 342.239441 
237.476105 189.229248 
150.424469 245.650299 
271.115631 330.809509 
322.310822 238.937820 
264.564087 283.646912 
313.912750 364.059143 
135.155243 313.360687 
342.974915 248.351608 
259.798096 230.915665 
444.037384 192.521576 
438.820221 223.463730 
162.009460 359.982849 
473.226471 191.528610 
138.847809 219.540527 
249.066437 184.639572 
129.971649 350.693451 
298.077087 336.358917 
234.052368 186.844788 
276.665527 206.636459 
337.865631 260.231842 
433.092773 216.191467 
429.767059 202.466522 
156.720322 248.124557 
224.234619 228.316132 
277.954132 316.842102 
433.909882 243.415894 
256.686829 195.607056 
311.918945 241.095154 
143.413666 229.467377 
152.880661 228.374283 
482.965668 204.144958 
440.225250 235.719254 
422.766235 270.293579 
251.569397 330.376740 
228.275467 335.456573 
334.703094 253.291885 
309.479492 341.615753 
225.340073 191.089798 
344.335663 240.859207 
421.994202 232.669220 
447.103516 193.067688 
468.920044 233.207108 
468.996887 233.351181 
322.834015 336.758362 
131.289047 352.136749 
478.496979 207.500641 
256.873901 197.485184 
278.191437 204.248642 
445.156433 195.985825 
215.821045 208.454163 
155.845978 353.763550 
254.931595 151.082367 
307.286835 341.231964 
216.781448 246.309509 
217.147476 245.951736 
348.103546 250.020752 
455.690308 243.086426 
443.379181 221.279144 
443.335907 220.590134 
153.644501 228.653061 
227.957962 197.168549 
175.119980 357.206207 
318.804321 362.654358 
266.480011 281.557129 
217.751556 227.601089 
462.194031 233.512207 
321.234406 336.869720 
271.679596 154.417725 
129.744049 349.987610 
229.880875 334.217041 
514.521362 215.660385 
326.548431 341.158569 
227.082504 189.261261 
447.424133 196.111877 
160.369324 344.687012 
236.434601 178.818359 
466.145966 207.142761 
149.143539 200.068558 
267.437561 155.548752 
141.853683 357.794373 
286.551636 265.061310 
235.760849 192.030594 
469.046783 193.166885 
174.991211 351.859558 
183.070358 329.747833 
176.130936 356.870575 
149.064896 201.305008 
144.300552 290.026062 
243.263123 327.784302 
480.698212 198.632751 
334.575378 250.391586 
233.482452 335.916534 
487.472534 199.996902 
154.168671 254.417450 
479.454834 204.965393 
521.098816 436.673004 
444.737213 196.528961 
162.561829 344.678345 
155.918762 253.701309 
279.422089 327.707245 
283.885529 217.539230 
229.199844 195.374512 
144.957062 354.162292 
213.095200 236.570175 
237.224060 182.103546 
280.485474 314.904236 
476.079529 184.352997 
453.532776 219.568619 
156.980957 348.603424 
157.308762 349.244690 
273.790741 155.310440 
294.982117 163.270966 
476.886200 185.914627 
453.380463 231.897324 
356.598206 219.583649 
140.668793 240.606125 
140.515274 241.248611 
332.179413 238.464096 
313.609283 181.475815 
484.324890 255.572250 
447.259308 224.446945 
416.611938 192.561844 
217.042404 224.995911 
448.063782 223.600327 
214.753464 207.627533 
438.124786 218.982147 
220.875183 200.060715 
221.469376 200.330612 
338.412262 268.123260 
155.033661 227.395874 
278.889557 208.209000 
428.527954 302.306549 
455.625458 219.855743 
349.027679 250.185608 
424.107605 388.581940 
294.072021 253.359009 
416.721466 199.691833 
246.267273 187.612473 
488.975403 194.954147 
212.991806 206.734222 
158.394821 248.543594 
264.210205 283.782379 
280.849182 331.136444 
400.218170 237.097610 
400.301025 236.820160 
428.612762 300.985748 
139.824249 306.077972 
141.537201 229.929520 
286.379883 307.200012 
416.836914 261.113037 
341.082001 237.221695 
416.237305 261.594849 
415.893463 206.184464 
222.061600 203.756821 
373.184052 242.045959 
220.584824 185.872406 
153.580780 341.965363 
230.992279 228.521759 
419.711548 201.916061 
286.518768 265.854187 
298.064026 193.100067 
297.512817 193.124481 
287.565002 212.162613 
440.915924 189.734283 
213.365311 227.407654 
448.416779 310.961243 
464.767517 224.417969 
467.175232 239.234482 
159.760101 231.792145 
280.938660 202.224579 
482.839203 191.689438 
437.175903 191.928864 
282.265472 334.434967 
504.181641 296.532776 
164.439911 344.420197 
311.756226 322.241821 
260.980621 154.895264 
154.457703 349.265045 
145.280746 185.281174 
488.659576 197.813354 
469.780518 233.442810 
240.558456 324.375427 
287.366882 198.124771 
213.933197 225.113586 
427.550934 302.056549 
284.763519 157.767471 
325.141846 227.763016 
315.023590 229.914536 
345.499237 260.967224 
416.711823 193.745270 
232.099487 176.402374 
382.352875 243.046265 
287.064056 90.533890 
287.086761 90.585007 
424.011810 269.842285 
246.188156 181.979462 
268.198914 146.101501 
213.835129 236.299408 
505.428192 239.228439 
380.840485 242.874969 
224.701218 190.437866 
409.789520 256.887695 
409.823242 257.302277 
452.859650 178.872452 
234.803787 175.577850 
344.504150 244.966599 
275.489380 206.318069 
137.134506 304.950195 
145.217224 246.788361 
484.797760 193.085327 
140.137543 235.660950 
285.440918 326.812775 
156.777344 244.678955 
454.966095 201.647659 
313.334686 180.378937 
473.180206 233.610489 
344.725525 261.807129 
207.885635 236.283218 
159.728729 234.869476 
232.588531 349.782196 
402.895203 236.330093 
304.736542 322.001526 
298.578064 165.676605 
272.651001 143.708038 
454.216064 202.652359 
145.829193 188.398727 
151.294128 204.180603 
291.116333 186.837341 
476.164917 183.115250 
226.424377 235.928513 
160.453491 226.985352 
455.405304 200.519882 
408.675995 257.622620 
232.978027 219.450806 
203.508667 191.379761 
267.910004 144.536240 
487.452209 253.028503 
220.663010 230.949524 
282.219696 194.875641 
433.457458 240.750488 
339.629089 269.998260 
304.817841 182.851562 
207.356964 193.788300 
456.580750 212.277695 
147.688766 183.587692 
465.590759 224.269592 
210.673325 196.873795 
136.680145 217.683456 
155.960251 348.822083 
191.597198 303.157257 
264.181122 232.427567 
162.029678 340.988892 
273.146515 244.093445 
225.314331 199.376740 
273.473755 245.118408 
437.614716 186.050339 
479.827209 253.257080 
486.983704 253.691315 
153.642807 224.463074 
471.862610 210.279297 
309.284515 185.201736 
268.311707 327.435455 
249.569305 172.178528 
305.376282 330.060059 
147.502335 183.423813 
303.150879 202.586456 
347.606354 231.717026 
158.321884 244.900146 
208.493225 190.537430 
246.270279 212.751312 
454.004517 197.295837 
272.889160 242.952789 
483.461273 190.355270 
401.303070 220.344070 
248.764053 236.464432 
485.265594 194.785385 
446.061829 239.059998 
505.231506 298.982269 
436.197662 185.156250 
460.489410 206.868530 
255.216522 236.286880 
122.902138 341.897552 
498.542267 299.490753 
333.177124 248.299347 
509.031677 208.939148 
388.214417 248.434021 
371.782623 241.855392 
158.360550 227.694397 
279.952209 208.148148 
309.510864 180.676666 
280.945648 155.612823 
256.719116 229.286301 
342.628479 214.159790 
243.310181 174.943420 
242.838516 174.708389 
223.130936 201.081848 
156.706116 225.918671 
233.652771 228.438461 
144.961624 256.759308 
310.490570 269.410095 
151.828979 203.992584 
256.950317 148.536880 
137.202728 216.591888 
160.762009 233.471954 
266.319733 143.737717 
475.441101 245.267715 
405.923157 214.109802 
244.765274 226.597412 
330.993652 259.761566 
150.704926 206.784088 
204.949081 192.177109 
146.678329 188.414856 
302.302216 198.653412 
306.998871 178.043091 
171.922699 332.584015 
402.649292 259.199219 
257.836914 149.130630 
360.613831 215.802948 
462.495209 187.076187 
218.060318 203.691299 
241.950378 190.879517 
313.109528 227.775177 
514.719055 217.582260 
415.159454 199.998611 
337.145081 324.055054 
245.524445 227.177521 
258.718750 195.151413 
303.812622 183.273132 
310.554474 263.249756 
429.029053 222.890533 
283.148682 332.445831 
214.453979 204.319733 
472.887054 175.807159 
331.859711 266.165649 
269.474304 217.908569 
336.647644 210.054214 
247.427948 235.573318 
233.639801 219.498215 
424.809631 183.752151 
314.019531 217.237885 
422.419647 213.563156 
402.172668 214.032516 
492.860779 313.468048 
267.515167 219.687775 
480.977509 362.270782 
226.979614 225.443069 
460.400543 224.241867 
353.828461 244.020630 
472.969604 189.549072 
422.377289 195.807526 
485.245789 248.577927 
