500
392.253265 390.279602 
293.835876 265.149780 
420.224854 228.400513 
418.733673 228.432098 
293.072998 265.480408 
167.148773 358.505463 
290.602478 264.308136 
412.924469 229.103012 
144.964645 295.085327 
265.508423 352.481445 
248.242371 331.843353 
263.407043 351.104950 
289.884949 264.094757 
236.753830 213.997253 
157.871841 343.858063 
475.469971 194.861237 
472.971191 192.587036 
224.495041 238.912521 
168.934311 358.105103 
169.384827 358.093140 
407.555786 229.525131 
429.653961 221.737976 
140.854721 309.947510 
140.876541 309.769440 
441.131744 198.994675 
291.446747 267.140533 
329.268341 242.898239 
205.847992 344.573761 
417.463348 229.224258 
430.991577 222.423874 
223.787094 229.705475 
229.387512 340.233215 
343.155396 242.046066 
309.483643 345.343719 
230.889572 337.555359 
238.871078 327.525055 
283.830902 336.298309 
329.787415 241.477295 
459.326447 192.087021 
449.728516 207.182205 
477.616577 200.449936 
405.744080 231.668915 
336.078064 263.015656 
440.862640 201.382996 
328.930328 241.075256 
412.948944 222.443085 
156.859680 235.825073 
288.355774 194.537415 
290.013855 307.430389 
277.151093 321.404083 
159.069122 344.441101 
408.516357 227.614761 
129.929016 346.459656 
253.056992 329.753937 
238.754730 183.500412 
385.506989 388.852295 
340.629303 239.338165 
148.502716 355.251404 
457.034637 252.933212 
264.606079 220.402100 
255.727020 155.115356 
256.416321 155.375732 
322.303009 341.533569 
298.079773 265.267181 
347.521667 214.713257 
229.090988 193.150406 
232.246918 190.523453 
442.756683 209.873672 
339.992523 238.847870 
153.054504 237.520538 
229.187378 193.955307 
238.560867 182.934814 
283.415741 335.672760 
432.838196 223.042953 
262.757385 348.520966 
270.992432 332.340576 
141.816086 304.102295 
445.319153 214.910843 
409.130341 226.773300 
342.228333 213.336273 
424.614136 234.329758 
274.593597 330.095123 
180.871384 352.947479 
418.688660 232.780334 
419.208984 232.677444 
157.158630 355.677551 
203.799118 346.088409 
224.722977 228.605118 
337.346588 264.702881 
439.715118 206.709900 
283.500732 126.528732 
476.443207 210.209229 
245.896713 231.918381 
403.544800 229.720947 
453.839996 277.710266 
495.669281 216.525818 
150.424469 245.650299 
271.115631 330.809509 
187.810043 343.291260 
275.502258 337.885132 
149.909515 241.834595 
327.444763 242.615799 
228.482346 229.328751 
300.208954 338.536713 
433.092773 216.191467 
444.152191 217.529251 
277.118378 319.964813 
296.922455 254.368729 
129.971649 350.693451 
479.391998 207.700485 
326.548431 341.158569 
453.614594 285.089844 
169.854462 358.218079 
342.974915 248.351608 
248.387451 184.722076 
406.017578 226.780914 
237.628998 189.552307 
234.962738 186.864227 
137.697983 307.589325 
236.434601 178.818359 
216.781448 246.309509 
217.147476 245.951736 
310.561890 342.239441 
444.037384 192.521576 
338.268005 266.947113 
338.097382 267.024475 
276.389801 329.970612 
215.882553 188.698410 
300.392975 338.348663 
502.595276 214.078186 
154.815536 357.406891 
237.476105 189.229248 
348.103546 250.020752 
129.744049 349.987610 
131.289047 352.136749 
422.766235 270.293579 
286.095032 188.703186 
447.103516 193.067688 
244.346237 339.794830 
251.569397 330.376740 
344.335663 240.859207 
322.310822 238.937820 
337.865631 260.231842 
359.670715 218.735321 
174.991211 351.859558 
249.066437 184.639572 
163.547180 348.080933 
154.629547 249.807922 
336.621826 242.453476 
277.358643 318.034393 
276.665527 206.636459 
322.834015 336.758362 
313.912750 364.059143 
334.703094 253.291885 
224.234619 228.316132 
162.009460 359.982849 
473.226471 191.528610 
449.409027 281.476318 
440.333740 200.796509 
447.424133 196.111877 
156.084076 236.719162 
234.052368 186.844788 
321.234406 336.869720 
213.095200 236.570175 
309.479492 341.615753 
438.998138 200.919327 
461.142151 288.183105 
445.156433 195.985825 
183.070358 329.747833 
278.191437 204.248642 
149.143539 200.068558 
228.275467 335.456573 
521.098816 436.673004 
298.077087 336.358917 
257.983459 224.956467 
138.847809 219.540527 
455.863495 279.359741 
483.046143 210.592773 
155.918762 253.701309 
429.767059 202.466522 
267.437561 155.548752 
292.807129 200.391083 
154.168671 254.417450 
229.880875 334.217041 
149.064896 201.305008 
479.454834 204.965393 
482.965668 204.144958 
217.751556 227.601089 
264.564087 283.646912 
153.644501 228.653061 
256.873901 197.485184 
152.880661 228.374283 
254.931595 151.082367 
256.686829 195.607056 
225.340073 191.089798 
141.853683 357.794373 
421.994202 232.669220 
349.027679 250.185608 
279.422089 327.707245 
478.496979 207.500641 
277.954132 316.842102 
156.720322 248.124557 
135.155243 313.360687 
283.885529 217.539230 
444.916168 284.736786 
318.804321 362.654358 
482.200562 208.129578 
217.042404 224.995911 
271.679596 154.417725 
311.918945 241.095154 
235.760849 192.030594 
266.480011 281.557129 
220.875183 200.060715 
221.469376 200.330612 
444.737213 196.528961 
155.845978 353.763550 
514.521362 215.660385 
480.698212 198.632751 
144.300552 290.026062 
215.821045 208.454163 
307.286835 341.231964 
469.046783 193.166885 
258.032715 226.228745 
139.824249 306.077972 
400.218170 237.097610 
438.124786 218.982147 
400.301025 236.820160 
227.957962 197.168549 
237.224060 182.103546 
462.919373 254.995239 
278.889557 208.209000 
233.482452 335.916534 
341.082001 237.221695 
260.980621 154.895264 
155.033661 227.395874 
356.598206 219.583649 
273.790741 155.310440 
455.690308 243.086426 
144.957062 354.162292 
259.798096 230.915665 
315.023590 229.914536 
428.527954 302.306549 
334.575378 250.391586 
402.895203 236.330093 
476.079529 184.352997 
229.199844 195.374512 
466.145966 207.142761 
416.611938 192.561844 
437.175903 191.928864 
227.082504 189.261261 
246.267273 187.612473 
286.551636 265.061310 
294.982117 163.270966 
416.721466 199.691833 
160.369324 344.687012 
338.412262 268.123260 
145.280746 185.281174 
213.835129 236.299408 
175.119980 357.206207 
286.379883 307.200012 
154.457703 349.265045 
243.263123 327.784302 
440.915924 189.734283 
156.980957 348.603424 
157.308762 349.244690 
203.508667 191.379761 
476.886200 185.914627 
505.428192 239.228439 
282.265472 334.434967 
469.757233 260.276428 
232.099487 176.402374 
273.473755 245.118408 
487.472534 199.996902 
424.011810 269.842285 
273.146515 244.093445 
453.380463 231.897324 
313.609283 181.475815 
280.485474 314.904236 
498.542267 299.490753 
304.736542 322.001526 
448.348572 216.112732 
280.938660 202.224579 
434.975006 260.079742 
162.561829 344.678345 
428.612762 300.985748 
230.992279 228.521759 
240.558456 324.375427 
488.659576 197.813354 
325.141846 227.763016 
488.975403 194.954147 
475.633148 254.822800 
214.753464 207.627533 
176.130936 356.870575 
280.849182 331.136444 
427.550934 302.056549 
294.072021 253.359009 
419.711548 201.916061 
415.893463 206.184464 
380.840485 242.874969 
213.933197 225.113586 
234.803787 175.577850 
298.064026 193.100067 
297.512817 193.124481 
158.394821 248.543594 
452.859650 178.872452 
153.580780 341.965363 
501.057495 237.635727 
344.504150 244.966599 
287.366882 198.124771 
287.565002 212.162613 
213.365311 227.407654 
332.179413 238.464096 
345.499237 260.967224 
220.584824 185.872406 
159.760101 231.792145 
272.889160 242.952789 
504.181641 296.532776 
207.356964 193.788300 
382.352875 243.046265 
286.518768 265.854187 
416.711823 193.745270 
454.443939 274.576538 
311.756226 322.241821 
284.763519 157.767471 
438.820221 223.463730 
285.440918 326.812775 
275.489380 206.318069 
145.829193 188.398727 
212.991806 206.734222 
137.134506 304.950195 
454.286255 253.191605 
409.789520 256.887695 
409.823242 257.302277 
448.416779 310.961243 
272.651001 143.708038 
147.688766 183.587692 
416.836914 261.113037 
246.188156 181.979462 
426.187927 267.344818 
159.728729 234.869476 
226.424377 235.928513 
268.198914 146.101501 
151.294128 204.180603 
482.839203 191.689438 
207.885635 236.283218 
344.725525 261.807129 
204.949081 192.177109 
141.652298 291.536804 
491.947266 231.499207 
210.673325 196.873795 
460.109894 223.441711 
264.210205 283.782379 
438.664948 254.334351 
499.867218 298.485077 
438.886658 253.850357 
160.453491 226.985352 
436.332794 226.580765 
147.502335 183.423813 
134.846756 337.541229 
456.580750 212.277695 
452.379303 210.324860 
164.439911 344.420197 
339.629089 269.998260 
408.675995 257.622620 
282.219696 194.875641 
309.284515 185.201736 
427.357513 267.696564 
246.270279 212.751312 
232.588531 349.782196 
313.334686 180.378937 
208.493225 190.537430 
222.061600 203.756821 
304.817841 182.851562 
224.701218 190.437866 
232.978027 219.450806 
496.405548 234.997147 
416.237305 261.594849 
143.413666 229.467377 
153.642807 224.463074 
291.116333 186.837341 
191.597198 303.157257 
443.379181 221.279144 
443.335907 220.590134 
220.663010 230.949524 
267.910004 144.536240 
298.578064 165.676605 
469.286804 270.763550 
337.145081 324.055054 
484.797760 193.085327 
248.764053 236.464432 
342.628479 214.159790 
476.164917 183.115250 
485.265594 194.785385 
267.515167 219.687775 
223.130936 201.081848 
388.214417 248.434021 
171.922699 332.584015 
373.184052 242.045959 
313.109528 227.775177 
454.966095 201.647659 
309.510864 180.676666 
279.952209 208.148148 
455.625458 219.855743 
155.960251 348.822083 
437.614716 186.050339 
136.680145 217.683456 
333.177124 248.299347 
459.509827 220.808990 
225.314331 199.376740 
243.310181 174.943420 
242.838516 174.708389 
454.216064 202.652359 
156.777344 244.678955 
454.004517 197.295837 
249.569305 172.178528 
303.150879 202.586456 
306.998871 178.043091 
471.390228 217.741226 
146.678329 188.414856 
460.489410 206.868530 
473.876984 226.937515 
480.591888 244.550018 
156.706116 225.918671 
455.405304 200.519882 
247.427948 235.573318 
475.863342 253.342041 
151.828979 203.992584 
447.259308 224.446945 
509.031677 208.939148 
158.360550 227.694397 
506.246124 213.313507 
401.303070 220.344070 
448.063782 223.600327 
268.311707 327.435455 
241.950378 190.879517 
255.216522 236.286880 
162.029678 340.988892 
150.704926 206.784088 
256.950317 148.536880 
480.977509 362.270782 
457.462158 212.850571 
302.302216 198.653412 
464.767517 224.417969 
122.902138 341.897552 
156.323822 256.482849 
160.762009 233.471954 
285.875458 215.350189 
257.836914 149.130630 
483.461273 190.355270 
347.606354 231.717026 
492.860779 313.468048 
305.376282 330.060059 
495.019745 238.501221 
360.613831 215.802948 
280.945648 155.612823 
472.887054 175.807159 
498.888885 270.644104 
422.377289 195.807526 
310.490570 269.410095 
465.590759 224.269592 
266.319733 143.737717 
289.978851 308.051697 
428.378082 302.627380 
221.606827 181.985123 
136.771866 302.987122 
269.474304 217.908569 
314.019531 217.237885 
436.197662 185.156250 
415.159454 199.998611 
460.244781 269.729584 
149.352554 183.643234 
158.321884 244.900146 
295.071320 272.213715 
308.614655 185.569000 
459.515350 255.202072 
453.532776 219.568619 
330.993652 259.761566 
460.160126 269.354584 
335.565430 203.847122 
283.148682 332.445831 
218.060318 203.691299 
336.958557 320.503540 
233.639801 219.498215 
405.923157 214.109802 
303.812622 183.273132 
224.616959 346.472870 
226.979614 225.443069 
208.481903 201.934921 
460.400543 224.241867 
232.409409 236.586685 
269.861572 216.663574 
340.178741 277.021362 
244.765274 226.597412 
264.181122 232.427567 
514.719055 217.582260 
505.231506 298.982269 
336.647644 210.054214 
137.202728 216.591888 
424.809631 183.752151 
478.454865 231.517487 
