972
432.770599 299.823669 
426.817230 313.219635 
300.295227 312.368011 
292.657013 320.696442 
444.666565 310.573547 
444.666565 310.573547 
295.063416 318.082642 
390.354431 335.045746 
411.197845 303.686462 
444.666565 310.573547 
452.368042 361.769135 
278.692474 391.937408 
388.190674 303.169922 
425.170593 304.456818 
392.853302 297.579498 
279.438019 388.100739 
444.666565 310.573547 
209.992615 330.118988 
426.817230 313.219635 
444.666565 310.573547 
297.947266 293.307526 
283.932831 400.181366 
291.859589 320.069183 
416.513855 316.412842 
279.438019 388.100739 
283.932831 400.181366 
440.434937 308.059540 
428.061676 328.079132 
278.692474 391.937408 
416.035248 289.319305 
426.817230 313.219635 
426.817230 313.219635 
426.817230 313.219635 
422.771637 300.641815 
206.366653 358.893402 
469.102631 322.570038 
413.492615 350.109711 
279.438019 388.100739 
265.753998 314.752747 
308.916992 289.404022 
279.438019 388.100739 
426.817230 313.219635 
444.666565 310.573547 
416.035248 289.319305 
292.899719 239.245346 
423.778137 302.525452 
416.035248 289.319305 
416.035248 289.319305 
202.467545 333.923981 
429.532104 306.057159 
189.383286 382.215790 
297.155823 242.315109 
411.197845 303.686462 
393.607117 338.851013 
289.502014 293.408752 
189.383286 382.215790 
413.492615 350.109711 
292.754059 365.028351 
459.048157 296.423676 
308.916992 289.404022 
188.012619 342.023560 
422.771637 300.641815 
288.635773 389.228424 
301.623474 304.932343 
428.061676 328.079132 
277.866913 336.059448 
416.513855 316.412842 
298.434052 301.209351 
295.605225 320.820374 
278.578644 401.671173 
411.197845 303.686462 
457.904510 311.447968 
426.817230 313.219635 
274.227173 291.140167 
277.866913 336.059448 
191.574142 382.322052 
299.567017 304.063049 
278.156860 302.302185 
429.532104 306.057159 
307.880096 302.079803 
417.743011 316.582001 
247.823166 295.315613 
426.817230 313.219635 
429.532104 306.057159 
405.134583 299.386017 
202.467545 333.923981 
440.434937 308.059540 
191.574142 382.322052 
278.511780 301.224121 
444.666565 310.573547 
388.246368 311.232086 
299.316010 387.836639 
602.784485 110.239052 
190.905746 378.531860 
433.089325 315.922546 
276.087677 401.039459 
276.087677 401.039459 
390.354431 335.045746 
274.227173 291.140167 
276.228638 309.278687 
188.012619 342.023560 
465.696564 245.705444 
304.918427 281.712250 
417.743011 316.582001 
310.165863 352.088409 
411.197845 303.686462 
295.605225 320.820374 
247.823166 295.315613 
444.666565 310.573547 
344.043030 296.488342 
422.771637 300.641815 
422.771637 300.641815 
426.817230 313.219635 
390.354431 335.045746 
184.355316 339.080200 
278.578644 401.671173 
201.568298 338.065369 
200.774567 353.228119 
389.557739 292.946045 
235.133224 290.374237 
456.621613 292.960815 
416.035248 289.319305 
201.568298 338.065369 
388.246368 311.232086 
431.698669 306.464172 
273.076691 283.662201 
289.563507 243.020096 
292.094543 285.567749 
291.859589 320.069183 
426.817230 313.219635 
249.764511 299.714569 
265.753998 314.752747 
388.174622 300.567352 
278.692474 391.937408 
266.559967 296.929138 
253.792618 385.604156 
247.823166 295.315613 
276.087677 401.039459 
388.246368 311.232086 
275.417755 335.940216 
276.087677 401.039459 
301.623474 304.932343 
93.365807 431.178406 
275.417755 335.940216 
459.048157 296.423676 
273.076691 283.662201 
416.513855 316.412842 
426.817230 313.219635 
409.262909 299.438141 
444.666565 310.573547 
270.863129 302.470490 
247.823166 295.315613 
312.508606 346.708771 
274.227173 291.140167 
299.057007 367.375092 
411.197845 303.686462 
305.913086 302.459381 
201.568298 338.065369 
463.135803 302.130127 
270.579132 386.873199 
379.922638 78.925797 
196.695663 412.696167 
283.948212 361.471588 
312.508606 346.708771 
411.197845 303.686462 
383.264954 300.490112 
201.351562 409.833801 
194.360397 376.473938 
427.931702 336.201172 
389.900787 303.595673 
429.532104 306.057159 
190.175125 373.128998 
197.812637 298.292297 
247.823166 295.315613 
411.020599 301.093292 
196.743423 363.056732 
459.048157 296.423676 
389.557739 292.946045 
287.057495 320.201569 
416.035248 289.319305 
283.932831 400.181366 
283.932831 400.181366 
201.568298 338.065369 
310.165863 352.088409 
440.434937 308.059540 
205.868530 323.370728 
437.112457 288.789490 
273.838928 392.462280 
409.230835 298.070190 
426.817230 313.219635 
184.182343 342.550110 
275.175385 389.235596 
411.020599 301.093292 
411.197845 303.686462 
223.029175 328.000092 
192.049500 381.246185 
198.623932 331.540985 
404.713470 288.750916 
413.492615 350.109711 
317.921997 297.486603 
548.230103 148.662918 
426.817230 313.219635 
422.771637 300.641815 
310.165863 352.088409 
601.235107 88.433311 
199.624985 301.418335 
100.674408 448.103363 
413.492615 350.109711 
240.078766 413.354889 
320.573975 301.282196 
412.786774 286.234283 
205.941345 318.839600 
411.020599 301.093292 
413.492615 350.109711 
184.458115 346.516663 
205.868530 323.370728 
264.042633 310.892303 
306.020905 335.284698 
426.817230 313.219635 
193.334061 370.088440 
275.417755 335.940216 
293.531830 276.523773 
266.559967 296.929138 
264.546417 390.181885 
201.351562 409.833801 
312.508606 346.708771 
317.921997 297.486603 
429.898132 319.673523 
278.578644 401.671173 
100.674408 448.103363 
277.866913 336.059448 
472.952789 312.357910 
413.492615 350.109711 
416.035248 289.319305 
98.573807 398.069519 
396.769104 304.326416 
432.770599 299.823669 
396.769104 304.326416 
426.817230 313.219635 
274.936157 260.722748 
475.813538 303.808929 
259.776184 284.312988 
320.573975 301.282196 
272.258179 360.346649 
195.987854 372.496521 
189.383286 382.215790 
602.784485 110.239052 
274.227173 291.140167 
251.417221 342.462006 
320.573975 301.282196 
298.434052 301.209351 
424.407562 298.137177 
411.197845 303.686462 
411.020599 301.093292 
424.407562 298.137177 
261.552246 319.104126 
317.921997 297.486603 
424.407562 298.137177 
100.674408 448.103363 
178.641953 360.055206 
198.765991 293.675812 
242.926147 336.094910 
417.743011 316.582001 
198.492783 294.263153 
424.229340 327.453979 
424.229340 327.453979 
301.451782 283.621246 
93.365807 431.178406 
264.546417 390.181885 
201.733871 328.067474 
276.087677 401.039459 
434.031921 320.269653 
461.683685 333.470306 
424.229340 327.453979 
417.193176 344.145905 
261.150330 319.624939 
429.532104 306.057159 
285.793304 380.251129 
409.262909 299.438141 
396.769104 304.326416 
465.665039 319.676941 
289.103760 407.335144 
210.846573 413.211212 
424.407562 298.137177 
426.817230 313.219635 
205.941345 318.839600 
289.563507 243.020096 
184.355316 339.080200 
242.926147 336.094910 
193.334061 370.088440 
379.922638 78.925797 
379.922638 78.925797 
392.865082 290.712250 
427.866119 279.131378 
286.764374 295.177826 
429.898132 319.673523 
205.941345 318.839600 
197.812637 298.292297 
273.356201 374.337982 
289.103760 407.335144 
317.921997 297.486603 
274.985291 355.260010 
194.368134 357.942413 
200.774567 353.228119 
602.784485 110.239052 
431.929077 324.338043 
180.383835 337.507690 
265.847412 402.274933 
289.103760 407.335144 
447.405579 379.460052 
424.229340 327.453979 
424.229340 327.453979 
100.674408 448.103363 
294.587891 381.300049 
404.718506 322.800751 
258.421661 312.192352 
274.723419 310.900269 
417.193176 344.145905 
426.817230 313.219635 
390.354431 335.045746 
404.814789 320.934357 
200.239929 297.326355 
200.239929 297.326355 
436.695953 317.111084 
424.407562 298.137177 
255.309052 234.964767 
442.905090 317.986755 
273.076691 283.662201 
288.635773 389.228424 
197.812637 298.292297 
317.621796 338.584869 
203.540833 354.981079 
261.209869 310.432434 
228.939468 335.466339 
228.939468 335.466339 
274.743683 290.842316 
240.078766 413.354889 
411.020599 301.093292 
396.769104 304.326416 
279.438019 388.100739 
279.438019 388.100739 
279.438019 388.100739 
251.417221 342.462006 
275.373657 381.286041 
416.035248 289.319305 
289.171326 345.831879 
199.624985 301.418335 
251.417221 342.462006 
197.812637 298.292297 
288.635773 389.228424 
264.546417 390.181885 
436.695953 317.111084 
354.445129 309.084167 
411.020599 301.093292 
411.020599 301.093292 
286.749725 320.764221 
283.303070 301.915222 
424.229340 327.453979 
413.492615 350.109711 
279.438019 388.100739 
279.438019 388.100739 
439.491150 329.333160 
416.035248 289.319305 
198.075180 362.179993 
465.665039 319.676941 
283.095459 316.729431 
461.683685 333.470306 
273.910828 310.854279 
409.262909 299.438141 
273.910828 310.854279 
176.935669 351.312073 
437.112457 288.789490 
259.272675 340.154633 
294.587891 381.300049 
199.100159 390.174622 
306.745758 241.398041 
266.559967 296.929138 
279.059174 397.280212 
164.712708 428.053741 
253.792618 385.604156 
197.938004 284.682922 
193.665253 384.748810 
424.229340 327.453979 
163.680069 409.884674 
440.434937 308.059540 
301.451782 283.621246 
313.463684 340.725708 
442.905090 317.986755 
274.723419 310.900269 
279.997162 335.158875 
457.904510 311.447968 
279.059174 397.280212 
198.623932 331.540985 
416.035248 289.319305 
184.182343 342.550110 
289.123901 241.596329 
417.743011 316.582001 
267.062103 69.412514 
204.233170 321.513672 
317.621796 338.584869 
305.913086 302.459381 
287.057495 320.201569 
405.134583 299.386017 
181.530258 358.035736 
411.020599 301.093292 
273.076691 283.662201 
436.908447 379.255798 
274.227173 291.140167 
275.175385 389.235596 
160.958328 410.435272 
413.492615 350.109711 
285.793304 380.251129 
416.035248 289.319305 
198.123627 305.477814 
396.769104 304.326416 
198.623932 331.540985 
199.100159 390.174622 
206.160767 323.851349 
272.560822 283.464111 
261.552246 319.104126 
193.707626 311.537079 
383.854767 309.820831 
379.922638 78.925797 
436.695953 317.111084 
184.534515 383.090637 
429.532104 306.057159 
444.666565 310.573547 
293.876465 374.068298 
261.541321 292.466736 
263.030945 344.081635 
266.559967 296.929138 
297.692444 328.654175 
312.337250 327.255829 
470.939911 325.994995 
261.209869 310.432434 
436.695953 317.111084 
251.417221 342.462006 
429.532104 306.057159 
100.000374 427.994507 
416.035248 289.319305 
433.212006 313.159149 
261.541321 292.466736 
426.817230 313.219635 
390.354431 335.045746 
279.438019 388.100739 
162.932388 397.650726 
306.020905 335.284698 
273.838928 392.462280 
268.547424 280.671173 
396.769104 304.326416 
416.035248 289.319305 
417.743011 316.582001 
270.863129 302.470490 
240.078766 413.354889 
193.334061 370.088440 
408.878479 310.590057 
289.103760 407.335144 
400.002350 280.412445 
275.778839 286.625397 
300.264832 331.472626 
186.260406 380.610870 
274.985291 355.260010 
259.776184 284.312988 
288.635773 389.228424 
206.282623 282.181610 
602.784485 110.239052 
292.681427 300.056152 
285.433014 302.281097 
413.899872 357.771057 
261.647400 297.704407 
286.749725 320.764221 
321.520996 287.679291 
195.105438 335.027283 
194.829620 295.242798 
200.206024 340.865997 
242.926147 336.094910 
196.070480 412.897400 
190.812759 340.908661 
259.776184 284.312988 
285.433014 302.281097 
279.438019 388.100739 
286.354828 357.595398 
191.574142 382.322052 
416.035248 289.319305 
408.383545 416.772644 
428.061676 328.079132 
461.683685 333.470306 
273.076691 283.662201 
274.227173 291.140167 
461.683685 333.470306 
411.197845 303.686462 
191.848862 310.528351 
294.467621 379.745605 
165.629990 402.693298 
272.560822 283.464111 
186.260406 380.610870 
279.438019 388.100739 
270.822327 407.358887 
257.136261 372.674316 
294.467621 379.745605 
429.532104 306.057159 
409.262909 299.438141 
285.433014 302.281097 
198.123627 305.477814 
125.542656 394.281769 
278.692474 391.937408 
259.551025 322.143005 
176.935669 351.312073 
306.020905 335.284698 
320.809052 335.622772 
469.102631 322.570038 
469.102631 322.570038 
270.579132 386.873199 
289.123901 241.596329 
198.765991 293.675812 
469.054993 319.375092 
420.419922 408.156494 
297.692444 328.654175 
312.508606 346.708771 
275.417755 335.940216 
273.076691 283.662201 
261.209869 310.432434 
297.708832 288.600739 
292.899719 239.245346 
290.225311 228.182434 
279.438019 388.100739 
187.098053 411.072998 
279.997162 335.158875 
279.997162 335.158875 
281.197327 316.431946 
289.103760 407.335144 
279.438019 388.100739 
266.559967 296.929138 
357.342621 310.688507 
436.695953 317.111084 
259.551025 322.143005 
602.784485 110.239052 
455.042114 245.116364 
202.967697 358.771545 
270.863129 302.470490 
279.059174 397.280212 
196.070480 412.897400 
192.049500 381.246185 
173.850693 389.193115 
279.438019 388.100739 
289.123901 241.596329 
283.095459 316.729431 
408.383545 416.772644 
309.851593 302.095337 
274.227173 291.140167 
424.512573 374.959381 
457.904510 311.447968 
259.031464 318.943726 
273.076691 283.662201 
288.635773 389.228424 
270.579132 386.873199 
193.475830 411.532074 
200.774567 353.228119 
270.579132 386.873199 
424.229340 327.453979 
274.227173 291.140167 
205.941345 318.839600 
285.793304 380.251129 
313.463684 340.725708 
313.463684 340.725708 
433.212006 313.159149 
320.573975 301.282196 
167.854111 407.910309 
426.817230 313.219635 
283.932831 400.181366 
164.712708 428.053741 
392.865082 290.712250 
430.993408 338.789032 
411.020599 301.093292 
463.566162 297.980743 
184.741608 409.408875 
202.745239 395.110840 
442.905090 317.986755 
259.094116 339.459991 
289.103760 407.335144 
259.094116 339.459991 
414.995178 376.861511 
265.847412 402.274933 
301.271057 70.769470 
417.743011 316.582001 
414.995178 376.861511 
256.945068 368.050964 
416.035248 289.319305 
442.905090 317.986755 
263.149902 330.613281 
259.776184 284.312988 
393.896118 313.204346 
322.346558 341.616364 
424.407562 298.137177 
424.407562 298.137177 
418.309387 340.538361 
186.260406 380.610870 
206.366653 358.893402 
322.346558 341.616364 
202.745239 395.110840 
372.476227 338.784882 
246.616440 296.379578 
400.391632 303.677399 
380.777130 298.042267 
442.905090 317.986755 
286.163177 277.314056 
197.123596 283.199707 
197.123596 283.199707 
412.102325 275.996704 
300.264832 331.472626 
77.354362 444.153809 
320.573975 301.282196 
429.093842 275.693298 
433.212006 313.159149 
313.463684 340.725708 
304.918427 281.712250 
272.560822 283.464111 
261.647400 297.704407 
264.600189 326.637543 
274.743683 290.842316 
283.994537 259.783966 
272.560822 283.464111 
266.559967 296.929138 
287.197845 233.064957 
413.492615 350.109711 
284.755219 222.717361 
261.209869 310.432434 
463.135803 302.130127 
100.674408 448.103363 
292.899719 239.245346 
173.082443 411.949188 
408.878479 310.590057 
251.417221 342.462006 
391.780029 302.702972 
289.123901 241.596329 
288.635773 389.228424 
318.077637 236.816086 
304.487976 223.624222 
281.197327 316.431946 
283.095459 316.729431 
258.435486 329.587341 
183.064468 356.112274 
362.679596 309.333588 
416.035248 289.319305 
311.004395 237.990234 
412.786774 286.234283 
220.146301 338.357758 
246.616440 296.379578 
258.435486 329.587341 
195.105438 335.027283 
270.579132 386.873199 
420.419922 408.156494 
196.743423 363.056732 
444.666565 310.573547 
444.666565 310.573547 
415.069458 343.856842 
283.932831 400.181366 
225.002884 339.707794 
469.102631 322.570038 
288.635773 389.228424 
266.559967 296.929138 
196.073105 393.001617 
266.559967 296.929138 
393.896118 313.204346 
158.766388 400.930939 
158.766388 400.930939 
274.985291 355.260010 
283.932831 400.181366 
442.905090 317.986755 
306.745758 241.398041 
289.123901 241.596329 
285.793304 380.251129 
283.095459 316.729431 
362.679596 309.333588 
362.679596 309.333588 
311.004395 237.990234 
409.190308 373.369080 
475.993835 326.303986 
199.624985 301.418335 
282.947571 319.696655 
262.803009 332.920990 
275.694122 299.401672 
442.905090 317.986755 
194.360397 376.473938 
297.692444 328.654175 
163.680069 409.884674 
279.396942 285.160126 
275.207642 382.897736 
274.981506 380.056519 
354.445129 309.084167 
289.432861 276.908325 
252.934860 294.788635 
279.640778 299.378235 
274.743683 290.842316 
294.282776 71.315399 
294.282776 71.315399 
413.492615 350.109711 
274.717957 362.007843 
256.807068 346.998962 
318.077637 236.816086 
205.868530 323.370728 
393.850647 287.919556 
439.491150 329.333160 
274.743683 290.842316 
266.559967 296.929138 
282.947571 319.696655 
199.624985 301.418335 
262.209259 329.569611 
275.694122 299.401672 
275.694122 299.401672 
442.905090 317.986755 
167.854111 407.910309 
287.197845 233.064957 
186.260406 380.610870 
275.787079 69.361244 
277.866913 336.059448 
138.555588 397.377808 
424.229340 327.453979 
424.229340 327.453979 
180.383835 337.507690 
185.493835 366.294830 
194.368134 357.942413 
174.612976 338.091522 
272.205750 388.065369 
290.202179 281.916809 
265.357574 280.446014 
481.302002 344.352264 
275.175385 389.235596 
174.179352 323.814331 
270.863129 302.470490 
258.290344 346.734009 
193.475830 411.532074 
259.272675 340.154633 
247.922760 315.851837 
193.707626 311.537079 
274.743683 290.842316 
167.854111 407.910309 
318.077637 236.816086 
261.209869 310.432434 
289.171326 345.831879 
290.202179 281.916809 
290.202179 281.916809 
251.087708 395.090271 
261.541321 292.466736 
447.540833 277.355621 
447.540833 277.355621 
274.985291 355.260010 
249.274582 301.516846 
147.060944 405.688263 
454.288605 312.520050 
388.654541 366.934265 
388.654541 366.934265 
225.002884 339.707794 
288.635773 389.228424 
426.817230 313.219635 
465.665039 319.676941 
261.541321 292.466736 
289.123901 241.596329 
412.786774 286.234283 
316.241913 304.516357 
282.204834 303.058838 
294.282776 71.315399 
206.310989 382.770691 
246.616440 296.379578 
312.508606 346.708771 
360.570435 305.400238 
275.694122 299.401672 
270.579132 386.873199 
263.413513 345.093689 
283.303070 301.915222 
278.578644 401.671173 
448.401581 326.025879 
251.417221 342.462006 
412.786774 286.234283 
204.233170 321.513672 
208.737869 290.746338 
147.083893 405.148682 
306.745758 241.398041 
279.640778 299.378235 
287.559631 297.489594 
445.646240 334.104187 
246.190857 319.247894 
279.396942 285.160126 
180.383835 337.507690 
284.755219 222.717361 
276.087677 401.039459 
192.222992 367.818359 
187.539642 372.849182 
292.754059 365.028351 
169.829071 412.869812 
283.932831 400.181366 
283.932831 400.181366 
286.163177 277.314056 
442.905090 317.986755 
266.581360 346.246582 
282.204834 303.058838 
261.647400 297.704407 
290.202179 281.916809 
285.391724 244.434494 
239.035782 293.247101 
292.681427 300.056152 
300.458496 247.720398 
264.600189 326.637543 
190.615601 304.988708 
327.539703 347.241699 
378.313324 351.932251 
126.737907 406.953156 
287.526947 302.019501 
264.546417 390.181885 
184.458115 346.516663 
424.407562 298.137177 
424.229340 327.453979 
162.932388 397.650726 
279.438019 388.100739 
286.768005 266.382111 
286.768005 266.382111 
292.899719 239.245346 
283.095459 316.729431 
488.181396 338.406006 
188.614029 365.124237 
602.784485 110.239052 
264.042633 310.892303 
275.787079 69.361244 
412.786774 286.234283 
249.857849 394.390015 
249.857849 394.390015 
202.745239 395.110840 
242.686905 279.054260 
147.060944 405.688263 
452.158875 311.272278 
300.264832 331.472626 
275.778839 286.625397 
147.060944 405.688263 
332.573456 305.730774 
279.640778 299.378235 
292.899719 239.245346 
270.863129 302.470490 
185.493835 366.294830 
243.956161 295.086517 
265.847412 402.274933 
265.847412 402.274933 
321.924042 306.881134 
292.899719 239.245346 
279.640778 299.378235 
275.694122 299.401672 
307.880096 302.079803 
289.103760 407.335144 
431.929077 324.338043 
301.623474 304.932343 
277.449219 312.085480 
340.726257 294.399292 
548.230103 148.662918 
251.417221 342.462006 
357.342621 310.688507 
299.979218 246.066147 
286.764374 295.177826 
358.799591 76.830826 
257.787750 391.558197 
162.932388 397.650726 
584.457581 296.071472 
405.645660 364.533661 
306.020905 335.284698 
434.031921 320.269653 
479.862305 341.051422 
173.850693 389.193115 
289.306915 275.564362 
88.726181 398.850800 
206.310989 382.770691 
275.373657 381.286041 
400.391632 303.677399 
254.732605 345.246948 
100.532852 400.959991 
288.635773 389.228424 
292.899719 239.245346 
287.197845 233.064957 
190.996521 390.124084 
409.262909 299.438141 
247.823166 295.315613 
261.647400 297.704407 
147.060944 405.688263 
290.006317 264.027069 
277.121307 335.883972 
270.822327 407.358887 
198.123627 305.477814 
273.356201 374.337982 
167.178268 408.059692 
252.934860 294.788635 
184.755585 307.707062 
415.069458 343.856842 
251.087708 395.090271 
408.383545 416.772644 
459.650787 356.958923 
279.640778 299.378235 
405.645660 364.533661 
412.786774 286.234283 
408.383545 416.772644 
408.383545 416.772644 
289.121429 289.862366 
275.175385 389.235596 
291.277771 390.327454 
294.587891 381.300049 
294.587891 381.300049 
199.382248 344.516083 
208.234283 272.094208 
288.162231 230.648590 
272.205750 388.065369 
290.202179 281.916809 
290.202179 281.916809 
197.459061 328.117157 
208.242661 274.321167 
270.579132 386.873199 
240.005951 326.960205 
147.060944 405.688263 
170.457657 410.397522 
431.698669 306.464172 
412.572784 383.609467 
285.793304 380.251129 
195.987854 372.496521 
273.356201 374.337982 
428.061676 328.079132 
289.121429 289.862366 
412.786774 286.234283 
277.121307 335.883972 
258.435486 329.587341 
199.390396 340.783325 
258.435486 329.587341 
180.383835 337.507690 
203.903610 299.792847 
279.396942 285.160126 
412.572784 383.609467 
417.919647 410.907288 
214.156189 414.723480 
327.539703 347.241699 
257.136261 372.674316 
257.136261 372.674316 
279.396942 285.160126 
274.227173 291.140167 
245.420044 336.410278 
261.209869 310.432434 
289.121429 289.862366 
289.557800 238.928925 
147.060944 405.688263 
393.850647 287.919556 
301.451782 283.621246 
278.578644 401.671173 
452.158875 311.272278 
289.284180 393.227173 
290.202179 281.916809 
608.335449 405.683380 
292.681427 300.056152 
195.105438 335.027283 
277.866913 336.059448 
362.043976 312.364594 
288.162231 230.648590 
190.812759 340.908661 
246.616440 296.379578 
265.847412 402.274933 
265.847412 402.274933 
283.932831 400.181366 
187.539642 372.849182 
304.918427 281.712250 
283.932831 400.181366 
269.669037 290.760010 
147.060944 405.688263 
273.076691 283.662201 
192.049500 381.246185 
479.862305 341.051422 
99.566833 395.737854 
169.829071 412.869812 
198.765991 293.675812 
304.918427 281.712250 
178.642151 266.009552 
