500
385.506989 388.852295 
453.380463 231.897324 
471.837097 238.041641 
460.400543 224.241867 
480.698212 198.632751 
476.635162 239.344788 
475.469971 194.861237 
499.006378 212.602310 
499.224030 213.309479 
487.472534 199.996902 
460.109894 223.441711 
483.461273 190.355270 
485.265594 194.785385 
245.896713 231.918381 
477.616577 200.449936 
472.496033 238.946793 
416.237305 261.594849 
455.625458 219.855743 
453.532776 219.568619 
426.187927 267.344818 
438.820221 223.463730 
412.948944 222.443085 
450.449097 228.160751 
450.497864 227.566467 
392.253265 390.279602 
418.688660 232.780334 
419.208984 232.677444 
427.357513 267.696564 
416.836914 261.113037 
468.920044 233.207108 
468.996887 233.351181 
491.950867 268.080566 
433.092773 216.191467 
426.391754 218.945129 
488.659576 197.813354 
455.863495 279.359741 
469.780518 233.442810 
185.139893 330.367493 
446.061829 239.059998 
437.175903 191.928864 
417.463348 229.224258 
452.556030 247.821045 
443.379181 221.279144 
443.335907 220.590134 
473.180206 233.610489 
220.875183 200.060715 
221.469376 200.330612 
472.622803 248.342728 
475.863342 253.342041 
118.771545 360.176239 
501.057495 237.635727 
236.753830 213.997253 
469.155701 214.632385 
482.839203 191.689438 
467.175232 239.234482 
453.839996 277.710266 
424.011810 269.842285 
502.595276 214.078186 
432.838196 223.042953 
438.124786 218.982147 
350.660736 218.050522 
217.751556 227.601089 
474.284607 227.762741 
241.297592 266.091553 
485.245789 248.577927 
339.481628 217.398972 
444.152191 217.529251 
442.756683 209.873672 
430.991577 222.423874 
292.807129 200.391083 
477.420166 250.447815 
475.633148 254.822800 
469.046783 193.166885 
237.705139 214.002701 
429.653961 221.737976 
454.286255 253.191605 
258.718750 195.151413 
118.079704 360.485474 
462.919373 254.995239 
475.378906 211.698151 
440.862640 201.382996 
456.580750 212.277695 
495.669281 216.525818 
183.070358 329.747833 
311.098297 278.970520 
291.507111 189.882538 
460.693756 221.403214 
460.952057 221.133881 
290.416107 188.581863 
444.916168 284.736786 
436.453400 252.579132 
314.637177 277.512238 
477.390442 227.550339 
478.454865 231.517487 
342.228333 213.336273 
422.766235 270.293579 
471.862610 210.279297 
449.728516 207.182205 
420.224854 228.400513 
336.621826 242.453476 
429.029053 222.890533 
473.876984 226.937515 
455.690308 243.086426 
253.056992 329.753937 
476.443207 210.209229 
483.702820 229.438843 
440.333740 200.796509 
266.319733 143.737717 
294.982117 163.270966 
441.131744 198.994675 
438.998138 200.919327 
457.462158 212.850571 
484.797760 193.085327 
448.348572 216.112732 
313.334686 180.378937 
448.063782 223.600327 
313.609283 181.475815 
315.625214 276.738953 
218.060318 203.691299 
439.715118 206.709900 
171.678482 340.813751 
289.654449 165.507187 
482.200562 208.129578 
119.344109 367.901917 
436.332794 226.580765 
327.444763 242.615799 
347.606354 231.717026 
487.452209 253.028503 
472.971191 192.587036 
460.489410 206.868530 
477.733826 228.211914 
463.117126 220.887161 
445.319153 214.910843 
210.673325 196.873795 
459.509827 220.808990 
454.004517 197.295837 
455.405304 200.519882 
124.073280 358.581329 
336.078064 263.015656 
347.521667 214.713257 
163.547180 348.080933 
418.733673 228.432098 
310.490570 269.410095 
217.597763 201.334381 
336.521332 236.765503 
409.789520 256.887695 
409.823242 257.302277 
294.897858 201.270309 
469.825623 224.688889 
288.636597 165.905716 
509.031677 208.939148 
300.208954 338.536713 
473.226471 191.528610 
443.860321 250.403015 
291.470215 170.573074 
415.159454 199.998611 
408.675995 257.622620 
284.338959 220.687485 
480.371521 260.497803 
148.430161 228.970596 
212.306519 197.018814 
318.804321 362.654358 
309.284515 185.201736 
434.975006 260.079742 
444.737213 196.528961 
445.156433 195.985825 
388.642853 375.124908 
436.167358 251.901321 
115.265945 347.821259 
256.686829 195.607056 
251.569397 330.376740 
257.983459 224.956467 
246.308411 239.274460 
454.447449 243.365128 
338.360077 211.904373 
329.268341 242.898239 
300.392975 338.348663 
469.757233 260.276428 
479.454834 204.965393 
487.734802 230.163132 
483.046143 210.592773 
440.225250 235.719254 
266.267609 139.225967 
311.756226 322.241821 
402.649292 259.199219 
90.779564 329.365723 
203.799118 346.088409 
498.888885 270.644104 
321.012512 318.175751 
412.924469 229.103012 
478.496979 207.500641 
291.116333 186.837341 
91.564331 329.835907 
342.628479 214.159790 
521.098816 436.673004 
309.479492 341.615753 
426.586975 244.672531 
309.960236 270.835297 
216.781448 246.309509 
217.147476 245.951736 
424.107605 388.581940 
486.680603 261.664093 
455.071899 242.241531 
153.054504 237.520538 
143.413666 229.467377 
486.983704 253.691315 
343.081940 219.674149 
447.103516 193.067688 
256.873901 197.485184 
415.893463 206.184464 
174.991211 351.859558 
271.828430 310.610199 
146.605087 251.137436 
205.847992 344.573761 
480.066711 231.884491 
215.607285 191.404312 
429.767059 202.466522 
289.776459 168.517517 
283.885529 217.539230 
433.909882 243.415894 
444.037384 192.521576 
509.712402 256.410950 
213.365311 227.407654 
514.521362 215.660385 
405.927979 207.468094 
356.476471 231.919800 
447.424133 196.111877 
491.574768 247.817764 
223.130936 201.081848 
454.443939 274.576538 
479.391998 207.700485 
204.949081 192.177109 
51.317047 311.106567 
333.953064 236.952393 
266.598022 314.231323 
215.882553 188.698410 
454.216064 202.652359 
449.409027 281.476318 
246.188156 181.979462 
408.516357 227.614761 
476.886200 185.914627 
277.954132 316.842102 
332.832550 218.665146 
298.064026 193.100067 
297.512817 193.124481 
268.198914 146.101501 
415.594452 209.087570 
265.331665 230.575470 
344.504150 244.966599 
466.145966 207.142761 
258.032715 226.228745 
330.808289 213.296997 
466.228546 274.259338 
77.436989 319.977417 
250.281219 175.976105 
337.346588 264.702881 
290.698181 173.847443 
248.387451 184.722076 
241.428619 251.939346 
243.263123 327.784302 
137.205933 234.782486 
307.286835 341.231964 
277.358643 318.034393 
447.259308 224.446945 
232.870010 213.045731 
459.326447 192.087021 
51.253273 306.947327 
464.767517 224.417969 
213.125015 189.625305 
286.095032 188.703186 
141.847855 232.789413 
229.187378 193.955307 
421.994202 232.669220 
454.966095 201.647659 
246.267273 187.612473 
247.427948 235.573318 
409.130341 226.773300 
452.379303 210.324860 
236.434601 178.818359 
116.228767 346.046112 
297.782135 254.489594 
154.457703 349.265045 
318.390930 171.677536 
336.647644 210.054214 
145.664688 241.999344 
146.209671 242.334015 
162.561829 344.678345 
311.549316 177.664429 
421.939453 258.685944 
479.827209 253.257080 
296.289185 198.740112 
237.476105 189.229248 
248.240860 227.563034 
514.719055 217.582260 
480.591888 244.550018 
244.765274 226.597412 
308.614655 185.569000 
144.072876 234.656677 
475.441101 245.267715 
276.389801 329.970612 
505.428192 239.228439 
491.947266 231.499207 
229.199844 195.374512 
247.861328 226.352798 
346.718689 208.824356 
344.335663 240.859207 
472.969604 189.549072 
234.052368 186.844788 
274.593597 330.095123 
249.066437 184.639572 
267.910004 144.536240 
422.377289 195.807526 
328.930328 241.075256 
245.524445 227.177521 
234.962738 186.864227 
519.484314 249.740601 
238.871078 327.525055 
270.873993 305.055786 
480.709290 256.877594 
291.446747 267.140533 
482.965668 204.144958 
469.019379 211.364059 
97.904732 344.235321 
164.439911 344.420197 
123.327278 345.838806 
507.156189 241.176178 
213.933197 225.113586 
229.090988 193.150406 
422.419647 213.563156 
149.909515 241.834595 
222.885727 206.522629 
267.652130 136.707382 
268.575195 299.846069 
221.067032 207.892120 
314.033081 279.997681 
158.945023 280.095947 
346.210571 209.843353 
217.042404 224.995911 
264.181122 232.427567 
244.346237 339.794830 
462.194031 233.512207 
321.234406 336.869720 
469.286804 270.763550 
154.274841 239.087433 
155.960251 348.822083 
522.760193 233.210480 
233.639801 219.498215 
248.618805 179.863693 
437.614716 186.050339 
321.454498 318.971313 
369.201813 345.954285 
203.508667 191.379761 
213.835129 236.299408 
436.631714 234.182556 
212.176910 257.702484 
150.424469 245.650299 
43.104763 347.265991 
233.482452 335.916534 
511.643127 241.435455 
310.561890 342.239441 
465.590759 224.269592 
407.555786 229.525131 
293.072998 265.480408 
349.027679 250.185608 
59.545513 333.088562 
228.482346 229.328751 
322.834015 336.758362 
219.839111 206.212524 
140.137543 235.660950 
506.246124 213.313507 
150.315872 225.613251 
416.721466 199.691833 
215.821045 208.454163 
269.529907 147.077652 
496.405548 234.997147 
269.632599 301.751648 
227.807236 177.758682 
309.620239 224.061386 
244.444305 224.728958 
407.924438 201.230774 
274.391296 284.349365 
278.460114 209.986755 
293.835876 265.149780 
290.602478 264.308136 
278.889557 208.209000 
299.278595 110.299019 
110.230438 355.415344 
232.978027 219.450806 
122.618179 346.934601 
514.523560 245.769791 
341.082001 237.221695 
275.502258 337.885132 
256.433777 192.976257 
488.975403 194.954147 
272.933868 301.257568 
402.699066 208.518265 
160.369324 344.687012 
237.628998 189.552307 
360.613831 215.802948 
416.611420 212.894913 
296.922455 254.368729 
266.322754 229.384552 
251.949646 196.152786 
459.515350 255.202072 
471.290375 273.976135 
287.565002 212.162613 
502.442902 276.652527 
146.427399 253.477539 
146.845322 288.252075 
460.244781 269.729584 
235.760849 192.030594 
205.011581 181.080399 
451.627289 182.800873 
289.884949 264.094757 
138.865860 287.339478 
476.164917 183.115250 
232.246918 190.523453 
237.731598 236.824539 
415.355957 212.548492 
424.241974 192.043777 
329.787415 241.477295 
322.303009 341.533569 
467.837341 168.163971 
465.665558 270.771729 
465.853638 271.246643 
315.711670 130.612549 
248.764053 236.464432 
327.921539 258.200897 
266.580780 316.853577 
266.660736 315.534149 
353.350647 244.621735 
282.158936 164.509048 
269.056030 149.507660 
227.957962 197.168549 
167.148773 358.505463 
237.116135 236.096756 
276.728882 282.550598 
433.457458 240.750488 
299.771942 169.073502 
525.083252 236.773621 
269.529846 308.077057 
359.480835 213.171799 
461.142151 288.183105 
238.754730 183.500412 
259.798096 230.915665 
162.009460 359.982849 
297.370148 166.683060 
238.150620 326.893646 
250.669128 287.362732 
424.614136 234.329758 
251.041138 286.581909 
309.510864 180.676666 
287.359192 213.404556 
136.771866 302.987122 
286.648590 109.533501 
322.777039 177.062225 
94.874336 317.723511 
94.989006 317.818146 
187.810043 343.291260 
207.356964 193.788300 
153.644501 228.653061 
262.757385 348.520966 
214.061234 222.645111 
323.316376 234.207138 
238.678558 250.087555 
225.096817 208.164368 
238.560867 182.934814 
201.546738 196.004898 
270.992432 332.340576 
512.354248 245.743256 
237.224060 182.103546 
17.113176 366.469666 
310.100525 280.176117 
326.548431 341.158569 
436.342041 250.411713 
138.488327 237.480957 
287.064056 90.533890 
287.086761 90.585007 
401.723145 209.547394 
373.795227 256.703033 
406.017578 226.780914 
340.917908 291.721283 
256.544312 221.066711 
309.483643 345.343719 
279.952209 208.148148 
119.132904 346.044434 
305.221619 224.773392 
292.345306 176.609634 
291.807770 211.285492 
272.273346 301.133636 
241.950378 190.879517 
350.093262 251.765533 
281.833771 290.684143 
156.980957 348.603424 
157.308762 349.244690 
128.439423 196.594116 
268.537170 135.985901 
124.702309 276.124817 
460.160126 269.354584 
180.871384 352.947479 
