500
374.415436 409.603607 
378.252960 411.017822 
378.252960 411.017822 
221.092621 75.036987 
221.092621 75.036987 
388.862305 397.252197 
179.397141 55.407864 
236.569214 211.411835 
178.480759 111.217651 
178.480759 111.217651 
388.861511 387.729401 
324.721466 176.343857 
352.741577 385.800293 
379.596863 392.148560 
236.569214 211.411835 
208.902908 126.428185 
392.270294 384.898560 
324.721466 176.343857 
388.862305 397.252197 
376.755280 426.645874 
349.682892 426.575592 
360.377594 388.651703 
308.638367 345.684723 
291.652771 217.325729 
267.634949 192.780167 
202.249969 31.739988 
202.249969 31.739988 
291.652771 217.325729 
322.158936 234.546936 
322.158936 234.546936 
319.408112 331.585236 
319.408112 331.585236 
267.634949 192.780167 
320.584839 250.131607 
293.227783 61.842342 
322.288971 241.852615 
279.895416 70.539345 
349.682892 426.575592 
176.358932 58.557346 
331.848907 153.703049 
352.741577 385.800293 
287.744446 68.664932 
287.744446 68.664932 
320.584839 250.131607 
175.869308 67.406921 
244.352051 252.871750 
238.080490 73.159660 
196.826538 32.950035 
351.944977 427.913330 
351.944977 427.913330 
352.741577 385.800293 
352.741577 385.800293 
347.646637 388.374786 
308.638367 345.684723 
363.299500 374.304413 
185.186859 119.323120 
461.510712 180.736267 
461.510712 180.736267 
387.122437 201.509460 
394.318634 397.649200 
287.592651 62.931564 
287.592651 62.931564 
360.377594 388.651703 
375.833252 383.994019 
184.821777 118.002617 
273.787720 69.899529 
382.817444 393.384674 
343.106293 363.338440 
349.558990 257.664520 
284.064087 67.501442 
340.863647 373.348083 
347.358551 431.724884 
320.584839 250.131607 
397.728058 393.061859 
363.299500 374.304413 
292.370941 215.517258 
395.960052 393.501373 
314.676544 142.033478 
267.634949 192.780167 
316.213806 324.213867 
339.824219 177.011826 
351.318268 165.476242 
379.596863 392.148560 
339.592285 388.857208 
300.582092 259.449097 
382.705688 390.992157 
320.651825 160.551483 
350.730652 142.114456 
338.387207 377.346558 
314.676544 142.033478 
352.980347 422.088379 
379.596863 392.148560 
170.171555 53.973873 
345.251953 121.312912 
345.962799 339.097015 
333.458801 60.674515 
351.866791 253.465546 
352.654358 423.238708 
360.451691 375.505096 
343.162994 368.548767 
204.295120 32.188530 
299.664642 251.202438 
217.947113 243.668365 
350.730652 142.114456 
185.146790 63.010010 
319.408112 331.585236 
350.055573 331.978943 
324.721466 176.343857 
167.455887 56.572868 
350.754730 370.367401 
178.480759 111.217651 
188.965530 103.658020 
234.455521 137.170624 
396.360565 342.862701 
392.270294 384.898560 
363.587036 377.505615 
350.055573 331.978943 
299.664642 251.202438 
293.893707 426.784668 
221.188263 259.862946 
217.947113 243.668365 
302.335815 218.961761 
175.254211 104.256371 
324.862976 259.341095 
220.361008 188.709869 
168.583755 63.254597 
198.152115 250.005768 
291.046814 216.260788 
380.997559 230.899231 
190.995346 102.791069 
352.656250 393.937622 
222.254425 205.414429 
350.730652 142.114456 
297.750153 61.661617 
292.370941 215.517258 
347.646637 388.374786 
217.947113 243.668365 
344.749359 335.965607 
344.749359 335.965607 
176.840485 71.607109 
184.831070 37.043022 
224.916428 213.446426 
314.676544 142.033478 
393.977417 197.618073 
344.366699 341.366180 
306.125275 257.753052 
219.271912 236.093536 
221.092621 75.036987 
223.606979 218.313904 
405.686066 169.330551 
333.449493 403.461517 
355.113892 148.068771 
379.055115 216.246796 
325.879211 254.037491 
191.488510 100.649994 
359.045868 393.286743 
388.862305 397.252197 
280.525269 165.725311 
314.676544 142.033478 
195.466934 126.947708 
324.862976 259.341095 
291.791748 424.779816 
324.721466 176.343857 
342.518402 228.872299 
363.587036 377.505615 
354.718781 419.735718 
366.993134 386.441254 
322.662231 262.303650 
225.424332 257.865997 
381.913879 332.509735 
375.833252 383.994019 
222.254425 205.414429 
244.352051 252.871750 
176.840485 71.607109 
355.480225 259.868286 
317.688629 135.648956 
362.079926 159.080399 
387.122437 201.509460 
314.231476 138.411606 
376.755280 426.645874 
165.767151 46.834293 
379.596863 392.148560 
333.458801 60.674515 
221.092621 75.036987 
313.505127 269.834686 
224.916428 213.446426 
324.305695 252.414917 
350.751282 194.903030 
167.455887 56.572868 
314.676544 142.033478 
299.664642 251.202438 
352.844482 327.437866 
223.535065 219.605438 
325.879211 254.037491 
355.761719 395.411560 
371.965332 320.716431 
355.480225 259.868286 
223.535065 219.605438 
354.872498 365.389954 
354.872498 365.389954 
343.252350 58.233952 
366.523773 157.121277 
336.796722 137.457901 
360.377594 388.651703 
395.960052 393.501373 
354.935333 148.917267 
198.771301 256.708252 
349.118439 334.054535 
184.831070 37.043022 
361.822357 352.434662 
339.824219 177.011826 
210.496613 166.386047 
205.646057 163.643982 
193.268326 100.412178 
296.127411 138.748276 
296.127411 138.748276 
374.645660 351.639374 
318.158600 232.198700 
346.724609 324.244751 
222.939255 263.970337 
316.537994 338.464661 
314.676544 142.033478 
314.676544 142.033478 
226.920380 420.011475 
359.648071 340.046448 
324.305695 252.414917 
224.916428 213.446426 
313.505127 269.834686 
355.985077 344.004700 
313.542450 162.716583 
383.936890 222.265289 
362.079926 159.080399 
357.266602 315.323761 
363.971436 346.676544 
348.185883 207.771103 
384.710114 397.670013 
298.782745 261.601562 
365.447906 334.010223 
314.676544 142.033478 
344.163208 130.624390 
342.518402 228.872299 
185.186859 119.323120 
196.498413 138.498795 
236.569214 211.411835 
225.424332 257.865997 
217.311905 249.161407 
346.718781 353.835205 
273.787720 69.899529 
345.573059 60.398464 
348.185883 207.771103 
210.496613 166.386047 
374.430756 215.116852 
185.186859 119.323120 
325.432922 434.162323 
325.432922 434.162323 
181.881775 32.872654 
181.881775 32.872654 
381.711426 223.992813 
382.069427 352.073425 
298.782745 261.601562 
193.439651 50.639248 
396.566498 176.552811 
370.890106 314.589661 
382.069427 352.073425 
347.681427 117.275787 
335.014252 127.096191 
198.576416 161.421143 
314.676544 142.033478 
298.782745 261.601562 
210.886139 171.077896 
353.184082 168.708099 
317.688629 135.648956 
348.185883 207.771103 
345.573059 60.398464 
220.361008 188.709869 
322.662231 262.303650 
298.782745 261.601562 
298.782745 261.601562 
376.475983 340.563232 
395.080353 382.962097 
175.184143 85.866661 
346.724609 324.244751 
361.494415 150.607941 
321.945465 242.610291 
400.788574 173.808853 
355.597046 200.655426 
220.705704 221.453491 
354.351318 330.373383 
366.523773 157.121277 
165.767151 46.834293 
308.252960 165.692734 
335.014252 127.096191 
395.040192 344.137390 
388.862305 397.252197 
380.534271 352.416809 
219.140045 176.733948 
352.279999 272.091400 
331.919464 262.315704 
384.370758 419.764313 
221.092621 75.036987 
236.569214 211.411835 
331.247650 149.242249 
317.155487 135.121964 
343.252350 58.233952 
346.668335 383.855255 
291.652771 217.325729 
366.299194 162.475067 
176.671616 88.039360 
279.895416 70.539345 
221.092621 75.036987 
219.271912 236.093536 
205.705307 112.010223 
306.125275 257.753052 
385.789642 363.710602 
348.088776 258.244598 
386.266022 344.525940 
331.247650 149.242249 
299.664642 251.202438 
389.905853 204.569992 
377.615997 222.502502 
339.587738 133.724258 
182.930649 67.412247 
347.681427 117.275787 
177.484802 91.436714 
165.767151 46.834293 
335.014252 127.096191 
338.006683 395.214630 
178.480759 111.217651 
339.587738 133.724258 
339.587738 133.724258 
336.796722 137.457901 
307.335999 194.138062 
339.824219 177.011826 
365.953217 361.351868 
359.710083 379.911285 
390.574921 173.339325 
359.710083 379.911285 
364.649536 330.837860 
238.080490 73.159660 
335.014252 127.096191 
331.247650 149.242249 
318.140381 183.521362 
425.813599 183.425278 
391.407501 349.162415 
294.395233 74.063095 
342.295898 202.053726 
320.651825 160.551483 
394.318634 397.649200 
316.537994 338.464661 
201.495743 205.116928 
366.993134 386.441254 
205.646057 163.643982 
238.080490 73.159660 
352.844482 327.437866 
315.039825 132.308670 
354.935333 148.917267 
381.711426 223.992813 
370.164551 330.546143 
410.670807 169.379974 
388.183868 196.870453 
281.282074 238.352020 
319.133392 159.544846 
307.335999 194.138062 
307.335999 194.138062 
218.997192 217.890976 
179.490921 61.383732 
364.961243 314.583527 
352.656250 393.937622 
393.971252 163.440247 
393.971252 163.440247 
397.306763 402.268494 
377.554626 359.682037 
384.808502 354.876495 
322.662231 262.303650 
382.462250 378.467377 
350.751282 194.903030 
345.573059 60.398464 
355.985077 344.004700 
356.627747 347.910889 
349.320435 273.550049 
363.326996 155.483978 
193.268326 100.412178 
348.088776 258.244598 
366.812805 353.704163 
281.282074 238.352020 
306.349426 256.345947 
324.750671 288.376373 
345.544159 55.521942 
361.494415 150.607941 
370.164551 330.546143 
177.421936 100.038620 
321.753784 273.864471 
317.155487 135.121964 
362.214966 359.953766 
362.214966 359.953766 
343.689575 322.597626 
396.566498 176.552811 
374.430756 215.116852 
382.758575 364.579865 
333.449493 403.461517 
370.445435 354.804932 
364.853363 368.291016 
348.179474 114.330307 
348.179474 114.330307 
219.140045 176.733948 
388.862305 397.252197 
219.140045 176.733948 
342.295898 202.053726 
307.335999 194.138062 
363.247803 356.203125 
339.587738 133.724258 
210.496613 166.386047 
346.054138 389.438904 
221.092621 75.036987 
300.582092 259.449097 
331.430664 152.608688 
321.753784 273.864471 
353.441559 137.569061 
367.103027 202.805817 
210.496613 166.386047 
370.890106 314.589661 
221.092621 75.036987 
360.848175 361.823151 
360.848175 361.823151 
377.615997 222.502502 
378.084259 218.025467 
356.975769 353.450165 
220.705704 221.453491 
356.975769 353.450165 
319.133392 159.544846 
367.103027 202.805817 
377.097168 372.230896 
348.185883 207.771103 
394.318634 397.649200 
336.796722 137.457901 
356.943878 322.383759 
359.421173 147.091721 
396.566498 176.552811 
334.685242 356.294830 
359.148895 318.006531 
313.542450 162.716583 
336.796722 137.457901 
320.651825 160.551483 
232.554474 283.473053 
319.133392 159.544846 
315.025146 164.444885 
196.498413 138.498795 
382.758575 364.579865 
302.449036 62.278622 
379.596863 392.148560 
371.045807 152.179932 
400.908081 343.353760 
397.796967 387.512817 
382.758575 364.579865 
179.397141 55.407864 
353.969482 256.973480 
238.080490 73.159660 
299.664642 251.202438 
346.054138 389.438904 
359.421173 147.091721 
395.799652 383.888153 
355.985077 344.004700 
383.936890 222.265289 
345.573059 60.398464 
402.144928 350.031036 
349.540497 246.055771 
353.441559 137.569061 
364.961243 314.583527 
219.140045 176.733948 
338.387207 377.346558 
312.527435 349.242859 
390.574921 173.339325 
355.597046 200.655426 
367.103027 202.805817 
402.993774 382.911957 
402.383911 359.434387 
374.430756 215.116852 
167.313736 38.892750 
201.495743 205.116928 
339.587738 133.724258 
345.544159 55.521942 
345.861755 312.575836 
314.952728 184.868958 
334.112091 358.759979 
355.822510 132.646332 
331.247650 149.242249 
377.097168 372.230896 
219.271912 236.093536 
292.298645 67.250755 
176.840485 71.607109 
355.113892 148.068771 
317.929901 256.412292 
331.430664 152.608688 
346.054138 389.438904 
182.930649 67.412247 
300.582092 259.449097 
402.264954 346.346619 
238.080490 73.159660 
359.560699 200.546768 
388.527924 352.330078 
