500
460.019836 150.564499 
457.731689 150.022873 
457.731689 150.022873 
462.654633 174.356155 
413.592957 187.075745 
413.592957 187.075745 
340.224762 207.505112 
476.565643 157.413513 
450.265594 194.715302 
457.731689 150.022873 
173.088928 342.505920 
462.472626 156.931305 
472.439880 215.422165 
446.751984 193.992523 
419.849457 185.489410 
463.047546 145.669342 
141.169647 258.157623 
446.302917 176.731934 
408.779205 194.632217 
445.375244 196.840378 
407.806580 195.127258 
407.806580 195.127258 
441.651367 179.263153 
171.880875 411.296600 
301.618835 272.829620 
486.019928 146.699539 
469.452942 173.809311 
419.849457 185.489410 
216.718201 241.518448 
301.618835 272.829620 
249.639435 263.937927 
457.906494 142.609207 
412.600433 177.740524 
482.412506 188.582748 
241.934341 220.772339 
441.651367 179.263153 
236.856094 110.614578 
443.365723 181.833374 
236.856094 110.614578 
462.654633 174.356155 
463.047546 145.669342 
457.151123 188.782120 
256.952881 231.232742 
216.079453 241.896881 
463.149994 145.389389 
445.388031 176.234314 
156.287643 300.323242 
156.287643 300.323242 
457.906494 142.609207 
331.488220 207.708313 
468.266479 217.479614 
218.526138 401.642212 
445.388031 176.234314 
441.651367 179.263153 
339.876862 250.263916 
147.352463 427.811096 
445.388031 176.234314 
445.388031 176.234314 
469.927979 195.493118 
266.229126 183.755829 
328.799469 237.632095 
162.158417 420.427307 
445.238831 143.503540 
462.654633 174.356155 
446.302917 176.731934 
477.902130 152.618622 
477.902130 152.618622 
343.194305 252.394592 
245.541794 259.096954 
141.169647 258.157623 
423.496979 179.203827 
423.417664 173.969360 
462.472626 156.931305 
256.952881 231.232742 
420.324341 167.377930 
466.446777 185.601639 
218.526138 401.642212 
218.526138 401.642212 
328.799469 237.632095 
205.759964 238.782578 
456.879059 154.650711 
463.047546 145.669342 
457.906494 142.609207 
462.654633 174.356155 
338.317963 250.585953 
211.472763 212.631287 
462.472626 156.931305 
328.799469 237.632095 
303.310394 271.896118 
306.520050 326.481049 
249.639435 263.937927 
333.492065 202.685852 
205.759964 238.782578 
216.079453 241.896881 
301.618835 272.829620 
466.845367 177.567551 
437.339355 183.880386 
437.339355 183.880386 
274.695679 211.267853 
403.821106 205.000443 
322.836151 237.595474 
445.447693 158.590210 
340.224762 207.505112 
438.665222 356.120483 
470.159454 198.760406 
303.313416 261.411713 
448.096100 172.620758 
326.760010 238.802994 
326.760010 238.802994 
437.339355 183.880386 
441.651367 179.263153 
441.651367 179.263153 
256.952881 231.232742 
462.587097 139.336441 
232.077042 243.858597 
215.408707 238.935074 
423.417664 173.969360 
205.759964 238.782578 
235.538773 168.499237 
343.194305 252.394592 
343.194305 252.394592 
407.806580 195.127258 
412.980835 197.597549 
396.553253 182.520035 
409.773163 224.507812 
409.773163 224.507812 
437.339355 183.880386 
339.876862 250.263916 
162.158417 420.427307 
457.200378 152.524658 
451.502838 205.500854 
414.837067 151.056839 
281.299835 181.617050 
301.618835 272.829620 
445.238831 143.503540 
205.759964 238.782578 
232.077042 243.858597 
301.618835 272.829620 
216.718201 241.518448 
423.496979 179.203827 
208.622070 238.111923 
446.999908 141.941803 
240.422470 162.168121 
137.132233 248.831131 
222.967026 370.531128 
472.439880 215.422165 
215.408707 238.935074 
419.916321 158.879547 
330.550690 234.429550 
420.324341 167.377930 
414.837067 151.056839 
445.233215 140.272278 
162.158417 420.427307 
230.493790 260.843842 
433.621124 190.104156 
486.019928 146.699539 
398.101135 175.426468 
198.669983 234.592072 
306.520050 326.481049 
436.132660 186.402771 
466.446777 185.601639 
419.916321 158.879547 
174.739929 366.102509 
174.739929 366.102509 
488.425995 175.540222 
155.793182 283.728424 
403.083038 190.721375 
394.175598 186.638153 
414.837067 151.056839 
158.462219 286.217438 
332.745667 230.573410 
272.715088 349.113312 
211.472763 212.631287 
445.233215 140.272278 
155.793182 283.728424 
404.872406 178.917297 
407.806580 195.127258 
338.317963 250.585953 
390.512573 174.568741 
482.412506 188.582748 
425.589294 151.570114 
451.150116 176.118759 
214.780975 264.006744 
456.879059 154.650711 
145.815384 297.371643 
451.150116 176.118759 
294.239532 181.867020 
457.151123 188.782120 
346.574402 311.293243 
300.600830 271.362579 
137.132233 248.831131 
330.708466 207.029785 
409.773163 224.507812 
493.916107 182.999039 
303.313416 261.411713 
343.194305 252.394592 
468.266479 217.479614 
468.266479 217.479614 
398.101135 175.426468 
411.520569 183.891403 
293.064575 185.912491 
461.054657 185.847504 
351.536011 242.941254 
332.745667 230.573410 
331.568481 231.654465 
230.493790 260.843842 
218.356461 230.691513 
221.677063 395.890289 
413.592957 187.075745 
462.472626 156.931305 
246.347565 218.290604 
497.435730 177.093811 
250.173767 233.600601 
249.639435 263.937927 
174.739929 366.102509 
466.446777 185.601639 
445.388031 176.234314 
285.760651 190.903091 
412.600433 177.740524 
230.493790 260.843842 
245.541794 259.096954 
224.550919 281.292419 
224.550919 281.292419 
156.779282 425.200806 
230.542953 209.354431 
240.600372 254.679581 
285.760651 190.903091 
230.493790 260.843842 
351.536011 242.941254 
244.687820 254.476807 
285.085480 347.549164 
437.380127 142.111832 
451.150116 176.118759 
249.639435 263.937927 
388.038116 190.529785 
469.927979 195.493118 
342.295258 339.651917 
461.054657 185.847504 
306.710571 219.610001 
194.352081 234.013672 
343.194305 252.394592 
294.239532 181.867020 
162.717834 411.089294 
438.945923 167.556122 
141.169647 258.157623 
201.433929 232.728912 
269.474548 223.855072 
423.417664 173.969360 
249.639435 263.937927 
250.173767 233.600601 
450.265594 194.715302 
196.314194 223.602539 
433.621124 190.104156 
330.550690 234.429550 
250.173767 233.600601 
285.085480 347.549164 
232.077042 243.858597 
326.760010 238.802994 
342.295258 339.651917 
453.846069 173.916107 
342.595551 255.766098 
321.099335 210.284317 
147.826920 292.497131 
338.512451 231.701401 
232.077042 243.858597 
244.883377 259.968170 
398.101135 175.426468 
311.789154 334.624878 
155.793182 283.728424 
406.828247 179.735504 
452.038757 238.994400 
306.520050 326.481049 
269.474548 223.855072 
274.695679 211.267853 
456.879059 154.650711 
342.595551 255.766098 
241.376617 221.754074 
404.024261 228.831848 
443.365723 181.833374 
270.356476 202.834732 
454.808777 233.915253 
244.687820 254.476807 
230.542953 209.354431 
433.350891 147.447571 
398.101135 175.426468 
219.811935 210.145401 
224.375626 262.346130 
250.173767 233.600601 
224.375626 262.346130 
256.952881 231.232742 
482.412506 188.582748 
230.493790 260.843842 
466.446777 185.601639 
244.687820 254.476807 
241.934341 220.772339 
466.446777 185.601639 
466.446777 185.601639 
388.921600 193.244507 
230.886932 207.865326 
218.356461 230.691513 
176.071045 406.579834 
232.420929 180.416367 
232.420929 180.416367 
160.290726 299.761993 
497.435730 177.093811 
244.687820 254.476807 
425.589294 151.570114 
327.010925 276.045807 
342.295258 339.651917 
274.642517 208.100403 
343.194305 252.394592 
321.287170 271.928589 
147.826920 292.497131 
315.436066 314.355042 
155.793182 283.728424 
247.033630 259.003204 
285.760651 190.903091 
321.287170 271.928589 
497.435730 177.093811 
382.583038 323.111023 
342.595551 255.766098 
141.169647 258.157623 
315.214386 341.045563 
352.933563 234.609024 
194.352081 234.013672 
225.687729 393.963776 
337.155457 207.755783 
306.520050 326.481049 
232.077042 243.858597 
426.721405 193.852402 
214.780975 264.006744 
326.760010 238.802994 
470.335419 200.291626 
390.512573 174.568741 
452.038757 238.994400 
276.380249 202.597000 
293.064575 185.912491 
546.453491 365.943573 
332.745667 230.573410 
457.555237 133.342056 
462.570435 136.859253 
388.921600 193.244507 
433.621124 190.104156 
335.615509 236.256226 
155.926224 397.189941 
232.077042 243.858597 
232.077042 243.858597 
241.934341 220.772339 
315.214386 341.045563 
145.815384 297.371643 
342.595551 255.766098 
342.595551 255.766098 
327.010925 276.045807 
232.885925 342.133179 
211.472763 212.631287 
285.760651 190.903091 
294.239532 181.867020 
509.728546 200.230469 
509.728546 200.230469 
122.674149 252.319656 
342.595551 255.766098 
321.287170 271.928589 
253.791458 291.381378 
280.598846 211.638046 
173.088928 342.505920 
250.173767 233.600601 
281.299835 181.617050 
274.642517 208.100403 
234.111252 179.868744 
280.598846 211.638046 
451.150116 176.118759 
122.674149 252.319656 
497.435730 177.093811 
332.640137 200.722397 
214.780975 264.006744 
346.574402 311.293243 
345.535400 234.708206 
386.264038 191.618515 
306.520050 326.481049 
280.598846 211.638046 
218.356461 230.691513 
230.542953 209.354431 
482.694519 178.563171 
190.773865 254.445877 
162.717834 411.089294 
343.194305 252.394592 
230.493790 260.843842 
232.077042 243.858597 
300.600830 271.362579 
250.173767 233.600601 
492.675842 146.060547 
152.662918 422.686798 
332.640137 200.722397 
108.279976 411.462738 
224.640488 214.700150 
462.587097 139.336441 
232.077042 243.858597 
284.842194 207.654968 
284.842194 207.654968 
176.071045 406.579834 
346.865631 339.528381 
214.780975 264.006744 
327.714966 241.076569 
469.927979 195.493118 
134.618195 390.020630 
216.851166 223.621735 
450.928894 185.052231 
426.495331 201.298370 
284.842194 207.654968 
280.598846 211.638046 
161.794739 303.283173 
164.277496 291.122589 
390.512573 174.568741 
390.512573 174.568741 
456.879059 154.650711 
335.615509 236.256226 
456.879059 154.650711 
217.943710 401.657349 
230.493790 260.843842 
458.689667 205.241791 
141.169647 258.157623 
336.706024 239.428528 
232.077042 243.858597 
346.865631 339.528381 
208.480865 391.599670 
224.375626 262.346130 
169.919601 349.312988 
226.083649 178.659042 
202.308426 229.679550 
250.173767 233.600601 
430.094055 228.897369 
299.060333 219.877945 
398.101135 175.426468 
82.579918 454.062439 
224.640488 214.700150 
195.551910 234.168076 
331.488220 207.708313 
159.830551 314.474823 
342.322876 232.017227 
224.080643 221.178787 
256.952881 231.232742 
249.639435 263.937927 
233.285004 243.695374 
215.408707 238.935074 
215.408707 238.935074 
338.317963 250.585953 
346.053864 202.625397 
216.851166 223.621735 
382.583038 323.111023 
450.928894 185.052231 
341.300049 233.491928 
214.613144 272.908447 
230.493790 260.843842 
279.125153 224.373398 
230.493790 260.843842 
303.313416 261.411713 
195.551910 234.168076 
195.551910 234.168076 
230.542953 209.354431 
400.158142 194.708023 
224.640488 214.700150 
143.582199 408.174866 
162.717834 411.089294 
423.337616 139.074402 
250.173767 233.600601 
225.687729 393.963776 
335.615509 236.256226 
161.126495 293.860138 
477.214783 203.772568 
457.555237 133.342056 
491.954468 177.804535 
276.881561 260.163055 
276.881561 260.163055 
321.690491 237.590424 
269.474548 223.855072 
303.313416 261.411713 
240.126373 171.477295 
313.346222 336.580841 
472.439880 215.422165 
412.389740 146.961441 
324.456573 279.340210 
232.077042 243.858597 
145.815384 297.371643 
491.954468 177.804535 
348.587189 205.300659 
168.747559 403.333221 
173.088928 342.505920 
141.169647 258.157623 
369.239288 223.842484 
343.194305 252.394592 
331.488220 207.708313 
141.169647 258.157623 
418.691376 135.807480 
482.694519 178.563171 
462.570435 136.859253 
204.695282 231.378799 
302.144562 261.654572 
264.535614 251.558990 
264.535614 251.558990 
425.589294 151.570114 
