972
385.858978 305.226715 
385.858978 305.226715 
393.056183 307.405914 
401.301575 297.987915 
396.564545 306.948181 
385.858978 305.226715 
396.564545 306.948181 
396.564545 306.948181 
393.056183 307.405914 
393.056183 307.405914 
548.539490 251.091370 
379.269379 309.014160 
546.205933 146.117065 
378.868286 318.810730 
387.217712 305.575378 
378.868286 318.810730 
375.809967 312.460846 
379.269379 309.014160 
379.269379 309.014160 
548.539490 251.091370 
268.240509 245.161026 
349.214844 296.218597 
251.382767 323.900513 
378.868286 318.810730 
393.056183 307.405914 
246.767731 285.631012 
396.564545 306.948181 
546.205933 146.117065 
396.611298 325.039154 
384.358459 306.283173 
548.539490 251.091370 
375.809967 312.460846 
196.746521 359.062683 
393.056183 307.405914 
200.821823 345.626953 
269.456421 279.637482 
375.809967 312.460846 
196.746521 359.062683 
224.589493 326.076416 
196.746521 359.062683 
387.217712 305.575378 
375.809967 312.460846 
42.004097 375.138855 
548.640564 270.760284 
262.075195 288.658112 
375.809967 312.460846 
375.809967 312.460846 
548.539490 251.091370 
548.539490 251.091370 
188.501846 339.092621 
366.212280 331.382507 
250.146561 305.604553 
295.532623 300.871552 
268.247681 115.411674 
393.056183 307.405914 
375.809967 312.460846 
375.809967 312.460846 
268.247681 115.411674 
262.436829 300.630768 
196.746521 359.062683 
375.809967 312.460846 
349.749695 349.133789 
269.603760 275.319458 
548.539490 251.091370 
247.775757 315.335022 
401.301575 297.987915 
248.111221 350.905182 
363.336334 298.536041 
375.809967 312.460846 
362.748779 331.925262 
375.809967 312.460846 
378.868286 318.810730 
375.809967 312.460846 
375.809967 312.460846 
385.858978 305.226715 
375.157318 325.999695 
376.437439 316.845367 
269.456421 279.637482 
396.564545 306.948181 
201.913025 345.102051 
250.146561 305.604553 
250.146561 305.604553 
387.217712 305.575378 
363.336334 298.536041 
376.437439 316.845367 
356.544617 316.232239 
197.305466 352.805756 
197.305466 352.805756 
347.830933 31.794933 
191.606018 365.040710 
193.676697 356.057709 
398.632172 323.504669 
282.996338 328.219452 
363.336334 298.536041 
285.797882 331.196289 
117.251755 373.794769 
368.327057 300.272095 
378.868286 318.810730 
548.539490 251.091370 
375.809967 312.460846 
364.534882 288.670746 
375.809967 312.460846 
378.868286 318.810730 
262.075195 288.658112 
266.580048 299.733215 
396.611298 325.039154 
363.336334 298.536041 
375.809967 312.460846 
266.580048 299.733215 
191.305847 349.820007 
375.809967 312.460846 
269.456421 279.637482 
242.696960 298.550720 
193.676697 356.057709 
269.603760 275.319458 
548.539490 251.091370 
349.749695 349.133789 
349.749695 349.133789 
194.446930 358.027130 
276.864349 293.057953 
282.996338 328.219452 
546.205933 146.117065 
375.809967 312.460846 
199.794006 361.696075 
266.580048 299.733215 
396.611298 325.039154 
252.886566 308.562256 
256.481201 366.987122 
362.748779 331.925262 
197.305466 352.805756 
362.748779 331.925262 
402.001343 313.728424 
347.830933 31.794933 
379.269379 309.014160 
382.572449 311.243408 
200.154312 306.752869 
404.655060 311.970184 
188.501846 339.092621 
347.830933 31.794933 
396.611298 325.039154 
268.247681 115.411674 
191.705383 349.101776 
369.354462 299.830048 
179.746613 385.100311 
279.491058 361.808136 
247.146301 284.970398 
200.645660 354.340271 
246.767731 285.631012 
363.336334 298.536041 
548.539490 251.091370 
354.157715 300.910583 
270.775513 366.261749 
384.358459 306.283173 
262.075195 288.658112 
398.632172 323.504669 
259.307953 374.323730 
375.809967 312.460846 
375.809967 312.460846 
375.809967 312.460846 
259.307953 374.323730 
269.603760 275.319458 
260.058502 362.705078 
192.642700 343.330811 
375.809967 312.460846 
200.154312 306.752869 
280.290680 283.970428 
200.433594 295.366302 
266.164551 288.538544 
362.748779 331.925262 
198.752350 358.396027 
268.247681 115.411674 
282.996338 328.219452 
368.687836 318.322052 
295.532623 300.871552 
265.778320 372.750122 
277.630615 363.720337 
375.809967 312.460846 
247.775757 315.335022 
262.075195 288.658112 
249.953751 352.263977 
249.953751 352.263977 
375.157318 325.999695 
363.336334 298.536041 
161.089935 372.688080 
375.157318 325.999695 
375.157318 325.999695 
197.305466 352.805756 
376.437439 316.845367 
42.004097 375.138855 
224.589493 326.076416 
493.737549 438.635406 
251.382767 323.900513 
268.247681 115.411674 
363.336334 298.536041 
285.797882 331.196289 
193.676697 356.057709 
273.368835 257.664490 
363.336334 298.536041 
194.384735 357.244843 
548.539490 251.091370 
548.539490 251.091370 
375.809967 312.460846 
368.327057 300.272095 
224.589493 326.076416 
201.913025 345.102051 
265.778320 372.750122 
224.589493 326.076416 
200.645660 354.340271 
376.437439 316.845367 
224.589493 326.076416 
224.589493 326.076416 
262.896667 358.950806 
194.446930 358.027130 
271.847046 254.865143 
249.953751 352.263977 
529.421204 250.706558 
396.894592 287.587799 
251.596832 334.971832 
363.336334 298.536041 
268.247681 115.411674 
192.642700 343.330811 
270.775513 366.261749 
194.446930 358.027130 
347.830933 31.794933 
347.830933 31.794933 
362.748779 331.925262 
250.146561 305.604553 
285.797882 331.196289 
269.456421 279.637482 
375.157318 325.999695 
548.539490 251.091370 
372.537628 301.945892 
198.752350 358.396027 
224.589493 326.076416 
177.038940 391.243713 
295.532623 300.871552 
196.184830 360.084198 
376.423462 284.488953 
363.336334 298.536041 
375.809967 312.460846 
368.327057 300.272095 
363.336334 298.536041 
200.154312 306.752869 
375.809967 312.460846 
269.456421 279.637482 
196.184830 360.084198 
268.247681 115.411674 
382.572449 311.243408 
273.368835 257.664490 
382.572449 311.243408 
258.233154 310.449341 
271.010712 309.688385 
387.217712 305.575378 
196.184830 360.084198 
273.368835 257.664490 
275.304291 296.818024 
268.247681 115.411674 
194.639893 346.821930 
546.205933 146.117065 
285.797882 331.196289 
261.851349 375.240784 
261.851349 375.240784 
285.797882 331.196289 
261.712769 359.637665 
548.539490 251.091370 
363.336334 298.536041 
285.797882 331.196289 
285.797882 331.196289 
366.212280 331.382507 
529.762695 270.180450 
194.384735 357.244843 
375.809967 312.460846 
382.572449 311.243408 
208.716858 315.666840 
192.642700 343.330811 
194.384735 357.244843 
372.537628 301.945892 
192.642700 343.330811 
200.645660 354.340271 
39.862549 376.508026 
230.508942 310.499237 
363.336334 298.536041 
255.186630 305.088409 
401.301575 297.987915 
375.809967 312.460846 
259.406921 70.371925 
30.445417 376.820099 
358.670593 308.821899 
271.010712 309.688385 
266.164551 288.538544 
305.770233 286.558594 
268.247681 115.411674 
379.269379 309.014160 
379.269379 309.014160 
364.534882 288.670746 
208.716858 315.666840 
273.368835 257.664490 
363.336334 298.536041 
271.847046 254.865143 
262.967743 299.026917 
270.717010 280.236084 
529.762695 270.180450 
250.146561 305.604553 
269.162933 256.862793 
269.162933 256.862793 
269.162933 256.862793 
376.423462 284.488953 
191.606018 365.040710 
174.094879 363.065369 
261.275970 280.834473 
385.858978 305.226715 
254.002487 348.329773 
364.534882 288.670746 
273.368835 257.664490 
268.247681 115.411674 
269.162933 256.862793 
548.640564 270.760284 
270.775513 366.261749 
382.572449 311.243408 
247.775757 315.335022 
196.746521 359.062683 
242.261292 315.923889 
363.336334 298.536041 
354.157715 300.910583 
393.056183 307.405914 
246.177994 312.821564 
270.717010 280.236084 
381.941193 358.589905 
376.423462 284.488953 
252.886566 308.562256 
375.809967 312.460846 
224.589493 326.076416 
388.483032 290.069916 
247.775757 315.335022 
193.883911 324.203430 
362.748779 331.925262 
269.162933 256.862793 
262.896667 358.950806 
246.840057 331.821564 
268.347443 246.858276 
393.532715 343.959778 
179.746613 385.100311 
546.205933 146.117065 
191.305847 349.820007 
185.553238 291.915436 
354.157715 300.910583 
398.277435 311.590027 
242.209366 332.204803 
194.639893 346.821930 
275.304291 296.818024 
382.572449 311.243408 
548.539490 251.091370 
192.642700 343.330811 
342.199463 296.362213 
285.797882 331.196289 
262.075195 288.658112 
548.539490 251.091370 
247.775757 315.335022 
275.304291 296.818024 
183.373672 303.447021 
264.122131 367.391785 
200.433594 295.366302 
196.837891 356.683624 
363.336334 298.536041 
188.501846 339.092621 
285.797882 331.196289 
179.746613 385.100311 
200.154312 306.752869 
356.544617 316.232239 
194.639893 346.821930 
268.347443 246.858276 
372.537628 301.945892 
375.809967 312.460846 
378.868286 318.810730 
194.626587 374.025970 
194.384735 357.244843 
268.820587 346.351105 
258.233154 310.449341 
548.539490 251.091370 
546.205933 146.117065 
273.368835 257.664490 
196.184830 360.084198 
246.767731 285.631012 
260.536560 341.115662 
184.827560 349.414795 
196.746521 359.062683 
269.456421 279.637482 
366.212280 331.382507 
363.336334 298.536041 
302.260437 331.038849 
179.746613 385.100311 
275.304291 296.818024 
265.778320 372.750122 
279.714935 241.230072 
188.501846 339.092621 
363.336334 298.536041 
198.752350 358.396027 
196.746521 359.062683 
371.012207 405.259308 
215.285904 336.572906 
242.696960 298.550720 
363.336334 298.536041 
262.896667 358.950806 
364.534882 288.670746 
277.617767 293.206329 
146.117279 372.359009 
226.384583 327.018677 
546.205933 146.117065 
382.572449 311.243408 
198.752350 358.396027 
242.927582 316.099457 
269.456421 279.637482 
289.838440 251.132919 
194.384735 357.244843 
194.384735 357.244843 
194.384735 357.244843 
251.596832 334.971832 
269.460297 328.120667 
198.752350 358.396027 
279.945343 256.113647 
261.275970 280.834473 
368.327057 300.272095 
462.351410 22.374331 
302.260437 331.038849 
242.927582 316.099457 
379.269379 309.014160 
261.851349 375.240784 
249.953751 352.263977 
306.159241 380.979553 
275.304291 296.818024 
265.778320 372.750122 
268.347443 246.858276 
260.203918 295.215942 
393.056183 307.405914 
375.157318 325.999695 
242.209366 332.204803 
222.852875 329.691406 
42.004097 375.138855 
366.212280 331.382507 
289.838440 251.132919 
179.746613 385.100311 
261.275970 280.834473 
270.717010 280.236084 
372.537628 301.945892 
197.305466 352.805756 
354.157715 300.910583 
404.482452 297.472595 
281.490845 255.062088 
260.567902 374.819763 
194.639893 346.821930 
194.639893 346.821930 
363.336334 298.536041 
262.075195 288.658112 
260.655090 306.186127 
349.243744 294.295685 
271.010712 309.688385 
266.426544 311.476685 
266.426544 311.476685 
372.537628 301.945892 
180.183411 376.798798 
198.752350 358.396027 
401.946808 343.326263 
266.164551 288.538544 
375.809967 312.460846 
200.905182 305.868958 
196.837891 356.683624 
156.356094 374.987732 
196.746521 359.062683 
199.657257 340.491455 
269.456421 279.637482 
179.746613 385.100311 
390.052002 345.347198 
382.572449 311.243408 
376.423462 284.488953 
258.560272 380.307129 
369.354462 299.830048 
358.670593 308.821899 
246.767731 285.631012 
259.849365 387.379059 
262.075195 288.658112 
379.269379 309.014160 
179.746613 385.100311 
548.640564 270.760284 
401.946808 343.326263 
199.657257 340.491455 
247.775757 315.335022 
179.746613 385.100311 
200.905182 305.868958 
375.809967 312.460846 
95.190804 428.308807 
194.639893 346.821930 
398.632172 323.504669 
285.797882 331.196289 
375.809967 312.460846 
382.572449 311.243408 
266.426544 311.476685 
184.827560 349.414795 
363.336334 298.536041 
282.791016 324.589111 
297.643036 241.544205 
271.010712 309.688385 
358.670593 308.821899 
362.448517 318.067413 
200.329758 327.416138 
382.572449 311.243408 
219.082367 328.354126 
382.572449 311.243408 
262.075195 288.658112 
255.544144 283.943451 
255.241226 332.759491 
194.626587 374.025970 
322.092316 292.206024 
260.203918 295.215942 
268.247681 115.411674 
200.154312 306.752869 
180.183411 376.798798 
180.183411 376.798798 
196.837891 356.683624 
542.641479 399.439514 
262.075195 288.658112 
281.490845 255.062088 
180.799698 384.831818 
271.010712 309.688385 
362.748779 331.925262 
177.038940 391.243713 
268.347443 246.858276 
203.697906 293.909088 
224.589493 326.076416 
285.797882 331.196289 
274.119293 353.231140 
261.712769 359.637665 
364.534882 288.670746 
275.088135 314.161591 
275.088135 314.161591 
262.967743 299.026917 
246.840057 331.821564 
262.075195 288.658112 
203.642929 311.293060 
203.642929 311.293060 
379.269379 309.014160 
276.864349 293.057953 
363.336334 298.536041 
266.516693 244.575180 
220.945038 320.075439 
258.233154 310.449341 
196.290253 328.852539 
382.572449 311.243408 
548.640564 270.760284 
404.655060 311.970184 
241.633636 333.299011 
241.633636 333.299011 
194.626587 374.025970 
375.809967 312.460846 
236.060730 282.983093 
268.373871 257.607208 
393.056183 307.405914 
372.537628 301.945892 
190.096024 365.102936 
363.336334 298.536041 
362.856323 356.311188 
375.157318 325.999695 
39.862549 376.508026 
201.913025 345.102051 
269.162933 256.862793 
379.269379 309.014160 
306.159241 380.979553 
269.603760 275.319458 
378.868286 318.810730 
187.951660 304.948547 
362.355682 314.250214 
268.347443 246.858276 
375.157318 325.999695 
226.359238 245.587708 
285.797882 331.196289 
382.572449 311.243408 
39.323666 351.580017 
191.705383 349.101776 
294.780457 126.983620 
268.247681 115.411674 
307.582764 326.844910 
180.799698 384.831818 
269.162933 256.862793 
269.162933 256.862793 
382.572449 311.243408 
117.251755 373.794769 
362.748779 331.925262 
180.475113 377.896759 
179.746613 385.100311 
273.079224 304.894318 
180.475113 377.896759 
203.554367 306.140717 
588.874268 100.623711 
198.752350 358.396027 
196.184830 360.084198 
196.746521 359.062683 
194.446930 358.027130 
266.580048 299.733215 
196.184830 360.084198 
280.290680 283.970428 
375.809967 312.460846 
382.572449 311.243408 
372.537628 301.945892 
195.886612 343.004578 
191.606018 365.040710 
196.746521 359.062683 
222.852875 329.691406 
200.433594 295.366302 
388.483032 290.069916 
262.075195 288.658112 
180.183411 376.798798 
356.544617 316.232239 
269.460297 328.120667 
199.657257 340.491455 
202.535858 299.067078 
376.423462 284.488953 
197.305466 352.805756 
280.333527 254.534821 
194.639893 346.821930 
362.748779 331.925262 
546.205933 146.117065 
191.606018 365.040710 
197.305466 352.805756 
191.198517 286.921844 
354.157715 300.910583 
260.567902 374.819763 
269.460297 328.120667 
362.355682 314.250214 
548.539490 251.091370 
261.840912 325.703583 
277.617767 293.206329 
546.205933 146.117065 
273.079224 304.894318 
182.918579 379.546173 
261.840912 325.703583 
193.883911 324.203430 
258.233154 310.449341 
219.082367 328.354126 
260.203918 295.215942 
375.809967 312.460846 
375.809967 312.460846 
262.896667 358.950806 
369.479736 381.134521 
546.205933 146.117065 
200.433594 295.366302 
382.572449 311.243408 
379.269379 309.014160 
196.837891 356.683624 
354.157715 300.910583 
262.075195 288.658112 
375.809967 312.460846 
180.799698 384.831818 
156.356094 374.987732 
328.902557 297.040710 
194.639893 346.821930 
42.004097 375.138855 
250.146561 305.604553 
268.373871 257.607208 
379.269379 309.014160 
227.226685 325.034943 
198.752350 358.396027 
272.813690 243.297653 
254.340103 341.036957 
546.205933 146.117065 
396.611298 325.039154 
548.539490 251.091370 
180.183411 376.798798 
368.327057 300.272095 
196.746521 359.062683 
281.371643 307.750793 
188.501846 339.092621 
366.212280 331.382507 
256.481201 366.987122 
546.205933 146.117065 
245.179123 349.222626 
362.448517 318.067413 
195.886612 343.004578 
241.817322 299.119537 
548.539490 251.091370 
250.102615 292.945648 
262.075195 288.658112 
363.336334 298.536041 
363.336334 298.536041 
250.102615 292.945648 
263.622253 325.463226 
363.336334 298.536041 
188.501846 339.092621 
188.501846 339.092621 
358.670593 308.821899 
357.896027 314.191071 
388.428558 359.483246 
352.242767 311.416687 
197.305466 352.805756 
375.809967 312.460846 
290.995331 251.508820 
199.657257 340.491455 
382.572449 311.243408 
292.718597 302.780426 
354.963196 32.904469 
268.247681 115.411674 
194.626587 374.025970 
192.642700 343.330811 
249.953751 352.263977 
358.670593 308.821899 
270.717010 280.236084 
194.446930 358.027130 
393.056183 307.405914 
260.203918 295.215942 
375.809967 312.460846 
208.716858 315.666840 
297.643036 241.544205 
393.056183 307.405914 
401.301575 297.987915 
382.572449 311.243408 
299.268341 240.860535 
368.327057 300.272095 
269.456421 279.637482 
379.269379 309.014160 
379.269379 309.014160 
275.304291 296.818024 
266.426544 311.476685 
198.752350 358.396027 
246.840057 331.821564 
363.336334 298.536041 
190.396027 370.355316 
295.532623 300.871552 
277.617767 293.206329 
548.640564 270.760284 
203.697906 293.909088 
382.572449 311.243408 
179.326981 373.703979 
270.775513 366.261749 
375.809967 312.460846 
382.572449 311.243408 
279.714935 241.230072 
199.657257 340.491455 
241.633636 333.299011 
548.539490 251.091370 
356.544617 316.232239 
260.203918 295.215942 
349.214844 296.218597 
262.070221 330.626892 
194.019714 289.499084 
194.019714 289.499084 
354.157715 300.910583 
180.183411 376.798798 
263.622253 325.463226 
310.386200 299.919525 
310.386200 299.919525 
362.748779 331.925262 
362.355682 314.250214 
273.079224 304.894318 
234.626633 299.217041 
199.657257 340.491455 
262.967743 299.026917 
156.356094 374.987732 
96.682892 434.410309 
262.967743 299.026917 
262.967743 299.026917 
230.508942 310.499237 
268.347443 246.858276 
95.190804 428.308807 
95.190804 428.308807 
275.304291 296.818024 
269.456421 279.637482 
194.639893 346.821930 
382.572449 311.243408 
290.995331 251.508820 
234.780426 296.155304 
294.443817 246.762985 
120.044991 445.715576 
200.433594 295.366302 
227.226685 325.034943 
401.946808 343.326263 
397.846680 341.486053 
279.945343 256.113647 
362.448517 318.067413 
191.305847 349.820007 
262.896667 358.950806 
363.336334 298.536041 
265.627808 288.308258 
203.697906 293.909088 
194.384735 357.244843 
305.605774 332.553284 
304.111938 309.313080 
194.626587 374.025970 
362.448517 318.067413 
271.010712 309.688385 
529.762695 270.180450 
356.544617 316.232239 
254.340103 341.036957 
270.717010 280.236084 
376.423462 284.488953 
247.775757 315.335022 
375.809967 312.460846 
226.384583 327.018677 
226.384583 327.018677 
202.847229 344.534515 
194.639893 346.821930 
234.780426 296.155304 
247.775757 315.335022 
206.091553 327.035492 
224.589493 326.076416 
375.809967 312.460846 
270.775513 366.261749 
194.626587 374.025970 
194.639893 346.821930 
199.657257 340.491455 
25.192225 372.219116 
201.538376 326.879089 
372.537628 301.945892 
192.642700 343.330811 
194.446930 358.027130 
375.809967 312.460846 
372.537628 301.945892 
393.056183 307.405914 
37.835373 352.530548 
196.746521 359.062683 
196.746521 359.062683 
382.572449 311.243408 
271.847046 254.865143 
218.620102 385.809174 
366.212280 331.382507 
256.481201 366.987122 
196.290253 328.852539 
298.581970 244.478989 
194.446930 358.027130 
256.481201 366.987122 
260.203918 295.215942 
262.436829 300.630768 
196.837891 356.683624 
363.336334 298.536041 
275.304291 296.818024 
198.752350 358.396027 
206.879227 350.248413 
375.809967 312.460846 
200.905182 305.868958 
194.384735 357.244843 
370.508423 300.102631 
279.714935 241.230072 
343.710907 385.295074 
354.865967 291.484375 
269.460297 328.120667 
260.058502 362.705078 
271.847046 254.865143 
349.243744 294.295685 
121.091042 439.142822 
278.066742 243.680893 
393.056183 307.405914 
271.010712 309.688385 
262.075195 288.658112 
180.183411 376.798798 
224.589493 326.076416 
242.209366 332.204803 
242.209366 332.204803 
193.883911 324.203430 
266.580048 299.733215 
203.828873 328.811066 
273.079224 304.894318 
191.705383 349.101776 
194.626587 374.025970 
260.203918 295.215942 
241.817322 299.119537 
284.431671 316.978149 
375.809967 312.460846 
510.655396 296.172729 
188.398926 363.742584 
252.886566 308.562256 
200.821823 345.626953 
198.752350 358.396027 
177.038940 391.243713 
542.641479 399.439514 
194.626587 374.025970 
273.079224 304.894318 
388.483032 290.069916 
265.627808 288.308258 
275.304291 296.818024 
194.639893 346.821930 
379.269379 309.014160 
194.639893 346.821930 
269.456421 279.637482 
215.285904 336.572906 
363.336334 298.536041 
273.079224 304.894318 
95.190804 428.308807 
194.384735 357.244843 
213.094528 337.207092 
529.421204 250.706558 
285.797882 331.196289 
375.809967 312.460846 
227.226685 325.034943 
285.797882 331.196289 
336.622711 388.398804 
548.539490 251.091370 
363.336334 298.536041 
410.656769 307.535858 
376.423462 284.488953 
208.266922 312.115204 
117.251755 373.794769 
200.329758 327.416138 
184.827560 349.414795 
200.433594 295.366302 
434.087189 414.041809 
262.436829 300.630768 
225.071289 336.276123 
185.717789 378.469666 
385.858978 305.226715 
385.858978 305.226715 
260.203918 295.215942 
364.534882 288.670746 
198.752350 358.396027 
343.630859 287.089417 
343.630859 287.089417 
237.766022 290.085022 
375.157318 325.999695 
362.448517 318.067413 
275.304291 296.818024 
288.524719 297.821472 
117.251755 373.794769 
226.384583 327.018677 
266.426544 311.476685 
199.657257 340.491455 
362.156494 279.033966 
299.268341 240.860535 
404.482452 297.472595 
295.532623 300.871552 
202.847229 344.534515 
376.423462 284.488953 
279.714935 241.230072 
279.714935 241.230072 
376.423462 284.488953 
279.714935 241.230072 
145.974426 382.377808 
260.058502 362.705078 
263.622253 325.463226 
191.705383 349.101776 
296.453278 248.968002 
188.398926 363.742584 
260.203918 295.215942 
201.913025 345.102051 
368.327057 300.272095 
256.481201 366.987122 
246.177994 312.821564 
268.820587 346.351105 
260.058502 362.705078 
202.535858 299.067078 
256.481201 366.987122 
375.157318 325.999695 
362.355682 314.250214 
402.001343 313.728424 
342.199463 296.362213 
227.226685 325.034943 
199.657257 340.491455 
240.355881 295.621246 
546.205933 146.117065 
146.117279 372.359009 
258.233154 310.449341 
197.305466 352.805756 
197.305466 352.805756 
196.746521 359.062683 
197.403183 322.370667 
271.690796 337.092499 
354.157715 300.910583 
350.051422 348.161438 
279.945343 256.113647 
183.373672 303.447021 
349.532043 380.685181 
375.809967 312.460846 
183.373672 303.447021 
375.809967 312.460846 
276.400330 257.493408 
241.817322 299.119537 
200.329758 327.416138 
