500
480.698212 198.632751 
460.400543 224.241867 
472.496033 238.946793 
475.469971 194.861237 
471.837097 238.041641 
429.029053 222.890533 
499.006378 212.602310 
499.224030 213.309479 
245.896713 231.918381 
418.688660 232.780334 
419.208984 232.677444 
477.616577 200.449936 
429.653961 221.737976 
453.380463 231.897324 
460.109894 223.441711 
487.472534 199.996902 
430.991577 222.423874 
467.175232 239.234482 
443.379181 221.279144 
443.335907 220.590134 
450.449097 228.160751 
450.497864 227.566467 
491.950867 268.080566 
438.820221 223.463730 
441.131744 198.994675 
469.046783 193.166885 
426.391754 218.945129 
220.875183 200.060715 
221.469376 200.330612 
472.622803 248.342728 
118.771545 360.176239 
483.461273 190.355270 
468.920044 233.207108 
468.996887 233.351181 
212.306519 197.018814 
469.780518 233.442810 
236.753830 213.997253 
432.838196 223.042953 
452.556030 247.821045 
449.728516 207.182205 
502.595276 214.078186 
420.224854 228.400513 
444.737213 196.528961 
210.673325 196.873795 
445.156433 195.985825 
501.057495 237.635727 
457.034637 252.933212 
484.797760 193.085327 
440.862640 201.382996 
314.637177 277.512238 
454.004517 197.295837 
471.862610 210.279297 
469.155701 214.632385 
241.297592 266.091553 
485.245789 248.577927 
474.284607 227.762741 
455.405304 200.519882 
287.064056 90.533890 
287.086761 90.585007 
442.756683 209.873672 
482.200562 208.129578 
457.462158 212.850571 
217.751556 227.601089 
412.948944 222.443085 
438.124786 218.982147 
290.416107 188.581863 
118.079704 360.485474 
237.705139 214.002701 
311.098297 278.970520 
292.807129 200.391083 
477.420166 250.447815 
440.225250 235.719254 
444.916168 284.736786 
448.063782 223.600327 
291.507111 189.882538 
475.378906 211.698151 
455.690308 243.086426 
469.019379 211.364059 
418.733673 228.432098 
447.424133 196.111877 
448.348572 216.112732 
315.625214 276.738953 
477.390442 227.550339 
289.654449 165.507187 
482.839203 191.689438 
339.481628 217.398972 
444.152191 217.529251 
258.718750 195.151413 
313.334686 180.378937 
412.924469 229.103012 
459.326447 192.087021 
313.609283 181.475815 
472.971191 192.587036 
456.580750 212.277695 
480.371521 260.497803 
350.660736 218.050522 
436.332794 226.580765 
436.453400 252.579132 
336.521332 236.765503 
469.825623 224.688889 
313.912750 364.059143 
438.998138 200.919327 
476.443207 210.209229 
454.286255 253.191605 
342.228333 213.336273 
495.669281 216.525818 
392.253265 390.279602 
323.271057 322.871704 
483.702820 229.438843 
434.975006 260.079742 
477.733826 228.211914 
309.483643 345.343719 
455.625458 219.855743 
291.470215 170.573074 
473.876984 226.937515 
119.344109 367.901917 
498.888885 270.644104 
447.103516 193.067688 
421.994202 232.669220 
460.489410 206.868530 
291.116333 186.837341 
459.515350 255.202072 
478.454865 231.517487 
309.284515 185.201736 
478.496979 207.500641 
336.621826 242.453476 
385.506989 388.852295 
445.319153 214.910843 
288.636597 165.905716 
440.333740 200.796509 
509.031677 208.939148 
294.897858 201.270309 
124.073280 358.581329 
321.012512 318.175751 
465.590759 224.269592 
444.037384 192.521576 
439.715118 206.709900 
333.953064 236.952393 
443.860321 250.403015 
417.463348 229.224258 
453.839996 277.710266 
284.338959 220.687485 
454.443939 274.576538 
464.767517 224.417969 
454.447449 243.365128 
521.098816 436.673004 
427.357513 267.696564 
153.054504 237.520538 
289.776459 168.517517 
452.379303 210.324860 
487.734802 230.163132 
447.259308 224.446945 
487.452209 253.028503 
453.532776 219.568619 
327.444763 242.615799 
455.071899 242.241531 
486.983704 253.691315 
160.369324 344.687012 
509.712402 256.410950 
459.509827 220.808990 
483.046143 210.592773 
460.693756 221.403214 
460.952057 221.133881 
257.983459 224.956467 
421.939453 258.685944 
436.167358 251.901321 
476.635162 239.344788 
491.574768 247.817764 
256.686829 195.607056 
265.331665 230.575470 
246.188156 181.979462 
144.961624 256.759308 
347.521667 214.713257 
449.409027 281.476318 
286.837555 314.062286 
479.391998 207.700485 
246.308411 239.274460 
342.628479 214.159790 
475.863342 253.342041 
285.440918 326.812775 
286.095032 188.703186 
479.454834 204.965393 
429.767059 202.466522 
266.267609 139.225967 
309.479492 341.615753 
344.504150 244.966599 
148.430161 228.970596 
433.092773 216.191467 
454.216064 202.652359 
507.156189 241.176178 
215.607285 191.404312 
174.991211 351.859558 
244.765274 226.597412 
149.909515 241.834595 
90.779564 329.365723 
311.756226 322.241821 
297.782135 254.489594 
347.606354 231.717026 
486.680603 261.664093 
223.130936 201.081848 
476.886200 185.914627 
466.145966 207.142761 
91.564331 329.835907 
154.457703 349.265045 
311.549316 177.664429 
455.863495 279.359741 
388.642853 375.124908 
283.885529 217.539230 
291.446747 267.140533 
473.180206 233.610489 
416.237305 261.594849 
514.521362 215.660385 
51.317047 311.106567 
256.873901 197.485184 
480.066711 231.884491 
344.335663 240.859207 
290.698181 173.847443 
446.061829 239.059998 
330.808289 213.296997 
216.781448 246.309509 
217.147476 245.951736 
433.909882 243.415894 
472.969604 189.549072 
318.390930 171.677536 
243.263123 327.784302 
473.226471 191.528610 
163.547180 348.080933 
269.632599 301.751648 
232.870010 213.045731 
213.365311 227.407654 
502.442902 276.652527 
485.265594 194.785385 
244.346237 339.794830 
300.208954 338.536713 
258.032715 226.228745 
440.915924 189.734283 
469.757233 260.276428 
463.117126 220.887161 
512.354248 245.743256 
349.027679 250.185608 
229.187378 193.955307 
272.273346 301.133636 
488.659576 197.813354 
519.484314 249.740601 
238.871078 327.525055 
264.181122 232.427567 
248.240860 227.563034 
300.392975 338.348663 
322.310242 322.555450 
416.611420 212.894913 
213.125015 189.625305 
426.187927 267.344818 
212.176910 257.702484 
460.045197 256.502319 
267.652130 136.707382 
248.387451 184.722076 
308.614655 185.569000 
246.267273 187.612473 
356.476471 231.919800 
454.966095 201.647659 
43.104763 347.265991 
141.847855 232.789413 
247.861328 226.352798 
268.575195 299.846069 
437.175903 191.928864 
204.949081 192.177109 
266.580780 316.853577 
332.832550 218.665146 
415.893463 206.184464 
488.975403 194.954147 
514.719055 217.582260 
277.118378 319.964813 
224.616959 346.472870 
245.524445 227.177521 
274.593597 330.095123 
506.246124 213.313507 
236.434601 178.818359 
221.067032 207.892120 
229.199844 195.374512 
233.482452 335.916534 
248.242371 331.843353 
469.286804 270.763550 
514.523560 245.769791 
276.389801 329.970612 
314.033081 279.997681 
462.194031 233.512207 
522.760193 233.210480 
250.281219 175.976105 
237.476105 189.229248 
296.289185 198.740112 
214.453979 204.319733 
247.427948 235.573318 
426.586975 244.672531 
491.947266 231.499207 
215.882553 188.698410 
267.910004 144.536240 
233.639801 219.498215 
123.327278 345.838806 
424.107605 388.581940 
422.419647 213.563156 
137.205933 234.782486 
512.616333 268.227478 
512.920471 268.299927 
321.454498 318.971313 
249.066437 184.639572 
124.379715 280.963196 
248.618805 179.863693 
304.736542 322.001526 
162.561829 344.678345 
343.081940 219.674149 
461.142151 288.183105 
480.591888 244.550018 
327.712433 262.063629 
505.428192 239.228439 
214.753464 207.627533 
155.960251 348.822083 
146.051941 256.534210 
460.160126 269.354584 
229.090988 193.150406 
408.516357 227.614761 
424.614136 234.329758 
369.201813 345.954285 
484.324890 255.572250 
213.933197 225.113586 
422.766235 270.293579 
266.660736 315.534149 
460.244781 269.729584 
158.945023 280.095947 
268.198914 146.101501 
287.565002 212.162613 
219.839111 206.212524 
274.391296 284.349365 
144.072876 234.656677 
97.904732 344.235321 
254.931595 151.082367 
266.322754 229.384552 
422.377289 195.807526 
232.978027 219.450806 
145.664688 241.999344 
146.209671 242.334015 
433.457458 240.750488 
480.709290 256.877594 
525.083252 236.773621 
338.360077 211.904373 
360.613831 215.802948 
217.042404 224.995911 
222.885727 206.522629 
482.965668 204.144958 
159.069122 344.441101 
296.922455 254.368729 
162.009460 359.982849 
309.620239 224.061386 
228.482346 229.328751 
256.433777 192.976257 
415.355957 212.548492 
409.789520 256.887695 
409.823242 257.302277 
146.845322 288.252075 
203.799118 346.088409 
298.064026 193.100067 
297.512817 193.124481 
424.011810 269.842285 
336.647644 210.054214 
237.731598 236.824539 
205.847992 344.573761 
138.865860 287.339478 
237.116135 236.096756 
278.460114 209.986755 
353.350647 244.621735 
122.618179 346.934601 
176.130936 356.870575 
479.827209 253.257080 
276.728882 282.550598 
327.860138 261.077789 
348.103546 250.020752 
110.230438 355.415344 
313.052399 175.205338 
318.804321 362.654358 
270.873993 305.055786 
244.444305 224.728958 
436.631714 234.182556 
167.148773 358.505463 
227.807236 177.758682 
287.359192 213.404556 
268.537170 135.985901 
232.246918 190.523453 
466.228546 274.259338 
218.060318 203.691299 
407.555786 229.525131 
269.529846 308.077057 
150.424469 245.650299 
346.210571 209.843353 
329.268341 242.898239 
271.828430 310.610199 
238.150620 326.893646 
150.315872 225.613251 
328.930328 241.075256 
286.648590 109.533501 
251.569397 330.376740 
462.919373 254.995239 
313.881561 174.472549 
307.286835 341.231964 
153.644501 228.653061 
259.798096 230.915665 
293.072998 265.480408 
297.370148 166.683060 
183.070358 329.747833 
305.376282 330.060059 
496.405548 234.997147 
140.137543 235.660950 
299.278595 110.299019 
315.711670 130.612549 
203.508667 191.379761 
154.274841 239.087433 
305.221619 224.773392 
209.803543 243.585297 
471.290375 273.976135 
293.835876 265.149780 
265.538574 236.212158 
270.992432 332.340576 
272.933868 301.257568 
346.718689 208.824356 
416.721466 199.691833 
250.669128 287.362732 
251.041138 286.581909 
136.771866 302.987122 
156.084076 236.719162 
441.384216 247.557892 
237.628998 189.552307 
266.598022 314.231323 
309.510864 180.676666 
310.100525 280.176117 
201.546738 196.004898 
315.023590 229.914536 
476.164917 183.115250 
164.439911 344.420197 
227.957962 197.168549 
310.561890 342.239441 
424.241974 192.043777 
222.061600 203.756821 
290.602478 264.308136 
280.849182 331.136444 
327.921539 258.200897 
359.480835 213.171799 
207.356964 193.788300 
289.884949 264.094757 
465.665558 270.771729 
315.020966 176.432098 
465.853638 271.246643 
416.836914 261.113037 
292.345306 176.609634 
180.871384 352.947479 
350.093262 251.765533 
156.980957 348.603424 
157.308762 349.244690 
156.706116 225.918671 
241.950378 190.879517 
232.959488 236.529205 
299.771942 169.073502 
408.675995 257.622620 
210.208527 182.888443 
248.764053 236.464432 
409.130341 226.773300 
175.119980 357.206207 
205.011581 181.080399 
253.056992 329.753937 
406.017578 226.780914 
323.316376 234.207138 
235.760849 192.030594 
475.633148 254.822800 
413.144165 285.468048 
191.149261 316.523529 
116.841171 285.450409 
471.390228 217.741226 
415.834503 280.617767 
128.439423 196.594116 
138.488327 237.480957 
268.935791 294.051697 
373.795227 256.703033 
35.489822 353.293671 
246.235870 312.720764 
224.722977 228.605118 
212.991806 206.734222 
256.544312 221.066711 
94.874336 317.723511 
94.989006 317.818146 
335.565430 203.847122 
353.828461 244.020630 
225.096817 208.164368 
324.199127 177.871887 
419.711548 201.916061 
275.502258 337.885132 
337.942261 204.963791 
306.978546 214.078522 
111.264595 358.983551 
415.159454 199.998611 
168.934311 358.105103 
169.384827 358.093140 
475.441101 245.267715 
169.854462 358.218079 
