972
286.874390 321.701660 
276.036041 348.519135 
288.488556 323.739624 
287.863312 305.148468 
287.863312 305.148468 
286.874390 321.701660 
288.488556 323.739624 
288.488556 323.739624 
284.075378 360.590607 
275.633606 381.256805 
232.561188 315.795197 
290.546539 325.910919 
252.710251 358.714661 
254.746460 359.303558 
254.746460 359.303558 
287.863312 305.148468 
282.304810 297.811676 
281.408844 357.412872 
267.266876 290.703430 
287.072113 292.896149 
252.710251 358.714661 
274.685303 299.096191 
256.885132 296.426514 
282.304810 297.811676 
242.444992 318.300995 
267.266876 290.703430 
267.266876 290.703430 
275.957489 302.434021 
261.932007 335.079010 
296.422180 334.405273 
296.954468 318.605011 
218.553925 286.618591 
218.553925 286.618591 
246.670914 298.176086 
303.152100 334.441406 
422.188354 312.877167 
301.037354 323.201050 
274.685303 299.096191 
287.956970 300.974243 
256.885132 296.426514 
287.956970 300.974243 
282.304810 297.811676 
267.266876 290.703430 
282.304810 297.811676 
255.977982 291.045990 
200.006714 288.808228 
384.433502 288.360687 
261.932007 335.079010 
266.886688 343.022949 
278.938599 277.361877 
237.490112 316.037323 
280.209320 310.596069 
294.617401 299.767761 
384.433502 288.360687 
200.690460 293.917664 
274.383942 311.625153 
275.957489 302.434021 
252.710251 358.714661 
422.188354 312.877167 
193.128036 304.192566 
284.961243 364.600220 
384.433502 288.360687 
294.617401 299.767761 
278.938599 277.361877 
292.126434 287.447571 
244.539474 310.873535 
270.192352 297.844818 
270.192352 297.844818 
209.426956 312.494537 
301.037354 323.201050 
301.037354 323.201050 
246.670914 298.176086 
267.266876 290.703430 
292.126434 287.447571 
287.072113 292.896149 
386.609924 310.924225 
256.313416 371.477600 
243.247375 279.958435 
376.722473 353.823669 
306.328064 300.572418 
376.722473 353.823669 
376.722473 353.823669 
261.932007 335.079010 
240.062958 297.766846 
256.885132 296.426514 
256.885132 296.426514 
267.734589 364.773865 
312.566132 303.089172 
384.433502 288.360687 
270.192352 297.844818 
270.192352 297.844818 
264.765808 385.833069 
279.155029 306.232178 
376.042694 351.176758 
384.433502 288.360687 
242.491974 293.939148 
384.433502 288.360687 
375.623718 277.235687 
240.062958 297.766846 
276.787720 279.536316 
257.113281 326.183716 
201.348846 344.063202 
377.053741 308.509766 
287.076050 288.619629 
228.790253 327.796600 
406.326050 304.443024 
201.658310 344.671875 
293.797363 299.762115 
273.098572 299.827057 
307.417603 303.651276 
200.006714 288.808228 
277.061615 360.557159 
251.527847 241.312210 
422.188354 312.877167 
273.098572 299.827057 
376.722473 353.823669 
240.062958 297.766846 
265.688690 347.767548 
265.688690 347.767548 
266.886688 343.022949 
201.348846 344.063202 
376.722473 353.823669 
246.321854 296.820618 
289.454559 353.761261 
306.328064 300.572418 
228.790253 327.796600 
251.527847 241.312210 
267.734589 364.773865 
406.326050 304.443024 
384.433502 288.360687 
384.433502 288.360687 
275.633606 381.256805 
209.426956 312.494537 
183.424194 354.265381 
251.527847 241.312210 
252.840897 281.622620 
183.424194 354.265381 
386.609924 310.924225 
278.938599 277.361877 
267.734589 364.773865 
274.383942 311.625153 
376.042694 351.176758 
256.885132 296.426514 
267.734589 364.773865 
267.266876 290.703430 
254.746460 359.303558 
282.816223 285.212585 
406.326050 304.443024 
201.658310 344.671875 
266.575165 299.076721 
389.437561 362.009308 
422.188354 312.877167 
386.609924 310.924225 
246.321854 296.820618 
275.633606 381.256805 
424.562103 297.905121 
384.433502 288.360687 
384.433502 288.360687 
187.558807 299.066071 
422.188354 312.877167 
244.516647 332.416992 
376.042694 351.176758 
273.098572 299.827057 
284.961243 364.600220 
276.787720 279.536316 
317.218018 334.198120 
289.454559 353.761261 
200.006714 288.808228 
261.932007 335.079010 
292.126434 287.447571 
193.128036 304.192566 
183.424194 354.265381 
386.609924 310.924225 
293.797363 299.762115 
240.062958 297.766846 
422.188354 312.877167 
202.087891 349.743195 
280.282593 291.676544 
270.302246 299.218140 
267.463379 306.120728 
197.280930 358.288483 
246.670914 298.176086 
267.734589 364.773865 
268.625671 297.278595 
377.053741 308.509766 
273.098572 299.827057 
273.705994 286.717346 
258.069397 323.683472 
386.609924 310.924225 
377.053741 308.509766 
267.734589 364.773865 
287.076050 288.619629 
276.787720 279.536316 
279.155029 306.232178 
268.239380 356.965607 
376.722473 353.823669 
385.900299 306.217102 
254.066833 282.182922 
250.259293 353.327362 
215.222107 325.670746 
265.021271 300.595001 
221.996582 330.356689 
289.293518 278.723999 
246.670914 298.176086 
305.070892 300.057556 
246.670914 298.176086 
422.188354 312.877167 
202.087891 349.743195 
241.780365 322.669373 
273.098572 299.827057 
406.326050 304.443024 
206.683975 294.855194 
422.188354 312.877167 
386.609924 310.924225 
301.037354 323.201050 
307.417603 303.651276 
267.734589 364.773865 
273.098572 299.827057 
287.076050 288.619629 
289.293518 278.723999 
197.266418 307.351471 
270.164001 333.290283 
365.827972 292.174438 
295.250458 298.956482 
200.006714 288.808228 
292.126434 287.447571 
306.328064 300.572418 
196.314072 365.941223 
386.609924 310.924225 
308.952240 338.800690 
254.066833 282.182922 
287.076050 288.619629 
194.595810 306.362976 
250.259293 353.327362 
277.061615 360.557159 
278.507294 267.414581 
429.128998 316.405457 
464.260468 251.498535 
292.126434 287.447571 
267.734589 364.773865 
386.609924 310.924225 
260.692902 311.117126 
270.192352 297.844818 
193.128036 304.192566 
365.827972 292.174438 
389.437561 362.009308 
248.497299 293.005066 
242.491974 293.939148 
324.179565 294.671051 
324.179565 294.671051 
259.052917 308.855713 
282.605286 309.682526 
291.938995 377.397064 
428.094513 312.024231 
271.004852 305.126526 
246.670914 298.176086 
197.280930 358.288483 
193.128036 304.192566 
276.844147 350.884369 
365.827972 292.174438 
270.192352 297.844818 
292.126434 287.447571 
365.827972 292.174438 
435.604034 298.814941 
282.025391 281.238129 
282.605286 309.682526 
367.245209 310.982788 
294.876129 248.377930 
401.687836 317.037567 
376.722473 353.823669 
264.556152 305.684601 
194.893616 370.127838 
306.328064 300.572418 
254.746460 359.303558 
246.670914 298.176086 
429.128998 316.405457 
196.314072 365.941223 
280.257690 356.228333 
365.827972 292.174438 
282.605286 309.682526 
183.424194 354.265381 
282.605286 309.682526 
291.938995 377.397064 
260.687653 281.842407 
243.259476 328.605896 
254.596420 331.132446 
289.293518 278.723999 
256.885132 296.426514 
183.424194 354.265381 
219.024506 281.025055 
250.259293 353.327362 
432.800049 306.605255 
386.609924 310.924225 
219.024506 281.025055 
183.424194 354.265381 
243.448593 297.569244 
401.687836 317.037567 
246.076752 298.936462 
201.658310 344.671875 
251.527847 241.312210 
435.604034 298.814941 
402.001770 312.307983 
235.677521 287.233643 
399.110992 319.880188 
281.411865 314.496826 
281.411865 314.496826 
194.893616 370.127838 
272.212860 311.437042 
284.961243 364.600220 
298.260712 288.843048 
265.512756 267.450531 
250.340027 363.328979 
324.805328 294.810425 
282.605286 309.682526 
266.575165 299.076721 
307.728699 286.937317 
580.999634 359.866150 
408.251648 365.358124 
242.427521 288.457428 
194.595810 306.362976 
244.539474 310.873535 
282.605286 309.682526 
389.437561 362.009308 
288.550537 250.506241 
272.212860 311.437042 
288.550537 250.506241 
259.977692 352.331116 
187.264511 369.782715 
384.433502 288.360687 
428.094513 312.024231 
243.448593 297.569244 
377.053741 308.509766 
384.433502 288.360687 
401.687836 317.037567 
377.053741 308.509766 
215.847427 378.995331 
200.874649 312.457275 
259.246033 281.609467 
196.314072 365.941223 
272.212860 311.437042 
308.952240 338.800690 
227.879776 279.006592 
193.128036 304.192566 
267.266876 290.703430 
540.898315 388.342163 
200.874649 312.457275 
272.212860 311.437042 
282.025391 281.238129 
282.025391 281.238129 
286.874390 321.701660 
305.070892 300.057556 
196.314072 365.941223 
371.470520 300.454498 
275.633606 381.256805 
196.314072 365.941223 
256.023804 279.444122 
259.052917 308.855713 
369.404358 300.851959 
259.052917 308.855713 
207.398483 323.436829 
183.424194 354.265381 
302.030518 301.663788 
386.609924 310.924225 
381.527588 362.417297 
296.954468 318.605011 
429.128998 316.405457 
429.128998 316.405457 
376.722473 353.823669 
464.260468 251.498535 
278.507294 267.414581 
385.900299 306.217102 
196.314072 365.941223 
262.523560 281.350525 
201.257462 321.477722 
241.758514 319.088593 
288.550537 250.506241 
200.690460 293.917664 
371.470520 300.454498 
287.076050 288.619629 
196.314072 365.941223 
262.553375 373.466217 
262.553375 373.466217 
262.553375 373.466217 
377.053741 308.509766 
294.876129 248.377930 
197.266418 307.351471 
362.791382 306.674744 
578.711853 246.526428 
371.470520 300.454498 
386.609924 310.924225 
302.030518 301.663788 
255.977982 291.045990 
254.066833 282.182922 
380.632751 360.821930 
294.876129 248.377930 
284.520782 88.352257 
197.280930 358.288483 
386.609924 310.924225 
243.247375 279.958435 
272.212860 311.437042 
259.301849 373.575958 
252.338028 316.271149 
215.847427 378.995331 
204.013596 348.633453 
284.520782 88.352257 
284.520782 88.352257 
369.412598 311.270386 
208.109131 355.350555 
190.446884 286.404572 
199.081665 364.434204 
200.874649 312.457275 
210.095520 364.693848 
210.095520 364.693848 
201.257462 321.477722 
254.596420 331.132446 
441.623352 331.323578 
271.004852 305.126526 
362.791382 306.674744 
132.581573 381.121796 
228.836914 359.173096 
386.609924 310.924225 
254.746460 359.303558 
282.605286 309.682526 
275.957489 302.434021 
196.314072 365.941223 
282.605286 309.682526 
235.065231 314.887238 
282.605286 309.682526 
267.463379 306.120728 
377.053741 308.509766 
284.520782 88.352257 
284.520782 88.352257 
196.314072 365.941223 
289.293518 278.723999 
207.338272 318.144592 
278.507294 267.414581 
401.687836 317.037567 
259.246033 281.609467 
244.516647 332.416992 
196.314072 365.941223 
203.342926 358.915039 
288.528931 234.456238 
288.528931 234.456238 
288.528931 234.456238 
183.533813 317.973206 
196.314072 365.941223 
201.348846 344.063202 
206.683975 294.855194 
401.687836 317.037567 
206.683975 294.855194 
429.128998 316.405457 
385.900299 306.217102 
204.934540 396.110107 
392.639099 363.770905 
194.595810 306.362976 
270.390594 338.115021 
183.303284 313.746857 
198.159073 371.983551 
296.543915 246.914856 
402.599823 317.721863 
323.569214 342.302094 
422.188354 312.877167 
27.074184 374.401733 
221.996582 330.356689 
281.911377 268.635345 
194.595810 306.362976 
392.639099 363.770905 
278.507294 267.414581 
242.444992 318.300995 
244.516647 332.416992 
389.437561 362.009308 
207.338272 318.144592 
409.854858 292.408813 
369.412598 311.270386 
206.683975 294.855194 
243.259476 328.605896 
206.683975 294.855194 
377.053741 308.509766 
206.526535 303.201782 
376.042694 351.176758 
201.257462 321.477722 
281.908813 251.850449 
215.222107 325.670746 
371.470520 300.454498 
282.816223 285.212585 
384.433502 288.360687 
386.609924 310.924225 
187.264511 369.782715 
232.561798 308.933105 
377.053741 308.509766 
375.623718 277.235687 
196.314072 365.941223 
279.155029 306.232178 
279.155029 306.232178 
276.844147 350.884369 
197.462494 314.744141 
389.437561 362.009308 
260.687653 281.842407 
238.204620 321.155182 
270.390411 327.589386 
284.520782 88.352257 
371.470520 300.454498 
187.657288 310.817200 
578.711853 246.526428 
384.433502 288.360687 
200.874649 312.457275 
306.328064 300.572418 
275.957489 302.434021 
209.426956 312.494537 
597.866028 395.491577 
597.866028 395.491577 
282.605286 309.682526 
432.800049 306.605255 
272.212860 311.437042 
396.279480 282.391815 
400.213684 319.925629 
196.314072 365.941223 
362.791382 306.674744 
362.791382 306.674744 
384.433502 288.360687 
196.314072 365.941223 
424.003235 345.943451 
286.665283 291.084229 
203.342926 358.915039 
580.999634 359.866150 
402.599823 317.721863 
237.619339 299.218445 
225.971634 331.534241 
256.023804 279.444122 
206.683975 294.855194 
266.027771 261.530853 
235.065231 314.887238 
210.095520 364.693848 
289.857025 360.192322 
199.081665 364.434204 
259.301849 373.575958 
250.340027 363.328979 
372.876251 278.585236 
273.705994 286.717346 
243.621216 313.830292 
259.246033 281.609467 
264.765808 385.833069 
259.977692 352.331116 
578.711853 246.526428 
420.059784 326.717529 
377.053741 308.509766 
251.527847 241.312210 
382.263031 338.670898 
196.314072 365.941223 
558.951660 246.427460 
401.687836 317.037567 
272.212860 311.437042 
201.658310 344.671875 
576.398865 132.096939 
288.550537 250.506241 
254.746460 359.303558 
197.280930 358.288483 
132.581573 381.121796 
202.243317 329.613617 
284.520782 88.352257 
202.243317 329.613617 
376.877441 318.992523 
401.687836 317.037567 
376.042694 351.176758 
244.539474 310.873535 
299.695953 245.279099 
377.053741 308.509766 
380.532867 362.581573 
264.556152 305.684601 
401.687836 317.037567 
284.520782 88.352257 
267.463379 306.120728 
415.315979 386.949005 
199.708282 355.315613 
289.857025 360.192322 
273.705994 286.717346 
273.705994 286.717346 
194.605316 354.796356 
422.015381 325.485901 
199.081665 364.434204 
279.155029 306.232178 
279.155029 306.232178 
235.065231 314.887238 
235.065231 314.887238 
307.417603 303.651276 
302.030518 301.663788 
386.609924 310.924225 
208.109131 355.350555 
281.411865 314.496826 
275.957489 302.434021 
194.062317 361.053375 
284.961243 364.600220 
413.524384 359.258911 
206.526535 303.201782 
287.930328 99.569046 
406.326050 304.443024 
259.301849 373.575958 
392.639099 363.770905 
202.087891 349.743195 
302.030518 301.663788 
196.892868 364.401001 
429.128998 316.405457 
199.081665 364.434204 
290.371613 284.102570 
403.147583 364.051025 
545.323975 389.755859 
256.023804 279.444122 
251.527847 241.312210 
282.039398 302.170502 
295.633881 279.769135 
272.212860 311.437042 
194.893616 370.127838 
204.079376 305.785889 
371.470520 300.454498 
392.639099 363.770905 
204.079376 305.785889 
204.079376 305.785889 
32.735352 362.203552 
375.523743 288.871490 
424.003235 345.943451 
206.683975 294.855194 
402.599823 317.721863 
401.687836 317.037567 
296.585815 342.044159 
197.266418 307.351471 
377.053741 308.509766 
260.687653 281.842407 
235.638046 336.056213 
425.176727 345.619537 
273.705994 286.717346 
242.444992 318.300995 
281.911377 268.635345 
281.911377 268.635345 
252.980576 322.009094 
204.079376 305.785889 
228.836914 359.173096 
294.876129 248.377930 
299.695953 245.279099 
422.015381 325.485901 
274.685303 299.096191 
196.892868 364.401001 
556.524292 110.439026 
409.854858 292.408813 
308.952240 338.800690 
270.390411 327.589386 
286.874390 321.701660 
384.433502 288.360687 
377.972198 296.275879 
400.213684 319.925629 
204.013596 348.633453 
145.231171 378.327454 
200.874649 312.457275 
254.746460 359.303558 
196.314072 365.941223 
243.621216 313.830292 
207.801056 375.719147 
194.062317 361.053375 
194.062317 361.053375 
282.079742 245.440247 
299.695953 245.279099 
273.098572 299.827057 
179.568924 349.156403 
228.836914 359.173096 
406.326050 304.443024 
183.825714 354.506897 
200.874649 312.457275 
413.524384 359.258911 
409.854858 292.408813 
186.266174 309.982971 
267.399994 368.344543 
281.411865 314.496826 
200.874649 312.457275 
187.518982 290.437317 
187.518982 290.437317 
251.527847 241.312210 
294.876129 248.377930 
290.093964 306.392273 
422.188354 312.877167 
279.155029 306.232178 
280.282593 291.676544 
399.110992 319.880188 
578.711853 246.526428 
208.109131 355.350555 
236.710419 287.891144 
250.340027 363.328979 
293.370819 280.486786 
260.687653 281.842407 
546.855347 390.834473 
259.301849 373.575958 
202.290375 375.210815 
225.971634 331.534241 
386.609924 310.924225 
186.266174 309.982971 
194.605316 354.796356 
196.314072 365.941223 
288.581482 367.155823 
288.550537 250.506241 
267.734589 364.773865 
200.874649 312.457275 
196.450104 401.094055 
262.994446 241.468674 
282.605286 309.682526 
392.639099 363.770905 
259.977692 352.331116 
287.930328 99.569046 
210.095520 364.693848 
210.375427 372.416077 
400.213684 319.925629 
296.543915 246.914856 
274.685303 299.096191 
242.427521 288.457428 
204.079376 305.785889 
202.290375 375.210815 
284.520782 88.352257 
408.329712 274.765869 
183.473297 350.144135 
207.338272 318.144592 
194.605316 354.796356 
305.070892 300.057556 
282.304810 297.811676 
204.079376 305.785889 
203.614609 331.942902 
290.371613 284.102570 
243.621216 313.830292 
259.301849 373.575958 
373.984406 333.645905 
426.916565 287.336792 
286.874390 321.701660 
276.787720 279.536316 
381.527588 362.417297 
262.994446 241.468674 
283.074066 243.878677 
545.323975 389.755859 
243.621216 313.830292 
380.319214 304.154602 
208.109131 355.350555 
401.687836 317.037567 
369.404358 300.851959 
369.404358 300.851959 
265.051270 310.710815 
298.260712 288.843048 
202.290375 375.210815 
576.398865 132.096939 
244.516647 332.416992 
244.539474 310.873535 
275.957489 302.434021 
384.433502 288.360687 
385.900299 306.217102 
399.231445 292.744598 
399.231445 292.744598 
259.301849 373.575958 
40.435387 372.191498 
316.229218 286.329315 
194.605316 354.796356 
428.094513 312.024231 
306.328064 300.572418 
556.524292 110.439026 
275.957489 302.434021 
401.687836 317.037567 
401.687836 317.037567 
279.155029 306.232178 
299.695953 245.279099 
252.980576 322.009094 
403.147583 364.051025 
246.076752 298.936462 
194.062317 361.053375 
299.695953 245.279099 
211.307327 305.914032 
199.708282 355.315613 
284.520782 88.352257 
271.004852 305.126526 
271.004852 305.126526 
280.282593 291.676544 
337.956055 307.092865 
201.348846 344.063202 
237.619339 299.218445 
545.323975 389.755859 
204.934540 396.110107 
259.052917 308.855713 
294.876129 248.377930 
194.605316 354.796356 
194.605316 354.796356 
246.670914 298.176086 
578.711853 246.526428 
268.790619 277.877930 
203.064728 286.782196 
232.561798 308.933105 
204.079376 305.785889 
558.951660 246.427460 
206.683975 294.855194 
197.280930 358.288483 
204.013596 348.633453 
174.525299 372.584045 
395.550629 313.719238 
209.426956 312.494537 
196.314072 365.941223 
237.619339 299.218445 
237.619339 299.218445 
235.663651 290.139648 
305.070892 300.057556 
371.470520 300.454498 
381.527588 362.417297 
203.614609 331.942902 
578.711853 246.526428 
197.280930 358.288483 
252.980576 322.009094 
273.705994 286.717346 
242.427521 288.457428 
215.222107 325.670746 
371.470520 300.454498 
289.857025 360.192322 
284.520782 88.352257 
242.444992 318.300995 
225.971634 331.534241 
190.446884 286.404572 
199.081665 364.434204 
268.668243 286.703278 
275.053131 238.010605 
267.734589 364.773865 
267.734589 364.773865 
289.293518 278.723999 
251.527847 241.312210 
283.773499 312.850952 
283.773499 312.850952 
243.621216 313.830292 
196.314072 365.941223 
401.687836 317.037567 
203.342926 358.915039 
383.879150 394.612244 
580.102844 268.149811 
295.633881 279.769135 
401.687836 317.037567 
401.687836 317.037567 
397.670044 327.447876 
279.155029 306.232178 
281.911377 268.635345 
296.543915 246.914856 
580.102844 268.149811 
277.426117 270.305542 
578.711853 246.526428 
203.614609 331.942902 
369.404358 300.851959 
382.263031 338.670898 
197.462494 314.744141 
199.081665 364.434204 
273.705994 286.717346 
197.553421 399.093140 
141.078384 390.380402 
281.908813 251.850449 
267.734589 364.773865 
267.734589 364.773865 
267.399994 368.344543 
396.279480 282.391815 
210.095520 364.693848 
265.051270 310.710815 
580.102844 268.149811 
243.259476 328.605896 
207.880478 342.474823 
281.911377 268.635345 
264.258911 370.203369 
199.081665 364.434204 
422.015381 325.485901 
230.125000 386.420624 
286.174561 248.825409 
244.539474 310.873535 
199.081665 364.434204 
200.006714 288.808228 
200.006714 288.808228 
264.258911 370.203369 
240.062958 297.766846 
386.609924 310.924225 
576.398865 132.096939 
424.562103 297.905121 
197.280930 358.288483 
242.427521 288.457428 
369.404358 300.851959 
284.520782 88.352257 
377.053741 308.509766 
254.066833 282.182922 
250.340027 363.328979 
265.688690 347.767548 
351.101410 301.279327 
282.816223 285.212585 
200.874649 312.457275 
284.520782 88.352257 
307.417603 303.651276 
238.885834 283.868500 
252.607132 281.032928 
401.687836 317.037567 
212.381378 311.262726 
281.911377 268.635345 
206.683975 294.855194 
210.095520 364.693848 
210.066879 316.569672 
210.066879 316.569672 
384.433502 288.360687 
235.663651 290.139648 
211.307327 305.914032 
580.102844 268.149811 
281.908813 251.850449 
383.879150 394.612244 
202.290375 375.210815 
399.110992 319.880188 
409.854858 292.408813 
382.263031 338.670898 
271.004852 305.126526 
209.426956 312.494537 
254.240097 316.330933 
372.489624 300.829437 
556.524292 110.439026 
186.266174 309.982971 
252.840897 281.622620 
351.101410 301.279327 
251.527847 241.312210 
200.078110 367.590973 
194.605316 354.796356 
401.687836 317.037567 
242.444992 318.300995 
299.738434 246.651062 
401.687836 317.037567 
556.524292 110.439026 
386.609924 310.924225 
197.280930 358.288483 
242.427521 288.457428 
197.266418 307.351471 
283.773499 312.850952 
406.326050 304.443024 
111.858627 381.217560 
207.398483 323.436829 
187.264511 369.782715 
377.053741 308.509766 
273.705994 286.717346 
377.053741 308.509766 
383.586395 277.862091 
194.605316 354.796356 
371.470520 300.454498 
279.155029 306.232178 
259.301849 373.575958 
188.702377 356.648621 
188.869019 343.164276 
291.949219 232.187363 
277.061615 360.557159 
202.328690 358.762543 
187.553223 300.033569 
207.801056 375.719147 
299.695953 245.279099 
189.589645 395.758575 
376.877441 318.992523 
556.524292 110.439026 
202.328690 358.762543 
267.399994 368.344543 
194.062317 361.053375 
187.553223 300.033569 
244.539474 310.873535 
384.433502 288.360687 
375.523743 288.871490 
196.892868 364.401001 
271.004852 305.126526 
279.155029 306.232178 
242.427521 288.457428 
351.101410 301.279327 
296.543915 246.914856 
216.085602 328.716888 
409.854858 292.408813 
273.705994 286.717346 
373.984406 333.645905 
252.980576 322.009094 
379.853790 366.629547 
194.893616 370.127838 
294.876129 248.377930 
272.212860 311.437042 
371.470520 300.454498 
