500
380.262848 320.604065 
404.503418 352.951630 
404.503418 352.951630 
379.874939 319.327484 
390.044769 325.209442 
379.363892 318.310455 
388.715088 324.321777 
285.853699 227.795792 
402.382294 331.203827 
285.853699 227.795792 
390.164825 333.327026 
408.754456 331.843628 
415.057037 324.439270 
285.684540 226.835983 
359.017548 262.003693 
408.629669 325.700928 
408.754456 331.843628 
391.000061 329.071594 
436.943726 346.845947 
415.057037 324.439270 
285.684540 226.835983 
402.382294 331.203827 
395.096527 343.913208 
395.096527 343.913208 
430.273621 335.433716 
426.695374 362.480957 
381.087128 357.886719 
415.057037 324.439270 
140.832581 165.833847 
316.992188 174.328995 
329.348389 129.616653 
281.545807 149.890121 
285.957520 228.921539 
375.852661 321.058777 
375.852661 321.058777 
361.878906 202.833725 
364.618713 145.725677 
398.201691 324.882141 
402.382294 331.203827 
404.503418 352.951630 
285.853699 227.795792 
143.071045 167.782516 
143.071045 167.782516 
422.121063 349.358124 
288.723389 170.770294 
281.545807 149.890121 
379.964874 317.211395 
281.545807 149.890121 
361.878906 202.833725 
436.943726 346.845947 
281.545807 149.890121 
428.383820 366.930145 
246.210846 248.089172 
143.071045 167.782516 
325.167450 138.834335 
311.371307 138.170166 
401.704773 352.098328 
171.143768 118.848457 
171.143768 118.848457 
369.536926 151.966354 
282.701782 251.857071 
321.781281 247.795227 
329.348389 129.616653 
397.872772 331.397552 
69.913139 44.767445 
325.167450 138.834335 
301.369049 155.263321 
415.961914 323.406128 
397.872772 331.397552 
321.781281 247.795227 
230.422318 95.897552 
394.471802 343.061737 
399.391602 341.705719 
399.391602 341.705719 
355.052612 251.328201 
438.103455 345.027557 
401.704773 352.098328 
326.987274 161.858505 
378.631683 323.837158 
370.231781 309.152283 
429.685394 359.841339 
326.987274 161.858505 
315.359283 132.712585 
370.231781 309.152283 
372.532227 203.606064 
226.166077 103.526604 
405.839691 358.098267 
321.781281 247.795227 
326.318115 254.872879 
399.391602 341.705719 
370.231781 309.152283 
427.951599 360.341309 
399.391602 341.705719 
370.231781 309.152283 
434.192261 351.048767 
372.844696 309.456604 
433.905975 384.495850 
349.603088 332.409271 
432.501923 359.477173 
234.309174 92.652657 
395.390045 389.798645 
416.434021 355.859924 
445.291992 347.984528 
396.476562 359.273254 
285.974640 253.341263 
377.621826 326.707672 
246.210846 248.089172 
204.919357 402.974060 
355.115387 374.494812 
347.579987 184.435181 
321.781281 247.795227 
349.950012 248.580780 
433.573578 355.979584 
394.360260 365.949188 
326.313995 126.947746 
442.371887 396.879761 
199.360245 253.140472 
437.538574 351.550934 
399.391602 341.705719 
401.704773 352.098328 
343.804230 369.519897 
446.876801 345.931976 
323.928162 139.394119 
349.098206 385.267914 
199.360245 253.140472 
224.722015 247.998016 
221.601196 250.628937 
295.708099 226.322998 
186.315338 111.171234 
246.675323 88.568649 
226.166077 103.526604 
316.992188 174.328995 
316.992188 174.328995 
373.385071 201.489029 
366.231689 150.541687 
349.098206 385.267914 
250.478622 86.558441 
436.943726 346.845947 
186.315338 111.171234 
162.739990 173.053604 
433.573578 355.979584 
349.603088 332.409271 
359.017548 262.003693 
335.719269 289.689606 
363.979523 138.477798 
250.478622 86.558441 
317.821136 135.673218 
440.130127 345.523712 
370.231781 309.152283 
433.905975 384.495850 
236.869919 80.152000 
281.257660 148.985855 
316.992188 174.328995 
443.823151 363.083649 
355.052612 251.328201 
113.717918 120.287086 
354.246521 376.011322 
367.378540 197.407410 
401.704773 352.098328 
239.259918 92.841515 
246.675323 88.568649 
226.990967 91.062347 
169.056747 186.789459 
285.853699 227.795792 
171.143768 118.848457 
380.625000 142.376785 
438.103455 345.027557 
199.136490 251.058060 
300.943970 154.179306 
376.523987 338.035614 
311.681183 264.775574 
313.329224 261.341827 
163.701126 187.908035 
220.813629 255.824066 
393.659821 370.525970 
242.781616 95.378822 
330.222290 260.177399 
375.810883 170.618668 
395.075714 306.766083 
146.451721 173.446121 
361.878906 202.833725 
226.166077 103.526604 
380.366638 316.295013 
302.949615 136.693069 
302.949615 136.693069 
302.949615 136.693069 
279.503204 146.338989 
362.534698 197.962921 
311.371307 138.170166 
373.616486 149.502899 
152.576309 175.652679 
438.626099 348.621918 
302.949615 136.693069 
311.681183 264.775574 
438.626099 348.621918 
323.741272 247.955032 
394.471802 343.061737 
113.265121 107.116615 
333.936432 199.027313 
443.997467 358.028473 
434.988708 368.191071 
434.988708 368.191071 
399.387604 355.114197 
385.819244 357.562775 
407.494720 315.641541 
114.999962 115.860977 
394.471802 343.061737 
389.599945 374.861633 
287.547516 169.434509 
285.957520 228.921539 
413.360260 328.853180 
395.390045 389.798645 
394.755096 310.785553 
433.905975 384.495850 
285.853699 227.795792 
368.740479 175.606613 
262.643707 152.683365 
262.643707 152.683365 
442.371887 396.879761 
114.999962 115.860977 
316.992188 174.328995 
146.451721 173.446121 
225.821274 252.633896 
321.431183 141.097351 
239.259918 92.841515 
220.813629 255.824066 
361.190063 259.280182 
393.051117 344.739624 
113.265121 107.116615 
281.545807 149.890121 
128.034302 130.651886 
281.257660 148.985855 
302.949615 136.693069 
298.864838 187.545547 
379.874939 319.327484 
330.222290 260.177399 
373.385071 201.489029 
300.943970 154.179306 
281.257660 148.985855 
333.936432 199.027313 
308.369781 264.593933 
296.113342 226.794678 
323.928162 139.394119 
281.545807 149.890121 
281.545807 149.890121 
281.545807 149.890121 
298.864838 187.545547 
108.927666 111.416138 
250.478622 86.558441 
333.936432 199.027313 
213.115295 250.026764 
328.007233 197.111938 
310.981049 137.391983 
353.988007 377.045776 
281.118439 250.957413 
438.620331 323.892303 
413.360260 328.853180 
396.548157 380.501495 
270.962769 66.709435 
429.685394 359.841339 
372.188934 174.714584 
446.876801 345.931976 
139.019913 156.082489 
355.115387 374.494812 
401.704773 352.098328 
186.315338 111.171234 
399.387604 355.114197 
242.781616 95.378822 
362.534698 197.962921 
345.510559 343.982819 
171.143768 118.848457 
402.382294 331.203827 
146.219055 149.015366 
337.709747 256.987244 
226.166077 103.526604 
191.614594 208.216995 
298.864838 187.545547 
226.794601 283.872711 
145.057388 71.198227 
369.823975 180.719208 
138.154709 157.667877 
192.733002 208.482559 
297.375732 124.599022 
374.160675 346.517090 
287.547516 169.434509 
140.746445 176.647430 
279.847656 61.461994 
316.992188 174.328995 
302.949615 136.693069 
367.044342 380.408142 
302.949615 136.693069 
415.832336 324.697357 
297.644104 139.764465 
393.734924 350.636108 
289.752991 246.295303 
317.821136 135.673218 
346.878723 429.871033 
314.344177 244.786774 
363.319672 307.240845 
363.319672 307.240845 
249.946564 85.044205 
437.297516 316.588776 
113.717918 120.287086 
287.547516 169.434509 
347.718781 292.934662 
336.978027 138.666718 
336.978027 138.666718 
374.393250 340.075867 
236.869919 80.152000 
383.875641 347.868225 
296.113342 226.794678 
114.999962 115.860977 
322.509277 246.374481 
301.369049 155.263321 
287.547516 169.434509 
415.961914 323.406128 
394.755096 310.785553 
246.590897 72.267822 
415.961914 323.406128 
308.369781 264.593933 
308.369781 264.593933 
285.957520 228.921539 
281.545807 149.890121 
300.943970 154.179306 
281.237335 141.427734 
443.823151 363.083649 
298.864838 187.545547 
322.369720 126.873306 
395.390045 389.798645 
310.981049 137.391983 
343.302734 419.006744 
379.941101 149.920151 
221.601196 250.628937 
270.962769 66.709435 
171.143768 118.848457 
285.957520 228.921539 
384.023956 341.229980 
379.941101 149.920151 
279.847656 61.461994 
213.238464 299.777344 
330.551270 198.326736 
368.725800 204.090958 
128.034302 130.651886 
82.987099 188.282410 
364.618713 145.725677 
364.618713 145.725677 
298.864838 187.545547 
363.245178 427.313263 
281.545807 149.890121 
357.056152 372.617035 
326.987274 161.858505 
243.698517 85.586601 
440.529541 350.642670 
361.878906 202.833725 
281.257660 148.985855 
313.329224 261.341827 
138.154709 157.667877 
308.369781 264.593933 
357.056152 372.617035 
357.056152 372.617035 
300.943970 154.179306 
302.949615 136.693069 
328.007233 197.111938 
281.257660 148.985855 
153.125793 152.636063 
395.390045 389.798645 
279.803223 144.236816 
221.601196 250.628937 
341.828979 282.870514 
278.154022 140.534302 
368.725800 204.090958 
62.286465 40.419556 
343.734619 189.325653 
372.532227 203.606064 
349.603088 332.409271 
326.987274 161.858505 
269.481537 141.999741 
421.252441 356.084167 
281.257660 148.985855 
244.919937 274.621002 
300.943970 154.179306 
288.723389 170.770294 
337.463715 221.888123 
401.704773 352.098328 
359.017548 262.003693 
415.961914 323.406128 
135.856323 155.661392 
304.313232 119.802475 
224.722015 247.998016 
369.823975 180.719208 
372.188934 174.714584 
317.821136 135.673218 
287.547516 169.434509 
305.596100 133.619370 
281.257660 148.985855 
340.276825 195.676804 
273.824188 47.519627 
362.534698 197.962921 
388.317230 382.932892 
419.121735 344.399811 
128.034302 130.651886 
383.637848 338.121399 
311.371307 138.170166 
330.551270 198.326736 
242.781616 95.378822 
317.821136 135.673218 
246.590897 72.267822 
224.722015 247.998016 
398.624390 374.756287 
316.992188 174.328995 
382.990387 147.818176 
343.302734 419.006744 
228.696945 284.908905 
355.115387 374.494812 
246.590897 72.267822 
400.416168 364.955139 
246.210846 248.089172 
415.961914 323.406128 
376.523987 338.035614 
289.752991 246.295303 
411.124023 375.303741 
236.869919 80.152000 
226.166077 103.526604 
302.468536 130.130936 
287.547516 169.434509 
324.477997 260.192444 
228.696945 284.908905 
296.315460 189.605621 
316.992188 174.328995 
213.238464 299.777344 
314.344177 244.786774 
328.007233 197.111938 
191.779007 208.955780 
285.957520 228.921539 
400.287781 364.450897 
400.287781 364.450897 
348.147766 294.085449 
406.621429 372.035553 
364.072052 136.837311 
372.704163 145.997070 
385.819244 357.562775 
326.867126 147.664276 
113.717918 120.287086 
301.705017 133.169113 
173.790009 165.612320 
287.547516 169.434509 
365.652069 309.262726 
314.344177 244.786774 
359.017548 262.003693 
345.510559 343.982819 
242.781616 95.378822 
341.367310 197.735474 
343.381805 425.573029 
396.316162 298.164825 
333.936432 199.027313 
349.950012 248.580780 
142.508575 155.591599 
142.508575 155.591599 
410.559662 305.325958 
433.573578 355.979584 
380.625000 142.376785 
228.696945 284.908905 
287.547516 169.434509 
325.167450 138.834335 
224.150040 94.765724 
281.473358 58.725403 
403.681946 302.928589 
131.067810 126.927383 
247.048569 91.772453 
308.369781 264.593933 
351.295288 188.562943 
216.736618 241.496841 
361.190063 259.280182 
304.018066 115.525452 
279.847656 61.461994 
287.547516 169.434509 
171.143768 118.848457 
220.583435 252.842148 
193.618958 113.316811 
308.369781 264.593933 
324.477997 260.192444 
296.113342 226.794678 
327.951355 163.149887 
226.166077 103.526604 
308.369781 264.593933 
366.548523 138.903824 
310.981049 137.391983 
297.375732 124.599022 
297.375732 124.599022 
130.792755 100.531052 
386.845764 356.355194 
300.943970 154.179306 
346.327728 200.774918 
316.992188 174.328995 
281.257660 148.985855 
192.733002 208.482559 
337.463715 221.888123 
125.526146 123.938622 
265.011292 136.947388 
65.883583 188.715607 
