500
414.330658 383.047516 
383.268066 366.302917 
211.522400 375.905060 
413.358795 369.383728 
211.522400 375.905060 
374.066925 336.314819 
407.381378 397.902130 
407.381378 397.902130 
300.903046 165.541794 
374.152496 381.054626 
374.152496 381.054626 
411.308960 373.585114 
374.066925 336.314819 
375.123932 356.367279 
383.268066 366.302917 
414.330658 383.047516 
374.066925 336.314819 
211.522400 375.905060 
380.796173 343.496979 
380.796173 343.496979 
376.108582 331.520569 
376.108582 331.520569 
391.352753 345.831207 
380.796173 343.496979 
404.562317 343.839203 
416.496460 365.238861 
376.108582 331.520569 
324.156311 132.749161 
324.156311 132.749161 
365.205872 385.084167 
140.229691 92.241875 
422.233673 375.657593 
377.602081 377.382324 
377.602081 377.382324 
323.542633 121.906219 
377.602081 377.382324 
316.141388 152.077042 
378.456421 338.502747 
356.695679 367.653137 
403.434326 351.324585 
407.381378 397.902130 
185.316513 276.624115 
404.562317 343.839203 
323.542633 121.906219 
404.562317 343.839203 
384.459778 408.425995 
181.599319 390.775787 
419.727722 365.233215 
404.562317 343.839203 
283.954193 247.010941 
399.092865 359.806274 
386.352448 359.646545 
389.942230 364.957214 
268.618622 173.791443 
368.702667 396.856964 
385.643860 382.654633 
399.092865 359.806274 
449.385437 156.856094 
449.385437 156.856094 
380.796173 343.496979 
411.308960 373.585114 
385.489380 363.376404 
296.421326 140.474991 
368.616791 320.896698 
378.456421 338.502747 
358.263214 194.064743 
140.229691 92.241875 
316.304626 153.285004 
283.954193 247.010941 
348.361938 200.598831 
364.506897 389.927979 
365.220093 350.313141 
374.152496 381.054626 
369.895844 353.621124 
357.403015 196.380249 
354.999573 323.821106 
398.871155 339.513977 
205.949707 449.896545 
365.409760 329.766937 
404.562317 343.839203 
387.071808 351.541504 
283.954193 247.010941 
385.643860 382.654633 
379.842590 185.836700 
422.233673 375.657593 
352.291687 251.488205 
378.456421 338.502747 
341.709381 166.347565 
374.087524 213.064575 
400.327789 372.024017 
369.895844 353.621124 
374.087524 213.064575 
416.492950 370.193359 
392.981415 358.413208 
356.227448 397.214783 
352.244232 257.155457 
376.108582 331.520569 
340.722473 353.581329 
328.345551 251.568466 
203.879532 358.665222 
201.534744 275.844971 
400.230377 338.614868 
354.999573 323.821106 
356.176941 369.964478 
357.314148 253.492081 
402.586487 396.565643 
386.083893 373.846069 
243.773865 270.287476 
386.190704 389.452942 
340.722473 353.581329 
385.643860 382.654633 
205.949707 449.896545 
384.267273 369.657715 
375.639252 188.931946 
384.484955 380.100037 
131.412735 94.216751 
377.000946 413.916107 
408.658600 345.991577 
371.217896 377.151123 
401.349976 353.244598 
359.940338 195.229187 
179.194656 457.000122 
362.402435 332.980835 
369.096924 205.760635 
386.352448 359.646545 
323.743774 255.615524 
185.316513 276.624115 
380.796173 343.496979 
379.226440 185.179550 
400.230377 338.614868 
422.233673 375.657593 
348.125000 202.140594 
140.229691 92.241875 
248.706726 266.574402 
386.083893 373.846069 
408.658600 345.991577 
211.522400 375.905060 
328.345551 251.568466 
371.417236 402.412506 
374.152496 381.054626 
399.092865 359.806274 
329.208984 197.616318 
393.472443 353.237823 
386.083893 373.846069 
385.121460 379.250488 
203.879532 358.665222 
134.665436 153.316513 
266.139862 81.126495 
379.480011 190.429230 
373.087830 364.073853 
387.027008 393.946564 
387.009735 367.444946 
368.102020 401.388611 
372.924255 333.592865 
322.404541 242.836151 
369.895844 353.621124 
354.880310 351.783386 
169.616577 125.061256 
89.393082 173.046494 
380.653717 364.496613 
202.628082 449.469788 
383.881256 371.150116 
383.881256 371.150116 
313.447571 176.197433 
331.755157 339.353973 
340.722473 353.581329 
203.879532 358.665222 
376.119598 357.339355 
341.709381 166.347565 
300.996796 167.033630 
347.532104 153.452408 
245.098770 80.168472 
352.244232 257.155457 
411.814575 385.119385 
245.644958 235.436050 
386.352448 359.646545 
296.062073 169.639435 
357.314148 253.492081 
362.441803 391.938416 
224.719498 235.574524 
357.165283 190.356476 
407.475342 377.200348 
185.316513 276.624115 
397.831879 160.422470 
356.204742 348.230621 
325.291809 265.535400 
271.804108 74.546455 
388.908966 363.763885 
413.358795 369.383728 
360.979279 329.526031 
328.621216 124.695274 
164.109726 141.677063 
305.320435 160.600372 
256.716797 81.794739 
156.510757 55.206589 
240.240616 260.946747 
298.588287 223.313416 
335.922211 259.327576 
353.622070 370.930908 
324.156311 132.749161 
424.717163 368.354034 
378.681915 353.773407 
157.506195 55.151299 
156.279099 125.906082 
374.224976 206.708603 
373.597229 356.132660 
217.474121 362.430725 
329.208984 197.616318 
287.170380 221.618851 
362.402435 332.980835 
396.177155 377.736694 
407.680481 414.009460 
181.703903 188.542160 
341.709381 166.347565 
354.385590 347.660339 
327.982758 262.322876 
375.639252 188.931946 
374.398346 386.446777 
349.715698 241.099319 
278.707581 144.550919 
278.707581 144.550919 
362.441803 391.938416 
422.601288 371.870605 
380.120117 211.529892 
209.839813 194.889297 
416.492950 370.193359 
162.254578 129.305252 
374.066925 336.314819 
316.141388 152.077042 
297.053558 138.844467 
187.759628 386.808899 
419.300934 369.594177 
199.839020 202.692657 
220.518875 253.551514 
313.447571 176.197433 
408.943146 334.837067 
179.194656 457.000122 
383.881256 371.150116 
381.551117 418.598969 
321.026642 269.842865 
332.965363 138.213409 
374.066925 336.314819 
419.300934 369.594177 
106.176384 150.688843 
210.886688 192.715088 
300.996796 167.033630 
300.996796 167.033630 
220.518875 253.551514 
243.773865 270.287476 
365.367798 328.779205 
330.320435 122.308434 
134.665436 153.316513 
305.320435 160.600372 
179.194656 457.000122 
397.831879 160.422470 
350.645569 150.542953 
369.096924 205.760635 
347.532104 153.452408 
335.922211 259.327576 
89.393082 173.046494 
368.702667 396.856964 
263.109680 70.253273 
300.903046 165.541794 
374.066925 336.314819 
403.489166 331.597260 
325.986328 114.352081 
385.489380 363.376404 
352.291687 251.488205 
384.573547 318.101135 
419.727722 365.233215 
407.680481 414.009460 
233.518936 226.520035 
331.755157 339.353973 
300.903046 165.541794 
218.102982 223.749435 
416.492950 370.193359 
349.854584 139.811935 
318.481567 136.718201 
332.965363 138.213409 
200.576767 187.935562 
212.450821 205.085464 
342.520386 388.266479 
359.769531 429.728546 
218.102982 223.749435 
283.954193 247.010941 
374.947784 370.928894 
422.233673 375.657593 
350.645569 150.542953 
338.821228 144.080658 
348.125000 202.140594 
321.217468 125.759987 
300.996796 167.033630 
351.250641 348.007599 
201.534744 275.844971 
332.576630 124.007462 
390.854431 157.277237 
300.031830 164.883377 
153.420166 96.071037 
413.621033 372.679138 
381.860687 351.061951 
262.628357 65.815384 
360.979279 329.526031 
360.979279 329.526031 
248.706726 266.574402 
350.645569 150.542953 
140.973251 91.495201 
347.532104 153.452408 
236.089172 254.738968 
169.616577 125.061256 
375.123932 356.367279 
378.166626 363.365723 
203.879532 358.665222 
321.217468 125.759987 
386.221588 410.895721 
314.672913 129.552155 
155.497375 126.641617 
245.098770 80.168472 
341.216309 380.806915 
332.965363 138.213409 
405.317108 377.635437 
365.409760 329.766937 
356.204742 348.230621 
78.240639 144.993225 
297.053558 138.844467 
134.665436 153.316513 
380.736847 361.651367 
341.216309 380.806915 
280.659790 244.456558 
390.854431 157.277237 
335.626587 199.125168 
321.064941 135.408722 
298.588287 223.313416 
265.904541 72.777237 
146.459503 65.541245 
381.340942 146.083649 
300.996796 167.033630 
400.203613 323.147247 
300.031830 164.883377 
254.090805 78.833908 
254.090805 78.833908 
362.441803 391.938416 
356.227448 397.214783 
422.817474 385.546814 
357.314148 253.492081 
357.374603 266.053864 
297.053558 138.844467 
321.064941 135.408722 
376.119598 357.339355 
169.616577 125.061256 
298.588287 223.313416 
153.171234 132.187897 
328.722443 231.390945 
299.156158 150.493790 
341.709381 166.347565 
396.643585 347.272308 
360.979279 329.526031 
360.979279 329.526031 
217.494064 93.088928 
78.240639 144.993225 
356.858032 202.196716 
356.858032 202.196716 
134.665436 153.316513 
352.970215 250.708466 
300.031830 164.883377 
78.240639 144.993225 
210.687027 89.919594 
300.031830 164.883377 
334.900421 189.587769 
327.161346 272.184021 
153.420166 96.071037 
166.036224 145.687714 
362.441803 391.938416 
325.407928 118.669983 
321.217468 125.759987 
321.026642 269.842865 
139.572693 82.158417 
379.372284 211.121002 
331.755157 339.353973 
380.653717 364.496613 
286.614532 242.112473 
365.220093 350.313141 
156.412506 135.867767 
350.260590 135.022568 
335.626587 199.125168 
397.831879 160.422470 
338.603210 142.967957 
370.398499 414.915863 
321.064941 135.408722 
405.317108 377.635437 
375.839081 328.057037 
260.238007 80.290733 
357.314148 253.492081 
322.409576 241.690475 
385.489380 363.376404 
210.886688 192.715088 
271.804108 74.546455 
322.404541 242.836151 
391.352753 345.831207 
212.450821 205.085464 
179.194656 457.000122 
379.372284 211.121002 
221.045807 335.303436 
273.230438 80.063606 
308.441010 184.535614 
288.103882 223.310410 
381.366516 191.815659 
356.695679 367.653137 
331.755157 339.353973 
385.991394 402.336700 
263.109680 70.253273 
376.108582 331.520569 
385.814514 358.915924 
325.986328 114.352081 
266.139862 81.126495 
376.244171 186.229126 
225.375122 231.789169 
449.385437 156.856094 
288.103882 223.310410 
300.996796 167.033630 
221.319443 229.372589 
175.661362 322.418976 
359.277618 252.640152 
128.515625 343.399933 
321.064941 135.408722 
321.064941 135.408722 
300.996796 167.033630 
374.398346 386.446777 
348.439270 355.825470 
338.821228 144.080658 
378.166626 363.365723 
374.087524 213.064575 
267.132385 79.830826 
325.884430 112.529709 
328.722443 231.390945 
426.657959 377.555237 
169.616577 125.061256 
329.308472 138.356461 
354.999573 323.821106 
400.203613 323.147247 
324.156311 132.749161 
288.637421 220.600830 
223.419144 233.346191 
280.659790 244.456558 
357.374603 266.053864 
323.542633 121.906219 
288.637421 220.600830 
342.520386 388.266479 
379.372284 211.121002 
342.520386 388.266479 
106.176384 150.688843 
375.639252 188.931946 
166.036224 145.687714 
321.026642 269.842865 
165.192001 120.242554 
165.192001 120.242554 
273.782562 78.462227 
342.661530 150.453094 
297.653870 144.375626 
381.366516 191.815659 
374.398346 386.446777 
336.397461 116.314201 
300.996796 167.033630 
360.159271 317.870026 
160.411179 144.066055 
391.021393 143.254379 
212.450821 205.085464 
354.999573 323.821106 
322.404541 242.836151 
338.821228 144.080658 
362.441803 391.938416 
413.300476 406.019928 
163.038162 41.096191 
321.217468 125.759987 
392.980225 374.113434 
302.640686 391.498077 
339.920044 220.999344 
262.628357 65.815384 
374.947784 370.928894 
319.476379 296.830658 
198.227341 452.126740 
283.954193 247.010941 
299.156158 150.493790 
317.738251 122.353424 
313.447571 176.197433 
169.979355 54.618191 
169.979355 54.618191 
359.502533 243.232925 
327.161346 272.184021 
318.481567 136.718201 
380.442474 222.468735 
403.489166 331.597260 
212.520477 230.593719 
359.502533 243.232925 
340.122040 219.060333 
136.961151 85.070305 
408.943146 334.837067 
376.244171 186.229126 
376.244171 186.229126 
370.152374 386.536774 
376.244171 186.229126 
