500
459.865509 249.618759 
426.152069 258.383728 
478.580902 251.749374 
410.676849 260.266571 
426.152069 258.383728 
456.162079 268.711731 
443.433502 273.966461 
446.402252 273.267914 
446.402252 273.267914 
336.069885 405.011414 
411.914124 255.660324 
458.054901 269.829224 
458.054901 269.829224 
458.527527 247.244675 
429.889984 321.626099 
426.152069 258.383728 
457.579041 261.058563 
494.936646 265.565491 
494.936646 265.565491 
416.599884 245.751251 
457.487732 271.993225 
434.035004 266.840179 
299.057648 272.977478 
454.212585 256.519348 
456.162079 268.711731 
328.070709 269.628723 
447.244568 243.827179 
422.015289 324.361694 
336.069885 405.011414 
417.770264 262.451263 
497.092712 274.522125 
482.245575 253.819244 
328.070709 269.628723 
315.750854 162.289001 
416.281128 248.205582 
234.873657 163.472885 
458.527527 247.244675 
457.579041 261.058563 
454.294891 241.734741 
447.221802 253.401306 
458.527527 247.244675 
406.637451 258.832306 
454.294891 241.734741 
447.244568 243.827179 
443.702515 248.277420 
454.294891 241.734741 
444.978821 264.051453 
458.054901 269.829224 
91.756599 364.191772 
447.244568 243.827179 
482.161011 245.639801 
481.312378 256.386475 
448.424835 242.635757 
406.637451 258.832306 
426.024719 255.878952 
453.678253 304.641083 
462.373718 264.809753 
316.789154 164.661133 
454.294891 241.734741 
87.615997 290.833771 
415.540680 259.526062 
293.033142 244.998917 
241.613083 190.510330 
293.929230 317.555481 
234.873657 163.472885 
251.814713 207.253250 
481.312378 256.386475 
442.682648 259.307190 
442.682648 259.307190 
252.007919 300.286011 
252.007919 300.286011 
83.378220 276.682129 
293.033142 244.998917 
81.498299 235.915039 
81.498299 235.915039 
427.970184 285.261444 
91.756599 364.191772 
492.255432 308.061920 
490.441101 263.178497 
135.209366 298.627594 
299.057648 272.977478 
481.312378 256.386475 
354.744965 410.497467 
214.258804 307.801117 
434.478882 317.272461 
458.090240 289.203217 
482.161011 245.639801 
458.780518 250.286057 
441.940613 292.391968 
244.570282 188.732239 
409.345398 291.842712 
480.464294 263.164398 
435.724945 332.820251 
74.882309 260.594208 
233.544708 303.002075 
415.540680 259.526062 
415.540680 259.526062 
443.955566 234.580429 
327.933441 184.534927 
448.708069 260.289307 
361.257385 230.102844 
436.782043 264.846558 
162.431946 278.164185 
71.634743 256.046570 
71.634743 256.046570 
257.745148 163.413162 
419.908173 269.458099 
81.498299 235.915039 
478.247192 246.428467 
432.695221 258.836548 
443.007660 272.593353 
431.662628 274.034973 
415.540680 259.526062 
477.698761 305.156860 
461.369568 274.931946 
431.662628 274.034973 
132.515503 283.413727 
293.929230 317.555481 
161.581116 277.373901 
463.162842 302.455536 
422.613251 285.874176 
271.353424 163.085953 
422.008148 246.618332 
448.708069 260.289307 
427.970184 285.261444 
494.936646 265.565491 
316.789154 164.661133 
270.797577 160.175415 
155.255066 182.006485 
155.255066 182.006485 
490.786163 331.730499 
432.695221 258.836548 
481.312378 256.386475 
268.654572 293.521240 
290.219177 403.331146 
301.079926 201.167999 
252.042145 153.377304 
107.966927 347.686340 
286.703674 253.278473 
443.383423 287.717163 
482.161011 245.639801 
132.515503 283.413727 
287.661591 335.268433 
403.814667 294.929169 
244.570282 188.732239 
319.230743 227.559402 
469.089600 309.870270 
354.744965 410.497467 
303.279602 189.419235 
76.021431 276.994843 
127.450951 291.994202 
305.453522 185.554596 
466.775238 292.788910 
451.533142 274.746643 
494.936646 265.565491 
411.914124 255.660324 
302.517639 272.149170 
439.154053 274.605682 
241.613083 190.510330 
235.549683 237.633667 
316.762024 159.220795 
417.770264 262.451263 
52.090374 237.017944 
132.515503 283.413727 
477.698761 305.156860 
429.240967 243.314072 
469.379456 259.769012 
434.478882 317.272461 
259.794739 164.761658 
305.349762 179.501923 
441.074951 314.497620 
406.637451 258.832306 
482.513641 264.306580 
270.797577 160.175415 
157.995804 187.320404 
247.511322 167.408813 
130.192551 298.303253 
481.877625 250.082092 
322.675903 238.940903 
485.377472 242.315796 
160.592026 196.091431 
285.876953 252.537521 
225.002884 199.275269 
247.151581 160.663574 
129.728241 288.569946 
129.728241 288.569946 
159.085205 183.371841 
446.503387 285.947540 
492.255432 308.061920 
349.476288 222.153549 
135.690582 285.145264 
301.079926 201.167999 
434.478882 317.272461 
327.933441 184.534927 
234.540237 156.859650 
236.546921 171.221390 
271.027130 159.281601 
224.208923 190.825287 
403.814667 294.929169 
403.814667 294.929169 
240.381561 167.690109 
302.138916 132.435379 
455.083527 281.761597 
135.209366 298.627594 
135.209366 298.627594 
137.433502 284.576447 
340.137207 87.605057 
340.137207 87.605057 
431.662628 274.034973 
276.817627 176.039276 
302.138916 132.435379 
239.131485 175.001770 
239.131485 175.001770 
166.603821 171.578415 
247.151581 160.663574 
432.695221 258.836548 
160.592026 196.091431 
456.162079 268.711731 
339.396301 218.388931 
258.442261 163.827789 
231.900513 326.097870 
247.151581 160.663574 
355.510376 224.365585 
156.170212 171.782730 
160.592026 196.091431 
439.154053 274.605682 
407.211975 244.836182 
316.789154 164.661133 
451.533142 274.746643 
460.135895 298.934937 
314.644623 187.462662 
314.644623 187.462662 
91.040596 282.582977 
419.908173 269.458099 
287.190735 262.570099 
354.744965 410.497467 
135.514389 282.165680 
484.464935 297.411804 
236.070480 167.256592 
299.057648 272.977478 
229.052856 194.373505 
287.190735 262.570099 
91.040596 282.582977 
107.966927 347.686340 
107.966927 347.686340 
448.708069 260.289307 
250.229324 186.531326 
295.177124 142.950653 
294.597626 314.632233 
443.456116 297.871552 
239.162888 156.269669 
239.162888 156.269669 
252.266602 308.096802 
457.487732 271.993225 
230.230438 324.925995 
309.184265 193.730362 
432.695221 258.836548 
135.690582 285.145264 
441.074951 314.497620 
268.654572 293.521240 
451.899109 236.645416 
403.814667 294.929169 
150.415298 178.984604 
150.415298 178.984604 
295.177124 142.950653 
276.817627 176.039276 
444.978821 264.051453 
334.035522 241.094940 
127.450951 291.994202 
144.902283 295.565186 
490.786163 331.730499 
442.724091 295.369934 
247.151581 160.663574 
301.320770 365.735962 
305.130737 143.467300 
160.592026 196.091431 
445.333252 317.813446 
445.333252 317.813446 
415.925903 260.528748 
435.724945 332.820251 
232.833572 195.338989 
422.147034 266.807190 
461.659912 283.804260 
240.381561 167.690109 
240.381561 167.690109 
232.833572 195.338989 
422.147034 266.807190 
252.721558 202.343613 
301.079926 201.167999 
285.073761 251.782501 
493.748993 254.571060 
426.617493 278.872314 
433.642517 276.585724 
427.970184 285.261444 
444.978821 264.051453 
291.789032 335.728119 
277.990295 332.867920 
316.920654 235.899979 
316.920654 235.899979 
276.817627 176.039276 
227.993942 192.497406 
93.979057 255.307236 
232.833572 195.338989 
228.658661 155.811066 
459.926117 290.730072 
364.005096 228.217438 
506.371033 275.860229 
288.782959 133.821930 
349.476288 222.153549 
166.603821 171.578415 
363.164948 267.522461 
476.900024 285.326141 
463.735779 302.261322 
450.190735 233.072006 
355.510376 224.365585 
110.089417 290.395447 
163.465225 179.282150 
426.417450 237.502411 
233.544708 303.002075 
376.621094 263.302765 
505.917358 248.002121 
490.342957 263.589355 
310.545044 370.167358 
457.006622 268.995758 
232.833572 195.338989 
349.476288 222.153549 
305.130737 143.467300 
45.875919 211.606491 
160.592026 196.091431 
482.513641 264.306580 
312.583984 342.290924 
450.190735 233.072006 
93.979057 255.307236 
328.389252 228.645386 
267.394531 203.700760 
266.091187 165.093994 
203.400513 297.990448 
458.780518 250.286057 
427.970184 285.261444 
483.227356 290.182312 
315.750854 162.289001 
251.814713 207.253250 
91.040596 282.582977 
429.478363 287.507355 
429.478363 287.507355 
456.162079 268.711731 
412.806946 232.120544 
321.659821 215.051819 
426.006622 281.596466 
160.592026 196.091431 
434.478882 317.272461 
285.073761 251.782501 
295.097565 314.019623 
364.154877 231.721832 
474.001892 306.235931 
455.083527 281.761597 
415.925903 260.528748 
261.153809 366.904816 
336.069885 405.011414 
311.386932 180.769363 
443.433502 273.966461 
74.882309 260.594208 
304.673859 199.641525 
465.959473 285.978119 
484.951385 267.340485 
488.852814 296.067322 
231.796478 153.951630 
301.142090 131.310959 
481.877625 250.082092 
43.540623 237.218735 
315.750854 162.289001 
252.721558 202.343613 
241.613083 190.510330 
309.001770 180.893509 
302.320251 138.648010 
328.719025 176.904144 
232.833572 195.338989 
277.217255 192.734207 
327.933441 184.534927 
451.899109 236.645416 
334.035522 241.094940 
345.010651 241.156677 
256.552734 156.332382 
66.903503 272.682068 
251.814713 207.253250 
85.552170 254.626678 
317.660309 150.588882 
315.750854 162.289001 
484.464935 297.411804 
311.386932 180.769363 
159.213303 291.395691 
318.438690 247.066498 
321.659821 215.051819 
227.993942 192.497406 
334.601654 182.642365 
426.006622 281.596466 
328.719025 176.904144 
251.814713 207.253250 
481.437836 287.364197 
214.940186 295.984192 
470.804321 255.134171 
91.104782 282.465332 
255.158325 345.126434 
482.245575 253.819244 
345.010651 241.156677 
135.209366 298.627594 
432.428894 320.362396 
432.428894 320.362396 
255.765945 149.417969 
299.057648 272.977478 
309.397247 129.404907 
275.557495 353.991089 
228.658661 155.811066 
154.068481 187.200424 
249.984528 212.875961 
241.613083 190.510330 
273.311371 175.439209 
309.184265 193.730362 
83.944061 276.675476 
441.940613 292.391968 
334.899353 247.329193 
329.962860 377.320282 
267.394531 203.700760 
453.731964 273.783051 
291.789032 335.728119 
290.219177 403.331146 
460.135895 298.934937 
426.152069 258.383728 
287.190735 262.570099 
287.398743 130.418625 
336.069885 405.011414 
160.592026 196.091431 
241.613083 190.510330 
427.961182 260.231873 
232.014191 173.279510 
241.613083 190.510330 
287.190735 262.570099 
451.781158 319.582764 
251.696213 310.815430 
482.513641 264.306580 
126.794853 297.097992 
421.553528 240.747009 
224.422562 300.065277 
472.095062 236.096512 
328.389252 228.645386 
456.162079 268.711731 
291.789032 335.728119 
372.419525 260.988495 
268.654572 293.521240 
355.510376 224.365585 
82.001068 236.278519 
254.466736 153.177475 
331.099365 178.736023 
251.814713 207.253250 
232.014191 173.279510 
431.555573 262.419739 
308.283142 132.200668 
297.214783 273.422516 
153.882202 169.758286 
465.959473 285.978119 
129.728241 288.569946 
277.990295 332.867920 
246.284454 186.752380 
266.173859 324.921967 
252.721558 202.343613 
334.035522 241.094940 
232.014191 173.279510 
453.731964 273.783051 
127.235779 351.074707 
167.059326 167.779892 
143.844299 300.703918 
248.314758 308.773132 
482.161011 245.639801 
485.925903 232.464844 
251.814713 207.253250 
251.814713 207.253250 
324.943024 242.381119 
249.536392 206.887650 
309.184265 193.730362 
247.151581 160.663574 
249.536392 206.887650 
446.402252 273.267914 
293.033142 244.998917 
239.535492 306.837341 
93.979057 255.307236 
239.131485 175.001770 
271.353424 163.085953 
272.261261 155.665466 
423.023041 233.138779 
287.190735 262.570099 
469.476685 289.268707 
469.379456 259.769012 
304.673859 199.641525 
466.775238 292.788910 
409.345398 291.842712 
163.069366 176.558350 
431.021088 233.901642 
232.014191 173.279510 
43.540623 237.218735 
152.133835 190.217865 
