500
499.006378 212.602310 
499.224030 213.309479 
220.875183 200.060715 
221.469376 200.330612 
487.472534 199.996902 
509.031677 208.939148 
502.595276 214.078186 
117.246025 350.705475 
487.734802 230.163132 
514.521362 215.660385 
245.896713 231.918381 
483.702820 229.438843 
475.469971 194.861237 
514.719055 217.582260 
452.556030 247.821045 
460.109894 223.441711 
105.602036 366.053406 
474.284607 227.762741 
293.072998 265.480408 
495.019745 238.501221 
347.521667 214.713257 
153.054504 237.520538 
241.297592 266.091553 
460.400543 224.241867 
154.629547 249.807922 
180.871384 352.947479 
150.424469 245.650299 
258.718750 195.151413 
266.267609 139.225967 
473.876984 226.937515 
148.430161 228.970596 
436.631714 234.182556 
293.835876 265.149780 
144.961624 256.759308 
237.705139 214.002701 
162.561829 344.678345 
418.733673 228.432098 
495.669281 216.525818 
487.452209 253.028503 
140.137543 235.660950 
304.278687 172.631882 
311.756226 322.241821 
296.922455 254.368729 
321.012512 318.175751 
257.983459 224.956467 
468.920044 233.207108 
468.996887 233.351181 
469.780518 233.442810 
274.593597 330.095123 
236.753830 213.997253 
313.912750 364.059143 
144.072876 234.656677 
287.064056 90.533890 
287.086761 90.585007 
290.602478 264.308136 
295.694794 169.280807 
140.668793 240.606125 
140.515274 241.248611 
262.176422 209.362427 
494.158020 238.724655 
125.238510 351.726929 
149.909515 241.834595 
327.860138 261.077789 
229.187378 193.955307 
346.210571 209.843353 
145.664688 241.999344 
146.209671 242.334015 
174.991211 351.859558 
304.699463 175.289307 
488.975403 194.954147 
327.712433 262.063629 
486.983704 253.691315 
342.628479 214.159790 
505.428192 239.228439 
313.609283 181.475815 
336.621826 242.453476 
141.537201 229.929520 
346.718689 208.824356 
290.416107 188.581863 
511.662964 242.092026 
484.797760 193.085327 
459.509827 220.808990 
438.998138 200.919327 
164.439911 344.420197 
472.622803 248.342728 
448.063782 223.600327 
248.387451 184.722076 
289.654449 165.507187 
229.090988 193.150406 
233.482452 335.916534 
291.116333 186.837341 
119.344109 367.901917 
217.751556 227.601089 
336.521332 236.765503 
338.360077 211.904373 
210.673325 196.873795 
306.978546 214.078522 
249.066437 184.639572 
276.389801 329.970612 
115.265945 347.821259 
118.079704 360.485474 
480.698212 198.632751 
440.333740 200.796509 
160.369324 344.687012 
313.334686 180.378937 
297.782135 254.489594 
256.686829 195.607056 
155.918762 253.701309 
212.306519 197.018814 
435.014587 183.570938 
229.199844 195.374512 
333.953064 236.952393 
119.859894 347.173370 
496.405548 234.997147 
512.354248 245.743256 
292.807129 200.391083 
475.378906 211.698151 
227.807236 177.758682 
251.949646 196.152786 
294.897858 201.270309 
473.226471 191.528610 
118.771545 360.176239 
438.820221 223.463730 
288.636597 165.905716 
266.319733 143.737717 
328.930328 241.075256 
438.124786 218.982147 
157.871841 343.858063 
475.863342 253.342041 
285.440918 326.812775 
329.787415 241.477295 
465.590759 224.269592 
90.779564 329.365723 
483.046143 210.592773 
412.948944 222.443085 
291.507111 189.882538 
279.422089 327.707245 
213.933197 225.113586 
418.688660 232.780334 
485.245789 248.577927 
419.208984 232.677444 
322.303009 341.533569 
303.755005 172.485596 
326.548431 341.158569 
228.482346 229.328751 
477.390442 227.550339 
283.830902 336.298309 
415.159454 199.998611 
321.454498 318.971313 
479.454834 204.965393 
297.370148 166.683060 
454.286255 253.191605 
243.263123 327.784302 
426.391754 218.945129 
444.152191 217.529251 
511.643127 241.435455 
441.384216 247.557892 
467.175232 239.234482 
146.051941 256.534210 
471.862610 210.279297 
491.947266 231.499207 
256.873901 197.485184 
469.046783 193.166885 
292.345306 176.609634 
448.348572 216.112732 
443.379181 221.279144 
443.335907 220.590134 
215.882553 188.698410 
141.847855 232.789413 
442.756683 209.873672 
217.042404 224.995911 
482.965668 204.144958 
97.904732 344.235321 
455.625458 219.855743 
471.837097 238.041641 
159.069122 344.441101 
465.665558 270.771729 
465.853638 271.246643 
329.268341 242.898239 
280.938660 202.224579 
476.886200 185.914627 
385.506989 388.852295 
298.064026 193.100067 
297.512817 193.124481 
258.032715 226.228745 
472.969604 189.549072 
486.680603 261.664093 
289.884949 264.094757 
472.496033 238.946793 
277.118378 319.964813 
336.647644 210.054214 
420.224854 228.400513 
421.994202 232.669220 
92.858292 341.317688 
93.249245 340.766693 
457.462158 212.850571 
477.733826 228.211914 
403.990906 201.044083 
408.675995 257.622620 
342.228333 213.336273 
477.616577 200.449936 
247.075500 177.787308 
277.151093 321.404083 
438.664948 254.334351 
438.886658 253.850357 
464.767517 224.417969 
359.670715 218.735321 
453.532776 219.568619 
460.244781 269.729584 
479.827209 253.257080 
501.057495 237.635727 
154.274841 239.087433 
455.690308 243.086426 
309.510864 180.676666 
214.753464 207.627533 
472.971191 192.587036 
453.614594 285.089844 
349.027679 250.185608 
436.197662 185.156250 
246.308411 239.274460 
322.310242 322.555450 
214.061234 222.645111 
444.916168 284.736786 
248.618805 179.863693 
514.523560 245.769791 
475.633148 254.822800 
116.228767 346.046112 
459.326447 192.087021 
247.564331 178.685577 
283.415741 335.672760 
436.332794 226.580765 
415.893463 206.184464 
222.885727 206.522629 
440.225250 235.719254 
437.175903 191.928864 
344.335663 240.859207 
284.763519 157.767471 
110.230438 355.415344 
278.460114 209.986755 
246.188156 181.979462 
213.125015 189.625305 
204.949081 192.177109 
90.325943 309.339233 
460.160126 269.354584 
229.880875 334.217041 
238.754730 183.500412 
477.420166 250.447815 
479.391998 207.700485 
215.607285 191.404312 
216.781448 246.309509 
217.147476 245.951736 
272.611298 140.057938 
454.004517 197.295837 
223.130936 201.081848 
153.644501 228.653061 
283.500732 126.528732 
456.580750 212.277695 
174.563416 330.416473 
433.092773 216.191467 
229.387512 340.233215 
287.359192 213.404556 
433.909882 243.415894 
156.980957 348.603424 
157.308762 349.244690 
332.179413 238.464096 
356.598206 219.583649 
122.618179 346.934601 
422.377289 195.807526 
220.584824 185.872406 
471.390228 217.741226 
484.324890 255.572250 
445.319153 214.910843 
476.443207 210.209229 
323.271057 322.871704 
156.323822 256.482849 
415.594452 209.087570 
224.722977 228.605118 
260.980621 154.895264 
281.572968 155.270935 
104.891609 358.638428 
453.380463 231.897324 
417.463348 229.224258 
392.253265 390.279602 
491.950867 268.080566 
154.168671 254.417450 
460.489410 206.868530 
339.481628 217.398972 
441.131744 198.994675 
480.591888 244.550018 
243.310181 174.943420 
242.838516 174.708389 
290.698181 173.847443 
478.496979 207.500641 
454.443939 274.576538 
273.790741 155.310440 
293.725952 207.161118 
455.071899 242.241531 
271.679596 154.417725 
450.449097 228.160751 
450.497864 227.566467 
256.544312 221.066711 
483.461273 190.355270 
482.839203 191.689438 
287.565002 212.162613 
388.642853 375.124908 
429.653961 221.737976 
457.034637 252.933212 
238.560867 182.934814 
162.029678 340.988892 
440.862640 201.382996 
214.794708 222.964828 
430.991577 222.423874 
282.158936 164.509048 
405.495544 200.001221 
316.308960 238.374298 
316.306244 237.709457 
111.264595 358.983551 
449.728516 207.182205 
429.029053 222.890533 
423.488770 190.728790 
469.757233 260.276428 
271.826233 137.158813 
469.286804 270.763550 
432.838196 223.042953 
311.549316 177.664429 
153.580780 341.965363 
482.200562 208.129578 
436.563263 178.632843 
203.508667 191.379761 
422.766235 270.293579 
447.259308 224.446945 
348.103546 250.020752 
416.721466 199.691833 
462.919373 254.995239 
158.360550 227.694397 
330.808289 213.296997 
412.924469 229.103012 
476.079529 184.352997 
232.870010 213.045731 
343.081940 219.674149 
440.915924 189.734283 
424.241974 192.043777 
213.365311 227.407654 
426.586975 244.672531 
333.177124 248.299347 
469.825623 224.688889 
452.242096 180.824448 
155.960251 348.822083 
454.216064 202.652359 
294.072021 253.359009 
359.480835 213.171799 
311.918945 241.095154 
152.880661 228.374283 
433.457458 240.750488 
476.635162 239.344788 
406.017578 226.780914 
223.787094 229.705475 
511.354248 245.172775 
150.315872 225.613251 
256.433777 192.976257 
95.352943 344.733612 
207.356964 193.788300 
286.990967 214.646515 
280.945648 155.612823 
337.145081 324.055054 
480.066711 231.884491 
407.924438 201.230774 
296.289185 198.740112 
491.574768 247.817764 
440.169189 177.531525 
267.910004 144.536240 
327.444763 242.615799 
452.510681 184.218277 
153.642807 224.463074 
451.627289 182.800873 
373.795227 256.703033 
269.776886 153.949295 
485.265594 194.785385 
142.237366 247.400330 
228.370865 181.848770 
454.447449 243.365128 
506.246124 213.313507 
427.357513 267.696564 
447.424133 196.111877 
415.355957 212.548492 
454.966095 201.647659 
310.561890 342.239441 
424.011810 269.842285 
244.765274 226.597412 
212.991806 206.734222 
155.033661 227.395874 
267.652130 136.707382 
282.265472 334.434967 
159.760101 231.792145 
469.019379 211.364059 
299.771942 169.073502 
429.767059 202.466522 
353.828461 244.020630 
353.350647 244.621735 
267.437561 155.548752 
463.117126 220.887161 
424.809631 183.752151 
344.504150 244.966599 
460.693756 221.403214 
460.952057 221.133881 
123.327278 345.838806 
309.483643 345.343719 
478.454865 231.517487 
245.524445 227.177521 
255.303757 180.536850 
452.379303 210.324860 
127.435326 347.889587 
239.961395 170.336060 
507.156189 241.176178 
433.529907 183.404251 
416.611420 212.894913 
252.255768 144.357269 
321.559296 179.136185 
455.863495 279.359741 
232.588531 349.782196 
455.405304 200.519882 
237.224060 182.103546 
360.331085 204.406891 
248.240860 227.563034 
469.155701 214.632385 
462.495209 187.076187 
146.237244 223.127777 
498.888885 270.644104 
424.107605 388.581940 
292.332245 308.354889 
521.098816 436.673004 
287.038086 201.001633 
445.156433 195.985825 
308.236206 172.560974 
322.834015 336.758362 
224.376175 182.746857 
424.614136 234.329758 
212.176910 257.702484 
324.450684 176.054520 
247.427948 235.573318 
205.847992 344.573761 
268.198914 146.101501 
472.706482 219.916321 
294.632996 205.969742 
443.860321 250.403015 
466.145966 207.142761 
269.632599 301.751648 
224.234619 228.316132 
449.409027 281.476318 
444.737213 196.528961 
336.958557 320.503540 
280.485474 314.904236 
202.362289 186.995270 
450.317719 186.563080 
444.037384 192.521576 
238.871078 327.525055 
208.493225 190.537430 
303.150879 202.586456 
350.093262 251.765533 
268.575195 299.846069 
294.626099 208.357193 
408.516357 227.614761 
154.279572 259.523224 
439.229095 312.864929 
417.569427 195.231064 
144.957062 354.162292 
439.715118 206.709900 
258.733765 155.791290 
138.847809 219.540527 
480.709290 256.877594 
329.489227 264.886566 
525.083252 236.773621 
473.180206 233.610489 
485.523224 177.531418 
222.881027 182.005325 
509.712402 256.410950 
287.656708 201.396912 
247.861328 226.352798 
284.338959 220.687485 
304.817841 182.851562 
163.547180 348.080933 
446.061829 239.059998 
355.114441 248.320206 
409.130341 226.773300 
331.441345 231.310364 
353.791321 247.610245 
492.143829 193.491501 
101.518227 336.428711 
415.834503 280.617767 
402.895203 236.330093 
272.273346 301.133636 
268.537170 135.985901 
453.839996 277.710266 
426.187927 267.344818 
253.284683 144.549728 
291.470215 170.573074 
154.457703 349.265045 
433.728546 179.700241 
318.804321 362.654358 
487.964142 233.269318 
