500
315.545044 332.779724 
310.782501 214.258804 
239.916443 181.318619 
234.516800 147.612534 
345.349182 269.827850 
239.916443 181.318619 
303.922882 358.433685 
240.014740 60.614914 
240.014740 60.614914 
330.897736 371.646606 
318.924988 350.052551 
285.368103 228.287186 
246.025818 61.929565 
314.575531 339.729279 
318.924988 350.052551 
234.134979 43.468433 
327.244415 402.812653 
389.147308 166.111908 
326.652222 375.273682 
300.849396 207.746811 
234.924393 59.236065 
395.858124 222.020050 
321.829224 346.077332 
301.465210 208.643265 
323.226044 380.100677 
310.782501 214.258804 
258.504181 198.503540 
320.515503 422.853455 
380.631683 142.892715 
243.455566 67.063828 
353.242462 140.887634 
340.781281 272.515778 
229.907364 17.539633 
242.515579 135.525833 
323.226044 380.100677 
291.011963 369.642944 
318.924988 350.052551 
389.147308 166.111908 
379.273193 156.397095 
238.291885 22.101484 
246.025818 61.929565 
359.519073 78.070374 
247.837051 67.454597 
329.274963 383.402710 
251.765793 364.563507 
238.291885 22.101484 
345.349182 269.827850 
364.430664 207.895401 
241.686615 184.418289 
244.219330 67.872093 
393.552338 223.934311 
285.368103 228.287186 
308.151764 343.591217 
248.535492 144.865158 
248.535492 144.865158 
220.638550 224.501404 
305.821564 355.571106 
244.203949 63.439915 
389.672577 170.174057 
317.633606 353.728546 
284.329712 337.105499 
240.014740 60.614914 
342.913666 266.244995 
385.521454 157.580627 
336.004303 398.370850 
418.665863 205.640091 
410.861115 199.387207 
414.308655 204.814072 
314.097382 437.376038 
258.504181 198.503540 
244.276840 226.805344 
221.020065 216.858246 
324.397247 403.078247 
335.601074 75.296608 
234.924393 59.236065 
291.808319 411.306030 
334.881622 281.655121 
293.497345 252.970123 
370.332947 149.864761 
293.497345 252.970123 
349.588074 72.205894 
389.672577 170.174057 
324.576843 355.486816 
350.487396 377.060242 
315.802521 368.625793 
336.223053 281.333313 
321.472107 333.760956 
375.381714 182.126877 
233.612366 82.404259 
225.068680 224.555695 
387.622528 223.297821 
300.080231 364.127228 
343.963928 71.225380 
340.759949 167.198929 
309.852936 321.356049 
335.601074 75.296608 
323.131989 370.187042 
302.374786 208.170044 
382.487793 138.994568 
267.934784 372.324219 
328.741669 365.320740 
324.397247 403.078247 
302.007111 386.591766 
302.007111 386.591766 
413.785583 206.280716 
308.438171 156.654419 
331.913513 237.086899 
341.613678 372.147247 
376.228119 218.904297 
323.413025 394.676636 
352.677887 75.330658 
243.420517 28.322672 
302.007111 386.591766 
254.022064 43.180817 
335.829803 413.509827 
341.613678 372.147247 
391.792145 178.042480 
315.601929 379.473389 
334.795349 368.898346 
342.913666 266.244995 
279.365875 402.364044 
300.271881 351.680603 
387.231659 165.001785 
323.413025 394.676636 
315.900787 359.229889 
369.464996 142.638824 
334.795349 368.898346 
314.913818 380.702087 
346.340424 181.270050 
397.026489 228.881088 
360.342926 202.530136 
320.862183 254.437653 
359.519073 78.070374 
394.014221 159.967239 
323.131989 370.187042 
239.661087 226.967514 
114.676399 227.857269 
279.473114 382.076477 
295.529755 384.687622 
291.808319 411.306030 
244.276840 226.805344 
327.104675 410.565277 
396.088562 226.999039 
234.742706 77.408508 
281.784027 403.076599 
376.990173 220.839706 
347.016510 360.667236 
324.946167 362.221161 
398.656738 164.074127 
348.049316 146.088058 
297.750244 351.492554 
248.334900 22.407040 
360.541779 65.126823 
389.945190 178.238312 
353.242462 140.887634 
318.019501 367.223785 
318.019501 367.223785 
108.940857 359.415344 
385.738861 175.094772 
309.676910 385.666443 
349.824158 259.750763 
324.397247 403.078247 
251.766342 185.559052 
350.086639 62.040474 
350.086639 62.040474 
376.990173 220.839706 
341.613678 372.147247 
267.473633 372.011871 
285.368103 228.287186 
302.626678 402.480072 
350.460846 342.609131 
362.178955 67.546036 
409.691803 197.041168 
335.601074 75.296608 
316.388611 421.445496 
316.388611 421.445496 
309.676910 385.666443 
220.638550 224.501404 
324.946167 362.221161 
316.388611 421.445496 
307.440399 393.783173 
251.766342 185.559052 
385.521454 157.580627 
263.790771 366.171478 
158.287399 303.029755 
302.374786 208.170044 
245.528946 151.800873 
349.228363 208.151825 
359.519073 78.070374 
245.847733 58.667660 
315.601929 379.473389 
389.945190 178.238312 
176.569077 50.053436 
422.625916 203.254593 
308.988586 367.073303 
314.480316 340.524658 
394.788544 178.225769 
224.614410 226.278305 
342.257050 400.749115 
299.915924 389.545135 
343.575043 341.302124 
411.843445 208.446518 
308.817993 434.875336 
243.144333 32.693275 
280.457336 390.547516 
371.019257 225.527832 
371.019257 225.527832 
354.881897 214.851669 
324.397247 403.078247 
343.575043 341.302124 
236.121826 51.130733 
389.672577 170.174057 
314.913818 380.702087 
367.604614 214.520508 
321.263489 255.773911 
372.958618 141.997803 
234.084564 56.000248 
346.100494 369.243744 
348.049316 146.088058 
328.972656 367.329956 
350.460846 342.609131 
352.691681 378.563477 
422.625916 203.254593 
306.843079 299.564545 
352.015198 136.888245 
473.461578 233.228729 
473.461578 233.228729 
335.601074 75.296608 
348.049316 146.088058 
270.161591 399.222778 
354.279633 366.193604 
300.959808 406.935852 
318.226929 375.777985 
349.929962 389.142639 
307.130280 298.851868 
334.795349 368.898346 
307.440399 393.783173 
254.022064 43.180817 
332.466980 136.565765 
332.466980 136.565765 
299.284821 428.613464 
338.601837 409.864502 
114.676399 227.857269 
274.357269 340.830780 
236.576904 45.943581 
383.455414 238.134201 
334.771271 64.006828 
254.342346 27.401894 
354.881897 214.851669 
387.191071 135.095428 
407.356232 182.310547 
284.151398 369.590393 
299.915924 389.545135 
352.677887 75.330658 
398.656738 164.074127 
160.062714 284.802063 
160.062714 284.802063 
397.858002 174.178284 
397.858002 174.178284 
329.082825 321.881927 
375.381714 182.126877 
159.644653 284.438629 
337.819794 420.290894 
377.112732 145.648468 
377.112732 145.648468 
248.534515 23.577770 
240.120483 140.221466 
423.750336 209.465988 
288.563568 396.810028 
409.355621 219.108734 
352.691681 378.563477 
284.151398 369.590393 
339.601135 274.792023 
291.313293 418.475525 
310.782501 214.258804 
360.236542 83.158180 
327.104675 410.565277 
394.966064 153.066254 
318.924988 350.052551 
346.340424 181.270050 
375.381714 182.126877 
334.795349 368.898346 
153.592606 239.138260 
153.592606 239.138260 
393.552338 223.934311 
351.007812 258.213715 
291.313293 418.475525 
355.526062 380.064301 
407.356232 182.310547 
300.080231 364.127228 
386.700897 141.219879 
258.504181 198.503540 
157.799164 36.727821 
401.490021 215.472076 
275.047150 384.179993 
239.661087 226.967514 
345.923401 153.122162 
400.724915 226.789871 
235.339233 242.136536 
295.884949 350.196808 
342.257050 400.749115 
315.545044 332.779724 
339.217682 366.552002 
229.150208 76.879944 
360.444244 228.882324 
346.683533 163.996231 
394.605988 154.549042 
339.217682 366.552002 
153.592606 239.138260 
394.788544 178.225769 
301.981140 277.419434 
352.492920 350.571686 
361.066895 76.595215 
391.792145 178.042480 
213.929230 410.162048 
354.877045 363.985138 
372.958618 141.997803 
347.925934 266.977386 
307.440399 393.783173 
327.406403 414.529175 
380.661255 252.451569 
360.236542 83.158180 
334.437683 402.150726 
347.568054 348.463623 
300.341064 287.396698 
314.872314 261.964355 
385.521454 157.580627 
276.413971 413.534332 
394.605988 154.549042 
338.702301 400.685577 
112.422951 370.186218 
293.691925 393.562805 
240.014740 60.614914 
229.281418 412.307892 
313.987213 393.517792 
288.908600 428.255768 
323.413025 394.676636 
423.955353 202.307449 
328.386749 388.868835 
335.601074 75.296608 
331.761780 391.653564 
359.377380 190.107025 
364.342133 228.921265 
321.829224 346.077332 
321.829224 346.077332 
339.339172 281.191254 
346.340424 181.270050 
428.842194 204.537430 
317.349792 430.585815 
316.674194 336.791077 
199.354691 244.925461 
316.674194 336.791077 
185.284653 204.423218 
305.821564 355.571106 
263.790771 366.171478 
380.661255 252.451569 
330.539612 344.418427 
314.480316 340.524658 
279.473114 382.076477 
234.013748 187.984833 
330.023529 425.310089 
293.220398 388.062836 
331.913513 237.086899 
357.333740 399.374054 
347.568054 348.463623 
345.727295 264.025635 
344.625244 237.482758 
357.567932 353.459869 
344.625244 237.482758 
307.440399 393.783173 
294.516541 370.251953 
342.913666 266.244995 
158.287399 303.029755 
318.029175 259.916321 
387.978302 134.083878 
332.692566 401.745331 
160.062714 284.802063 
385.521454 157.580627 
387.978302 134.083878 
285.368103 228.287186 
159.644653 284.438629 
285.351471 427.523346 
346.100494 369.243744 
335.601074 75.296608 
318.029175 259.916321 
279.593170 390.368774 
254.724716 80.793800 
314.575531 339.729279 
308.151764 343.591217 
362.503845 204.907486 
302.007111 386.591766 
387.231659 165.001785 
234.013748 187.984833 
354.881897 214.851669 
277.112488 408.481995 
338.702301 400.685577 
238.291885 22.101484 
360.421967 162.379807 
348.049316 146.088058 
317.026703 445.788269 
331.761780 391.653564 
359.803864 85.682480 
352.987885 209.959518 
353.657074 349.703125 
219.248093 146.695557 
277.123444 398.334961 
335.601074 75.296608 
291.313293 418.475525 
371.631042 64.598465 
316.699554 429.851959 
258.504181 198.503540 
219.248093 146.695557 
339.217682 366.552002 
354.881897 214.851669 
331.761780 391.653564 
473.461578 233.228729 
346.683533 163.996231 
292.697906 348.883575 
384.586823 173.518646 
360.421967 162.379807 
334.881622 281.655121 
350.460846 342.609131 
322.361725 369.897369 
185.284653 204.423218 
291.313293 418.475525 
354.877045 363.985138 
428.842194 204.537430 
251.766342 185.559052 
357.137665 361.713196 
346.460419 403.300598 
361.066895 76.595215 
343.481934 329.690643 
293.162445 390.427155 
250.600739 18.454832 
421.723785 189.509460 
355.526062 380.064301 
353.824890 79.559280 
370.332947 149.864761 
283.474670 223.910843 
258.232269 84.905754 
348.207428 235.108398 
353.242462 140.887634 
313.147003 416.154083 
243.144333 32.693275 
314.117615 384.500031 
341.954132 325.627716 
381.825378 254.911331 
348.470886 418.633820 
205.919388 246.611725 
222.247589 172.752548 
254.022064 43.180817 
338.199280 363.081207 
414.308655 204.814072 
293.691925 393.562805 
308.563324 370.718231 
316.699554 429.851959 
305.556549 266.646088 
331.761780 391.653564 
340.759949 167.198929 
362.503845 204.907486 
320.761322 351.985748 
379.204102 155.366135 
331.761780 391.653564 
353.919128 413.923401 
158.287399 303.029755 
347.953094 166.477341 
275.714233 340.140259 
331.761780 391.653564 
380.661255 252.451569 
338.199280 363.081207 
275.714233 340.140259 
297.501526 57.852749 
222.596649 391.986267 
358.689697 395.655029 
340.605438 332.872833 
385.521454 157.580627 
205.919388 246.611725 
280.482971 332.026459 
181.438599 286.930634 
334.881622 281.655121 
367.240479 391.195190 
331.761780 391.653564 
377.112732 145.648468 
301.981140 277.419434 
347.796936 231.623795 
349.228363 208.151825 
421.723785 189.509460 
345.368988 423.357971 
310.482849 213.800522 
160.062714 284.802063 
160.062714 284.802063 
318.066437 263.297089 
353.824890 79.559280 
320.761322 351.985748 
421.723785 189.509460 
261.976135 381.397980 
353.242462 140.887634 
410.861115 199.387207 
229.281418 412.307892 
221.020065 216.858246 
