500
271.587128 403.977997 
278.164673 397.488159 
282.041412 397.586548 
288.232452 375.535919 
254.392197 408.851501 
254.392197 408.851501 
267.443542 370.032471 
288.232452 375.535919 
405.789215 171.125809 
284.031311 330.248718 
267.443542 370.032471 
255.169601 365.927765 
146.393982 244.018814 
267.380829 150.719025 
251.225525 353.815155 
254.417679 312.523926 
250.366135 355.774506 
298.681824 236.694046 
146.393982 244.018814 
283.794006 399.218719 
275.272003 350.896545 
288.232452 375.535919 
254.417679 312.523926 
249.514114 358.309845 
254.533630 379.320526 
252.583572 410.455688 
283.794006 399.218719 
405.602264 87.966721 
405.602264 87.966721 
286.359924 394.875946 
238.731094 367.025635 
298.709137 216.550735 
313.273071 204.318909 
265.162476 355.598633 
364.765686 194.077835 
274.801727 165.170471 
285.852386 374.702515 
285.852386 374.702515 
266.594177 370.751678 
247.820374 367.404999 
298.681824 236.694046 
218.568832 337.992279 
228.484985 384.313568 
269.308899 373.557709 
313.901367 203.991333 
286.278931 341.559601 
237.497284 311.836945 
220.599609 333.865875 
307.233276 51.478806 
254.533630 379.320526 
364.917297 176.601318 
404.908813 92.451591 
243.611755 369.318481 
281.368286 331.766205 
375.648193 204.716660 
415.472534 90.577888 
286.375397 376.407013 
252.974258 403.534973 
251.908630 372.231781 
65.666603 288.873657 
294.982361 333.277649 
277.828583 362.993195 
274.801727 165.170471 
253.452759 419.020905 
267.380829 150.719025 
277.568542 135.304398 
376.150299 235.171921 
329.423248 249.904419 
275.222046 355.950073 
275.222046 355.950073 
277.568542 135.304398 
405.800873 170.053635 
366.849426 237.262253 
289.515503 328.723083 
399.912476 251.016327 
155.028809 227.119934 
335.040375 275.235779 
273.935730 347.385773 
330.288666 278.354889 
313.901367 203.991333 
310.314301 169.602341 
265.162476 355.598633 
265.162476 355.598633 
294.794067 371.751221 
331.750122 272.078003 
283.461121 341.648499 
283.461121 341.648499 
264.702576 157.291824 
396.297882 255.935501 
294.982361 333.277649 
366.849426 237.262253 
314.181610 245.327728 
364.765686 194.077835 
267.993011 369.350800 
286.375397 376.407013 
251.404083 382.509460 
251.404083 382.509460 
298.709137 216.550735 
295.415894 57.698421 
294.462402 48.174915 
307.935425 342.271057 
283.461121 341.648499 
367.561218 219.021011 
402.829956 252.222382 
400.058502 250.358337 
265.524902 155.218643 
401.838562 169.772217 
225.476532 346.510101 
310.314301 169.602341 
281.783417 331.086426 
281.783417 331.086426 
225.476532 346.510101 
267.993011 369.350800 
294.794067 371.751221 
390.583954 208.398346 
390.583954 208.398346 
231.268906 367.800903 
336.208923 271.357025 
412.817291 165.542130 
413.232758 91.342705 
416.909149 174.883347 
240.152069 380.724884 
406.428864 183.765244 
284.531586 350.183990 
312.448547 367.926880 
406.948364 96.407135 
271.382294 359.668854 
372.593964 243.999161 
372.593964 243.999161 
264.702576 157.291824 
245.835037 172.221237 
248.936417 335.693176 
248.936417 335.693176 
301.807556 340.105255 
420.121948 193.430023 
290.105774 359.900787 
155.028809 227.119934 
277.828583 362.993195 
406.428864 183.765244 
253.452759 419.020905 
248.115875 200.749100 
402.685791 170.765503 
398.260590 84.041740 
334.320465 278.123260 
252.709991 192.077179 
284.769348 362.977539 
416.909149 174.883347 
259.953369 376.649506 
290.105774 359.900787 
233.483215 370.278961 
275.272003 350.896545 
358.482819 219.894638 
334.320465 278.123260 
155.028809 227.119934 
269.503754 372.196411 
285.344513 360.530792 
254.115479 201.574234 
339.054047 269.392365 
412.817291 165.542130 
291.163055 56.486580 
358.893707 175.909149 
79.284416 283.010834 
220.524185 326.399780 
373.844391 257.570129 
374.096222 264.203674 
292.212494 62.618145 
390.583954 208.398346 
284.031311 330.248718 
380.614105 158.740097 
264.153748 395.006897 
233.510666 359.936218 
299.600952 338.331329 
262.672638 302.631165 
406.558502 184.465591 
341.202484 268.447845 
277.828583 362.993195 
373.844391 257.570129 
282.426117 405.874298 
245.182175 390.199310 
404.058350 205.336838 
282.426117 405.874298 
280.667297 369.081146 
264.503998 397.620117 
373.844391 257.570129 
258.208862 151.778137 
401.052460 85.221672 
260.445801 336.992706 
404.058350 205.336838 
79.284416 283.010834 
83.992516 276.509155 
358.482819 219.894638 
331.750122 272.078003 
236.773712 395.322723 
259.953369 376.649506 
271.184448 393.984497 
310.314301 169.602341 
243.611755 369.318481 
223.797485 404.623627 
417.594788 290.688110 
314.111969 247.932724 
310.479919 260.752960 
236.589554 376.303436 
366.712616 146.967087 
366.712616 146.967087 
372.676086 272.403564 
269.503754 372.196411 
255.344910 45.829834 
271.184448 393.984497 
311.304077 355.332367 
382.840515 157.639191 
307.590332 343.673431 
245.835037 172.221237 
269.503754 372.196411 
404.058350 205.336838 
372.772186 232.434143 
229.134811 399.294556 
290.805786 211.349533 
232.061386 401.049347 
419.845001 163.883408 
276.081665 180.337891 
260.260834 372.912689 
416.876373 171.070862 
225.476532 346.510101 
225.476532 346.510101 
311.304077 355.332367 
292.353210 383.088989 
313.643707 336.491669 
382.840515 157.639191 
267.443542 370.032471 
312.448547 367.926880 
397.929321 83.233696 
297.811554 259.624603 
294.462402 48.174915 
294.462402 48.174915 
313.901367 203.991333 
225.573029 373.855194 
404.632690 180.477554 
285.852386 374.702515 
232.061386 401.049347 
260.260834 372.912689 
260.260834 372.912689 
271.184448 393.984497 
314.111969 247.932724 
276.018036 133.476379 
265.621643 45.705883 
286.082947 341.054840 
286.082947 341.054840 
304.565491 369.456116 
283.794006 399.218719 
273.505951 333.335297 
383.030151 157.137451 
290.658112 376.920044 
294.794067 371.751221 
308.513092 350.889221 
283.623230 112.607552 
109.667534 248.301407 
219.813782 325.214722 
375.471252 263.968964 
83.944321 284.820831 
312.515045 257.477386 
226.457397 181.560501 
400.605682 164.926147 
415.472534 90.577888 
231.268906 367.800903 
407.110840 190.433655 
294.794067 371.751221 
297.034943 372.801361 
289.459229 243.121536 
200.291367 392.334320 
213.098663 333.404694 
396.297882 255.935501 
286.082947 341.054840 
361.469757 227.946579 
434.862305 243.932388 
366.849426 237.262253 
280.592682 332.554321 
380.198669 241.695984 
146.393982 244.018814 
230.602631 370.283569 
253.452759 419.020905 
280.973633 421.065735 
314.111969 247.932724 
255.457428 353.718079 
371.877991 274.452118 
310.189911 253.105576 
248.115875 200.749100 
155.028809 227.119934 
297.811554 259.624603 
281.783417 331.086426 
85.588875 287.329224 
146.393982 244.018814 
146.393982 244.018814 
372.260529 232.754333 
314.694366 203.309464 
304.565491 369.456116 
312.310791 377.121613 
364.765686 194.077835 
269.370636 385.961426 
152.445267 229.066269 
405.031372 245.120697 
419.845001 163.883408 
252.307816 202.083923 
401.838562 169.772217 
323.897491 232.531204 
263.367981 382.413788 
415.909912 198.392624 
260.260834 372.912689 
228.337799 380.085114 
394.804321 249.993683 
146.393982 244.018814 
146.393982 244.018814 
279.074799 386.958069 
283.461121 341.648499 
285.852386 374.702515 
466.276489 286.581635 
364.640350 178.575363 
270.769653 413.333771 
280.592682 332.554321 
225.476440 377.944641 
224.273163 162.952896 
311.259735 331.526154 
332.618683 241.060593 
305.554932 383.401306 
280.823273 342.869598 
306.453033 384.626007 
277.925873 320.657379 
280.823273 342.869598 
384.771027 180.594131 
394.804321 249.993683 
396.297882 255.935501 
302.051483 383.758820 
309.577667 57.441154 
466.276489 286.581635 
295.682587 42.865654 
278.164673 397.488159 
298.681824 236.694046 
277.772064 328.748047 
277.925873 320.657379 
245.835037 172.221237 
408.776062 206.274094 
416.935089 190.041046 
224.077042 338.881409 
361.751526 243.749619 
297.034943 372.801361 
268.279175 394.683990 
254.136017 185.532501 
280.823273 342.869598 
289.459229 243.121536 
466.276489 286.581635 
416.902100 170.280624 
361.858826 233.382370 
267.443542 370.032471 
283.571594 410.117798 
265.162476 355.598633 
155.028809 227.119934 
283.623230 112.607552 
390.583954 208.398346 
276.528900 332.800812 
283.794006 399.218719 
277.772064 328.748047 
361.469757 227.946579 
410.185272 108.953262 
312.668976 44.086121 
223.797485 404.623627 
412.905884 98.363686 
245.182175 390.199310 
403.081085 85.231590 
213.098663 333.404694 
267.664764 402.574951 
290.805786 211.349533 
406.948364 96.407135 
248.004303 386.815460 
228.337799 380.085114 
267.993011 369.350800 
372.772186 232.434143 
427.920715 247.139069 
364.640350 178.575363 
315.215118 72.746216 
385.048035 176.234924 
200.291367 392.334320 
265.162476 355.598633 
291.108856 213.553879 
354.772461 195.465668 
273.038300 141.233551 
219.627335 387.610840 
313.643707 336.491669 
364.640350 178.575363 
229.134811 399.294556 
205.367462 305.392426 
267.993011 369.350800 
290.677368 402.075775 
155.028809 227.119934 
287.043457 78.881973 
409.531830 83.717560 
409.531830 83.717560 
386.505585 156.272583 
256.954376 332.737823 
289.183563 342.181885 
312.668976 44.086121 
364.640350 178.575363 
380.198669 241.695984 
262.182892 359.711914 
290.805786 211.349533 
411.388397 106.397141 
371.162079 177.908951 
386.298767 260.490295 
228.337799 380.085114 
339.054047 269.392365 
316.229614 253.620056 
364.640350 178.575363 
311.259735 331.526154 
412.817291 165.542130 
379.130280 161.863037 
154.526398 227.573059 
406.558502 184.465591 
268.279175 394.683990 
312.668976 44.086121 
312.668976 44.086121 
277.772064 328.748047 
379.130280 161.863037 
397.510925 248.376022 
258.097931 412.076691 
291.549225 403.197510 
227.971115 406.660645 
325.333008 277.765930 
83.992516 276.509155 
411.862793 102.710770 
364.640350 178.575363 
323.394684 19.915789 
404.058350 205.336838 
310.479919 260.752960 
228.560120 198.429153 
371.877991 274.452118 
324.061615 285.405548 
79.284416 283.010834 
276.081665 180.337891 
287.053162 376.352173 
286.359924 394.875946 
404.058350 205.336838 
253.930328 408.252533 
379.130280 161.863037 
297.811554 259.624603 
307.590332 343.673431 
289.183563 342.181885 
415.472534 90.577888 
236.491409 399.777771 
233.510666 359.936218 
380.682098 259.582489 
341.202484 268.447845 
259.207611 160.013245 
209.716599 184.668854 
225.476532 346.510101 
271.184448 393.984497 
331.750122 272.078003 
312.668976 44.086121 
312.448547 367.926880 
300.756317 41.296341 
394.804321 249.993683 
415.472534 90.577888 
205.047958 159.550827 
428.763794 92.658379 
79.284416 283.010834 
291.093262 217.414688 
286.499084 376.932404 
154.526398 227.573059 
408.762268 104.739624 
405.134857 193.790741 
428.763794 92.658379 
316.229614 253.620056 
299.837494 63.421310 
385.048035 176.234924 
413.352325 87.251358 
231.268906 367.800903 
291.027649 212.143661 
50.158272 315.541290 
425.417877 173.036453 
224.077042 338.881409 
379.130280 161.863037 
436.124054 229.974457 
263.244232 365.855835 
275.222046 355.950073 
427.690582 237.873749 
291.108856 213.553879 
382.840515 157.639191 
341.202484 268.447845 
390.583954 208.398346 
402.685791 170.765503 
353.662537 214.987076 
304.343292 260.511810 
298.681824 236.694046 
258.208862 151.778137 
202.836929 301.937317 
433.785797 227.227798 
311.259735 331.526154 
289.459229 243.121536 
407.500061 200.542007 
279.289062 378.560760 
313.161194 67.847473 
361.469757 227.946579 
410.185272 108.953262 
