500
436.332794 226.580765 
429.653961 221.737976 
430.991577 222.423874 
459.509827 220.808990 
432.838196 223.042953 
420.224854 228.400513 
438.820221 223.463730 
418.733673 228.432098 
440.862640 201.382996 
448.063782 223.600327 
472.971191 192.587036 
447.259308 224.446945 
460.693756 221.403214 
460.952057 221.133881 
444.152191 217.529251 
417.463348 229.224258 
445.319153 214.910843 
438.998138 200.919327 
415.893463 206.184464 
475.469971 194.861237 
440.333740 200.796509 
476.443207 210.209229 
433.092773 216.191467 
448.348572 216.112732 
460.109894 223.441711 
111.264595 358.983551 
443.379181 221.279144 
443.335907 220.590134 
311.098297 278.970520 
522.760193 233.210480 
484.797760 193.085327 
141.816086 304.102295 
228.482346 229.328751 
479.391998 207.700485 
314.033081 279.997681 
478.496979 207.500641 
293.835876 265.149780 
482.839203 191.689438 
502.595276 214.078186 
298.079773 265.267181 
462.919373 254.995239 
450.449097 228.160751 
450.497864 227.566467 
228.619629 220.204239 
343.155396 242.046066 
480.698212 198.632751 
236.753830 213.997253 
232.099487 176.402374 
439.715118 206.709900 
341.082001 237.221695 
477.616577 200.449936 
100.939125 353.330231 
473.226471 191.528610 
340.629303 239.338165 
344.335663 240.859207 
424.107605 388.581940 
482.200562 208.129578 
453.380463 231.897324 
215.821045 208.454163 
412.924469 229.103012 
234.803787 175.577850 
293.072998 265.480408 
339.992523 238.847870 
460.400543 224.241867 
139.824249 306.077972 
255.216522 236.286880 
463.117126 220.887161 
438.124786 218.982147 
296.854065 274.063416 
309.284515 185.201736 
214.753464 207.627533 
429.767059 202.466522 
309.960236 270.835297 
145.664688 241.999344 
146.209671 242.334015 
227.957962 197.168549 
169.854462 358.218079 
356.598206 219.583649 
234.962738 186.864227 
442.756683 209.873672 
452.556030 247.821045 
225.096817 208.164368 
418.688660 232.780334 
419.208984 232.677444 
525.083252 236.773621 
290.013855 307.430389 
336.078064 263.015656 
459.515350 255.202072 
212.991806 206.734222 
483.046143 210.592773 
419.711548 201.916061 
471.862610 210.279297 
465.665558 270.771729 
465.853638 271.246643 
106.913246 353.428986 
329.268341 242.898239 
105.462227 358.172729 
466.145966 207.142761 
488.975403 194.954147 
290.602478 264.308136 
142.919678 183.854813 
224.234619 228.316132 
297.323303 272.483673 
223.787094 229.705475 
448.416779 310.961243 
157.871841 343.858063 
441.131744 198.994675 
308.614655 185.569000 
277.151093 321.404083 
385.506989 388.852295 
289.884949 264.094757 
506.246124 213.313507 
454.447449 243.365128 
299.441650 275.080017 
461.142151 288.183105 
295.071320 272.213715 
234.052368 186.844788 
275.502258 337.885132 
224.722977 228.605118 
267.437561 155.548752 
455.625458 219.855743 
299.567780 272.226105 
403.544800 229.720947 
469.046783 193.166885 
483.461273 190.355270 
232.978027 219.450806 
479.454834 204.965393 
485.265594 194.785385 
329.787415 241.477295 
350.660736 218.050522 
459.326447 192.087021 
137.205933 234.782486 
228.171692 222.640411 
168.934311 358.105103 
169.384827 358.093140 
159.069122 344.441101 
248.803665 210.165375 
140.854721 309.947510 
140.876541 309.769440 
454.216064 202.652359 
226.979614 225.443069 
455.405304 200.519882 
142.273865 183.857239 
310.490570 269.410095 
495.669281 216.525818 
337.865631 260.231842 
136.771866 302.987122 
449.409027 281.476318 
222.885727 206.522629 
454.966095 201.647659 
226.424377 235.928513 
187.810043 343.291260 
453.614594 285.089844 
150.424469 245.650299 
85.591255 314.312164 
328.930328 241.075256 
440.225250 235.719254 
336.521332 236.765503 
286.379883 307.200012 
449.728516 207.182205 
137.134506 304.950195 
421.994202 232.669220 
136.083221 308.928680 
426.391754 218.945129 
460.489410 206.868530 
327.444763 242.615799 
286.095032 188.703186 
230.992279 228.521759 
271.679596 154.417725 
338.412262 268.123260 
153.054504 237.520538 
225.340073 191.089798 
277.118378 319.964813 
455.863495 279.359741 
333.177124 248.299347 
422.766235 270.293579 
455.690308 243.086426 
233.639801 219.498215 
437.175903 191.928864 
462.194031 233.512207 
298.578064 165.676605 
279.422089 327.707245 
409.130341 226.773300 
224.527985 225.067307 
225.126419 225.204132 
487.472534 199.996902 
291.446747 267.140533 
408.516357 227.614761 
456.580750 212.277695 
482.965668 204.144958 
264.771454 210.830200 
429.029053 222.890533 
154.629547 249.807922 
214.453979 204.319733 
287.565002 212.162613 
313.609283 181.475815 
238.754730 183.500412 
310.100525 280.176117 
222.386185 209.696655 
453.532776 219.568619 
280.938660 202.224579 
401.723145 209.547394 
251.949646 196.152786 
156.859680 235.825073 
227.807236 177.758682 
479.827209 253.257080 
527.138489 233.871750 
388.642853 375.124908 
104.891609 358.638428 
205.847992 344.573761 
469.155701 214.632385 
464.767517 224.417969 
237.476105 189.229248 
256.686829 195.607056 
336.647644 210.054214 
325.691650 259.767059 
338.268005 266.947113 
338.097382 267.024475 
402.699066 208.518265 
238.560867 182.934814 
162.009460 359.982849 
155.918762 253.701309 
499.006378 212.602310 
499.224030 213.309479 
406.017578 226.780914 
457.034637 252.933212 
297.782135 254.489594 
310.554474 263.249756 
467.175232 239.234482 
271.470917 185.878220 
472.051117 269.949310 
149.909515 241.834595 
180.871384 352.947479 
475.378906 211.698151 
337.346588 264.702881 
237.628998 189.552307 
296.922455 254.368729 
256.873901 197.485184 
444.916168 284.736786 
454.004517 197.295837 
509.031677 208.939148 
273.790741 155.310440 
298.064026 193.100067 
297.512817 193.124481 
217.751556 227.601089 
457.462158 212.850571 
154.168671 254.417450 
219.839111 206.212524 
330.993652 259.761566 
455.071899 242.241531 
313.149841 261.221497 
407.555786 229.525131 
110.230438 355.415344 
159.760101 231.792145 
305.376282 330.060059 
274.593597 330.095123 
294.982117 163.270966 
176.130936 356.870575 
453.839996 277.710266 
345.499237 260.967224 
313.334686 180.378937 
223.160675 210.506958 
144.116425 308.677673 
155.033661 227.395874 
336.621826 242.453476 
220.875183 200.060715 
221.469376 200.330612 
218.060318 203.691299 
327.921539 258.200897 
488.659576 197.813354 
265.369873 211.902954 
426.586975 244.672531 
237.116135 236.096756 
347.521667 214.713257 
248.387451 184.722076 
256.176941 229.112793 
92.273422 350.610199 
92.356453 349.875519 
491.950867 268.080566 
175.119980 357.206207 
342.974915 248.351608 
311.350708 187.079361 
264.564087 283.646912 
237.705139 214.002701 
156.084076 236.719162 
314.408936 254.384766 
433.909882 243.415894 
174.991211 351.859558 
221.067032 207.892120 
275.489380 206.318069 
392.253265 390.279602 
268.311707 327.435455 
207.885635 236.283218 
154.457703 349.265045 
156.706116 225.918671 
237.224060 182.103546 
270.992432 332.340576 
314.670593 254.929611 
285.875458 215.350189 
452.859650 178.872452 
465.590759 224.269592 
282.219696 194.875641 
302.846222 272.256256 
97.904732 344.235321 
247.427948 235.573318 
183.070358 329.747833 
293.725952 207.161118 
225.314331 199.376740 
339.629089 269.998260 
249.066437 184.639572 
294.626099 208.357193 
203.799118 346.088409 
435.014587 183.570938 
230.889572 337.555359 
310.917328 258.336853 
277.358643 318.034393 
137.835052 298.412201 
246.267273 187.612473 
229.466095 220.663040 
405.927979 207.468094 
266.480011 281.557129 
305.221619 224.773392 
424.011810 269.842285 
263.407043 351.104950 
237.731598 236.824539 
331.441345 231.310364 
318.189758 247.388580 
153.644501 228.653061 
514.719055 217.582260 
469.757233 260.276428 
280.945648 155.612823 
287.881500 161.794983 
138.488327 237.480957 
344.504150 244.966599 
304.817841 182.851562 
277.954132 316.842102 
485.245789 248.577927 
460.244781 269.729584 
262.757385 348.520966 
213.365311 227.407654 
309.510864 180.676666 
360.613831 215.802948 
255.229416 208.354950 
254.694489 207.872330 
416.836914 261.113037 
276.389801 329.970612 
141.652298 291.536804 
344.725525 261.807129 
334.703094 253.291885 
505.231506 298.982269 
264.606079 220.402100 
137.697983 307.589325 
261.913788 183.216858 
153.642807 224.463074 
254.931595 151.082367 
158.360550 227.694397 
152.880661 228.374283 
374.269623 252.218948 
136.680145 217.683456 
235.760849 192.030594 
486.680603 261.664093 
125.238510 351.726929 
95.352943 344.733612 
436.167358 251.901321 
436.453400 252.579132 
437.614716 186.050339 
265.508423 352.481445 
452.379303 210.324860 
232.246918 190.523453 
262.176422 209.362427 
382.352875 243.046265 
518.380188 200.094986 
266.794281 139.591690 
267.515167 219.687775 
154.815536 357.406891 
469.019379 211.364059 
480.709290 256.877594 
245.896713 231.918381 
400.218170 237.097610 
400.301025 236.820160 
233.652771 228.438461 
476.635162 239.344788 
327.860138 261.077789 
297.973572 313.367767 
323.316376 234.207138 
436.197662 185.156250 
256.433777 192.976257 
454.443939 274.576538 
428.048187 186.232880 
473.180206 233.610489 
217.597763 201.334381 
145.165100 195.986160 
137.673386 297.158539 
297.001740 312.411957 
311.484467 256.930176 
359.670715 218.735321 
322.310822 238.937820 
268.431244 181.917816 
204.629028 228.302414 
269.474304 217.908569 
342.228333 213.336273 
210.208527 182.888443 
271.115631 330.809509 
283.415741 335.672760 
246.308411 239.274460 
334.575378 250.391586 
402.895203 236.330093 
484.324890 255.572250 
444.737213 196.528961 
286.551636 265.061310 
140.137543 235.660950 
264.769409 183.477646 
266.319733 143.737717 
483.702820 229.438843 
294.632996 205.969742 
333.953064 236.952393 
159.728729 234.869476 
269.861572 216.663574 
476.886200 185.914627 
232.959488 236.529205 
306.998871 178.043091 
77.436989 319.977417 
160.762009 233.471954 
509.712402 256.410950 
287.064056 90.533890 
287.086761 90.585007 
471.837097 238.041641 
469.780518 233.442810 
322.641510 203.830673 
322.778442 204.449371 
446.061829 239.059998 
469.286804 270.763550 
217.042404 224.995911 
311.918945 241.095154 
224.495041 238.912521 
492.860779 313.468048 
286.518768 265.854187 
204.637070 261.988281 
118.079704 360.485474 
405.744080 231.668915 
416.237305 261.594849 
412.948944 222.443085 
138.847809 219.540527 
294.072021 253.359009 
264.210205 283.782379 
478.454865 231.517487 
246.270279 212.751312 
498.888885 270.644104 
342.628479 214.159790 
222.061600 203.756821 
476.079529 184.352997 
454.286255 253.191605 
445.156433 195.985825 
94.124992 358.003601 
475.863342 253.342041 
422.429169 188.994843 
244.346237 339.794830 
460.160126 269.354584 
339.892700 230.810593 
287.359192 213.404556 
243.837662 262.257141 
138.865860 287.339478 
469.825623 224.688889 
327.712433 262.063629 
136.163483 291.380768 
491.574768 247.817764 
294.897858 201.270309 
137.601532 238.305222 
208.481903 201.934921 
468.920044 233.207108 
468.996887 233.351181 
241.297592 266.091553 
311.194824 213.866119 
302.728149 274.028900 
224.727783 283.307220 
144.300552 290.026062 
472.969604 189.549072 
291.362885 271.535370 
447.424133 196.111877 
232.409409 236.586685 
306.162170 185.647842 
59.545513 333.088562 
244.765274 226.597412 
486.983704 253.691315 
212.306519 197.018814 
504.181641 296.532776 
253.284683 144.549728 
359.480835 213.171799 
156.720322 248.124557 
156.980957 348.603424 
157.308762 349.244690 
283.830902 336.298309 
245.524445 227.177521 
325.133148 265.429779 
332.179413 238.464096 
303.812622 183.273132 
213.933197 225.113586 
309.620239 224.061386 
220.663010 230.949524 
252.013290 210.896667 
