972
548.110596 312.541138 
499.619965 320.581146 
500.909607 322.078278 
500.384827 362.626465 
188.026352 411.415131 
506.692047 315.524017 
502.249542 323.968506 
493.226562 282.593628 
499.319489 323.631927 
493.738495 282.562714 
519.693420 227.801132 
493.691772 282.230225 
281.569550 416.167755 
188.409927 408.074860 
493.195679 335.871918 
290.413452 413.067474 
189.035736 408.461060 
514.530396 297.815033 
513.533142 318.491119 
501.183105 359.122498 
502.686035 324.949341 
302.068024 280.379822 
514.224548 280.379608 
297.749908 288.017303 
298.734955 290.688538 
316.581818 253.033966 
515.809387 349.456818 
316.740570 254.210892 
514.054932 227.733063 
534.361267 330.081726 
464.706879 336.633240 
192.884583 387.481995 
288.995392 361.093323 
324.906189 396.183594 
287.781464 427.240143 
501.032593 299.844025 
320.534332 200.507141 
256.128601 271.143188 
186.687515 410.716522 
449.739746 285.839966 
329.788635 286.653412 
502.266144 299.929718 
340.118256 371.281097 
318.460144 418.401428 
461.645782 311.371552 
305.077972 279.073853 
290.576538 402.364929 
452.334412 286.276825 
300.938019 285.794006 
509.953796 333.327087 
191.778259 281.724396 
296.255585 430.913391 
515.067871 349.304108 
298.963501 286.793091 
462.534180 346.868927 
329.812714 389.488434 
313.951141 418.392609 
510.572418 333.098267 
499.791748 299.755981 
319.049316 417.923615 
325.687042 396.964935 
496.638458 292.655731 
500.619720 305.240814 
544.868530 345.077454 
294.294678 426.527710 
188.631561 279.391266 
332.384644 289.370941 
453.886230 313.093323 
467.018433 286.964874 
195.391769 281.940857 
463.545105 335.878387 
545.897400 315.361938 
299.435486 433.082214 
299.498810 432.951935 
513.681946 315.752075 
515.873230 307.686890 
275.134735 410.469666 
300.546661 424.079376 
289.050446 272.606934 
312.144257 405.406982 
538.579956 314.598175 
517.467224 320.901947 
294.104309 284.930115 
293.947510 416.522369 
517.793884 338.445709 
474.766357 351.184387 
496.788574 291.432190 
352.013794 337.010742 
176.060760 364.254974 
290.254761 294.281189 
289.577972 293.997711 
454.228973 342.563385 
506.321259 333.776276 
516.271729 307.000885 
491.339050 298.349640 
316.690887 263.143433 
325.583679 385.537292 
298.025024 291.132935 
467.869904 279.556061 
282.516541 296.248260 
494.741730 272.743286 
300.168640 280.416443 
490.087280 278.698853 
233.599380 344.953156 
261.825073 338.208771 
520.358765 306.772552 
300.488037 418.526428 
303.160095 418.323761 
180.779221 413.167084 
532.497559 307.673096 
546.609192 302.119934 
459.156311 312.292664 
172.903305 362.880463 
200.768799 292.602478 
307.823242 418.414825 
498.584503 311.097015 
187.433075 294.535614 
299.587769 422.400269 
548.977905 346.747040 
462.408356 314.443207 
296.259430 275.213440 
485.729736 315.459747 
165.039734 296.747223 
280.643250 329.541107 
320.533051 288.709808 
474.885437 353.741058 
316.524017 251.600220 
322.543762 267.215881 
306.155304 420.896729 
514.551636 305.240082 
279.805389 327.650818 
331.843506 405.944702 
191.414062 279.617004 
285.012909 402.313507 
301.795898 405.706451 
264.644531 344.390686 
337.584778 194.960709 
547.741821 328.474060 
308.708984 247.495895 
287.513031 295.920502 
314.462036 396.258484 
306.089355 422.377563 
322.290588 267.944305 
305.330627 428.214142 
498.528412 314.649719 
506.643402 334.260437 
241.778946 272.194031 
353.924622 301.404663 
321.889679 225.185989 
188.894333 452.977692 
262.618469 330.879578 
498.468292 313.247833 
321.548218 265.474213 
261.532257 343.937225 
264.036102 318.581207 
569.143860 327.323059 
536.987244 307.300537 
325.532410 265.411133 
326.221619 265.149933 
537.761108 309.063141 
325.406158 223.706680 
179.355804 410.265076 
528.551208 337.200348 
180.018692 412.772247 
315.977844 207.372055 
179.179214 408.544830 
300.802002 244.704971 
264.321228 345.092468 
259.356995 330.986877 
489.402588 303.076050 
303.321503 416.022552 
308.748901 352.003510 
309.285614 352.340820 
195.243118 386.197174 
350.525635 340.306061 
269.088470 300.470184 
287.962921 291.435059 
316.489563 402.763977 
304.134399 419.058960 
489.460846 297.373260 
343.619202 363.161041 
345.879333 299.866882 
185.172913 350.618103 
351.944427 336.038147 
512.198730 302.841400 
298.222137 416.374298 
355.474487 357.197388 
183.013611 407.979828 
308.165558 428.338593 
374.995972 305.305145 
299.652802 401.885590 
302.809814 346.797028 
503.416656 302.529114 
502.801239 303.006897 
273.768005 308.895020 
550.396667 349.237976 
300.393951 298.153351 
317.833679 263.717682 
305.166443 432.201111 
304.506470 432.102997 
522.541870 332.069672 
256.188110 283.999512 
353.535706 301.870026 
523.796631 312.501801 
488.698273 304.384155 
158.593811 462.614990 
504.141541 298.975586 
302.863983 348.238770 
456.180206 296.611328 
464.430786 319.227570 
320.555603 207.879929 
269.946106 297.108307 
186.276199 380.225006 
284.879242 343.579193 
501.032990 332.473358 
282.542969 413.592377 
283.558105 284.576019 
186.060150 351.417023 
456.320587 311.359680 
511.768127 304.803101 
464.935486 315.241455 
169.977524 350.174988 
203.727066 297.429047 
204.296188 296.565155 
374.988953 303.758087 
341.912323 301.132904 
332.484070 221.821442 
198.509735 284.473358 
515.264465 354.914703 
514.676697 355.265228 
311.676239 427.949097 
355.101898 348.633484 
280.467377 325.902008 
265.952911 288.692596 
301.284180 343.066772 
332.557800 327.896240 
203.768799 376.767090 
367.265503 365.385193 
561.728699 322.653961 
437.551666 293.932922 
515.024719 333.234497 
288.076385 324.305969 
451.189453 314.228241 
351.567932 358.119110 
287.359589 272.832703 
317.401337 212.106766 
293.037628 291.239899 
311.649292 257.457672 
495.326324 366.771606 
506.327393 359.865295 
350.554260 351.879486 
233.517059 344.282227 
266.398834 342.569641 
332.380981 387.636566 
233.511414 336.349121 
264.100067 340.882568 
299.096100 273.526428 
522.477966 330.620667 
477.996124 282.977570 
478.343048 282.956635 
324.143829 359.081757 
562.974426 346.941772 
306.653809 348.085876 
346.341217 357.913788 
473.899048 301.085358 
259.535156 283.253143 
182.874222 355.016663 
185.250427 402.430756 
264.395050 320.882385 
364.124420 355.942017 
470.068878 304.825745 
345.556000 331.604950 
305.038849 435.010437 
170.522186 424.290710 
194.149384 417.139954 
528.193359 308.473206 
507.146576 368.876740 
326.057587 213.358978 
200.517227 291.422241 
350.875671 292.019562 
502.771088 359.404449 
273.645569 287.812927 
555.299744 330.196533 
282.230713 397.554718 
356.650055 360.784973 
196.032974 370.930084 
470.793762 353.647064 
471.264404 354.164520 
179.002838 364.950348 
322.710938 435.169525 
303.494263 392.783783 
312.575348 433.108093 
188.836716 280.745972 
198.793396 302.439758 
324.948212 414.927826 
349.657867 300.880798 
183.265244 414.157593 
480.614899 295.508026 
318.933502 283.452820 
331.470612 324.679108 
330.148621 220.912628 
263.045868 324.102814 
293.401062 419.695557 
292.507416 420.022369 
292.733673 420.201721 
294.409698 272.432098 
296.039551 295.662750 
345.852386 360.523743 
181.054855 288.486237 
280.642456 351.040771 
178.578644 414.625488 
260.424469 283.575470 
189.270386 457.684204 
351.024994 358.242798 
318.668182 266.085480 
369.677795 301.170593 
525.289490 329.960663 
290.545807 438.077393 
291.392151 438.457886 
442.583282 23.108503 
179.408066 353.061859 
331.034241 298.845367 
294.943176 420.505280 
190.191635 457.876984 
524.361450 228.061569 
307.844879 396.917419 
199.712631 286.979919 
483.776428 297.085144 
299.643005 412.126221 
273.557129 412.606506 
274.810974 282.573364 
302.918884 434.837677 
181.750580 410.411835 
308.347778 369.033844 
300.044861 408.341003 
539.145569 289.658173 
278.660339 356.914581 
191.929260 397.405365 
299.521271 411.254211 
307.537415 355.250427 
318.590576 315.461304 
330.842377 210.714706 
319.141602 264.443420 
319.487976 264.189209 
192.155014 377.958923 
504.424225 354.603973 
524.711243 307.460297 
183.076126 414.700531 
347.209900 303.445312 
488.023163 334.553619 
346.152222 28.241970 
470.155945 304.150879 
498.406921 328.166870 
528.584778 333.499786 
473.922363 320.152893 
470.635681 323.566223 
495.552032 367.083832 
300.743073 404.350800 
479.054901 292.332031 
280.627563 350.480499 
185.385498 303.293243 
277.000549 288.033264 
372.267120 313.454681 
300.663452 271.707458 
495.385071 408.076538 
195.296082 294.608124 
287.326416 436.012299 
345.289551 290.407501 
135.565109 458.443176 
305.865784 344.582703 
195.273880 398.559998 
306.757263 404.297516 
350.527496 301.390778 
470.158081 303.190948 
180.794983 350.023132 
518.410645 314.693176 
329.975708 411.493195 
313.689453 244.082825 
280.795898 277.492279 
484.659363 278.271454 
543.028442 311.349976 
562.259949 344.792511 
524.702271 263.425262 
198.803955 391.750549 
337.913605 382.651031 
479.330475 327.188324 
270.057617 293.641144 
186.152847 414.383911 
334.658691 275.710297 
266.361328 353.260071 
192.063553 403.168976 
562.428528 344.024872 
322.488281 278.398254 
191.343353 404.540039 
515.906799 310.612762 
534.549194 329.336273 
330.057495 282.062592 
305.476257 357.522644 
322.460449 419.033508 
352.240753 362.022766 
158.829666 396.187866 
190.831665 405.755981 
285.558502 340.716431 
328.846313 326.847015 
323.714813 307.286469 
308.792206 303.338867 
177.674316 414.385742 
312.700165 303.132477 
507.034668 301.998077 
324.038208 219.097580 
263.872406 354.684052 
165.966766 309.447876 
494.503082 308.622070 
540.975342 329.908325 
466.472961 316.522003 
347.929352 356.941254 
299.128632 395.387878 
329.827332 210.920563 
189.785736 452.387726 
460.522552 278.664246 
504.859497 298.310822 
335.962524 220.662109 
290.569397 272.320526 
202.676834 375.157257 
312.036591 302.144135 
334.575165 303.030029 
318.946686 301.150879 
333.202362 338.368774 
177.760849 343.293030 
176.212692 356.503204 
369.899017 309.798309 
535.632324 307.560699 
178.083603 312.661591 
340.016388 289.117523 
531.125000 335.378967 
323.115265 369.442474 
327.740875 213.126343 
327.231140 406.795563 
281.542999 422.324280 
338.879822 283.013702 
329.478790 281.102905 
448.672821 311.609650 
449.022522 311.919434 
304.897644 343.454559 
183.804382 377.802979 
470.403229 296.697723 
192.358047 401.524689 
233.742355 337.589813 
271.309570 290.744659 
287.635406 397.298431 
346.714569 289.639496 
207.012894 381.209381 
307.359253 370.434509 
317.330719 289.493164 
183.632339 355.054443 
259.981110 314.193939 
558.245239 305.731476 
201.333313 350.262390 
358.511627 307.708588 
278.514832 324.918182 
348.333771 373.165161 
289.377197 324.677979 
136.266876 424.822479 
136.399475 425.475098 
309.545044 303.414734 
333.026062 299.644409 
177.039337 351.302063 
242.151306 314.855194 
333.879333 225.136627 
518.837036 349.679932 
519.077759 350.295258 
322.533386 433.059357 
254.870300 292.937744 
193.090088 278.128113 
300.900787 436.496155 
192.577454 277.673584 
200.052658 351.488525 
263.562897 352.746063 
263.559875 353.434570 
350.640625 362.420654 
201.476227 461.209015 
268.417328 290.666290 
322.549072 418.510040 
197.434952 298.728546 
336.112396 308.052612 
287.667053 385.653503 
565.744873 324.374298 
572.695068 324.107269 
251.755737 283.319183 
527.580688 306.266083 
199.626495 373.185028 
324.300873 362.878723 
464.487915 284.557831 
343.986664 300.711975 
180.187637 313.814545 
288.611359 386.222809 
480.406738 282.743805 
468.205139 313.451752 
139.069458 421.967621 
306.863464 379.436829 
328.357910 326.275146 
134.699310 452.405731 
478.164337 292.183441 
519.201660 314.002838 
510.776062 271.176941 
474.036407 304.229034 
136.782425 453.367249 
164.472290 457.756927 
177.418442 360.858734 
320.927490 223.781845 
341.144257 345.584106 
494.784760 299.830414 
194.831802 454.308136 
214.311295 297.338837 
296.899780 300.271332 
179.295364 312.059967 
509.889465 348.201660 
485.098236 334.633820 
131.512405 439.821442 
559.704834 321.954803 
311.385437 391.512451 
190.885788 368.159210 
315.235016 304.772766 
270.766876 293.853149 
181.040848 440.055664 
288.122437 342.362915 
283.819061 437.899200 
448.873016 307.497253 
175.040222 275.547424 
319.299957 219.564270 
338.851715 275.907074 
184.602325 346.087341 
160.151596 387.487640 
246.056702 312.575562 
245.832169 313.174805 
194.364914 426.563934 
251.082581 326.407837 
173.795746 302.537537 
325.176361 403.829773 
175.628174 420.355255 
145.994873 442.248138 
146.080673 441.549683 
300.866455 393.436462 
325.656281 262.011627 
183.479706 343.360809 
477.312103 322.228333 
378.868011 312.022156 
321.310455 218.747070 
254.039825 267.633850 
258.802368 288.270966 
180.997238 380.169769 
359.676270 192.366440 
197.991074 404.327301 
200.850998 297.995422 
260.846649 331.516693 
137.051910 453.875793 
257.946320 290.608185 
521.277893 287.738129 
312.642639 433.740997 
484.635132 335.609222 
200.080215 346.461395 
321.126648 249.103668 
202.059738 346.940918 
328.174866 211.111954 
269.801544 408.481781 
175.775696 263.662720 
188.708755 286.641052 
338.792053 343.192169 
339.403900 343.459076 
178.483704 417.453949 
279.363434 358.855042 
345.308441 367.593567 
494.224548 299.526001 
532.026062 332.387939 
160.338257 460.304047 
297.834412 398.476624 
185.313248 453.114319 
175.661209 430.268555 
307.341370 380.114960 
189.568466 414.966766 
242.200409 267.745758 
231.127396 343.648102 
334.538696 285.122284 
341.900513 212.382431 
446.377167 312.300629 
211.130768 285.344818 
287.227783 419.822113 
182.870926 300.263428 
509.277832 348.205536 
260.090973 282.115143 
176.902069 288.586578 
176.354538 451.998199 
485.610596 300.746155 
265.282379 294.911743 
357.122040 302.020660 
191.980347 446.543701 
351.029694 215.364517 
171.577621 379.685272 
495.103516 450.103210 
169.044754 310.329712 
256.842041 326.984558 
307.856873 384.944977 
215.953949 345.015656 
201.526642 429.741425 
200.305283 320.946747 
312.858368 390.075867 
515.455200 312.822479 
514.935181 312.957581 
203.767548 380.091431 
282.059631 322.392487 
553.408020 316.637115 
160.827820 381.101807 
135.817154 425.652039 
283.104462 288.106934 
247.809860 284.667419 
447.995270 314.875092 
175.502731 381.847687 
277.680267 321.823822 
172.527283 303.393860 
151.939880 445.151947 
351.424866 278.286407 
318.805817 293.049866 
178.558807 403.528168 
186.583939 393.278198 
134.146698 450.464935 
339.352386 195.888489 
338.844299 195.943146 
338.983459 195.592117 
327.201660 402.569733 
344.213196 346.998291 
362.622894 358.991852 
344.089203 346.533356 
244.852631 280.144897 
454.903717 285.698639 
181.868027 379.921478 
286.118561 340.096344 
283.196686 324.972687 
320.853699 440.602478 
333.835602 222.560410 
138.920944 449.252869 
387.245972 17.032087 
322.743042 211.819534 
164.502243 291.950409 
164.746063 292.101074 
472.288635 341.331757 
174.700607 302.315521 
216.024338 341.983063 
280.780121 408.997803 
300.640015 437.047546 
223.746735 271.044891 
190.101868 418.956146 
390.634674 301.563293 
263.444702 348.855011 
534.635559 337.099609 
263.450470 328.985168 
280.301025 434.077515 
280.064575 434.242889 
325.980560 207.990463 
144.908279 452.366669 
160.485764 309.705933 
336.803467 285.472076 
461.989990 283.880219 
319.072845 298.921082 
179.221786 359.498108 
275.200653 275.455475 
201.282669 375.245148 
204.225266 300.773621 
256.227417 297.765015 
265.410492 311.660065 
269.414368 411.728821 
524.078674 283.131042 
327.132996 210.787033 
326.896515 211.342407 
526.260803 331.862030 
258.066895 334.563934 
189.755585 324.101044 
288.815277 339.099548 
211.739471 280.157379 
456.565735 295.529541 
467.381409 301.939606 
512.967896 369.261597 
315.921814 301.940887 
298.678955 397.948364 
192.883636 378.137146 
352.763885 340.862732 
340.965759 282.172211 
269.477570 290.306305 
190.329208 416.857941 
286.906677 419.195740 
188.557144 325.170624 
340.388184 298.247711 
195.504593 322.834503 
312.221191 320.433014 
192.294357 351.590057 
201.955811 430.920227 
345.671051 286.572815 
196.409622 289.873962 
150.732254 446.603638 
267.931366 349.788330 
228.039963 331.726410 
377.578766 306.781616 
297.931244 303.176758 
171.230103 300.073730 
320.858948 214.290421 
490.830627 309.933472 
444.336029 440.489441 
518.677429 324.513702 
179.541855 457.022156 
202.460617 345.597168 
306.463654 372.563263 
297.562469 379.483734 
143.767914 452.611481 
282.042450 287.074371 
457.449005 374.951508 
186.762543 350.413666 
357.898376 297.795990 
299.007294 363.505493 
277.507690 395.894714 
323.928558 437.169678 
327.376007 254.848663 
277.541168 395.987305 
553.304443 356.538239 
349.918671 368.981873 
245.111816 315.276611 
318.323761 307.485199 
160.348312 456.107391 
545.198608 292.697449 
171.383240 431.339722 
349.033691 371.150726 
172.262192 319.043030 
193.816223 354.726898 
281.733368 393.495026 
346.521332 213.693893 
177.489014 318.160339 
278.287842 320.781952 
253.444550 267.113281 
477.754333 288.252106 
477.999786 287.720093 
285.704681 325.407593 
308.396729 296.834686 
307.688324 296.655243 
171.983551 429.995758 
75.301575 464.471405 
295.843689 308.087433 
482.510895 343.609894 
282.461273 268.174042 
344.553162 362.916016 
174.739868 317.561951 
422.681488 446.396423 
254.847610 296.306915 
195.042206 401.890198 
180.523422 443.229828 
256.949768 336.164368 
345.467621 364.647125 
548.755554 313.117950 
378.128754 307.943878 
450.235565 309.449524 
304.062836 370.836365 
310.981720 436.636597 
299.484833 304.955994 
520.114258 266.452606 
248.343246 365.186340 
287.141510 445.435425 
213.455841 356.465485 
462.100830 294.873108 
540.970825 345.080536 
202.110046 332.266571 
341.416077 285.511444 
326.782715 208.350510 
495.964203 450.213196 
443.885986 294.760956 
322.991180 370.034760 
362.495544 359.894104 
212.271072 284.331146 
251.261902 317.620911 
376.813293 288.641510 
459.466431 297.095734 
161.907791 395.606842 
196.845337 359.792511 
154.732407 458.406097 
208.459732 374.194183 
533.523865 307.657440 
197.933212 309.423950 
361.704102 295.636841 
306.587921 355.731323 
554.730469 229.782669 
176.932510 351.835083 
276.387390 273.106323 
273.669037 365.256897 
242.444809 310.861572 
190.731461 290.881409 
375.654205 289.328247 
317.749207 220.386383 
267.323853 297.677490 
322.232208 439.788818 
317.283112 295.867432 
181.158264 389.984711 
190.253860 378.764740 
190.361221 388.850861 
487.671326 407.595245 
571.662415 319.818909 
169.273087 353.420441 
180.897537 400.162384 
202.255966 454.405609 
195.595612 386.532471 
315.614746 305.908264 
181.161804 451.166168 
272.700836 393.736053 
314.277802 299.474457 
314.277557 298.756317 
134.924637 449.987000 
190.906509 290.360291 
366.407532 360.356171 
360.451385 342.087830 
233.436493 349.649384 
306.122528 383.709808 
213.447525 454.295135 
163.884628 258.304474 
429.193329 21.030390 
265.871216 310.962708 
497.760468 259.411041 
213.522629 404.705902 
318.294678 200.133011 
195.526535 432.585663 
185.373810 348.322510 
168.572586 376.126648 
317.201508 362.203949 
181.080353 400.959503 
405.336914 310.626434 
169.958832 376.653381 
360.245911 350.353241 
304.272308 259.718628 
364.870575 300.100403 
190.904541 380.460022 
234.508698 341.201355 
184.246231 311.142273 
335.870148 302.912903 
198.365494 354.511353 
234.022186 342.148743 
356.470459 279.721924 
314.344727 206.209061 
251.833633 319.251709 
338.148834 288.419647 
372.608826 307.062927 
163.755371 256.605042 
306.139313 298.609467 
163.245468 391.380615 
164.655273 379.780823 
572.711060 383.930969 
180.883301 381.634216 
350.036591 266.602905 
372.349457 311.989685 
170.986099 300.907043 
226.664001 347.743347 
255.464050 333.635895 
286.568573 314.347229 
284.692566 314.142059 
520.489319 312.060913 
306.631317 439.629333 
457.787231 276.459534 
163.909729 369.471100 
349.900452 329.187286 
521.813843 325.134918 
332.800995 313.102264 
315.357788 222.161194 
316.083160 300.957153 
516.849426 310.924561 
328.258698 254.854202 
196.267441 342.129486 
567.938171 380.690063 
322.502716 438.021240 
322.502716 438.021240 
285.117981 391.818054 
197.124451 289.713379 
278.873627 436.069122 
209.108170 414.135101 
380.791443 306.295807 
289.791473 319.039124 
196.337479 276.523071 
266.347992 329.140106 
237.477509 344.592163 
247.915955 280.966248 
318.127014 245.257492 
309.391724 362.486847 
179.912018 393.532990 
274.223297 359.796112 
274.496979 418.195557 
345.036255 216.884323 
474.121368 295.375366 
258.179169 278.554871 
519.161255 266.997955 
214.554794 407.465332 
257.060120 318.877289 
275.432770 270.946014 
454.161621 293.757721 
196.119431 423.509308 
213.245132 342.539124 
341.334961 298.448334 
185.970062 422.804779 
333.402435 387.110504 
318.806793 387.304352 
367.856384 287.066589 
339.602570 283.951569 
381.627441 306.150391 
190.591644 354.470978 
191.100616 354.087341 
156.365860 457.857086 
480.827911 265.544861 
196.869995 287.657501 
324.572845 200.061707 
283.431061 276.322113 
269.481415 325.801392 
201.888580 354.233765 
309.073151 202.467117 
160.747253 456.882355 
160.496109 423.018097 
134.147903 429.569672 
174.182266 376.029114 
293.556274 392.784668 
337.622833 214.512451 
288.401184 269.503784 
342.083923 284.974365 
181.218597 451.789825 
542.795898 290.435638 
359.952972 363.615723 
296.716064 309.901398 
299.476471 236.651917 
280.395844 429.618896 
280.056976 430.137604 
329.905396 272.227448 
350.263855 213.816696 
474.436798 321.238678 
308.067291 439.754364 
325.016083 314.775299 
357.260345 292.783173 
326.765198 308.527771 
197.552124 359.992523 
292.114380 237.525772 
195.989532 304.487701 
131.565216 435.474396 
131.615723 434.664154 
518.357117 294.367889 
385.234283 300.554260 
203.172989 380.504730 
164.335724 318.672668 
186.935898 335.294678 
171.487595 304.300354 
162.623062 352.046753 
249.225815 213.345612 
321.726318 206.732849 
547.377747 286.696747 
192.148315 354.137360 
556.884705 317.222900 
556.989563 316.592377 
178.155548 360.511444 
278.087311 316.308167 
317.450134 356.291168 
297.323822 250.413651 
167.135605 299.416718 
213.827927 341.977936 
283.915314 272.726471 
130.630081 437.577576 
373.778168 310.286774 
376.877411 289.553253 
470.893616 272.218872 
278.073425 317.581116 
331.184418 264.211212 
190.876373 326.326599 
208.599670 414.559601 
523.782837 326.378265 
369.899292 314.651886 
333.841858 267.898621 
