500
480.698212 198.632751 
487.472534 199.996902 
460.400543 224.241867 
455.405304 200.519882 
460.109894 223.441711 
220.875183 200.060715 
221.469376 200.330612 
483.702820 229.438843 
290.602478 264.308136 
452.556030 247.821045 
454.004517 197.295837 
293.835876 265.149780 
257.983459 224.956467 
245.896713 231.918381 
455.690308 243.086426 
262.176422 209.362427 
293.072998 265.480408 
438.820221 223.463730 
469.046783 193.166885 
472.622803 248.342728 
471.837097 238.041641 
509.031677 208.939148 
453.839996 277.710266 
464.767517 224.417969 
149.909515 241.834595 
163.547180 348.080933 
217.597763 201.334381 
310.490570 269.410095 
145.664688 241.999344 
146.209671 242.334015 
443.379181 221.279144 
443.335907 220.590134 
210.673325 196.873795 
289.654449 165.507187 
474.284607 227.762741 
468.920044 233.207108 
468.996887 233.351181 
459.509827 220.808990 
385.506989 388.852295 
297.370148 166.683060 
455.071899 242.241531 
212.306519 197.018814 
480.371521 260.497803 
292.807129 200.391083 
475.469971 194.861237 
167.148773 358.505463 
460.489410 206.868530 
475.863342 253.342041 
469.780518 233.442810 
488.975403 194.954147 
448.348572 216.112732 
277.151093 321.404083 
325.141846 227.763016 
253.056992 329.753937 
229.199844 195.374512 
289.884949 264.094757 
141.847855 232.789413 
455.863495 279.359741 
473.876984 226.937515 
288.355774 194.537415 
444.916168 284.736786 
249.066437 184.639572 
429.029053 222.890533 
525.083252 236.773621 
421.994202 232.669220 
251.569397 330.376740 
264.210205 283.782379 
274.593597 330.095123 
258.032715 226.228745 
472.496033 238.946793 
441.131744 198.994675 
465.590759 224.269592 
291.383606 162.534088 
512.354248 245.743256 
276.389801 329.970612 
229.187378 193.955307 
153.054504 237.520538 
280.485474 314.904236 
440.862640 201.382996 
429.653961 221.737976 
485.245789 248.577927 
454.447449 243.365128 
276.665527 206.636459 
484.797760 193.085327 
288.636597 165.905716 
514.719055 217.582260 
248.387451 184.722076 
412.948944 222.443085 
467.175232 239.234482 
454.216064 202.652359 
313.109528 227.775177 
264.564087 283.646912 
438.998138 200.919327 
309.960236 270.835297 
278.460114 209.986755 
514.521362 215.660385 
477.390442 227.550339 
415.159454 199.998611 
436.332794 226.580765 
482.200562 208.129578 
424.107605 388.581940 
477.733826 228.211914 
487.734802 230.163132 
229.090988 193.150406 
279.422089 327.707245 
433.909882 243.415894 
440.333740 200.796509 
283.885529 217.539230 
457.462158 212.850571 
415.594452 209.087570 
421.939453 258.685944 
323.271057 322.871704 
277.118378 319.964813 
215.882553 188.698410 
449.728516 207.182205 
144.072876 234.656677 
292.345306 176.609634 
460.244781 269.729584 
294.897858 201.270309 
215.607285 191.404312 
430.991577 222.423874 
146.605087 251.137436 
455.625458 219.855743 
270.992432 332.340576 
514.523560 245.769791 
471.862610 210.279297 
491.950867 268.080566 
472.971191 192.587036 
218.060318 203.691299 
429.767059 202.466522 
392.253265 390.279602 
456.580750 212.277695 
447.259308 224.446945 
408.675995 257.622620 
207.356964 193.788300 
453.532776 219.568619 
311.350708 187.079361 
478.496979 207.500641 
309.284515 185.201736 
435.014587 183.570938 
246.308411 239.274460 
315.023590 229.914536 
479.391998 207.700485 
217.751556 227.601089 
452.379303 210.324860 
313.609283 181.475815 
298.064026 193.100067 
297.512817 193.124481 
284.338959 220.687485 
475.633148 254.822800 
174.991211 351.859558 
308.614655 185.569000 
442.756683 209.873672 
339.992523 238.847870 
415.893463 206.184464 
432.838196 223.042953 
445.319153 214.910843 
438.124786 218.982147 
484.324890 255.572250 
334.189667 207.894043 
426.391754 218.945129 
321.012512 318.175751 
454.966095 201.647659 
291.116333 186.837341 
460.160126 269.354584 
311.098297 278.970520 
402.649292 259.199219 
180.871384 352.947479 
509.712402 256.410950 
436.563263 178.632843 
445.156433 195.985825 
216.781448 246.309509 
217.147476 245.951736 
444.737213 196.528961 
454.286255 253.191605 
506.246124 213.313507 
454.443939 274.576538 
469.019379 211.364059 
511.662964 242.092026 
341.082001 237.221695 
522.760193 233.210480 
480.066711 231.884491 
465.665558 270.771729 
465.853638 271.246643 
275.502258 337.885132 
271.115631 330.809509 
286.837555 314.062286 
475.441101 245.267715 
246.188156 181.979462 
291.507111 189.882538 
424.241974 192.043777 
213.125015 189.625305 
168.934311 358.105103 
169.384827 358.093140 
373.795227 256.703033 
217.042404 224.995911 
287.565002 212.162613 
287.038086 201.001633 
330.993652 259.761566 
473.226471 191.528610 
146.427399 253.477539 
318.804321 362.654358 
266.480011 281.557129 
495.669281 216.525818 
213.933197 225.113586 
475.378906 211.698151 
145.217224 246.788361 
290.698181 173.847443 
480.709290 256.877594 
416.237305 261.594849 
477.616577 200.449936 
453.380463 231.897324 
295.694794 169.280807 
498.888885 270.644104 
507.156189 241.176178 
423.488770 190.728790 
433.092773 216.191467 
287.064056 90.533890 
287.086761 90.585007 
225.314331 199.376740 
266.267609 139.225967 
416.721466 199.691833 
479.827209 253.257080 
223.130936 201.081848 
417.463348 229.224258 
487.452209 253.028503 
215.821045 208.454163 
306.978546 214.078522 
422.377289 195.807526 
420.224854 228.400513 
418.733673 228.432098 
269.632599 301.751648 
336.078064 263.015656 
291.470215 170.573074 
272.273346 301.133636 
256.544312 221.066711 
418.688660 232.780334 
419.208984 232.677444 
222.885727 206.522629 
436.197662 185.156250 
427.357513 267.696564 
232.246918 190.523453 
450.449097 228.160751 
450.497864 227.566467 
447.424133 196.111877 
476.443207 210.209229 
466.145966 207.142761 
478.454865 231.517487 
313.334686 180.378937 
448.063782 223.600327 
440.225250 235.719254 
491.574768 247.817764 
213.365311 227.407654 
296.289185 198.740112 
290.416107 188.581863 
322.310242 322.555450 
287.656708 201.396912 
469.155701 214.632385 
453.614594 285.089844 
443.766174 179.342789 
268.575195 299.846069 
324.199127 177.871887 
299.771942 169.073502 
444.152191 217.529251 
449.409027 281.476318 
459.326447 192.087021 
426.586975 244.672531 
522.839355 205.858078 
321.559296 179.136185 
247.427948 235.573318 
284.763519 157.767471 
479.454834 204.965393 
444.037384 192.521576 
424.614136 234.329758 
422.766235 270.293579 
167.856125 339.465454 
336.621826 242.453476 
426.187927 267.344818 
460.693756 221.403214 
460.952057 221.133881 
248.242371 331.843353 
499.006378 212.602310 
499.224030 213.309479 
327.921539 258.200897 
359.670715 218.735321 
336.647644 210.054214 
321.454498 318.971313 
222.061600 203.756821 
440.169189 177.531525 
439.715118 206.709900 
388.642853 375.124908 
225.096817 208.164368 
314.452362 221.494812 
483.046143 210.592773 
471.390228 217.741226 
466.228546 274.259338 
519.484314 249.740601 
247.861328 226.352798 
447.103516 193.067688 
412.924469 229.103012 
413.144165 285.468048 
340.629303 239.338165 
521.098816 436.673004 
154.274841 239.087433 
486.680603 261.664093 
416.611420 212.894913 
287.359192 213.404556 
248.240860 227.563034 
162.009460 359.982849 
232.978027 219.450806 
219.839111 206.212524 
408.516357 227.614761 
462.194031 233.512207 
243.310181 174.943420 
242.838516 174.708389 
473.180206 233.610489 
337.346588 264.702881 
311.918945 241.095154 
463.117126 220.887161 
511.643127 241.435455 
141.537201 229.929520 
293.725952 207.161118 
287.646698 109.720177 
457.034637 252.933212 
315.711670 130.612549 
314.637177 277.512238 
415.355957 212.548492 
446.061829 239.059998 
424.011810 269.842285 
270.873993 305.055786 
314.033081 279.997681 
282.158936 164.509048 
406.017578 226.780914 
333.953064 236.952393 
248.764053 236.464432 
155.960251 348.822083 
272.651001 143.708038 
266.580780 316.853577 
422.419647 213.563156 
486.983704 253.691315 
244.765274 226.597412 
277.358643 318.034393 
156.980957 348.603424 
157.308762 349.244690 
264.181122 232.427567 
271.828430 310.610199 
245.524445 227.177521 
277.954132 316.842102 
476.635162 239.344788 
233.639801 219.498215 
356.598206 219.583649 
266.660736 315.534149 
485.265594 194.785385 
258.989166 328.356873 
459.515350 255.202072 
461.142151 288.183105 
482.839203 191.689438 
289.776459 168.517517 
488.659576 197.813354 
250.281219 175.976105 
268.935791 294.051697 
482.965668 204.144958 
208.493225 190.537430 
469.825623 224.688889 
212.176910 257.702484 
272.933868 301.257568 
480.591888 244.550018 
344.504150 244.966599 
310.561890 342.239441 
140.668793 240.606125 
140.515274 241.248611 
443.860321 250.403015 
265.331665 230.575470 
471.290375 273.976135 
244.346237 339.794830 
216.487518 101.692818 
511.354248 245.172775 
409.789520 256.887695 
409.823242 257.302277 
469.757233 260.276428 
302.302216 198.653412 
476.164917 183.115250 
409.130341 226.773300 
512.616333 268.227478 
512.920471 268.299927 
159.760101 231.792145 
310.100525 280.176117 
494.158020 238.724655 
440.574432 311.511627 
411.187164 282.964722 
158.945023 280.095947 
169.854462 358.218079 
315.087311 220.671036 
505.428192 239.228439 
175.119980 357.206207 
469.286804 270.763550 
502.442902 276.652527 
304.699463 175.289307 
416.836914 261.113037 
324.310913 180.366318 
158.360550 227.694397 
176.130936 356.870575 
340.748169 206.664093 
336.521332 236.765503 
497.127869 183.458618 
433.457458 240.750488 
224.616959 346.472870 
154.457703 349.265045 
280.938660 202.224579 
460.045197 256.502319 
160.453491 226.985352 
350.660736 218.050522 
269.529846 308.077057 
148.430161 228.970596 
157.871841 343.858063 
268.198914 146.101501 
268.431244 181.917816 
150.424469 245.650299 
309.483643 345.343719 
311.549316 177.664429 
292.332245 308.354889 
436.453400 252.579132 
266.598022 314.231323 
211.198303 225.216705 
106.913246 353.428986 
472.969604 189.549072 
205.847992 344.573761 
228.619629 220.204239 
281.833771 290.684143 
156.706116 225.918671 
142.237366 247.400330 
347.521667 214.713257 
241.995026 251.727737 
495.019745 238.501221 
138.865860 287.339478 
315.625214 276.738953 
359.480835 213.171799 
477.420166 250.447815 
322.272400 267.803406 
221.067032 207.892120 
283.148682 332.445831 
440.915924 189.734283 
157.158630 355.677551 
234.962738 186.864227 
322.303009 341.533569 
138.847809 219.540527 
339.481628 217.398972 
407.555786 229.525131 
330.808289 213.296997 
276.728882 282.550598 
214.061234 222.645111 
462.919373 254.995239 
450.317719 186.563080 
342.340149 288.725586 
304.736542 322.001526 
246.267273 187.612473 
437.175903 191.928864 
417.569427 195.231064 
331.556335 271.256195 
183.070358 329.747833 
436.631714 234.182556 
433.529907 183.404251 
136.680145 217.683456 
296.286499 294.342834 
296.396271 293.637054 
123.327278 345.838806 
286.990967 214.646515 
203.799118 346.088409 
491.947266 231.499207 
248.803665 210.165375 
244.809769 266.665924 
124.924911 338.772034 
437.614716 186.050339 
239.961395 170.336060 
140.137543 235.660950 
43.104763 347.265991 
434.975006 260.079742 
331.941010 271.884399 
408.818359 173.546967 
321.234406 336.869720 
305.221619 224.773392 
269.776886 153.949295 
210.208527 182.888443 
346.210571 209.843353 
309.510864 180.676666 
281.928375 223.974426 
314.303589 222.371414 
153.642807 224.463074 
202.362289 186.995270 
416.711823 193.745270 
156.084076 236.719162 
226.424377 235.928513 
332.832550 218.665146 
241.428619 251.939346 
162.336136 228.539398 
247.157379 326.726929 
238.754730 183.500412 
202.568741 183.517029 
228.370865 181.848770 
225.340073 191.089798 
