500
438.665222 356.120483 
440.464050 184.725677 
461.054657 185.847504 
446.302917 176.731934 
465.375336 147.412277 
466.446777 185.601639 
450.193359 143.507034 
477.902130 152.618622 
477.902130 152.618622 
463.047546 145.669342 
445.388031 176.234314 
457.354126 137.610977 
457.906494 142.609207 
245.541794 259.096954 
453.585114 148.691025 
455.905060 348.477600 
419.353973 228.244843 
443.376404 174.510605 
443.376404 174.510605 
428.886932 228.045380 
425.420502 184.255112 
400.896698 191.383209 
411.520569 183.891403 
411.520569 183.891403 
438.665222 356.120483 
402.689301 197.384857 
402.689301 197.384857 
428.886932 228.045380 
419.353973 228.244843 
457.382324 182.397934 
457.382324 182.397934 
425.831207 168.647247 
412.600433 177.740524 
411.520569 183.891403 
457.906494 142.609207 
456.661377 232.003860 
457.382324 182.397934 
222.967026 370.531128 
433.621124 190.104156 
414.837067 151.056839 
402.689301 197.384857 
447.653137 203.304337 
423.496979 179.203827 
423.496979 179.203827 
457.914612 182.494781 
212.749161 235.843674 
212.749161 235.843674 
465.084167 194.794128 
574.650024 355.236267 
172.241867 419.770325 
488.425995 175.540222 
232.077042 243.858597 
444.957214 170.057785 
457.354126 137.610977 
455.905060 348.477600 
456.661377 232.003860 
428.886932 228.045380 
477.902130 152.618622 
419.849457 185.489410 
418.502747 181.543594 
337.155457 207.755783 
220.474991 263.578674 
460.100037 175.515045 
253.791458 291.381378 
476.856964 191.297333 
331.488220 207.708313 
418.502747 181.543594 
423.496979 179.203827 
441.651367 179.263153 
280.598846 211.638046 
469.927979 195.493118 
574.650024 355.236267 
445.238831 143.503540 
233.285004 243.695374 
441.651367 179.263153 
449.964478 203.823074 
246.347565 218.290604 
172.241867 419.770325 
458.689667 205.241791 
403.821106 205.000443 
455.905060 348.477600 
438.413208 167.018600 
486.700592 165.196213 
222.967026 370.531128 
327.010925 276.045807 
276.380249 202.597000 
444.324524 173.876038 
444.324524 173.876038 
276.380249 202.597000 
433.237793 166.527542 
433.581360 219.277512 
327.010925 276.045807 
462.654633 174.356155 
457.914612 182.494781 
333.492065 202.685852 
428.886932 228.045380 
439.646545 173.647552 
433.884155 156.753250 
457.151123 188.782120 
335.615509 236.256226 
441.651367 179.263153 
460.100037 175.515045 
444.073853 186.912170 
285.085480 347.549164 
403.821106 205.000443 
469.452942 173.809311 
444.073853 186.912170 
235.538773 168.499237 
268.792053 176.190567 
411.520569 183.891403 
419.513977 161.128845 
441.651367 179.263153 
445.233215 140.272278 
434.700775 174.256042 
293.064575 185.912491 
403.083038 190.721375 
294.433685 186.681137 
327.010925 276.045807 
205.759964 238.782578 
455.905060 348.477600 
215.172653 386.178772 
265.836700 180.157425 
453.585114 148.691025 
174.216782 428.587250 
411.520569 183.891403 
322.836151 237.595474 
339.327576 224.077774 
476.856964 191.297333 
450.193359 143.507034 
433.884155 156.753250 
462.654633 174.356155 
444.324524 173.876038 
423.496979 179.203827 
201.381195 236.799911 
445.243683 174.024933 
463.944397 148.927139 
439.806274 160.907150 
172.241867 419.770325 
345.077057 256.854675 
337.155457 207.755783 
208.554245 392.703400 
441.651367 179.263153 
321.287170 271.928589 
206.095398 235.882141 
331.568481 231.654465 
409.773163 224.507812 
409.773163 224.507812 
282.140594 211.874985 
451.150116 176.118759 
265.179535 180.773575 
457.354126 137.610977 
333.551514 339.481110 
449.594147 140.699051 
482.412506 188.582748 
268.931946 184.360748 
395.018616 168.785675 
227.403015 458.482880 
277.616333 230.791000 
477.214783 203.772568 
154.546448 288.195892 
205.759964 238.782578 
360.104950 355.791260 
285.760651 190.903091 
433.581360 219.277512 
411.520569 183.891403 
411.520569 183.891403 
442.430725 342.525879 
433.581360 219.277512 
162.717834 411.089294 
246.347565 218.290604 
285.085480 347.549164 
256.197449 246.552414 
249.639435 263.937927 
459.250488 174.878540 
327.912048 206.189148 
329.372070 239.085327 
333.551514 339.481110 
458.689667 205.241791 
457.200378 152.524658 
473.946564 172.973007 
452.024017 159.672226 
430.313141 194.779922 
240.422470 162.168121 
340.946747 319.759369 
404.024261 228.831848 
135.206589 403.489227 
249.901627 377.023865 
409.766937 194.590225 
346.574402 311.293243 
402.689301 197.384857 
439.646545 173.647552 
276.380249 202.597000 
135.151306 402.493805 
330.708466 207.029785 
546.453491 365.943573 
428.230621 203.795242 
438.665222 356.120483 
321.287170 271.928589 
224.550919 281.292419 
224.550919 281.292419 
457.906494 142.609207 
450.930908 206.377930 
419.916321 158.879547 
161.126495 293.860138 
149.533630 289.610016 
476.856964 191.297333 
402.689301 197.384857 
425.589294 151.570114 
246.347565 218.290604 
398.101135 175.426468 
221.677063 395.890289 
416.314819 185.933090 
158.833908 305.909180 
249.901627 377.023865 
428.007568 208.749374 
204.695282 231.378799 
466.446777 185.601639 
270.429230 180.520004 
277.616333 230.791000 
346.224976 341.723999 
425.589294 151.570114 
450.265594 194.715302 
218.844467 262.946442 
494.009460 152.319519 
390.512573 174.568741 
339.327576 224.077774 
411.520569 183.891403 
481.345917 191.704880 
212.749161 235.843674 
450.696320 165.018585 
439.646545 173.647552 
194.352081 234.013672 
268.542175 378.296112 
331.568481 231.654465 
416.314819 185.933090 
204.007462 227.423370 
426.721405 193.852402 
463.944397 148.927139 
233.452408 212.467880 
466.446777 185.601639 
448.354034 135.282822 
306.520050 326.481049 
331.488220 207.708313 
282.196716 203.141983 
282.196716 203.141983 
237.277222 169.145554 
398.777344 177.765091 
247.033630 259.003204 
345.535400 234.708206 
445.447693 158.590210 
256.197449 246.552414 
321.099335 210.284317 
491.954468 177.804535 
121.096184 396.961823 
230.542953 209.354431 
345.077057 256.854675 
268.931946 184.360748 
230.542953 209.354431 
212.987564 225.629639 
272.715088 349.113312 
149.497971 297.932739 
333.651306 340.053070 
306.520050 326.481049 
445.388031 176.234314 
232.077042 243.858597 
419.916321 158.879547 
245.231979 380.242950 
443.365723 181.833374 
202.308426 229.679550 
270.356476 202.834732 
150.253281 296.890320 
218.213409 227.034637 
412.980835 197.597549 
438.665222 356.120483 
233.452408 212.467880 
247.033630 259.003204 
466.446777 185.601639 
442.960449 185.509003 
219.811935 210.145401 
162.717834 411.089294 
303.313416 261.411713 
205.906082 403.720917 
291.529877 179.879868 
324.480804 205.192566 
156.742813 301.191956 
156.742813 301.191956 
208.554245 392.703400 
286.708588 185.775024 
429.156525 415.075500 
574.650024 355.236267 
280.598846 211.638046 
224.080643 221.178787 
247.033630 259.003204 
494.009460 152.319519 
466.446777 185.601639 
240.600372 254.679581 
285.760651 190.903091 
152.777237 294.095490 
438.665222 356.120483 
303.749451 341.897003 
488.425995 175.540222 
480.382233 172.774719 
218.213409 227.034637 
245.541794 259.096954 
332.640137 200.722397 
341.947723 232.649841 
451.870605 137.398727 
221.212585 217.510025 
303.749451 341.897003 
230.542953 209.354431 
235.538773 168.499237 
400.783386 163.479477 
322.836151 237.595474 
245.541794 259.096954 
221.212585 217.510025 
465.084167 194.794128 
272.715088 349.113312 
356.624115 374.683472 
477.214783 203.772568 
301.618835 272.829620 
456.661377 232.003860 
444.957214 170.057785 
145.541245 413.540497 
208.554245 392.703400 
176.071045 406.579834 
491.954468 177.804535 
218.844467 262.946442 
218.213409 227.034637 
431.061951 178.139297 
160.243134 299.212677 
212.068817 241.153076 
240.422470 162.168121 
415.334473 192.765457 
216.718201 241.518448 
327.010925 276.045807 
324.456573 279.340210 
333.492065 202.685852 
218.844467 262.946442 
247.033630 259.003204 
282.692657 360.160980 
444.073853 186.912170 
353.846924 329.962646 
468.266479 217.479614 
160.243134 299.212677 
206.641617 404.502625 
455.657593 137.766327 
244.883377 259.968170 
233.452408 212.467880 
412.389740 146.961441 
346.574402 311.293243 
428.230621 203.795242 
194.352081 234.013672 
217.786758 272.787567 
426.721405 193.852402 
240.600372 254.679581 
161.794739 303.283173 
476.856964 191.297333 
267.935577 359.423218 
409.526031 199.020721 
403.821106 205.000443 
443.365723 181.833374 
457.200378 152.524658 
303.310394 271.896118 
349.842865 238.973343 
108.279976 411.462738 
230.493790 260.843842 
353.846924 329.962646 
205.759964 238.782578 
150.253281 296.890320 
466.536774 189.847626 
154.546448 288.195892 
395.018616 168.785675 
209.552139 245.327072 
237.277222 169.145554 
482.336700 174.008591 
402.418976 384.338654 
215.022552 209.739426 
311.390930 231.277542 
322.112457 273.385468 
385.762909 174.795242 
303.313416 261.411713 
269.587769 225.099579 
303.310394 271.896118 
300.600830 271.362579 
271.277832 223.344818 
411.520569 183.891403 
162.158417 420.427307 
244.883377 259.968170 
176.071045 406.579834 
509.728546 200.230469 
341.300049 233.491928 
310.593719 347.479523 
246.347565 218.290604 
445.233215 140.272278 
436.132660 186.402771 
386.694855 180.682007 
209.305267 397.745422 
224.080643 221.178787 
346.053864 202.625397 
412.504425 195.864700 
303.313416 261.411713 
247.033630 259.003204 
241.376617 221.754074 
458.689667 205.241791 
429.156525 415.075500 
279.125153 224.373398 
409.766937 194.590225 
159.660645 310.020264 
173.088928 342.505920 
360.104950 355.791260 
224.080643 221.178787 
223.254364 168.978607 
423.337616 139.074402 
300.600830 271.362579 
169.919601 349.312988 
457.555237 133.342056 
222.967957 221.396790 
244.883377 259.968170 
419.916321 158.879547 
403.147247 159.796387 
329.372070 239.085327 
356.178589 333.905640 
427.092224 123.535286 
468.266479 217.479614 
468.266479 217.479614 
437.817078 173.672195 
247.033630 259.003204 
324.456573 279.340210 
441.651367 179.263153 
457.151123 188.782120 
352.184021 232.838669 
258.463409 181.576462 
240.126373 171.477295 
218.356461 230.691513 
215.867767 403.587494 
244.883377 259.968170 
198.669983 234.592072 
346.224976 341.723999 
271.815643 178.633469 
465.546814 137.182526 
408.057037 184.160934 
346.053864 202.625397 
443.365723 181.833374 
224.068588 214.867264 
264.535614 251.558990 
212.187897 406.828766 
271.815643 178.633469 
272.715088 349.113312 
215.408707 238.935074 
546.453491 365.943573 
215.408707 238.935074 
293.064575 185.912491 
279.125153 224.373398 
247.033630 259.003204 
425.831207 168.647247 
301.287476 178.973145 
134.618195 390.020630 
134.618195 390.020630 
228.750473 382.948761 
201.381195 236.799911 
160.063614 286.769562 
304.942902 359.726868 
214.780975 264.006744 
322.836151 237.595474 
212.987564 225.629639 
216.718201 241.518448 
224.068588 214.867264 
192.529709 234.115570 
309.372589 338.680573 
498.598969 178.448883 
224.068588 214.867264 
77.626747 461.572571 
159.830826 292.867615 
356.178589 333.905640 
96.379646 435.857178 
149.497971 297.932739 
386.311401 341.892242 
386.311401 341.892242 
390.512573 174.568741 
376.830658 240.523621 
403.821106 205.000443 
240.187042 379.557526 
256.197449 246.552414 
403.821106 205.000443 
271.277832 223.344818 
162.717834 411.089294 
266.229126 183.755829 
268.931946 184.360748 
282.625122 218.573135 
402.418976 384.338654 
230.453094 217.338455 
349.842865 238.973343 
450.928894 185.052231 
209.402283 402.961578 
209.402283 402.961578 
300.999359 220.079956 
240.422470 162.168121 
423.399933 431.484375 
460.806915 218.783691 
226.977890 393.680786 
