873
415.685669 281.623260 
412.828308 258.359589 
495.170807 292.601257 
373.484833 261.312225 
517.725037 190.334641 
417.839325 270.493042 
494.321686 292.585144 
393.572052 245.426682 
342.143463 190.462799 
338.271851 206.971100 
414.020386 255.556915 
418.613800 271.303345 
408.040527 244.470795 
384.823029 251.887207 
371.138428 264.336426 
376.228546 270.169800 
353.633118 282.875214 
315.308350 221.232956 
412.380402 260.795776 
354.009033 266.353485 
473.851227 122.494522 
486.736145 269.286804 
496.883575 172.322311 
424.218567 234.690491 
416.472015 255.932693 
416.472015 255.932693 
424.218567 234.690491 
353.640808 267.595428 
392.196350 270.834625 
330.082672 222.663147 
495.719238 295.718842 
371.525696 263.091431 
511.327911 185.314957 
413.042053 283.831451 
408.590607 244.413315 
489.112366 294.193207 
374.511780 157.222031 
394.691589 241.725540 
352.644226 286.462585 
505.844757 167.639313 
407.360199 261.501801 
396.234711 254.402603 
327.850189 219.778488 
489.957703 285.893188 
411.533905 260.336945 
346.373901 272.642792 
325.361115 257.563995 
353.961914 279.998383 
349.150970 181.516953 
353.343262 279.603088 
335.682190 232.445297 
412.517639 251.671249 
496.525055 284.169037 
420.124817 280.939301 
416.504974 242.087479 
420.124817 280.939301 
376.393890 260.597900 
344.398132 305.137939 
344.398132 305.137939 
495.834900 285.013855 
416.272217 197.692780 
485.262482 269.395691 
485.308807 269.850037 
384.455688 259.933289 
432.553162 219.292633 
385.770599 272.645050 
385.770599 272.645050 
446.933838 211.529755 
396.555695 256.271057 
342.639130 191.033127 
417.869049 279.918152 
382.967285 254.771271 
330.899475 200.823883 
498.080322 297.145203 
403.268402 244.175461 
395.475555 253.822510 
313.078461 222.799103 
329.901703 202.029480 
485.510040 302.888397 
428.823090 223.297501 
327.665314 300.621063 
471.145538 122.781906 
437.784546 233.336792 
322.519226 294.495209 
406.499512 199.320724 
493.490112 173.170013 
395.180145 173.033340 
496.193298 166.196945 
427.904816 244.429825 
338.153778 208.743744 
392.235962 244.535568 
433.670929 236.134872 
498.726135 297.142761 
479.421204 293.457703 
360.514526 166.095764 
356.236481 323.232544 
334.837830 295.352173 
331.715485 295.798248 
435.050598 266.188477 
407.225189 194.709122 
493.291107 187.288956 
380.452240 282.973053 
374.401978 166.768677 
318.221558 276.550629 
318.221558 276.550629 
360.453217 284.655884 
492.800201 180.387772 
436.362946 219.011734 
346.367035 275.030273 
388.986725 270.103333 
325.374786 204.261047 
329.515533 224.069839 
489.761078 287.406372 
426.205292 258.035187 
372.395020 254.173676 
423.370819 279.654480 
491.856476 280.931427 
385.970734 249.231689 
344.713501 186.657150 
489.608704 299.862823 
344.713501 186.657150 
416.277008 252.394882 
370.126007 175.944199 
470.030426 193.426010 
384.126099 283.514801 
358.780304 286.124359 
491.501953 183.184250 
419.932953 273.107880 
504.916779 172.071304 
423.957611 256.004089 
359.830597 284.130707 
472.065704 122.894913 
472.065704 122.894913 
295.773743 216.731110 
505.446228 270.404755 
376.230591 297.522339 
357.114471 263.460785 
493.157135 172.497803 
326.362823 203.487747 
318.727600 213.196579 
489.705902 276.819397 
436.572418 233.414261 
371.470123 172.922958 
304.921967 217.984329 
422.124023 229.677170 
280.854675 227.602905 
492.039703 194.232391 
418.114288 274.477386 
304.378174 238.546524 
372.688293 153.564560 
349.883667 294.162659 
511.007568 187.621964 
509.822571 160.392136 
398.250153 174.022568 
363.045868 164.157913 
311.664795 202.601166 
486.582092 283.894135 
414.771698 273.172729 
479.317078 264.082397 
421.557800 228.658432 
408.900513 304.597626 
425.178955 272.545837 
392.759155 253.436966 
492.335205 265.214233 
481.930878 136.558914 
398.362854 171.452011 
521.655884 113.098068 
349.616394 318.465912 
315.866852 215.570206 
408.019073 214.798187 
393.138672 254.647202 
347.274078 273.838898 
384.280914 251.713699 
408.895386 228.670486 
346.102142 279.729675 
482.576447 232.419632 
494.327209 176.887863 
491.231445 193.909332 
488.567352 180.507965 
378.823578 271.637573 
329.450714 303.335602 
360.054382 325.387177 
455.728210 177.471603 
384.313141 285.392944 
343.676666 208.516312 
396.821136 186.559479 
394.928345 203.031891 
303.134338 220.768158 
474.860626 299.869934 
344.384735 178.607224 
530.769592 125.584648 
488.434998 170.605621 
478.666840 266.409943 
451.799957 212.782684 
363.848907 159.595932 
344.933838 177.846420 
434.216431 222.065903 
348.192871 280.608917 
344.145935 206.936600 
530.653015 145.250931 
406.409210 200.816284 
413.192749 303.241302 
403.883850 244.903244 
312.408600 200.822556 
314.748138 192.386719 
496.223053 299.901398 
388.020874 161.660751 
309.090088 213.123199 
510.150238 262.123932 
369.529083 295.121765 
363.881622 161.035187 
470.677460 221.916931 
418.938416 277.243195 
341.558350 205.919968 
374.339264 165.465851 
490.986786 265.323395 
506.419098 154.319183 
408.139923 230.190811 
326.329437 226.070389 
358.046722 289.177246 
490.575531 235.349701 
383.016541 256.043518 
489.171021 277.007416 
491.935089 279.695007 
397.153137 200.713303 
307.822876 232.700653 
502.152191 261.459473 
494.864960 177.303818 
483.128143 137.141937 
405.239136 288.969391 
403.294861 266.997314 
421.160889 274.787476 
436.365479 252.737930 
529.735413 122.016457 
512.937012 233.446609 
400.150024 200.475281 
382.052673 159.370178 
336.263458 158.998459 
302.587738 212.876724 
453.909943 177.424591 
434.333038 223.837448 
417.212921 251.294525 
310.006348 221.238449 
495.170013 174.678818 
486.142273 189.523407 
482.871399 278.306061 
336.182159 298.148438 
492.069489 181.607117 
539.481750 144.571289 
269.217377 239.144608 
366.852081 213.585419 
479.500305 293.490295 
329.649261 293.920654 
496.089905 265.382507 
486.831329 226.582550 
306.296906 227.708115 
409.314117 236.612473 
395.103271 249.081604 
474.962677 275.480743 
311.703857 238.211990 
384.566254 288.023743 
374.419220 164.146423 
303.653412 216.297119 
426.938751 258.354889 
313.139893 219.922211 
327.390717 299.524170 
325.979034 304.567902 
485.081238 227.298676 
478.990540 121.017159 
364.222015 215.343979 
341.432220 208.773895 
330.509430 211.589890 
436.293549 263.177856 
317.683655 246.792862 
374.677277 251.615463 
534.086731 127.571014 
435.603638 230.971405 
415.903168 272.835632 
344.852478 236.319595 
485.966095 277.611328 
403.143158 197.457138 
493.311218 297.412292 
408.834717 179.404861 
399.702423 214.908447 
390.576385 260.544922 
366.148407 293.100861 
307.046936 244.047607 
335.008728 184.385712 
534.787476 251.868927 
332.385345 295.431000 
404.246155 267.002747 
378.385071 153.984802 
314.613678 190.504303 
536.108398 122.361580 
426.246521 273.372467 
314.613678 190.504303 
302.731995 214.052887 
301.007446 242.152130 
509.732208 262.920837 
302.731995 214.052887 
375.461426 244.787842 
330.445526 217.750244 
317.728943 158.128296 
484.676178 224.517166 
469.990723 269.776459 
469.990723 269.776459 
296.274475 219.192871 
420.315948 250.004013 
524.235962 189.356628 
490.550903 183.003220 
327.081238 219.247742 
309.058990 209.115585 
373.089996 336.463776 
436.128571 226.537613 
299.786469 243.604172 
300.370697 241.661835 
488.323639 264.925385 
385.783478 244.713120 
353.434998 268.837402 
336.300537 305.710693 
324.691040 242.625702 
523.312561 271.951965 
512.225098 233.293213 
372.801086 334.898499 
326.591064 226.615219 
324.691040 242.625702 
345.310028 311.726624 
447.383698 280.073547 
354.162445 166.937729 
436.687683 257.029022 
370.277710 242.818726 
535.537781 122.827278 
382.010834 152.643127 
504.280579 263.375549 
331.399567 300.295593 
293.748383 281.421875 
533.286377 251.713898 
488.811768 185.882645 
482.054993 200.904068 
460.492340 292.633972 
355.648956 164.306824 
484.915924 244.280914 
373.562439 325.451233 
348.394958 175.507736 
427.164886 244.700607 
379.086212 297.783142 
361.047791 272.851837 
427.634705 253.592346 
420.415192 295.127594 
371.423096 243.107880 
344.710785 282.259888 
416.765381 252.683853 
379.934143 294.702484 
308.820587 242.535904 
362.110443 272.790985 
343.629852 314.316956 
490.577515 272.168640 
516.926697 122.418678 
303.854919 156.944931 
287.649353 236.378265 
331.039734 210.164703 
428.736786 284.058716 
425.967438 224.729538 
382.923676 298.700470 
344.077576 226.631271 
300.597076 202.671265 
325.001373 230.936768 
421.331268 241.700409 
402.422485 166.713150 
372.064209 186.948303 
355.124542 265.649811 
287.844513 283.715515 
372.424805 181.153946 
315.858154 253.237000 
429.801697 255.783295 
400.604492 156.734955 
341.017700 280.739868 
506.291504 241.552628 
486.370453 231.192093 
484.279694 232.875443 
353.118500 319.205017 
313.287537 218.936386 
298.312531 206.794785 
523.339966 188.958588 
360.061340 278.775421 
273.214630 238.255783 
304.478668 244.234497 
491.564453 296.975739 
406.174225 238.267792 
423.566864 242.894180 
290.906738 229.234467 
346.927979 227.640991 
427.066803 255.886414 
394.729736 268.248688 
389.050354 284.847198 
346.017883 317.729034 
294.649872 213.253662 
486.725159 241.912567 
359.427063 325.729065 
475.219513 297.622375 
351.223541 312.482483 
334.001129 302.956909 
327.947601 305.794647 
466.008789 129.140442 
334.021454 266.921478 
392.422455 316.970428 
486.283875 282.377319 
349.481079 291.113495 
335.778381 256.226624 
283.653961 218.276291 
176.938980 123.347710 
367.209259 325.689545 
326.696411 258.628571 
519.475037 301.801117 
337.187408 297.726868 
377.627930 322.152802 
405.548767 203.360214 
209.787247 258.686035 
435.988403 299.919586 
405.935303 270.082947 
343.143463 291.034973 
331.379761 256.938599 
329.805176 267.133881 
391.430695 308.821472 
376.730804 300.075867 
507.863495 304.769196 
491.090485 239.165421 
460.424316 226.919815 
416.106750 311.793091 
354.904968 292.296814 
214.608261 262.054871 
431.758545 294.108459 
342.935974 287.899933 
335.568604 228.880096 
477.495880 265.797058 
375.168518 243.494049 
342.935974 287.899933 
474.451141 273.995026 
422.023193 245.282181 
476.548431 206.189743 
377.872864 323.204651 
489.362518 222.443146 
476.548431 206.189743 
375.668335 250.424515 
326.980469 263.762115 
300.821259 203.978653 
313.555237 238.384201 
318.689758 158.444550 
404.447510 159.427887 
346.257568 160.310272 
517.868652 271.585297 
324.320068 232.136749 
483.289581 277.479797 
184.422333 143.686874 
532.334900 149.998489 
394.113647 154.921829 
342.421936 315.323395 
266.730377 228.781036 
512.560547 284.405884 
469.869019 270.716553 
423.911957 227.227402 
354.620117 173.799988 
346.494232 290.879578 
363.641357 162.965591 
414.575623 245.071503 
466.125092 177.116592 
379.427246 301.264069 
367.540100 196.699066 
298.025085 232.648392 
293.602173 286.781281 
207.271439 301.299774 
493.494293 264.039703 
436.774719 272.424316 
318.689178 242.062180 
531.034180 146.134277 
516.297668 204.875168 
350.583893 292.418152 
514.780701 147.539673 
458.895844 220.546844 
304.041443 160.496460 
381.201904 250.084335 
350.498962 162.990463 
294.606110 207.121552 
481.271271 246.130524 
412.422272 228.114349 
406.196228 305.422150 
326.547638 259.505188 
408.129974 267.954254 
366.221832 210.112793 
357.501129 239.097473 
366.221832 210.112793 
524.771240 134.953888 
297.844604 238.953934 
504.228149 178.012863 
380.707489 343.228088 
493.497681 297.576202 
173.962784 139.240601 
183.327896 142.451096 
489.110840 221.313843 
402.291290 276.500793 
337.244995 308.514404 
295.566742 206.508331 
258.647125 237.953735 
428.008179 274.265747 
402.291290 276.500793 
510.142639 216.772339 
281.864899 188.384293 
365.510620 274.681915 
532.581665 151.502396 
521.269104 271.295288 
263.958466 238.451736 
423.956360 242.356750 
287.171539 236.979370 
483.542480 204.590836 
543.403687 168.306152 
359.166199 190.315857 
316.280243 255.026962 
438.431244 297.482971 
295.500763 220.032791 
480.238007 247.528030 
422.884705 277.381805 
181.290176 142.844208 
394.764130 168.279251 
362.539886 271.013245 
325.655457 264.074768 
313.052216 194.949753 
313.052216 194.949753 
376.818878 248.572433 
340.321289 272.478973 
366.608704 196.650635 
211.346054 259.262024 
204.436829 302.367126 
520.046814 273.746338 
353.092926 252.226990 
326.928284 274.201080 
490.295074 274.215912 
534.119690 168.069839 
476.177063 161.790131 
367.214233 183.929291 
476.177063 161.790131 
438.833374 266.438721 
358.420868 183.496078 
301.107300 250.189407 
380.490234 301.266663 
379.245117 343.381348 
352.683960 263.079468 
541.521179 140.787796 
392.382965 316.196533 
528.784790 149.826279 
522.093140 150.761414 
518.066223 206.600021 
503.797272 264.408112 
311.510773 216.113419 
255.623322 229.281418 
352.411255 259.951996 
524.666504 188.612564 
337.921356 297.411896 
524.147583 138.537491 
482.785767 326.437012 
350.465973 204.698990 
394.168762 199.179474 
510.784912 257.563995 
134.273849 291.393890 
510.784912 257.563995 
371.367401 179.248367 
260.159515 238.125031 
376.069672 320.357056 
195.687439 118.036774 
341.228058 311.926483 
296.495850 236.033401 
200.618988 146.396408 
399.571381 229.060654 
520.193481 302.151947 
514.352112 298.581879 
436.867249 243.995392 
410.699982 228.452072 
361.577911 153.292770 
297.075653 203.024445 
207.907227 264.808533 
385.231842 300.996246 
436.867249 243.995392 
523.753967 130.294525 
521.199036 192.540451 
204.295471 124.855721 
325.912720 260.328979 
204.295471 124.855721 
449.315033 177.817505 
535.397949 114.946602 
430.791473 298.111542 
400.050720 177.962448 
330.164276 264.635284 
435.894989 219.654312 
269.681030 218.817429 
364.271118 198.449402 
484.140320 245.174927 
350.986145 173.569611 
534.039368 165.232391 
522.228455 120.823769 
374.333588 297.806549 
176.966553 141.529144 
451.742798 216.503922 
399.004974 229.272263 
368.110840 238.047211 
372.568756 299.082184 
336.721344 308.368134 
376.015930 300.485443 
349.529785 310.426941 
345.928650 208.786285 
396.216003 232.340836 
476.156464 171.746536 
393.362457 263.762939 
525.734070 133.178726 
337.585144 188.051575 
368.066132 179.742432 
215.996719 118.794502 
533.945068 262.094330 
369.171570 170.389786 
210.923065 149.406326 
517.147095 271.913177 
486.720428 221.476776 
478.970337 140.011093 
200.137344 279.617004 
499.113281 123.158493 
476.783386 133.082428 
426.546051 276.680267 
484.222656 236.321045 
529.357971 196.227356 
284.973785 219.060181 
342.920227 215.732819 
188.757904 300.175568 
294.103912 209.899368 
492.569824 252.029404 
397.675507 212.088654 
362.808563 276.751373 
200.860229 123.255043 
387.942993 151.246063 
342.860046 291.716309 
196.127396 123.717461 
489.844910 318.095367 
196.127396 123.717461 
427.875000 291.374695 
410.007721 252.478241 
397.309906 232.707611 
357.499268 354.471252 
509.697693 152.519058 
397.689819 306.056580 
359.071625 257.025574 
397.689819 306.056580 
396.552765 226.885971 
440.274323 290.175018 
258.285339 222.773026 
448.533875 256.001892 
440.274323 290.175018 
353.884613 156.525330 
340.850067 269.049896 
390.330872 193.637268 
374.519989 199.442871 
343.614868 310.465881 
483.841370 125.322449 
421.633209 178.187546 
399.239075 259.245697 
390.330872 193.637268 
389.386200 217.039368 
518.589600 210.399078 
496.042938 126.837708 
510.854279 308.240631 
513.377136 294.807648 
329.243774 158.758179 
327.118439 306.527435 
483.079132 322.092987 
578.435913 178.642212 
486.184448 123.593094 
350.704376 162.457458 
368.726685 179.866348 
317.125244 258.703735 
405.688110 177.019501 
219.060532 222.314056 
533.452026 141.836227 
466.256317 133.482681 
369.320404 326.582275 
578.442261 174.960800 
211.970947 258.109467 
199.738602 165.215363 
400.441559 156.624557 
490.684113 255.386749 
306.810333 273.105957 
436.050903 288.822906 
376.435913 197.353104 
531.515259 256.591187 
404.832275 159.289734 
473.692017 204.682999 
467.339600 272.477264 
369.173767 343.841187 
189.466415 145.542603 
165.523636 110.701836 
376.789795 197.217621 
522.920288 120.514534 
298.653564 280.616272 
482.742371 196.297073 
397.736877 153.215698 
387.121185 213.343597 
431.115051 237.393524 
309.140289 214.834351 
516.060364 326.409210 
471.462311 280.809906 
356.211578 210.292221 
348.654694 304.390350 
234.096497 148.050385 
148.856155 287.508484 
411.812622 287.044708 
517.672729 135.161209 
518.416565 292.261383 
510.689026 229.886398 
396.190216 214.334091 
248.746750 90.720406 
350.397522 216.691879 
349.538513 213.864471 
469.321533 140.186249 
309.558655 249.689636 
300.823853 200.595947 
300.823853 200.595947 
197.193283 150.590485 
453.671448 162.191574 
515.761475 129.273071 
546.875000 122.996407 
295.689301 227.584930 
491.283630 297.988190 
400.887543 160.031631 
212.951782 294.767151 
156.202240 287.914673 
439.586975 184.181946 
411.748627 285.596497 
364.334473 274.363525 
339.484192 199.204529 
515.789307 256.502747 
543.367676 143.966980 
389.967804 336.914734 
233.383041 148.387421 
200.666245 280.203491 
204.802353 295.843750 
387.327789 138.598434 
316.800873 303.128113 
330.282776 248.233536 
552.567261 174.875671 
460.128601 128.052521 
220.775146 252.599487 
181.673538 288.912964 
532.650269 152.965195 
410.920746 162.171463 
374.732391 341.774048 
477.431274 320.946564 
346.483887 152.496506 
346.483887 152.496506 
479.299957 305.431641 
548.141724 139.682312 
388.615173 216.243179 
347.164124 215.850235 
209.090408 166.824158 
548.141724 139.682312 
476.036560 266.564056 
143.486649 169.693268 
407.347229 252.561539 
545.647095 136.266388 
528.451416 194.693817 
143.486649 169.693268 
393.842621 154.273071 
433.631165 287.208008 
484.414581 309.481842 
164.835068 297.884766 
483.154846 324.517456 
394.405457 228.022308 
327.890472 253.224823 
231.210495 224.112320 
231.210495 224.112320 
481.001312 157.961807 
493.765442 139.318954 
473.145416 275.332672 
292.899567 235.161163 
224.163086 219.886948 
563.562988 161.022583 
349.192200 269.714508 
343.026428 167.632233 
465.880005 123.793800 
372.462830 345.014099 
349.849182 207.115311 
522.733765 135.655029 
435.145355 174.059341 
356.661041 260.312531 
138.404709 266.921814 
576.599976 177.942093 
283.663605 164.736343 
445.481201 252.605988 
316.589722 195.939117 
223.430573 285.768921 
164.904617 299.216187 
512.556091 228.299103 
200.156448 125.549423 
252.344238 239.267181 
430.915833 245.715866 
281.329285 262.264679 
224.388062 288.438141 
360.306519 225.601547 
99.554901 225.126587 
482.193604 274.516205 
364.610199 151.029388 
482.193604 274.516205 
544.002930 143.584335 
438.510010 283.180908 
478.463104 136.352707 
392.745178 149.112488 
532.427917 261.928406 
385.696259 300.463165 
542.838684 164.038834 
430.326691 284.126221 
352.990387 229.358078 
322.810242 233.611420 
485.154022 127.236450 
521.140137 133.826630 
228.051071 258.556915 
529.338257 252.963165 
347.927002 215.519592 
397.092224 218.864029 
488.119354 252.625717 
399.199829 315.851837 
267.815948 238.954041 
423.248444 253.398911 
399.049622 290.120483 
393.282959 224.470490 
271.999268 249.423996 
366.406372 150.904877 
280.341644 229.538376 
437.491333 289.620239 
225.106155 151.326950 
252.785583 232.565979 
322.609070 309.322449 
370.678040 236.646576 
355.559082 154.187210 
230.918045 282.308105 
482.678101 236.099854 
370.678040 236.646576 
219.591980 178.502548 
518.939697 211.308350 
384.053436 316.831238 
527.461975 193.418961 
411.909027 287.849609 
389.551849 224.068542 
360.380463 230.254837 
487.357178 256.536926 
202.001877 280.080688 
415.659943 289.910187 
232.324005 223.377365 
388.192657 198.531738 
211.245560 161.669449 
309.903076 155.551620 
222.266312 252.567902 
369.884369 150.190491 
360.150818 149.863556 
475.524506 247.500717 
419.450073 185.340424 
364.712555 222.607986 
225.163498 200.414627 
540.060852 127.669754 
335.623718 150.939926 
200.830795 303.468475 
141.993637 268.397675 
141.993637 268.397675 
410.841461 210.705170 
464.869080 124.129417 
213.504929 116.759567 
521.867065 134.955582 
370.221832 148.730103 
484.293884 255.081329 
506.153259 143.458755 
