500
322.103760 276.803101 
223.030716 396.310577 
231.268478 342.013489 
209.844223 374.453278 
323.720612 54.474796 
371.126038 252.873428 
371.126038 252.873428 
428.094238 102.338837 
326.124451 273.524323 
302.709473 212.914230 
394.277161 262.539398 
324.542358 212.982025 
430.590668 105.167404 
430.590668 105.167404 
260.720673 190.846985 
303.681488 213.765671 
244.329056 359.720154 
416.156677 105.236565 
243.949997 393.048767 
231.268478 342.013489 
244.329056 359.720154 
394.977020 220.878220 
258.855042 160.304916 
414.802124 185.479141 
399.179199 266.536987 
220.563202 375.109131 
341.572052 59.041054 
206.223373 380.049896 
269.947418 318.207123 
371.880066 202.633026 
319.420532 202.504669 
288.532684 158.270157 
209.844223 374.453278 
232.766006 340.326813 
242.121338 357.959839 
319.420532 202.504669 
428.158997 107.976418 
274.187714 142.503906 
333.100220 276.816986 
296.283417 129.100784 
241.499283 177.126694 
438.510956 104.497650 
264.835602 324.373962 
328.227753 46.747063 
288.532684 158.270157 
417.370483 185.973969 
349.491211 74.373070 
223.030716 396.310577 
223.030716 396.310577 
371.685944 228.767502 
415.070496 200.408112 
320.895630 203.049118 
256.967133 341.062775 
255.829132 189.072433 
239.759766 370.508606 
238.760254 361.087402 
327.223450 273.861664 
439.376923 108.917694 
257.592224 349.193268 
282.017883 145.671310 
275.968292 155.915115 
201.499908 382.937531 
340.164490 52.118149 
269.237213 151.388199 
394.977020 220.878220 
368.071930 245.089035 
424.254852 100.167435 
238.760254 361.087402 
392.771271 266.585907 
427.169342 210.396729 
376.237396 244.883011 
208.624084 328.785614 
343.869202 48.592674 
247.177185 334.906921 
258.855042 160.304916 
394.977020 220.878220 
359.953003 18.764187 
261.121094 344.497620 
261.799072 181.418350 
416.156677 105.236565 
344.521698 69.846718 
324.586700 280.964966 
415.070496 200.408112 
415.070496 200.408112 
217.199112 339.537354 
232.483093 366.850037 
333.786530 272.196472 
374.562866 234.486710 
256.254822 347.737610 
256.254822 347.737610 
366.713898 245.464233 
330.695862 273.936340 
215.623444 378.149261 
225.434723 366.787506 
330.766296 41.872898 
279.863586 149.312393 
413.173889 185.071320 
427.004456 259.866211 
323.580292 60.773392 
249.044174 356.824280 
239.595337 299.928131 
235.025665 352.184662 
283.759979 142.769257 
250.195831 349.808655 
327.195557 251.587799 
429.465027 117.756035 
343.455963 32.530327 
257.106659 353.636993 
296.283417 129.100784 
218.126740 350.857025 
283.759979 142.769257 
222.940948 404.507355 
402.412292 259.535004 
239.595337 299.928131 
295.347229 127.214279 
249.044174 356.824280 
226.933289 353.015991 
209.781464 349.620178 
232.483093 366.850037 
206.649582 306.270935 
255.782639 338.017090 
251.475983 396.672058 
205.987747 318.409363 
292.764526 358.169067 
343.869202 48.592674 
392.445496 268.874817 
213.934723 359.976776 
241.499283 177.126694 
319.163147 243.265335 
427.004456 259.866211 
374.296814 187.279236 
371.685944 228.767502 
251.475983 396.672058 
369.519135 266.681519 
264.954071 352.521332 
240.261414 337.147369 
336.071533 38.164791 
344.160553 46.913574 
344.160553 46.913574 
424.432037 183.055145 
204.025558 354.836487 
416.156677 105.236565 
274.017487 150.716034 
397.148621 263.732819 
258.295563 388.618744 
260.720673 190.846985 
258.295563 388.618744 
439.376923 108.917694 
274.368744 322.381317 
242.126282 382.775909 
324.586700 280.964966 
416.156677 105.236565 
362.600677 279.079254 
291.650452 352.385193 
380.418640 214.987030 
343.869202 48.592674 
258.295563 388.618744 
269.237213 151.388199 
209.559799 352.610992 
413.193176 222.092438 
386.378082 177.120819 
424.040649 99.260422 
255.829132 189.072433 
203.098587 333.084778 
203.098587 333.084778 
345.292480 53.443398 
328.227753 46.747063 
328.227753 46.747063 
427.004456 259.866211 
427.182404 189.989136 
382.476227 156.493118 
382.476227 156.493118 
420.745117 95.221664 
261.993195 386.332672 
429.465027 117.756035 
425.442322 265.567261 
223.608887 356.367859 
327.132202 55.928890 
228.045303 359.753601 
207.566071 327.966827 
324.542358 212.982025 
223.608887 356.367859 
396.885712 264.575897 
227.997879 368.309174 
283.640686 314.595551 
324.542358 212.982025 
202.886780 318.960449 
320.895630 203.049118 
237.840790 369.520538 
369.519135 266.681519 
305.860382 108.611595 
374.381927 228.513504 
242.126282 382.775909 
335.671448 271.913055 
254.270691 385.267303 
361.081604 226.607819 
408.800018 220.509933 
377.060669 250.574417 
196.090836 382.615387 
227.997879 368.309174 
283.057800 333.091278 
269.025665 333.809448 
199.156052 387.430023 
432.577850 263.802155 
313.613983 244.392227 
242.126282 382.775909 
279.863586 149.312393 
266.329071 333.591980 
269.947418 318.207123 
371.880066 202.633026 
415.848236 214.103180 
314.915192 248.471939 
382.468811 271.334106 
369.028229 273.250916 
243.949997 393.048767 
248.752014 344.514709 
248.752014 344.514709 
424.432037 183.055145 
430.674255 113.745995 
245.862640 375.818115 
371.880066 202.633026 
376.202057 269.965790 
252.831528 291.970612 
266.329071 333.591980 
282.394989 364.566772 
204.583618 366.333344 
251.132385 164.758530 
274.962769 335.479553 
263.854218 327.170166 
415.848236 214.103180 
266.329071 333.591980 
209.559799 352.610992 
266.585480 341.953613 
256.967133 341.062775 
284.793518 335.261963 
274.271484 366.328796 
290.442352 338.585327 
269.232605 356.914032 
257.106659 353.636993 
290.442352 338.585327 
378.903717 249.868530 
413.108093 180.026260 
408.800018 220.509933 
313.590302 246.398590 
291.650452 352.385193 
303.565735 121.822708 
424.458191 205.919937 
269.232605 356.914032 
214.243500 343.241119 
253.707932 362.052307 
314.915192 248.471939 
435.071808 101.553375 
435.071808 101.553375 
344.261719 52.325569 
282.648071 357.939667 
274.271484 366.328796 
415.848236 214.103180 
256.409363 398.426392 
244.590897 325.476929 
426.718811 192.984070 
218.165131 219.139221 
420.743652 258.029175 
337.031647 60.973656 
245.862640 375.818115 
368.071930 245.089035 
264.934662 368.099762 
252.487671 390.196869 
305.860382 108.611595 
408.873016 187.353256 
244.745407 384.470367 
242.126282 382.775909 
286.986053 173.128845 
307.433044 259.016449 
345.630157 29.772665 
263.755951 395.634674 
348.423157 246.662079 
278.595612 285.245392 
322.103760 276.803101 
258.445404 360.206940 
206.323914 312.190948 
253.707932 362.052307 
212.088577 353.336121 
303.565735 121.822708 
382.468811 271.334106 
286.986053 173.128845 
264.615784 174.682144 
369.266479 281.622589 
262.828003 366.681885 
404.805908 16.903816 
404.805908 16.903816 
369.405884 183.736542 
309.981934 254.302673 
295.345123 344.286713 
374.381927 228.513504 
263.755951 395.634674 
361.081604 226.607819 
243.081070 340.522095 
266.831696 322.812866 
153.831955 325.026947 
344.160553 46.913574 
404.805908 16.903816 
286.986053 173.128845 
370.739319 273.568207 
266.329071 333.591980 
266.329071 333.591980 
378.903717 249.868530 
264.835602 324.373962 
431.939056 126.565521 
415.253479 223.273727 
374.296814 187.279236 
386.378082 177.120819 
148.110901 214.255386 
148.110901 214.255386 
413.193176 222.092438 
386.378082 177.120819 
434.908203 180.612656 
434.908203 180.612656 
246.617645 362.871796 
369.519135 266.681519 
309.682861 255.801819 
223.496902 372.106201 
206.223373 380.049896 
263.854218 327.170166 
434.345978 120.625565 
365.951080 283.776245 
281.520081 380.217743 
427.182404 189.989136 
408.873016 187.353256 
336.721588 276.147949 
416.156677 105.236565 
373.899048 242.001144 
271.261475 384.237549 
328.227753 46.747063 
293.314636 253.968811 
336.721588 276.147949 
420.745117 95.221664 
361.927856 202.132050 
255.267044 388.474152 
421.353546 222.037170 
421.353546 222.037170 
360.199341 250.800415 
266.329071 333.591980 
262.809570 320.012604 
318.707245 79.943245 
413.879150 195.757111 
432.577850 263.802155 
325.113464 233.697098 
203.098587 333.084778 
378.646759 251.876984 
286.740845 367.408752 
420.415314 248.779999 
112.214981 211.352432 
264.240448 396.812408 
359.953003 18.764187 
344.261719 52.325569 
295.345123 344.286713 
257.592224 349.193268 
238.888931 391.829041 
264.835602 324.373962 
75.393318 240.680954 
415.253479 223.273727 
277.779144 378.960693 
393.901794 170.259674 
361.927856 202.132050 
286.986053 173.128845 
309.682861 255.801819 
452.632782 113.614586 
222.940948 404.507355 
207.957794 321.262421 
274.514221 358.694336 
246.965775 326.808136 
264.954071 352.521332 
258.855042 160.304916 
427.004456 259.866211 
75.393318 240.680954 
398.019592 168.410706 
236.975540 341.076416 
397.472961 171.680038 
252.894165 354.910095 
257.592224 349.193268 
394.170532 192.687332 
277.779144 378.960693 
217.199112 339.537354 
254.251938 376.890564 
420.415314 248.779999 
413.108093 180.026260 
296.110382 331.293274 
434.345978 120.625565 
394.977020 220.878220 
296.120148 358.191132 
278.595612 285.245392 
254.251938 376.890564 
430.674255 113.745995 
278.409760 374.095490 
252.291489 372.942932 
427.429840 184.058945 
304.458191 258.037933 
346.237396 44.919502 
242.344559 351.810242 
373.899048 242.001144 
258.295563 388.618744 
247.177185 334.906921 
343.455963 32.530327 
254.251938 376.890564 
216.363785 364.063690 
395.100098 78.529251 
264.590729 311.989075 
394.170532 192.687332 
258.343811 160.174652 
287.879120 310.337708 
394.977020 220.878220 
431.034943 121.928299 
240.433990 325.486725 
148.110901 214.255386 
148.110901 214.255386 
374.296814 187.279236 
251.475983 396.672058 
431.034943 121.928299 
264.590729 311.989075 
233.987244 389.772003 
281.520081 380.217743 
270.703461 365.847229 
436.352692 250.370682 
415.070496 200.408112 
431.939056 126.565521 
369.266479 281.622589 
382.468811 271.334106 
346.237396 44.919502 
316.288971 285.419434 
345.447754 248.515152 
290.934967 373.080231 
452.632782 113.614586 
398.721893 166.715546 
276.154419 273.877319 
273.492889 357.297638 
272.385223 311.148163 
363.178802 232.651810 
425.442322 265.567261 
290.442352 338.585327 
341.572052 59.041054 
366.952148 283.386383 
79.843765 242.952087 
345.447754 248.515152 
270.703461 365.847229 
386.910278 259.642151 
386.910278 259.642151 
206.223373 380.049896 
260.947998 337.192596 
264.103149 338.897797 
266.585480 341.953613 
415.848236 214.103180 
269.947418 318.207123 
269.947418 318.207123 
221.024857 140.664642 
221.024857 140.664642 
293.314636 253.968811 
420.578644 179.157547 
260.947998 337.192596 
112.214981 211.352432 
369.266479 281.622589 
434.345978 120.625565 
193.682938 280.413391 
255.267044 388.474152 
255.267044 388.474152 
240.035706 392.121246 
326.124451 273.524323 
369.266479 281.622589 
230.284805 201.021973 
440.348236 121.819748 
249.977570 386.159912 
244.808502 370.324646 
330.927155 57.113243 
424.458191 205.919937 
262.809570 320.012604 
261.993195 386.332672 
268.787903 357.923340 
296.665558 129.098450 
408.873016 187.353256 
370.739319 273.568207 
219.849670 359.888702 
426.281677 187.125961 
273.492889 357.297638 
266.329071 333.591980 
153.831955 325.026947 
81.287811 234.761520 
240.433990 325.486725 
222.940948 404.507355 
415.070496 200.408112 
404.295319 268.754639 
262.809570 320.012604 
293.314636 253.968811 
245.487686 199.478333 
363.178802 232.651810 
332.328552 243.020309 
239.595337 299.928131 
456.028290 310.913422 
261.838867 407.081543 
309.682861 255.801819 
425.773743 198.501526 
266.585480 341.953613 
