500
148.982178 298.252960 
148.982178 298.252960 
425.070862 262.744415 
425.070862 262.744415 
448.782349 98.480759 
448.782349 98.480759 
140.289597 302.547852 
439.048645 128.222076 
185.695572 283.299500 
439.048645 128.222076 
305.431671 117.069885 
145.578735 298.051788 
298.378967 271.376404 
395.555115 235.025146 
485.936920 214.395233 
456.341980 108.965538 
494.367462 215.384216 
496.521271 207.548264 
496.521271 207.548264 
323.906464 139.271896 
171.625214 267.646606 
228.021057 270.055573 
372.983795 139.836945 
394.274689 200.525269 
350.128143 143.664658 
400.919617 282.079926 
300.131714 275.480225 
389.288300 273.796021 
314.200256 138.486038 
324.001221 209.369522 
372.983795 139.836945 
498.157654 213.227783 
175.101456 312.270294 
510.029572 79.195206 
185.695572 283.299500 
491.355927 221.139389 
496.730103 220.341995 
153.794418 278.504730 
133.354126 296.755280 
187.862213 255.044800 
149.058029 272.494080 
429.173523 261.133484 
400.919617 282.079926 
166.498627 315.960052 
150.396393 294.415436 
313.299561 157.720779 
390.620026 330.670807 
354.585571 142.254440 
492.264648 208.920212 
492.264648 208.920212 
492.593079 95.869308 
235.786133 236.213806 
406.296936 251.848892 
133.354126 296.755280 
323.201752 199.486115 
342.674255 211.652771 
487.756775 209.511337 
407.391327 251.430649 
162.350815 314.318634 
175.667450 272.922333 
175.667450 272.922333 
341.038239 222.335815 
225.945450 269.118439 
175.390381 272.738922 
348.206787 135.810013 
358.490540 307.122437 
342.674255 211.652771 
350.128143 143.664658 
140.264282 274.718781 
161.387360 279.219391 
481.306671 202.067566 
174.199707 272.741577 
190.448685 284.827576 
383.656128 244.721451 
185.695572 283.299500 
171.625214 267.646606 
347.640442 304.260223 
149.987915 272.585876 
221.535339 236.538010 
344.482758 212.370956 
379.263733 381.510712 
379.263733 381.510712 
382.988159 259.824219 
448.752960 114.390114 
418.935059 267.055664 
347.640442 304.260223 
324.001221 209.369522 
359.453217 279.560699 
307.128265 164.352051 
306.534454 271.866791 
300.131714 275.480225 
305.962494 245.879196 
363.129547 308.183868 
389.288300 273.796021 
323.906464 139.271896 
338.186157 140.175735 
190.448685 284.827576 
308.797577 219.664658 
308.797577 219.664658 
194.104279 302.183319 
494.786865 80.466797 
441.997375 104.821777 
436.087555 264.018829 
302.335480 269.558990 
233.633316 296.599518 
136.761353 272.654419 
176.005981 295.833252 
176.005981 295.833252 
358.972961 285.532013 
171.142807 259.592285 
496.745392 88.583755 
391.764618 131.656647 
448.782349 98.480759 
156.538483 253.449509 
341.038239 222.335815 
135.220200 211.791718 
147.023590 276.062134 
207.565323 281.822357 
162.329987 304.710114 
231.378922 267.310120 
504.592133 99.397156 
221.535339 236.538010 
455.743622 95.254219 
337.518463 263.553925 
164.954559 254.618301 
427.566742 259.039917 
232.239944 273.580872 
394.523773 271.318237 
173.308395 217.619934 
354.585571 142.254440 
210.608810 298.929108 
377.906830 128.501953 
305.962494 245.879196 
217.137299 316.360565 
198.648132 285.953217 
363.737427 307.820160 
158.868423 251.609772 
390.669434 325.686066 
341.974518 298.084259 
489.460663 199.895401 
436.087555 264.018829 
421.839783 285.956940 
480.085571 198.533447 
210.608810 298.929108 
310.613770 240.879745 
357.194183 287.103027 
200.046249 282.214966 
411.792786 234.790619 
496.745392 88.583755 
203.796860 283.247803 
297.552826 246.227448 
150.907410 278.696594 
228.573349 239.470383 
197.487610 277.330292 
197.487610 277.330292 
572.526489 125.491379 
498.616272 99.490913 
465.199829 109.859009 
177.207794 281.913483 
352.603363 273.980103 
310.613770 240.879745 
200.046249 282.214966 
383.266052 139.140060 
389.288300 273.796021 
376.478638 238.140366 
182.494370 283.587036 
346.553558 144.916428 
201.240021 254.112106 
177.037888 315.080353 
409.710419 274.873352 
132.210037 272.837036 
498.338379 217.750137 
195.420151 302.758606 
432.201813 272.502014 
133.424408 269.682892 
338.186157 140.175735 
186.182892 252.826294 
365.096954 270.751282 
358.490540 307.122437 
179.268402 316.572968 
352.603363 273.980103 
135.220200 211.791718 
527.127319 101.881775 
527.127319 101.881775 
207.926575 302.069427 
428.066254 253.184769 
409.710419 274.873352 
459.587830 113.268333 
309.905975 238.886627 
347.640442 304.260223 
357.194183 287.103027 
176.005981 295.833252 
376.478638 238.140366 
157.225891 260.754242 
309.299469 273.526764 
303.026520 273.969482 
426.637970 257.751617 
161.590073 255.532547 
358.530762 298.563782 
459.587830 113.268333 
285.853088 268.259399 
164.954559 254.618301 
350.591492 282.776306 
350.591492 282.776306 
219.953537 279.648071 
307.128265 164.352051 
157.225891 260.754242 
155.896408 305.035248 
383.656128 244.721451 
215.862610 315.040192 
348.413422 152.869659 
433.052307 115.466934 
198.648132 285.953217 
404.493408 277.512970 
485.936920 214.395233 
186.513123 283.468689 
205.195084 290.445435 
348.588165 156.569214 
194.104279 302.183319 
177.242081 321.664001 
344.482758 212.370956 
147.023590 276.062134 
208.245010 273.792847 
369.481354 315.043549 
201.587204 246.844513 
201.587204 246.844513 
157.731506 317.306763 
522.085938 99.515976 
545.365356 117.619286 
290.356720 235.564804 
173.558762 286.993134 
231.952408 290.615051 
128.275116 267.358551 
245.410324 290.890137 
307.649139 100.431793 
307.649139 100.431793 
598.635559 60.579391 
442.724213 267.681427 
210.837585 311.407501 
177.037888 315.080353 
384.605255 330.565491 
373.436035 137.598969 
264.664307 83.792862 
305.861694 160.412491 
172.487198 317.796967 
448.782349 98.480759 
432.201813 272.502014 
186.513123 283.468689 
172.222397 306.357239 
205.172852 109.587624 
340.394562 143.535049 
307.585083 244.305679 
218.633820 264.366699 
227.490265 301.913879 
465.157898 108.264832 
381.257599 315.664642 
465.157898 108.264832 
172.487198 317.796967 
352.228912 268.185883 
192.701035 311.388794 
372.637421 317.036713 
152.801697 248.772003 
157.225891 260.754242 
391.764618 131.656647 
118.864822 76.774948 
301.716461 159.559326 
422.542114 256.796753 
506.626953 89.898819 
442.118774 98.849228 
411.792786 234.790619 
187.132568 277.963623 
452.739075 115.380508 
216.646210 320.908112 
381.257599 315.664642 
376.574707 345.813599 
226.118439 307.731445 
285.853088 268.259399 
357.946259 262.295898 
409.710419 274.873352 
203.419662 305.467529 
366.859406 263.929352 
297.696350 242.662247 
513.165710 85.767143 
198.176849 280.848175 
504.592133 99.397156 
187.132568 277.963623 
190.448685 284.827576 
231.378922 267.310120 
190.448685 284.827576 
187.132568 277.963623 
496.427399 97.650345 
245.410324 290.890137 
213.112961 280.294342 
590.940613 70.501740 
194.104279 302.183319 
407.820068 291.045807 
407.820068 291.045807 
233.633316 296.599518 
226.118439 307.731445 
480.085571 198.533447 
161.511368 263.308075 
203.419662 305.467529 
125.837662 245.432938 
125.837662 245.432938 
231.378922 267.310120 
231.378922 267.310120 
480.085571 198.533447 
358.530762 298.563782 
311.882263 135.263351 
231.777023 280.770111 
225.945450 269.118439 
194.104279 302.183319 
313.944244 269.540497 
435.463135 268.718292 
425.070862 262.744415 
167.851440 299.596863 
231.560562 287.604523 
391.050598 313.160217 
133.776398 87.977325 
372.637421 317.036713 
357.946259 262.295898 
301.755402 268.088776 
407.391327 251.430649 
465.157898 108.264832 
290.356720 235.564804 
209.968948 322.144928 
243.079895 294.376343 
328.081116 238.543106 
198.633530 319.116974 
301.755402 268.088776 
197.487610 277.330292 
442.724213 267.681427 
167.851440 299.596863 
231.777023 280.770111 
575.884399 87.237793 
172.845444 250.765137 
411.792786 234.790619 
231.777023 280.770111 
191.708984 284.853363 
490.060028 199.637390 
157.986938 299.688080 
133.776398 87.977325 
390.669434 325.686066 
400.919617 282.079926 
190.274704 218.233536 
191.708984 284.853363 
370.533997 308.529053 
465.199829 109.859009 
454.745941 19.319380 
383.656128 244.721451 
323.906464 139.271896 
529.892395 112.259773 
155.896408 305.035248 
200.565613 322.383911 
152.998291 259.695770 
341.974518 298.084259 
308.491119 233.806274 
317.389709 241.945480 
481.517365 223.313843 
384.605255 330.565491 
420.285950 282.525177 
207.946335 252.093491 
341.038239 222.335815 
198.633530 319.116974 
489.073608 227.413467 
231.281265 259.866150 
231.777023 280.770111 
522.085938 99.515976 
506.626953 89.898819 
385.069275 316.618073 
286.135529 241.753784 
180.088715 279.710083 
384.605255 330.565491 
177.088043 322.993774 
231.777023 280.770111 
223.515839 269.909393 
171.167053 235.927612 
480.643616 221.420563 
287.883636 282.325165 
172.270615 308.861511 
176.144745 266.668335 
167.851440 299.596863 
133.776398 87.977325 
389.288300 273.796021 
133.776398 87.977325 
223.516632 105.177963 
450.209473 123.045410 
207.669922 308.527924 
288.980621 161.252808 
215.955032 276.861267 
459.587830 113.268333 
174.199707 272.741577 
329.100769 300.997559 
220.107285 234.467392 
432.903839 255.014267 
342.109009 138.997192 
286.135529 241.753784 
357.946259 262.295898 
395.555115 235.025146 
188.550903 275.996674 
242.652466 48.819069 
172.845444 250.765137 
229.079437 312.505676 
182.401779 227.571869 
390.669434 325.686066 
197.175934 189.578995 
215.995316 275.985077 
223.515839 269.909393 
212.089127 276.627747 
352.603363 273.980103 
567.740112 128.398956 
180.088715 279.710083 
180.088715 279.710083 
426.469055 281.494965 
492.593079 95.869308 
341.974518 298.084259 
203.796860 283.247803 
496.427399 97.650345 
352.228912 268.185883 
376.478638 238.140366 
438.582916 266.485657 
189.521713 318.852081 
502.527618 228.793091 
194.617188 300.236176 
223.285217 104.662231 
197.538300 274.273651 
355.427399 305.539642 
347.640442 304.260223 
426.637970 257.751617 
337.346985 167.812225 
487.305450 222.599854 
155.192810 313.893158 
387.484711 314.017029 
403.560455 322.728821 
352.346130 267.213715 
495.856415 226.860077 
125.837662 245.432938 
125.837662 245.432938 
215.955032 276.861267 
492.498566 204.064072 
220.570419 279.185211 
450.209473 123.045410 
291.605927 143.768509 
263.631744 229.734955 
426.204041 282.483124 
410.973694 291.749512 
395.555115 235.025146 
409.710419 274.873352 
201.945755 315.278046 
484.338531 221.925461 
359.344574 275.597046 
151.210663 262.265076 
290.356720 235.564804 
217.137299 316.360565 
207.543442 256.785950 
233.633316 296.599518 
208.162521 322.872253 
182.653458 258.387177 
344.091644 274.540344 
427.691315 235.039810 
208.162521 322.872253 
534.049805 133.299561 
215.995316 275.985077 
303.291748 118.771301 
210.541580 262.552673 
395.555115 235.025146 
411.792786 234.790619 
348.588165 156.569214 
208.245010 273.792847 
432.903839 255.014267 
400.455139 239.133408 
471.960632 96.671616 
287.908630 272.280029 
264.664307 83.792862 
182.653458 258.387177 
229.626633 274.351318 
383.266052 139.140060 
402.447571 322.642853 
308.797577 219.664658 
197.461075 265.728180 
319.046204 254.542801 
218.925446 319.141693 
237.402374 263.689575 
285.879822 238.224289 
261.543121 43.431984 
264.657043 237.859619 
395.555115 235.025146 
445.098297 272.688690 
181.890244 302.336609 
465.157898 108.264832 
449.974365 40.554070 
195.420151 302.758606 
168.253571 330.403625 
359.344574 275.597046 
194.610046 274.872498 
377.737976 382.264099 
285.879822 238.224289 
384.605255 330.565491 
480.085571 198.533447 
395.555115 235.025146 
