873
225.314331 199.376740 
228.171692 222.640411 
145.829193 188.398727 
267.515167 219.687775 
123.274956 290.665344 
223.160675 210.506958 
146.678329 188.414856 
247.427948 235.573318 
298.856537 290.537170 
302.728149 274.028900 
226.979614 225.443069 
222.386185 209.696655 
232.959488 236.529205 
256.176941 229.112793 
269.861572 216.663574 
264.771454 210.830200 
287.366882 198.124771 
325.691650 259.767059 
228.619629 220.204239 
286.990967 214.646515 
167.148773 358.505463 
154.263840 211.713211 
144.116425 308.677673 
216.781448 246.309509 
224.527985 225.067307 
225.126419 225.204132 
217.147476 245.951736 
287.359192 213.404556 
248.803665 210.165375 
310.917328 258.336853 
145.280746 185.281174 
269.474304 217.908569 
129.656296 295.696625 
227.957962 197.168549 
232.409409 236.586685 
151.887634 186.806808 
266.488220 323.777954 
246.308411 239.274460 
288.355774 194.537415 
135.155243 313.360687 
233.639801 219.498215 
244.765274 226.597412 
313.149841 261.221497 
151.042297 195.106812 
229.466095 220.663040 
294.626099 208.357193 
315.638885 223.436035 
287.038086 201.001633 
291.848999 299.483032 
287.656708 201.396912 
305.317810 248.554703 
228.482346 229.328751 
144.474930 196.830963 
220.875183 200.060715 
224.495041 238.912521 
221.469376 200.330612 
264.606079 220.402100 
296.601868 175.862061 
297.222382 175.518295 
145.165100 195.986160 
224.727783 283.307220 
155.737518 211.604294 
155.691193 211.149963 
256.544312 221.066711 
208.446823 261.707367 
255.229416 208.354950 
254.694489 207.872330 
194.066162 269.470245 
244.444305 224.728958 
298.360840 289.966858 
223.130936 201.081848 
258.032715 226.228745 
310.100525 280.176117 
142.919678 183.854813 
237.731598 236.824539 
245.524445 227.177521 
327.921539 258.200897 
311.098297 278.970520 
155.489960 178.111603 
212.176910 257.702484 
313.334686 180.378937 
169.854462 358.218079 
203.215439 247.663193 
318.480774 186.504791 
234.500488 281.679260 
147.509888 307.829987 
245.819839 307.966675 
144.806702 314.803040 
213.095200 236.570175 
302.846222 272.256256 
248.764053 236.464432 
207.302628 244.872589 
142.273865 183.857239 
161.578812 187.542282 
280.485474 314.904236 
284.763519 157.767471 
306.162170 185.647842 
309.284515 185.201736 
205.949402 214.811523 
233.774811 286.290863 
147.708893 293.711029 
260.547760 198.026932 
266.598022 314.231323 
322.641510 203.830673 
322.778442 204.449371 
280.546783 196.344101 
148.199783 300.612213 
204.637070 261.988281 
294.632996 205.969742 
252.013290 210.896667 
315.625214 276.738953 
311.484467 256.930176 
151.238922 193.593628 
214.794708 222.964828 
268.604980 226.826324 
217.597763 201.334381 
149.143539 200.068558 
255.029282 231.768311 
296.286499 294.342834 
151.391296 181.137177 
296.396271 293.637054 
224.722977 228.605118 
270.873993 305.055786 
170.969574 287.574005 
256.873901 197.485184 
282.219696 194.875641 
149.498047 297.815735 
221.067032 207.892120 
136.083221 308.928680 
217.042404 224.995911 
281.169403 196.869278 
168.934311 358.105103 
169.384827 358.093140 
345.226257 264.268890 
135.553772 210.595245 
264.769409 183.477646 
283.885529 217.539230 
147.842865 308.502197 
314.637177 277.512238 
322.272400 267.803406 
151.294128 204.180603 
204.427567 247.585739 
269.529846 308.077057 
336.078064 263.015656 
218.875992 251.322815 
360.145325 253.397095 
148.960297 286.767609 
222.885727 206.522629 
336.621826 242.453476 
268.311707 327.435455 
291.116333 186.837341 
129.992447 293.378021 
131.177414 320.607849 
242.749863 306.977417 
277.954132 316.842102 
329.335205 278.398834 
154.417908 197.105850 
226.228302 207.827286 
161.682938 216.917603 
219.442184 252.341568 
232.099487 176.402374 
215.821045 208.454163 
248.240860 227.563034 
148.664841 215.785675 
159.069122 344.441101 
242.637146 309.548004 
119.344109 367.901917 
291.383606 162.534088 
325.133148 265.429779 
232.980942 266.201813 
247.861328 226.352798 
293.725952 207.161118 
256.719116 229.286301 
232.104630 252.329529 
294.897858 201.270309 
158.394821 248.543594 
146.672775 304.112122 
149.768539 287.090668 
152.430786 300.455658 
262.176422 209.362427 
311.549316 177.664429 
280.945648 155.612823 
185.271805 303.528412 
256.686829 195.607056 
297.323303 272.483673 
244.178864 294.440521 
246.071640 277.968109 
337.865631 260.231842 
166.139389 181.130066 
296.615295 302.392792 
110.230438 355.415344 
152.564987 310.394379 
162.333145 214.590057 
189.200043 268.217316 
277.151093 321.404083 
296.066162 303.153595 
206.783569 258.934082 
292.807129 200.391083 
296.854065 274.063416 
110.346985 335.749084 
234.590805 280.183716 
227.807236 177.758682 
237.116135 236.096756 
328.591400 280.177460 
326.251862 288.613281 
144.776962 181.098618 
252.979111 319.339264 
331.909912 267.876831 
130.849762 218.876068 
271.470917 185.878220 
277.118378 319.964813 
170.322540 259.083069 
222.061600 203.756821 
299.441650 275.080017 
266.660736 315.534149 
150.013184 215.676605 
134.580902 326.680817 
232.860077 250.809189 
314.670593 254.929611 
282.953247 191.822769 
150.424469 245.650299 
257.983459 224.956467 
151.828979 203.992584 
149.064896 201.305008 
243.846848 280.286682 
333.177124 248.299347 
138.847809 219.540527 
146.135056 303.696198 
157.871841 343.858063 
235.760849 192.030594 
237.705139 214.002701 
219.839111 206.212524 
204.629028 228.302414 
111.264595 358.983551 
128.062988 247.553391 
240.849976 280.524719 
258.947327 321.629822 
304.736542 322.001526 
338.412262 268.123260 
187.090073 303.575409 
206.666977 257.162567 
223.787094 229.705475 
330.993652 259.761566 
145.829987 306.321167 
154.857727 291.476593 
158.128616 202.693954 
304.817841 182.851562 
148.930527 299.392853 
101.518227 336.428711 
371.782623 241.855392 
274.147919 267.414581 
161.499680 187.509720 
311.350708 187.079361 
144.910095 215.617477 
154.168671 254.417450 
334.703094 253.291885 
231.685883 244.387527 
245.896713 231.918381 
166.037308 205.519272 
329.268341 242.898239 
256.433777 192.976257 
266.580780 316.853577 
337.346588 264.702881 
214.061234 222.645111 
327.860138 261.077789 
313.609283 181.475815 
315.020966 176.432098 
155.918762 253.701309 
162.009460 359.982849 
276.777985 265.656036 
299.567780 272.226105 
310.490570 269.410095 
204.706436 217.822144 
323.316376 234.207138 
266.322754 229.384552 
106.913246 353.428986 
205.396347 250.028595 
225.096817 208.164368 
296.147522 244.680405 
155.033905 203.388672 
237.856827 283.542877 
147.688766 183.587692 
232.216125 301.588776 
241.297592 266.091553 
250.423615 220.455093 
274.851593 187.899124 
333.953064 236.952393 
305.991272 296.614288 
106.212486 229.131073 
308.614655 185.569000 
236.753830 213.997253 
262.614929 327.015198 
326.386322 290.495697 
104.891609 358.638428 
214.753464 207.627533 
326.385559 289.924988 
338.268005 266.947113 
339.992523 238.847870 
131.267776 218.079163 
338.097382 267.024475 
265.538574 236.212158 
310.554474 263.249756 
323.271057 322.871704 
156.323822 256.482849 
171.009277 211.223526 
171.025604 211.400055 
344.725525 261.807129 
220.663010 230.949524 
116.764030 291.643372 
150.449097 297.996765 
313.918762 261.752258 
331.941010 271.884399 
267.910004 144.536240 
204.871414 254.462387 
341.082001 237.221695 
340.629303 239.338165 
152.676361 216.074615 
255.216522 236.286880 
287.565002 212.162613 
304.699463 175.289307 
316.308960 238.374298 
117.687439 209.048019 
128.774933 247.706787 
268.198914 146.101501 
314.408936 254.384766 
316.306244 237.709457 
295.694794 169.280807 
193.616302 200.926468 
286.837555 314.062286 
204.312317 223.970993 
270.722290 238.181274 
105.462227 358.172729 
258.989166 328.356873 
136.680145 217.683456 
309.510864 180.676666 
347.265747 199.566864 
107.713654 229.286118 
152.188217 295.117340 
158.945023 280.095947 
180.507645 188.366043 
285.351044 316.693176 
156.084076 236.719162 
267.437561 155.548752 
292.605042 305.492279 
213.835129 236.299408 
261.913788 183.216858 
279.952209 208.148148 
213.365311 227.407654 
220.584824 185.872406 
269.576904 237.892120 
296.289185 198.740112 
224.234619 228.316132 
261.065857 186.297501 
332.179413 238.464096 
278.889557 208.209000 
297.370148 166.683060 
150.422501 208.831360 
124.073280 358.581329 
337.145081 324.055054 
353.350647 244.621735 
309.960236 270.835297 
212.306519 197.018814 
215.032578 256.270447 
258.076324 182.299545 
296.922455 254.368729 
340.402924 278.328735 
315.998596 250.063217 
219.668732 239.299591 
238.577530 314.286865 
268.935791 294.051697 
285.875458 215.350189 
353.155487 197.284485 
268.575195 299.846069 
325.141846 227.763016 
211.198303 225.216705 
240.395493 324.265045 
299.982300 200.260117 
134.708481 239.447372 
154.629547 249.807922 
156.720322 248.124557 
287.881500 161.794983 
327.712433 262.063629 
342.687469 274.205200 
117.660011 292.041412 
280.938660 202.224579 
367.785370 242.744217 
336.521332 236.765503 
149.352554 183.643234 
234.825760 242.732224 
217.433136 238.105820 
350.093262 251.765533 
294.072021 253.359009 
213.933197 225.113586 
246.270279 212.751312 
251.949646 196.152786 
294.982117 163.270966 
346.350128 267.746338 
154.274841 239.087433 
281.572968 155.270935 
165.780502 183.377640 
289.776459 168.517517 
306.998871 178.043091 
313.052399 175.205338 
174.991211 351.859558 
306.978546 214.078522 
248.577560 164.029572 
154.716125 198.622665 
291.507111 189.882538 
305.221619 224.773392 
357.346008 262.723694 
464.102539 357.662231 
273.790741 155.310440 
314.303589 222.371414 
121.524963 179.198868 
303.812622 183.273132 
263.372101 158.847198 
235.435638 277.638550 
430.991577 222.423874 
205.011581 181.080399 
235.064697 210.917038 
297.856537 189.965012 
309.620239 224.061386 
311.194824 213.866119 
249.569305 172.178528 
264.269165 180.924164 
133.136490 176.230804 
149.909515 241.834595 
180.575684 254.080185 
224.893250 169.206924 
286.095032 188.703186 
426.391754 218.945129 
209.241455 186.891525 
298.064026 193.100067 
305.431396 252.119904 
163.504135 215.202927 
265.831451 237.505920 
297.512817 193.124481 
166.548874 207.004990 
218.976822 235.717819 
164.451553 274.810272 
263.127136 157.795364 
151.637482 258.556854 
163.704803 275.343628 
265.331665 230.575470 
314.019531 217.237885 
340.178741 277.021362 
327.444763 242.615799 
322.310242 322.555450 
236.552505 321.572113 
294.742432 320.689728 
123.131355 209.414688 
316.679932 248.863251 
157.710419 203.520203 
456.577667 337.313141 
108.665100 331.001526 
246.886353 326.078156 
298.578064 165.676605 
374.269623 252.218948 
128.439423 196.594116 
171.130981 210.283432 
217.088058 253.772598 
286.379883 307.200012 
294.505798 190.120422 
277.358643 318.034393 
226.424377 235.928513 
174.874908 303.883392 
261.572754 179.735916 
273.459900 284.300934 
342.974915 248.351608 
347.397827 194.218704 
433.728546 179.700241 
147.505692 216.960327 
204.225296 208.575684 
322.310822 238.937820 
109.965797 334.865723 
124.702309 276.124817 
290.416107 188.581863 
126.219299 333.460327 
182.104156 260.453156 
336.958557 320.503540 
259.798096 230.915665 
290.501038 318.009521 
346.393890 273.878448 
159.728729 234.869476 
228.577728 252.885651 
234.803787 175.577850 
314.452362 221.494812 
232.870010 213.045731 
274.778198 270.887207 
283.498871 241.902542 
275.393768 270.768066 
116.228767 346.046112 
343.155396 242.046066 
136.771866 302.987122 
260.292511 137.771927 
147.502335 183.423813 
467.037170 341.759369 
457.812408 338.636963 
151.889145 259.686157 
238.708694 204.499207 
303.755005 172.485596 
345.433258 274.491669 
382.352875 243.046265 
212.991806 206.734222 
238.944275 203.831650 
130.857361 264.227661 
359.135101 292.615723 
275.489380 206.318069 
108.418358 329.497589 
119.730888 209.704697 
377.041534 242.548264 
217.043640 238.643250 
353.828461 244.020630 
157.457520 276.409149 
97.596344 312.693848 
281.833771 290.684143 
324.719757 225.973038 
202.568741 183.517029 
345.499237 260.967224 
160.762009 233.471954 
218.060318 203.691299 
459.951172 338.268616 
246.235870 312.720764 
278.460114 209.986755 
315.344543 216.925217 
327.947784 286.050262 
328.484406 285.762146 
264.181122 232.427567 
300.678711 208.521011 
274.391296 284.349365 
429.653961 221.737976 
436.563263 178.632843 
120.953209 207.253662 
287.907074 228.773010 
314.071716 206.798935 
150.704926 206.784088 
106.880318 312.930145 
164.822937 319.209869 
273.785767 297.070709 
164.918137 319.333252 
202.166626 214.561295 
282.579132 297.503937 
339.892700 230.810593 
260.509735 179.733337 
261.754883 137.618652 
288.217133 217.806198 
99.478806 340.212189 
248.617050 164.803467 
112.247520 331.191132 
118.945747 330.243103 
122.933800 274.399963 
137.202728 216.591888 
329.489227 264.886566 
385.376678 251.718582 
288.658173 221.073166 
116.333481 292.387421 
303.078644 183.588104 
116.852440 342.462494 
158.214218 154.563004 
290.534027 276.301025 
246.831238 281.820526 
130.215103 223.436005 
506.726135 189.606094 
130.221146 222.928726 
269.632599 301.751648 
380.840485 242.874969 
264.930359 160.642944 
445.312561 362.963226 
299.771942 169.073502 
344.504150 244.966599 
440.381012 334.603577 
241.428619 251.939346 
120.806496 178.848038 
126.647888 182.418106 
204.132751 237.004608 
230.300018 252.547913 
279.422089 327.707245 
343.924347 277.975555 
433.092773 216.191467 
255.768158 180.003769 
203.858383 236.619522 
117.246025 350.705475 
119.800980 288.459534 
436.704529 356.144287 
315.087311 220.671036 
436.611084 356.305206 
191.597198 303.157257 
105.602036 366.053406 
210.208527 182.888443 
240.949280 303.037537 
310.835724 216.364716 
205.104996 261.345673 
371.318970 262.182556 
276.728882 282.550598 
156.859680 235.825073 
290.013855 307.430389 
106.960609 315.767609 
118.771545 360.176239 
266.666412 183.193436 
464.033386 339.470825 
189.257217 264.496094 
241.995026 251.727737 
272.889160 242.952789 
268.431244 181.917816 
304.278687 172.631882 
264.984070 180.514572 
291.470215 170.573074 
295.071320 272.213715 
244.783981 248.659164 
164.843552 309.253448 
247.637543 217.237061 
115.265945 347.821259 
303.414856 292.948425 
272.933868 301.257568 
425.003265 362.205505 
107.054947 218.905670 
271.828430 310.610199 
430.076935 331.593689 
123.852882 209.086807 
154.279572 259.523224 
162.029678 340.988892 
440.862640 201.382996 
141.853683 357.794373 
163.547180 348.080933 
214.453979 204.319733 
156.777344 244.678955 
111.642044 284.772644 
356.026215 261.939819 
298.079773 265.267181 
452.242096 180.824448 
346.896088 271.100647 
148.430161 228.970596 
243.324478 268.911346 
278.191437 204.248642 
440.139771 357.744965 
253.056992 329.753937 
298.139954 189.283691 
444.872589 357.282532 
151.155075 162.904617 
444.564301 357.269714 
213.125015 189.625305 
230.992279 228.521759 
243.690094 248.292389 
283.500732 126.528732 
131.302307 328.480957 
243.310181 174.943420 
281.928375 223.974426 
242.838516 174.708389 
244.447235 254.114029 
200.725677 190.824982 
382.714661 258.226990 
192.466125 224.998123 
201.351746 190.961014 
287.115387 324.474670 
300.149933 211.950104 
250.669128 287.362732 
266.480011 281.557129 
297.385132 170.534134 
157.158630 355.677551 
219.366791 302.812469 
241.760925 221.754303 
251.041138 286.581909 
251.613815 263.960632 
122.410393 270.600922 
144.957062 354.162292 
130.192596 172.848450 
127.622887 186.192337 
311.756226 322.241821 
313.881561 174.472549 
157.915192 158.945984 
62.515888 302.346313 
154.815536 357.406891 
290.295624 318.542542 
272.273346 301.133636 
323.874756 222.296249 
235.311890 303.980499 
421.939453 258.685944 
107.547951 339.163757 
174.743668 347.517303 
271.679596 154.417725 
62.557743 306.039185 
429.029053 222.890533 
441.261383 315.784637 
240.558456 324.375427 
150.315872 225.613251 
334.189667 207.894043 
204.949081 192.177109 
264.564087 283.646912 
109.461472 224.428711 
236.087311 321.742188 
167.307968 276.317017 
173.660400 208.522720 
271.826233 137.158813 
451.533569 335.457397 
475.476379 370.298157 
264.210205 283.782379 
118.079704 360.485474 
342.346436 200.383728 
158.257645 284.702942 
243.263123 327.784302 
253.878799 267.656403 
209.803543 243.585297 
331.859711 266.165649 
124.939621 154.590805 
169.537674 200.190079 
284.788422 270.707794 
292.345306 176.609634 
406.903503 332.949615 
492.143829 193.491501 
229.187378 193.955307 
123.327278 345.838806 
122.610229 188.744766 
130.310989 251.113602 
244.809769 266.665924 
392.253265 390.279602 
290.602478 264.308136 
291.446747 267.140533 
171.678482 340.813751 
331.441345 231.310364 
340.176147 280.404053 
340.156311 279.749146 
443.806702 330.409515 
187.347031 318.746155 
125.238510 351.726929 
94.124992 358.003601 
345.310699 253.415085 
149.716370 183.011795 
240.112473 320.968384 
428.048187 186.232880 
484.797760 193.085327 
201.413025 296.818054 
229.199844 195.374512 
276.665527 206.636459 
301.515808 281.795471 
125.210716 224.497269 
97.632317 337.033020 
251.032196 144.085281 
407.616943 332.612579 
440.333740 200.796509 
436.197662 185.156250 
253.690491 342.409698 
324.199127 177.871887 
310.775299 232.827942 
88.472443 306.106110 
180.871384 352.947479 
420.224854 228.400513 
459.326447 192.087021 
108.349709 328.034821 
230.126389 318.697510 
266.267609 139.225967 
163.568741 160.053452 
294.516113 328.503479 
295.222595 329.218628 
161.811493 175.705338 
92.858292 341.317688 
252.384827 264.756805 
293.835876 265.149780 
431.909607 314.175842 
93.249245 340.766693 
164.963440 214.435928 
497.513397 311.306702 
233.652771 228.438461 
95.352943 344.733612 
112.548592 286.306183 
498.182983 310.788849 
247.157379 326.726929 
207.356964 193.788300 
156.585403 171.518173 
476.164917 183.115250 
157.845169 156.482544 
246.594528 252.977692 
313.109528 227.775177 
409.789520 256.887695 
409.823242 257.302277 
159.998688 323.038208 
147.234543 341.681061 
167.854568 205.667328 
348.100433 245.838837 
416.836914 261.113037 
77.436989 319.977417 
291.807770 211.285492 
297.973572 313.367767 
175.119980 357.206207 
268.537170 135.985901 
291.150818 273.884705 
118.266251 345.344971 
205.854645 306.940674 
284.338959 220.687485 
502.595276 214.078186 
64.400024 303.057922 
357.392181 316.292877 
195.518814 228.394012 
324.410278 285.060883 
417.569427 195.231064 
476.095398 181.783798 
128.443924 252.700897 
440.843567 355.450562 
388.617706 242.273865 
210.084167 235.284134 
359.670715 218.735321 
416.611938 192.561844 
280.693481 255.398453 
541.445129 255.873413 
158.806412 206.483795 
276.389801 329.970612 
159.136520 205.963715 
96.997047 337.415680 
202.489990 197.819092 
162.561829 344.678345 
248.242371 331.843353 
108.572075 219.071579 
255.303757 180.536850 
98.161324 316.961182 
210.673325 196.873795 
288.009613 251.641922 
318.189758 247.388580 
155.845978 353.763550 
119.859894 347.173370 
412.948944 222.443085 
111.661774 228.036835 
293.072998 265.480408 
243.837662 262.257141 
152.880661 228.374283 
241.800156 165.148163 
373.184052 242.045959 
217.751556 227.601089 
241.950378 190.879517 
247.717041 256.529541 
369.000702 231.576004 
274.593597 330.095123 
360.658356 251.461624 
203.508667 191.379761 
415.893829 329.673035 
388.214417 248.434021 
318.390930 171.677536 
270.321960 244.353424 
285.440918 326.812775 
410.081940 198.691895 
158.321884 244.900146 
269.551910 244.029968 
421.408020 302.497467 
121.921753 269.674713 
256.946564 164.168747 
113.538025 287.581055 
229.090988 193.150406 
251.448151 256.931458 
280.621857 250.747375 
153.642807 224.463074 
438.998138 200.919327 
225.340073 191.089798 
408.675995 257.622620 
252.807327 282.468262 
429.754425 319.330566 
331.096954 325.448395 
418.733673 228.432098 
271.115631 330.809509 
280.849182 331.136444 
165.383362 233.426666 
221.641541 295.733276 
276.344269 258.407135 
415.834503 280.617767 
100.939125 353.330231 
305.376282 330.060059 
440.169189 177.531525 
499.006378 212.602310 
499.224030 213.309479 
230.158554 270.294830 
176.130936 356.870575 
427.495056 364.240448 
119.132904 346.044434 
270.992432 332.340576 
156.706116 225.918671 
134.846756 337.541229 
