972
293.664398 396.894623 
456.822083 310.177185 
456.822083 310.177185 
406.833405 315.544342 
293.664398 396.894623 
318.092041 356.624512 
410.792450 314.472260 
452.761353 326.361908 
410.719025 306.186249 
249.246368 231.557693 
443.362274 342.646057 
487.465942 311.082764 
278.293488 295.533997 
248.207428 287.753387 
426.274353 305.465240 
430.286377 289.754242 
410.719025 306.186249 
195.444077 381.121429 
193.744720 383.542114 
443.362274 342.646057 
422.587036 300.574921 
410.719025 306.186249 
284.416779 384.987915 
406.833405 315.544342 
427.265808 321.293518 
430.286377 289.754242 
481.489624 319.774780 
195.444077 381.121429 
456.822083 310.177185 
248.266037 289.973053 
456.822083 310.177185 
430.286377 289.754242 
194.149033 382.697296 
294.067474 396.310822 
430.286377 289.754242 
406.833405 315.544342 
414.400177 305.912354 
398.856628 336.743408 
191.040253 388.782074 
298.626831 323.358215 
284.096252 399.728455 
405.456512 284.662781 
452.761353 326.361908 
298.881378 370.990448 
406.833405 315.544342 
188.892227 380.070587 
283.984192 398.017395 
481.489624 319.774780 
282.866943 340.642487 
301.896576 321.246948 
205.816177 321.345062 
190.095428 390.278595 
416.953552 324.461456 
285.005920 305.101257 
476.235626 298.043121 
472.447510 367.039886 
248.266037 289.973053 
470.011383 313.870239 
431.405426 313.011719 
427.997162 303.281372 
233.356812 277.137512 
429.679077 289.179688 
283.984192 398.017395 
298.626831 323.358215 
280.632050 339.670776 
422.587036 300.574921 
410.622162 292.745880 
278.791107 391.810181 
432.096863 313.214722 
405.456512 284.662781 
299.362549 409.721741 
303.746429 320.404053 
245.537598 290.707428 
188.739929 362.663147 
303.746429 320.404053 
189.062576 345.636383 
281.376953 396.902618 
185.270905 389.646912 
443.204132 345.410889 
443.204132 345.410889 
406.833405 315.544342 
302.524261 375.238739 
281.376953 396.902618 
287.391663 304.169159 
282.866943 340.642487 
476.235626 298.043121 
184.748428 385.774200 
184.748428 385.774200 
416.953552 324.461456 
185.270905 389.646912 
318.092041 356.624512 
312.395355 238.795700 
416.953552 324.461456 
481.470856 299.501678 
298.065033 408.875946 
283.984192 398.017395 
201.067825 297.285400 
278.791107 391.810181 
208.088028 319.403076 
280.309235 387.525848 
202.301071 327.894409 
410.792450 314.472260 
185.270905 389.646912 
296.811737 412.229950 
280.309235 387.525848 
280.632050 339.670776 
283.984192 398.017395 
318.092041 356.624512 
297.880249 414.716858 
297.880249 414.716858 
452.761353 326.361908 
294.411804 415.975494 
454.068848 389.395264 
410.792450 314.472260 
260.553040 351.430481 
307.944305 283.889771 
189.062576 345.636383 
271.169922 298.624298 
280.309235 387.525848 
284.096252 399.728455 
279.514679 386.463043 
208.152954 311.756714 
300.787415 318.249512 
300.787415 318.249512 
430.286377 289.754242 
271.169922 298.624298 
190.095428 390.278595 
427.997162 303.281372 
202.641937 338.025574 
188.103012 389.971832 
398.611084 306.580231 
201.067825 297.285400 
299.182892 323.518127 
184.151855 372.632599 
296.811737 412.229950 
429.929718 381.057098 
303.746429 320.404053 
280.309235 387.525848 
419.992096 353.929230 
205.816177 321.345062 
280.309235 387.525848 
441.872833 315.124359 
274.731598 398.538361 
429.929718 381.057098 
184.946579 388.845825 
283.470703 410.197357 
192.057358 391.966370 
438.466003 330.680969 
452.761353 326.361908 
484.391632 318.793152 
200.234146 371.676086 
410.717987 345.112793 
279.194275 292.176422 
278.791107 391.810181 
206.705048 364.205658 
185.957520 382.345398 
188.103012 389.971832 
298.626831 323.358215 
171.566483 395.834961 
443.945648 313.506195 
185.686722 420.408569 
239.410919 288.102966 
231.607559 405.687012 
297.880249 414.716858 
406.833405 315.544342 
185.270905 389.646912 
441.872833 315.124359 
280.061798 397.096680 
422.587036 300.574921 
421.636505 329.832275 
294.309967 275.422974 
298.045929 315.567291 
197.009766 368.424713 
298.045929 315.567291 
278.293488 295.533997 
288.435364 319.216522 
389.156250 355.814087 
443.945648 313.506195 
254.822418 300.781403 
199.025589 320.003967 
390.186066 321.844635 
281.074921 311.479950 
185.686722 420.408569 
198.129303 295.161072 
202.641937 338.025574 
438.466003 330.680969 
201.049561 331.376770 
186.873505 294.724701 
303.024048 292.716156 
275.612000 310.137085 
422.569641 324.920502 
239.410919 288.102966 
171.883545 326.998413 
197.237946 319.167175 
252.343140 303.127014 
428.286469 323.391754 
212.209518 229.553085 
303.796997 392.179810 
184.574036 384.282715 
430.286377 289.754242 
208.706451 318.889374 
449.919312 312.071930 
237.121780 280.492218 
208.152954 311.756714 
285.327698 351.706879 
208.152954 311.756714 
280.440125 409.875122 
226.993271 332.654358 
386.812927 353.427277 
426.819794 286.721100 
285.327698 351.706879 
456.822083 310.177185 
428.801208 331.651306 
470.011383 313.870239 
282.618042 337.322113 
203.448410 361.099915 
159.487396 407.991821 
205.816177 321.345062 
448.132660 308.858704 
202.641937 338.025574 
202.871735 364.646179 
191.040253 388.782074 
185.957520 382.345398 
406.474792 320.014526 
187.511948 391.165955 
443.362274 342.646057 
185.286957 376.286346 
399.008759 313.957825 
245.537598 290.707428 
448.490051 339.449524 
289.213989 303.833008 
410.622162 292.745880 
441.872833 315.124359 
476.235626 298.043121 
226.027679 334.087708 
481.489624 319.774780 
406.986023 292.398621 
299.485107 276.400421 
205.988098 326.190460 
278.239136 380.551910 
201.467010 301.646271 
285.890991 260.059814 
422.355957 378.714905 
297.880249 414.716858 
304.910614 388.655304 
200.600616 358.177307 
432.096863 313.214722 
463.847992 338.078247 
198.908951 399.948456 
452.761353 326.361908 
410.719025 306.186249 
185.286957 376.286346 
312.348999 304.068359 
427.997162 303.281372 
271.551758 350.734955 
312.584595 233.733063 
288.435364 319.216522 
198.129303 295.161072 
421.636505 329.832275 
271.551758 350.734955 
459.361481 311.694427 
296.144653 277.449615 
197.632874 306.795929 
300.036469 380.131744 
278.239136 380.551910 
284.099182 356.111969 
278.293488 295.533997 
470.011383 313.870239 
289.915680 300.453125 
306.316681 305.572113 
300.239624 402.456238 
460.524261 318.831024 
429.818634 348.306091 
429.818634 348.306091 
429.818634 348.306091 
431.405426 313.011719 
264.643982 394.837006 
280.309235 387.525848 
195.444077 381.121429 
294.309967 275.422974 
272.970673 280.768585 
297.880249 414.716858 
410.719025 306.186249 
285.890991 260.059814 
311.152588 290.491089 
452.761353 326.361908 
476.054474 374.275330 
463.847992 338.078247 
422.587036 300.574921 
207.545288 392.218567 
191.040253 388.782074 
199.524826 383.353821 
269.859833 371.148865 
307.944305 283.889771 
195.444077 381.121429 
201.166428 342.482330 
419.409424 300.723969 
198.908951 399.948456 
470.011383 313.870239 
399.008759 313.957825 
399.008759 313.957825 
314.147919 340.241302 
314.147919 340.241302 
173.928223 297.048187 
452.635742 320.239288 
312.395355 238.795700 
488.479614 321.920105 
182.213562 421.487762 
448.132660 308.858704 
269.859833 371.148865 
295.177124 275.162292 
295.177124 275.162292 
250.783539 348.916077 
311.152588 290.491089 
203.448410 361.099915 
360.613861 114.256935 
404.253326 338.850067 
285.104614 380.482910 
300.782532 237.608826 
441.872833 315.124359 
426.403687 276.593658 
280.371643 392.091736 
398.611084 306.580231 
460.524261 318.831024 
476.235626 298.043121 
294.067474 396.310822 
438.688507 311.153503 
429.929718 381.057098 
422.587036 300.574921 
441.872833 315.124359 
271.169922 298.624298 
201.815201 341.443390 
173.760452 356.309052 
294.309967 275.422974 
267.036926 416.211182 
288.242523 319.507843 
449.653320 279.320160 
360.613861 114.256935 
298.372711 285.986511 
199.922211 308.498535 
208.706451 318.889374 
293.366974 303.885406 
207.545288 392.218567 
437.728394 329.939819 
278.791107 391.810181 
467.887726 371.792511 
239.410919 288.102966 
198.686264 405.743713 
290.958130 304.055786 
402.237427 312.237030 
443.362274 342.646057 
176.707840 366.091614 
406.474792 320.014526 
280.371643 392.091736 
459.361481 311.694427 
390.186066 321.844635 
421.609619 314.898651 
295.713379 314.511597 
463.847992 338.078247 
422.355957 378.714905 
283.984192 398.017395 
185.957520 382.345398 
271.169922 298.624298 
273.311554 398.617188 
271.169922 298.624298 
470.011383 313.870239 
452.635742 320.239288 
422.587036 300.574921 
317.329956 294.941467 
316.746216 348.789276 
211.008911 299.148956 
282.866943 340.642487 
282.866943 340.642487 
416.123108 282.485107 
276.573883 352.418701 
196.410126 369.246735 
83.300209 406.165802 
197.632874 306.795929 
443.362274 342.646057 
443.362274 342.646057 
452.635742 320.239288 
280.632050 339.670776 
429.818634 348.306091 
438.466003 330.680969 
459.361481 311.694427 
313.002808 303.945831 
406.474792 320.014526 
300.036469 380.131744 
285.640717 396.433411 
410.717987 345.112793 
281.376953 396.902618 
303.746429 320.404053 
410.719025 306.186249 
467.887726 371.792511 
188.103012 389.971832 
197.269089 298.703827 
295.177124 275.162292 
314.147919 340.241302 
277.080078 413.871735 
180.026962 376.419983 
280.536377 357.476196 
467.189514 381.346558 
432.572601 385.857178 
178.518250 342.064148 
170.407349 364.313690 
321.478241 304.812256 
280.000732 316.606598 
448.132660 308.858704 
185.270905 389.646912 
280.440125 409.875122 
280.440125 409.875122 
488.038300 327.834137 
159.575851 408.564209 
443.945648 313.506195 
410.792450 314.472260 
187.511948 391.165955 
431.405426 313.011719 
238.314972 321.782593 
429.818634 348.306091 
260.553040 351.430481 
427.265808 321.293518 
429.818634 348.306091 
215.085785 281.570007 
293.694519 260.630432 
201.467010 301.646271 
201.467010 301.646271 
428.748352 354.764404 
294.590515 400.396942 
406.436340 319.263275 
296.144653 277.449615 
307.086914 313.022217 
182.081192 343.155823 
419.992096 353.929230 
230.147781 334.403229 
443.362274 342.646057 
443.362274 342.646057 
250.362152 297.874420 
124.934059 401.365509 
422.587036 300.574921 
422.587036 300.574921 
191.589890 385.869568 
321.762177 304.073517 
284.099182 356.111969 
319.494446 352.519440 
321.762177 304.073517 
262.239349 375.449036 
201.815201 341.443390 
238.313919 288.051483 
302.600311 324.636993 
83.300209 406.165802 
294.309967 275.422974 
170.407349 364.313690 
429.818634 348.306091 
317.134491 235.707321 
399.008759 313.957825 
299.485107 276.400421 
293.694519 260.630432 
260.553040 351.430481 
199.628601 305.277557 
294.097015 269.471069 
299.485107 276.400421 
294.097015 269.471069 
299.485107 276.400421 
427.997162 303.281372 
427.997162 303.281372 
305.606262 280.369934 
301.799316 61.320885 
477.588409 323.630432 
477.588409 323.630432 
444.831116 332.185120 
182.807449 338.272949 
297.147369 47.642982 
451.295898 323.111816 
385.119690 69.088287 
316.746216 348.789276 
481.470856 299.501678 
294.411804 415.975494 
405.456512 284.662781 
279.739777 360.660431 
481.869598 305.109283 
318.092041 356.624512 
444.831116 332.185120 
226.524368 344.852509 
269.859833 371.148865 
428.801208 331.651306 
183.999802 294.802429 
199.628601 305.277557 
270.813019 297.949371 
410.792450 314.472260 
319.494446 352.519440 
200.234146 371.676086 
278.341888 307.713409 
280.632050 339.670776 
309.594452 223.441757 
270.813019 297.949371 
206.215683 282.508514 
280.440125 409.875122 
249.246368 231.557693 
245.783844 339.740265 
277.080078 413.871735 
254.941818 347.165070 
281.376953 396.902618 
427.997162 303.281372 
282.866943 340.642487 
411.294678 372.012115 
315.987610 236.069366 
297.147369 47.642982 
280.858154 280.606537 
187.209686 335.145599 
311.728271 281.277527 
402.083801 313.828003 
382.954712 429.012482 
194.133133 296.176331 
199.922211 308.498535 
205.988098 326.190460 
297.147369 47.642982 
191.957443 288.968719 
188.739929 362.663147 
294.590515 400.396942 
446.889313 343.155823 
281.957062 363.399323 
443.945648 313.506195 
300.239624 402.456238 
277.080078 413.871735 
159.595825 406.764679 
226.209976 343.480377 
211.008911 299.148956 
195.316696 364.075134 
183.999802 294.802429 
418.408417 289.683014 
277.080078 413.871735 
249.372665 322.023163 
211.368195 390.295166 
321.935059 344.954315 
269.859833 371.148865 
169.786194 313.454559 
471.233734 292.802460 
276.840088 399.034973 
135.498154 404.499207 
443.945648 313.506195 
319.494446 352.519440 
279.735687 292.133545 
443.362274 342.646057 
300.239624 402.456238 
390.186066 321.844635 
173.928223 297.048187 
173.928223 297.048187 
289.915680 300.453125 
323.521606 302.013855 
199.628601 305.277557 
402.237427 312.237030 
280.000732 316.606598 
254.564255 349.716858 
443.945648 313.506195 
317.134491 235.707321 
443.945648 313.506195 
270.813019 297.949371 
322.769287 286.163483 
174.630875 317.097137 
478.273407 362.478210 
444.340210 302.241608 
270.813019 297.949371 
418.525543 371.338104 
254.822418 300.781403 
252.640259 294.399536 
316.746216 348.789276 
171.150452 440.492615 
448.132660 308.858704 
298.428467 235.428558 
488.038300 327.834137 
488.038300 327.834137 
428.801208 331.651306 
548.888550 125.821899 
491.605347 314.687073 
392.007202 306.980255 
294.097015 269.471069 
245.783844 339.740265 
313.002808 303.945831 
254.941818 347.165070 
285.876617 413.622498 
410.719025 306.186249 
419.584259 285.262512 
180.122711 286.416290 
296.811737 412.229950 
401.724304 327.069122 
293.366974 303.885406 
295.826538 356.258301 
312.395355 238.795700 
329.485291 288.628021 
297.970123 237.584488 
426.819794 286.721100 
295.082428 223.787186 
280.061798 397.096680 
202.280945 436.202240 
294.799103 239.220474 
305.822754 390.961182 
172.073578 434.748047 
172.073578 434.748047 
294.799103 239.220474 
268.829773 322.576172 
196.260483 394.061829 
189.062576 345.636383 
454.068848 389.395264 
279.194275 292.176422 
211.368195 390.295166 
191.957443 288.968719 
285.876617 413.622498 
254.941818 347.165070 
443.719360 345.096527 
317.134491 235.707321 
285.876617 413.622498 
452.635742 320.239288 
316.746216 348.789276 
296.811737 412.229950 
226.524368 344.852509 
337.066010 298.613373 
231.479294 339.445648 
317.134491 235.707321 
318.092041 356.624512 
201.467010 301.646271 
296.811737 412.229950 
318.092041 356.624512 
463.058014 325.457520 
273.311554 398.617188 
319.494446 352.519440 
202.280945 436.202240 
313.951111 343.248199 
327.482422 307.983673 
426.274353 305.465240 
304.771118 302.645294 
191.957443 288.968719 
451.295898 323.111816 
276.891937 385.822266 
254.822418 300.781403 
443.204132 345.410889 
443.204132 345.410889 
296.417328 73.289047 
207.545288 392.218567 
291.926788 384.773102 
169.786194 313.454559 
422.587036 300.574921 
548.888550 125.821899 
418.525543 371.338104 
265.717072 299.283264 
356.709229 297.258728 
197.632874 306.795929 
299.239227 429.249268 
293.366974 303.885406 
394.767090 302.217499 
284.921234 286.536530 
299.628082 386.760620 
172.379211 343.410645 
280.000732 316.606598 
432.096863 313.214722 
285.005920 305.101257 
285.890991 260.059814 
294.411804 415.975494 
201.847778 368.795227 
301.686493 268.925171 
358.981110 296.398956 
274.731598 398.538361 
189.125778 326.809998 
285.005920 305.101257 
292.792206 368.807159 
285.327698 351.706879 
358.981110 296.398956 
284.211182 347.167816 
321.935059 344.954315 
186.917130 345.411346 
244.416748 300.589996 
421.609619 314.898651 
179.571152 377.773621 
191.957443 288.968719 
318.092041 356.624512 
254.564255 349.716858 
250.783539 348.916077 
488.479614 321.920105 
488.479614 321.920105 
290.958130 304.055786 
279.514679 386.463043 
269.859833 371.148865 
318.490021 352.860809 
418.525543 371.338104 
413.876312 280.649323 
185.270905 389.646912 
293.664398 396.894623 
167.433701 372.209320 
256.001160 292.253693 
311.152588 290.491089 
250.091415 345.879822 
250.091415 345.879822 
548.888550 125.821899 
307.087860 60.440739 
441.872833 315.124359 
441.872833 315.124359 
192.029099 377.549500 
290.958130 304.055786 
452.761353 326.361908 
231.479294 339.445648 
191.589890 385.869568 
264.540222 300.342407 
451.295898 323.111816 
292.110352 241.418594 
281.376953 396.902618 
281.376953 396.902618 
287.391663 304.169159 
131.084824 225.663269 
413.160461 342.254547 
296.811737 412.229950 
256.001160 292.253693 
460.524261 318.831024 
269.859833 371.148865 
280.309235 387.525848 
191.793396 336.940765 
202.301071 327.894409 
194.270309 332.997253 
195.520126 365.215912 
448.132660 308.858704 
275.612000 310.137085 
473.406281 344.082458 
281.326111 300.645599 
548.888550 125.821899 
248.266037 289.973053 
264.643982 394.837006 
326.869812 336.362915 
279.030243 295.972076 
181.553452 362.362915 
194.270309 332.997253 
305.822754 390.961182 
294.423187 233.207275 
274.731598 398.538361 
265.810425 393.108826 
264.540222 300.342407 
432.572601 385.857178 
215.085785 281.570007 
281.326111 300.645599 
269.396362 380.159515 
318.092041 356.624512 
466.669952 329.227173 
290.958130 304.055786 
269.396362 380.159515 
160.775436 419.854797 
306.188690 221.151260 
297.147369 47.642982 
313.951111 343.248199 
244.877792 294.966370 
264.643982 394.837006 
263.207764 344.502899 
254.941818 347.165070 
427.997162 303.281372 
188.984543 323.037415 
179.571152 377.773621 
463.058014 325.457520 
160.775436 419.854797 
171.970291 439.879181 
199.628601 305.277557 
291.272858 236.130859 
264.540222 300.342407 
186.873505 294.724701 
416.123108 282.485107 
226.209976 343.480377 
463.847992 338.078247 
199.512833 345.121796 
269.859833 371.148865 
311.474243 280.700806 
311.474243 280.700806 
418.525543 371.338104 
432.152985 321.954437 
431.405426 313.011719 
264.643982 394.837006 
286.966309 288.098541 
279.194275 292.176422 
307.087860 60.440739 
279.735687 292.133545 
200.600616 358.177307 
427.997162 303.281372 
167.343887 303.060944 
280.536377 357.476196 
217.141937 280.510620 
265.717072 299.283264 
208.880646 303.032532 
288.435364 319.216522 
281.376953 396.902618 
184.574036 384.282715 
280.440125 409.875122 
171.254425 310.831329 
180.122711 286.416290 
419.584259 285.262512 
301.896576 321.246948 
294.423187 233.207275 
211.730927 421.959534 
244.416748 300.589996 
416.123108 282.485107 
256.001160 292.253693 
275.482941 394.088104 
293.664398 396.894623 
315.987610 236.069366 
317.134491 235.707321 
281.326111 300.645599 
444.340210 302.241608 
389.972137 304.250732 
328.538208 350.184692 
411.294678 372.012115 
416.123108 282.485107 
337.066010 298.613373 
194.133133 296.176331 
548.888550 125.821899 
252.640259 294.399536 
385.562775 357.358063 
252.640259 294.399536 
72.660889 454.037201 
186.873505 294.724701 
292.238770 372.447632 
416.123108 282.485107 
179.684921 302.126251 
282.866943 340.642487 
304.321594 332.165863 
273.311554 398.617188 
304.321594 332.165863 
548.888550 125.821899 
260.958405 317.314148 
307.087860 60.440739 
297.196106 243.048660 
256.001160 292.253693 
422.587036 300.574921 
413.876312 280.649323 
419.992096 353.929230 
301.686493 268.925171 
190.058151 397.922211 
295.082428 223.787186 
169.723114 345.978546 
295.082428 223.787186 
325.115845 342.507233 
443.719360 345.096527 
168.747253 440.833893 
280.440125 409.875122 
280.440125 409.875122 
194.054428 287.087494 
194.054428 287.087494 
330.294952 304.689026 
192.481064 315.166473 
192.481064 315.166473 
429.929718 381.057098 
210.266541 339.568451 
185.286957 376.286346 
282.866943 340.642487 
307.425659 291.267395 
304.635651 295.445190 
404.971802 304.154205 
184.748428 385.774200 
347.612854 294.953156 
282.618042 337.322113 
196.174744 331.395233 
413.160461 342.254547 
294.799103 239.220474 
431.405426 313.011719 
294.843506 401.124451 
249.925964 342.828613 
292.004761 274.035217 
292.004761 274.035217 
478.405365 364.176605 
196.187119 421.947968 
250.783539 348.916077 
171.254425 310.831329 
200.550323 428.098846 
234.074356 335.847351 
298.263245 232.986359 
298.263245 232.986359 
441.100372 408.068176 
298.372711 285.986511 
463.058014 325.457520 
244.877792 294.966370 
284.099182 356.111969 
275.482941 394.088104 
366.438904 66.626930 
207.691895 276.073151 
421.609619 314.898651 
262.363678 333.166504 
269.859833 371.148865 
160.775436 419.854797 
244.877792 294.966370 
196.828400 286.908722 
258.255035 354.551483 
473.406281 344.082458 
293.783569 302.470734 
181.553452 362.362915 
480.750153 368.050293 
247.446655 296.357544 
301.799316 61.320885 
466.669952 329.227173 
305.822754 390.961182 
171.970291 439.879181 
196.260483 394.061829 
195.316696 364.075134 
284.921234 286.536530 
427.265808 321.293518 
443.945648 313.506195 
319.494446 352.519440 
292.515320 265.601898 
530.579285 247.121017 
326.869812 336.362915 
278.448547 264.725220 
488.038300 327.834137 
282.913452 315.261200 
282.913452 315.261200 
272.863983 349.845917 
297.421082 281.641479 
301.799316 61.320885 
269.396362 380.159515 
429.818634 348.306091 
140.304260 417.523132 
450.236725 294.223022 
252.640259 294.399536 
319.494446 352.519440 
204.270370 417.273804 
299.362549 409.721741 
419.409424 300.723969 
318.490021 352.860809 
277.502838 283.719696 
300.782532 237.608826 
148.604202 421.358276 
300.782532 237.608826 
185.286957 376.286346 
278.448547 264.725220 
262.472656 314.188660 
450.236725 294.223022 
171.254425 310.831329 
252.640259 294.399536 
260.553040 351.430481 
167.125076 423.016632 
159.575851 408.564209 
260.553040 351.430481 
425.601257 305.694275 
231.815384 341.057617 
183.999802 294.802429 
273.194427 291.413666 
305.822754 390.961182 
199.025589 320.003967 
261.107605 379.238647 
281.376953 396.902618 
293.783569 302.470734 
326.869812 336.362915 
419.409424 300.723969 
444.340210 302.241608 
427.265808 321.293518 
419.584259 285.262512 
467.887726 371.792511 
319.494446 352.519440 
284.921234 286.536530 
196.260483 394.061829 
288.435364 319.216522 
139.569962 401.748260 
305.822754 390.961182 
226.209976 343.480377 
290.958130 304.055786 
179.684921 302.126251 
167.343887 303.060944 
451.295898 323.111816 
270.626251 58.537205 
276.891937 385.822266 
429.818634 348.306091 
484.391632 318.793152 
396.840851 410.335449 
382.954712 429.012482 
168.747253 440.833893 
382.954712 429.012482 
286.966309 288.098541 
276.891937 385.822266 
301.799316 61.320885 
422.864990 286.490997 
296.154480 414.994354 
171.150452 440.492615 
