500
431.555573 262.419739 
425.741852 260.353363 
425.741852 260.353363 
457.487732 271.993225 
431.555573 262.419739 
414.741547 266.482208 
438.121399 260.057404 
414.741547 266.482208 
443.702515 248.277420 
446.402252 273.267914 
478.247192 246.428467 
446.402252 273.267914 
460.595001 270.750488 
460.595001 270.750488 
442.682648 259.307190 
414.741547 266.482208 
442.682648 259.307190 
443.702515 248.277420 
413.828796 245.092621 
478.247192 246.428467 
443.702515 248.277420 
480.464294 263.164398 
434.576050 255.779343 
442.682648 259.307190 
457.487732 271.993225 
91.040596 282.582977 
438.121399 260.057404 
438.121399 260.057404 
299.057648 272.977478 
507.601654 275.478455 
482.161011 245.639801 
132.904037 237.084106 
232.833572 195.338989 
481.861786 261.188202 
297.759155 273.261597 
481.861786 261.188202 
286.703674 253.278473 
482.161011 245.639801 
500.282074 271.324341 
286.703674 253.278473 
453.678253 304.641083 
443.433502 273.966461 
443.433502 273.966461 
232.833572 195.338989 
342.097961 248.337234 
481.877625 250.082092 
250.229324 186.531326 
255.765945 149.417969 
443.702515 248.277420 
342.097961 248.337234 
478.580902 251.749374 
83.944061 276.675476 
478.247192 246.428467 
339.489380 245.374344 
342.097961 248.337234 
461.369568 274.931946 
484.405518 267.343628 
451.533142 274.746643 
232.014191 173.279510 
406.791473 267.387177 
255.765945 149.417969 
285.876953 252.537521 
339.489380 245.374344 
457.650818 272.802063 
132.904037 237.084106 
251.814713 207.253250 
460.595001 270.750488 
438.121399 260.057404 
287.190735 262.570099 
327.933441 184.534927 
232.014191 173.279510 
424.487732 247.990417 
300.352600 266.075836 
154.613556 179.072388 
154.613556 179.072388 
247.511322 167.408813 
138.052002 298.438293 
497.092712 274.522125 
259.071350 158.909088 
442.682648 259.307190 
441.940613 292.391968 
239.131485 175.001770 
414.741547 266.482208 
414.741547 266.482208 
506.371033 275.860229 
268.654572 293.521240 
328.276428 269.266418 
453.695709 309.616028 
232.014191 173.279510 
481.861786 261.188202 
422.404266 246.110718 
446.402252 273.267914 
441.611938 314.343170 
441.611938 314.343170 
83.944061 276.675476 
331.735291 247.670425 
84.862396 281.144257 
469.379456 259.769012 
482.161011 245.639801 
285.073761 251.782501 
174.290237 129.308823 
232.833572 195.338989 
287.190735 262.570099 
232.833572 195.338989 
425.087097 350.821930 
132.515503 283.413727 
443.702515 248.277420 
327.933441 184.534927 
251.770874 300.814117 
458.090240 289.203217 
285.073761 251.782501 
500.282074 271.324341 
446.503387 285.947540 
287.190735 262.570099 
480.464294 263.164398 
287.190735 262.570099 
259.071350 158.909088 
244.173096 316.475464 
232.833572 195.338989 
298.650452 142.249039 
457.487732 271.993225 
287.190735 262.570099 
396.774902 263.687225 
472.095062 236.096512 
478.247192 246.428467 
231.753159 195.240707 
484.405518 267.343628 
482.694305 247.886658 
328.128052 243.718094 
361.257385 230.102844 
466.139069 241.777664 
153.417313 170.908752 
232.833572 195.338989 
138.052002 298.438293 
138.052002 298.438293 
132.515503 283.413727 
241.613083 190.510330 
133.306961 237.904068 
133.306961 237.904068 
443.702515 248.277420 
232.833572 195.338989 
443.702515 248.277420 
174.290237 129.308823 
250.229324 186.531326 
481.861786 261.188202 
328.070709 269.628723 
132.904037 237.084106 
432.428894 320.362396 
239.131485 175.001770 
443.702515 248.277420 
238.107559 198.821976 
159.213303 291.395691 
430.530548 329.091888 
157.995804 187.320404 
77.315781 223.041809 
328.128052 243.718094 
433.642517 276.585724 
342.097961 248.337234 
268.654572 293.521240 
442.682648 259.307190 
132.904037 237.084106 
415.965515 261.711639 
127.760605 243.383850 
443.007660 272.593353 
446.402252 273.267914 
324.808044 243.167999 
305.349762 179.501923 
249.753845 200.619537 
305.130737 143.467300 
328.070709 269.628723 
163.465225 179.282150 
247.151581 160.663574 
252.007919 300.286011 
480.464294 263.164398 
327.502289 259.626587 
405.230499 309.178894 
451.533142 274.746643 
231.753159 195.240707 
443.955566 234.580429 
455.083527 281.761597 
322.516113 162.153564 
252.266602 308.096802 
403.540100 260.019257 
232.833572 195.338989 
232.833572 195.338989 
481.877625 250.082092 
285.876953 252.537521 
403.540100 260.019257 
441.331055 255.653549 
482.245575 253.819244 
277.217255 192.734207 
443.433502 273.966461 
160.592026 196.091431 
232.014191 173.279510 
301.079926 201.167999 
334.601654 182.642365 
262.946381 158.649078 
299.057648 272.977478 
239.131485 175.001770 
457.487732 271.993225 
297.103424 191.149628 
415.997314 235.212646 
273.311371 175.439209 
167.913055 178.861298 
255.765945 149.417969 
107.833817 354.617401 
506.371033 275.860229 
461.659912 283.804260 
84.862396 281.144257 
175.369583 298.468964 
439.154053 274.605682 
458.054901 269.829224 
258.421661 160.726257 
273.311371 175.439209 
349.476288 222.153549 
327.502289 259.626587 
328.070709 269.628723 
328.070709 269.628723 
415.997314 235.212646 
262.946381 158.649078 
144.113907 307.167542 
160.592026 196.091431 
490.393860 259.324524 
490.393860 259.324524 
403.540100 260.019257 
453.678253 304.641083 
293.033142 244.998917 
300.352600 266.075836 
459.926117 290.730072 
232.833572 195.338989 
451.781158 319.582764 
159.085205 183.371841 
144.113907 307.167542 
433.642517 276.585724 
328.070709 269.628723 
257.745148 163.413162 
293.033142 244.998917 
273.311371 175.439209 
469.379456 259.769012 
466.139069 241.777664 
482.161011 245.639801 
305.130737 143.467300 
314.644623 187.462662 
314.644623 187.462662 
227.993942 192.497406 
461.369568 274.931946 
160.592026 196.091431 
232.014191 173.279510 
338.605408 254.959885 
443.383423 287.717163 
250.229324 186.531326 
403.540100 260.019257 
83.944061 276.675476 
167.913055 178.861298 
283.179504 322.537720 
252.266602 308.096802 
321.652161 158.430511 
144.113907 307.167542 
434.020630 322.897797 
328.276428 269.266418 
334.357513 181.063477 
239.131485 175.001770 
133.306961 237.904068 
167.059326 167.779892 
340.136902 248.393448 
240.381561 167.690109 
240.381561 167.690109 
232.014191 173.279510 
326.677643 246.110489 
491.029724 250.542252 
277.217255 192.734207 
409.345398 291.842712 
251.814713 207.253250 
355.510376 224.365585 
270.797577 160.175415 
251.814713 207.253250 
76.021431 276.994843 
76.021431 276.994843 
462.791016 255.888138 
144.113907 307.167542 
328.276428 269.266418 
327.933441 184.534927 
252.696686 261.954071 
251.343994 187.071686 
167.913055 178.861298 
322.675903 238.940903 
426.006622 281.596466 
144.902283 295.565186 
239.131485 175.001770 
277.217255 192.734207 
446.503387 285.947540 
252.266602 308.096802 
215.917923 189.533386 
127.450951 291.994202 
167.059326 167.779892 
262.946381 158.649078 
241.230789 307.377686 
322.675903 238.940903 
301.079926 201.167999 
464.792419 228.479279 
458.054901 269.829224 
297.103424 191.149628 
287.190735 262.570099 
83.944061 276.675476 
252.721558 202.343613 
155.754044 273.995789 
250.229324 186.531326 
247.511322 167.408813 
328.070709 269.628723 
270.797577 160.175415 
250.229324 186.531326 
175.369583 298.468964 
415.997314 235.212646 
211.879791 308.528046 
250.229324 186.531326 
251.770874 300.814117 
132.904037 237.084106 
267.581238 164.031540 
232.833572 195.338989 
408.682983 237.940140 
252.696686 261.954071 
342.097961 248.337234 
405.230499 309.178894 
231.900513 326.097870 
252.721558 202.343613 
322.675903 238.940903 
318.438690 247.066498 
164.554367 173.011185 
501.749451 264.617889 
453.568268 308.830383 
305.130737 143.467300 
316.611328 154.706558 
153.417313 170.908752 
328.276428 269.266418 
327.933441 184.534927 
251.770874 300.814117 
481.861786 261.188202 
469.379456 259.769012 
231.900513 326.097870 
224.208923 190.825287 
327.933441 184.534927 
364.005096 228.217438 
232.833572 195.338989 
232.833572 195.338989 
403.814667 294.929169 
252.266602 308.096802 
134.773819 227.284882 
328.276428 269.266418 
328.276428 269.266418 
473.490479 355.676270 
244.127991 204.671707 
132.904037 237.084106 
231.753159 195.240707 
167.059326 167.779892 
288.782959 133.821930 
166.603821 171.578415 
167.059326 167.779892 
363.164948 267.522461 
152.510208 163.418121 
249.787521 164.758774 
130.736130 335.955963 
96.599228 276.196503 
83.944061 276.675476 
411.024078 300.973389 
411.425262 302.129791 
426.162354 242.977890 
234.722580 326.222137 
441.331055 255.653549 
249.787521 164.758774 
277.217255 192.734207 
376.621094 263.302765 
505.917358 248.002121 
309.397247 129.404907 
241.613083 190.510330 
126.794853 297.097992 
468.255371 266.575378 
97.982056 346.035614 
249.753845 200.619537 
396.774902 263.687225 
396.774902 263.687225 
250.229324 186.531326 
434.478882 317.272461 
338.605408 254.959885 
282.457550 307.078278 
328.063965 240.585999 
415.997314 235.212646 
273.311371 175.439209 
480.464294 263.164398 
412.806946 232.120544 
431.662628 274.034973 
236.070480 167.256592 
170.760880 138.397797 
132.904037 237.084106 
282.457550 307.078278 
250.229324 186.531326 
364.154877 231.721832 
328.982025 243.776932 
315.750854 162.289001 
232.833572 195.338989 
241.613083 190.510330 
352.458130 219.141113 
235.315720 147.848083 
241.230789 307.377686 
253.082230 316.137299 
251.814713 207.253250 
326.724670 266.042175 
396.774902 263.687225 
116.188026 370.950867 
426.417450 237.502411 
285.876953 252.537521 
156.170212 171.782730 
250.229324 186.531326 
301.142090 131.310959 
476.900024 285.326141 
250.229324 186.531326 
342.097961 248.337234 
167.913055 178.861298 
241.613083 190.510330 
484.922119 240.946152 
249.753845 200.619537 
328.719025 176.904144 
71.088135 229.465225 
167.913055 178.861298 
458.090240 289.203217 
340.137207 87.605057 
340.137207 87.605057 
466.775238 292.788910 
431.662628 274.034973 
321.659821 215.051819 
321.659821 215.051819 
443.702515 248.277420 
447.070404 317.709015 
227.993942 192.497406 
312.196259 237.399933 
238.107559 198.821976 
462.915497 368.399475 
285.876953 252.537521 
255.765945 149.417969 
91.040596 282.582977 
396.774902 263.687225 
403.814667 294.929169 
406.637451 258.832306 
155.788437 158.743210 
293.033142 244.998917 
252.696686 261.954071 
472.757904 263.334961 
250.229324 186.531326 
451.781158 319.582764 
349.476288 222.153549 
239.131485 175.001770 
484.922119 240.946152 
457.650818 272.802063 
426.417450 237.502411 
76.021431 276.994843 
453.678253 304.641083 
124.399963 297.462402 
214.258804 307.801117 
447.070404 317.709015 
231.753159 195.240707 
250.229324 186.531326 
293.033142 244.998917 
134.773819 227.284882 
469.485657 270.308258 
326.677643 246.110489 
134.773819 227.284882 
481.312378 256.386475 
309.184265 193.730362 
153.417313 170.908752 
228.339340 166.352097 
431.662628 274.034973 
431.662628 274.034973 
235.549683 237.633667 
321.659821 215.051819 
287.190735 262.570099 
273.311371 175.439209 
134.773819 227.284882 
304.221466 352.391968 
285.876953 252.537521 
426.417450 237.502411 
252.721558 202.343613 
327.933441 184.534927 
47.021854 235.042572 
232.833572 195.338989 
116.188026 370.950867 
236.845947 159.969788 
473.490479 355.676270 
287.398743 130.418625 
364.005096 228.217438 
160.592026 196.091431 
129.728241 288.569946 
129.728241 288.569946 
253.792770 316.410706 
252.721558 202.343613 
232.833572 195.338989 
332.370239 242.843460 
325.481110 180.455536 
227.993942 192.497406 
317.690674 216.553131 
231.753159 195.240707 
241.613083 190.510330 
