500
392.253265 390.279602 
293.835876 265.149780 
418.733673 228.432098 
293.072998 265.480408 
420.224854 228.400513 
290.602478 264.308136 
412.924469 229.103012 
167.148773 358.505463 
289.884949 264.094757 
144.964645 295.085327 
157.871841 343.858063 
248.242371 331.843353 
236.753830 213.997253 
94.874336 317.723511 
94.989006 317.818146 
263.407043 351.104950 
140.854721 309.947510 
140.876541 309.769440 
265.508423 352.481445 
205.847992 344.573761 
118.079704 360.485474 
291.446747 267.140533 
105.602036 366.053406 
168.934311 358.105103 
169.384827 358.093140 
224.495041 238.912521 
407.555786 229.525131 
441.131744 198.994675 
329.268341 242.898239 
417.463348 229.224258 
94.999809 317.161133 
475.469971 194.861237 
472.971191 192.587036 
429.653961 221.737976 
440.862640 201.382996 
459.326447 192.087021 
288.355774 194.537415 
148.502716 355.251404 
180.871384 352.947479 
277.151093 321.404083 
449.728516 207.182205 
229.387512 340.233215 
430.991577 222.423874 
159.069122 344.441101 
329.787415 241.477295 
238.871078 327.525055 
290.013855 307.430389 
223.787094 229.705475 
442.756683 209.873672 
408.516357 227.614761 
343.155396 242.046066 
385.506989 388.852295 
336.078064 263.015656 
230.889572 337.555359 
129.929016 346.459656 
328.930328 241.075256 
118.771545 360.176239 
203.799118 346.088409 
405.744080 231.668915 
412.948944 222.443085 
150.424469 245.650299 
257.983459 224.956467 
156.859680 235.825073 
153.054504 237.520538 
342.228333 213.336273 
277.118378 319.964813 
283.830902 336.298309 
141.816086 304.102295 
418.688660 232.780334 
419.208984 232.677444 
439.715118 206.709900 
253.056992 329.753937 
476.443207 210.209229 
479.391998 207.700485 
215.882553 188.698410 
157.158630 355.677551 
187.810043 343.291260 
409.130341 226.773300 
298.079773 265.267181 
347.521667 214.713257 
340.629303 239.338165 
111.264595 358.983551 
238.754730 183.500412 
245.896713 231.918381 
292.807129 200.391083 
424.614136 234.329758 
432.838196 223.042953 
154.815536 357.406891 
137.697983 307.589325 
495.669281 216.525818 
403.544800 229.720947 
258.032715 226.228745 
339.992523 238.847870 
337.346588 264.702881 
283.415741 335.672760 
229.090988 193.150406 
138.847809 219.540527 
264.564087 283.646912 
342.974915 248.351608 
286.095032 188.703186 
255.727020 155.115356 
256.416321 155.375732 
482.200562 208.129578 
262.757385 348.520966 
444.152191 217.529251 
224.722977 228.605118 
129.971649 350.693451 
229.187378 193.955307 
96.997047 337.415680 
338.268005 266.947113 
338.097382 267.024475 
92.356453 349.875519 
277.358643 318.034393 
359.670715 218.735321 
169.854462 358.218079 
327.444763 242.615799 
154.629547 249.807922 
433.092773 216.191467 
264.606079 220.402100 
336.621826 242.453476 
445.319153 214.910843 
238.560867 182.934814 
270.992432 332.340576 
149.909515 241.834595 
278.191437 204.248642 
275.502258 337.885132 
440.333740 200.796509 
348.103546 250.020752 
296.922455 254.368729 
232.246918 190.523453 
276.665527 206.636459 
422.766235 270.293579 
438.998138 200.919327 
259.798096 230.915665 
228.482346 229.328751 
131.289047 352.136749 
447.424133 196.111877 
92.273422 350.610199 
283.500732 126.528732 
445.156433 195.985825 
155.918762 253.701309 
300.208954 338.536713 
337.865631 260.231842 
174.991211 351.859558 
271.115631 330.809509 
216.781448 246.309509 
217.147476 245.951736 
105.462227 358.172729 
251.569397 330.376740 
406.017578 226.780914 
274.593597 330.095123 
477.616577 200.449936 
154.168671 254.417450 
444.037384 192.521576 
149.143539 200.068558 
266.480011 281.557129 
244.346237 339.794830 
256.686829 195.607056 
483.046143 210.592773 
469.046783 193.166885 
149.064896 201.305008 
447.103516 193.067688 
144.957062 354.162292 
236.434601 178.818359 
162.009460 359.982849 
457.034637 252.933212 
277.954132 316.842102 
311.918945 241.095154 
322.310822 238.937820 
156.720322 248.124557 
421.994202 232.669220 
156.084076 236.719162 
256.873901 197.485184 
144.300552 290.026062 
135.155243 313.360687 
237.628998 189.552307 
163.547180 348.080933 
473.226471 191.528610 
309.483643 345.343719 
129.744049 349.987610 
267.437561 155.548752 
344.335663 240.859207 
300.392975 338.348663 
478.496979 207.500641 
322.834015 336.758362 
438.124786 218.982147 
326.548431 341.158569 
502.595276 214.078186 
444.737213 196.528961 
334.703094 253.291885 
286.551636 265.061310 
234.962738 186.864227 
400.218170 237.097610 
400.301025 236.820160 
95.352943 344.733612 
514.521362 215.660385 
91.564331 329.835907 
453.380463 231.897324 
246.267273 187.612473 
213.095200 236.570175 
349.027679 250.185608 
155.845978 353.763550 
283.885529 217.539230 
224.234619 228.316132 
152.880661 228.374283 
294.982117 163.270966 
97.904732 344.235321 
139.824249 306.077972 
276.389801 329.970612 
175.119980 357.206207 
228.275467 335.456573 
278.889557 208.209000 
217.042404 224.995911 
229.880875 334.217041 
298.077087 336.358917 
183.070358 329.747833 
286.379883 307.200012 
321.234406 336.869720 
279.422089 327.707245 
153.644501 228.653061 
254.931595 151.082367 
225.340073 191.089798 
271.679596 154.417725 
322.303009 341.533569 
237.476105 189.229248 
356.598206 219.583649 
104.891609 358.638428 
217.751556 227.601089 
455.690308 243.086426 
100.939125 353.330231 
280.485474 314.904236 
429.767059 202.466522 
264.210205 283.782379 
232.099487 176.402374 
227.957962 197.168549 
248.387451 184.722076 
338.412262 268.123260 
479.454834 204.965393 
176.130936 356.870575 
112.247520 331.191132 
215.821045 208.454163 
234.052368 186.844788 
416.836914 261.113037 
273.790741 155.310440 
482.965668 204.144958 
313.609283 181.475815 
428.527954 302.306549 
220.875183 200.060715 
221.469376 200.330612 
249.066437 184.639572 
334.575378 250.391586 
476.079529 184.352997 
97.632317 337.033020 
158.394821 248.543594 
416.611938 192.561844 
233.482452 335.916534 
448.416779 310.961243 
235.760849 192.030594 
160.369324 344.687012 
153.580780 341.965363 
145.280746 185.281174 
424.011810 269.842285 
227.082504 189.261261 
143.413666 229.467377 
315.023590 229.914536 
332.179413 238.464096 
234.803787 175.577850 
115.265945 347.821259 
286.518768 265.854187 
476.886200 185.914627 
243.263123 327.784302 
141.652298 291.536804 
419.711548 201.916061 
452.859650 178.872452 
416.721466 199.691833 
203.508667 191.379761 
325.141846 227.763016 
466.145966 207.142761 
416.237305 261.594849 
428.612762 300.985748 
285.440918 326.812775 
141.853683 357.794373 
341.082001 237.221695 
229.199844 195.374512 
162.561829 344.678345 
415.893463 206.184464 
440.915924 189.734283 
438.820221 223.463730 
213.835129 236.299408 
137.134506 304.950195 
220.584824 185.872406 
488.975403 194.954147 
156.980957 348.603424 
157.308762 349.244690 
237.224060 182.103546 
313.912750 364.059143 
298.064026 193.100067 
297.512817 193.124481 
213.933197 225.113586 
287.366882 198.124771 
437.175903 191.928864 
427.550934 302.056549 
402.895203 236.330093 
275.489380 206.318069 
436.332794 226.580765 
155.033661 227.395874 
240.558456 324.375427 
344.504150 244.966599 
294.072021 253.359009 
213.365311 227.407654 
345.499237 260.967224 
214.753464 207.627533 
287.565002 212.162613 
145.829193 188.398727 
298.578064 165.676605 
498.542267 299.490753 
280.849182 331.136444 
382.352875 243.046265 
222.061600 203.756821 
154.457703 349.265045 
488.659576 197.813354 
416.711823 193.745270 
260.980621 154.895264 
226.424377 235.928513 
409.789520 256.887695 
409.823242 257.302277 
339.629089 269.998260 
313.334686 180.378937 
268.198914 146.101501 
448.348572 216.112732 
280.938660 202.224579 
284.763519 157.767471 
310.561890 342.239441 
207.356964 193.788300 
151.294128 204.180603 
291.116333 186.837341 
212.991806 206.734222 
136.680145 217.683456 
273.146515 244.093445 
344.725525 261.807129 
116.228767 346.046112 
273.473755 245.118408 
230.992279 228.521759 
210.673325 196.873795 
147.688766 183.587692 
159.728729 234.869476 
191.597198 303.157257 
110.230438 355.415344 
480.698212 198.632751 
460.109894 223.441711 
487.472534 199.996902 
504.181641 296.532776 
401.303070 220.344070 
124.073280 358.581329 
164.439911 344.420197 
272.889160 242.952789 
282.265472 334.434967 
380.840485 242.874969 
272.651001 143.708038 
159.760101 231.792145 
438.664948 254.334351 
438.886658 253.850357 
304.736542 322.001526 
106.913246 353.428986 
373.184052 242.045959 
267.910004 144.536240 
207.885635 236.283218 
248.764053 236.464432 
482.839203 191.689438 
156.777344 244.678955 
309.479492 341.615753 
220.663010 230.949524 
456.580750 212.277695 
160.453491 226.985352 
94.124992 358.003601 
318.804321 362.654358 
224.701218 190.437866 
408.675995 257.622620 
337.145081 324.055054 
304.817841 182.851562 
452.379303 210.324860 
454.966095 201.647659 
147.502335 183.423813 
264.181122 232.427567 
476.164917 183.115250 
454.216064 202.652359 
485.265594 194.785385 
443.379181 221.279144 
443.335907 220.590134 
307.286835 341.231964 
484.797760 193.085327 
246.270279 212.751312 
98.161324 316.961182 
305.376282 330.060059 
499.867218 298.485077 
455.405304 200.519882 
505.428192 239.228439 
95.085289 324.914062 
311.756226 322.241821 
204.949081 192.177109 
279.952209 208.148148 
336.647644 210.054214 
459.509827 220.808990 
137.202728 216.591888 
247.427948 235.573318 
309.284515 185.201736 
506.246124 213.313507 
150.704926 206.784088 
146.678329 188.414856 
333.177124 248.299347 
153.642807 224.463074 
85.591255 314.312164 
483.461273 190.355270 
156.323822 256.482849 
289.978851 308.051697 
280.945648 155.612823 
448.063782 223.600327 
447.259308 224.446945 
232.978027 219.450806 
444.916168 284.736786 
208.493225 190.537430 
256.950317 148.536880 
225.314331 199.376740 
151.828979 203.992584 
302.302216 198.653412 
223.130936 201.081848 
158.321884 244.900146 
282.219696 194.875641 
464.767517 224.417969 
422.377289 195.807526 
437.614716 186.050339 
268.311707 327.435455 
243.310181 174.943420 
242.838516 174.708389 
455.625458 219.855743 
436.197662 185.156250 
498.888885 270.644104 
454.004517 197.295837 
162.029678 340.988892 
342.628479 214.159790 
330.993652 259.761566 
106.468155 339.161316 
309.510864 180.676666 
257.836914 149.130630 
256.719116 229.286301 
232.409409 236.586685 
269.474304 217.908569 
405.923157 214.109802 
249.569305 172.178528 
241.950378 190.879517 
465.590759 224.269592 
509.031677 208.939148 
285.875458 215.350189 
388.214417 248.434021 
402.172668 214.032516 
136.771866 302.987122 
310.490570 269.410095 
155.960251 348.822083 
313.109528 227.775177 
158.360550 227.694397 
244.765274 226.597412 
457.462158 212.850571 
255.216522 236.286880 
460.489410 206.868530 
107.547951 339.163757 
233.652771 228.438461 
258.718750 195.151413 
266.319733 143.737717 
160.762009 233.471954 
347.606354 231.717026 
306.998871 178.043091 
340.178741 277.021362 
303.150879 202.586456 
232.588531 349.782196 
269.861572 216.663574 
514.719055 217.582260 
424.241974 192.043777 
267.515167 219.687775 
336.958557 320.503540 
415.159454 199.998611 
171.922699 332.584015 
335.565430 203.847122 
402.649292 259.199219 
492.860779 313.468048 
149.352554 183.643234 
214.794708 222.964828 
303.812622 183.273132 
314.019531 217.237885 
246.188156 181.979462 
469.155701 214.632385 
209.797958 203.800400 
245.524445 227.177521 
96.163383 327.721741 
428.378082 302.627380 
156.706116 225.918671 
462.495209 187.076187 
227.807236 177.758682 
360.613831 215.802948 
210.084167 235.284134 
214.061234 222.645111 
