500
161.297592 190.399460 
156.465027 172.974258 
164.201416 187.232254 
156.022003 191.587143 
156.022003 191.587143 
162.767548 192.798370 
166.015488 191.184448 
394.829529 194.801743 
398.136963 299.130280 
224.798676 227.886948 
164.201416 187.232254 
150.954910 195.467575 
140.979111 173.452759 
394.829529 194.801743 
156.022003 191.587143 
398.136963 299.130280 
566.978760 245.937378 
355.283356 295.648193 
398.136963 299.130280 
395.073853 320.605713 
166.015488 191.184448 
398.136963 299.130280 
304.064484 316.297882 
217.130417 200.823273 
151.747467 173.930328 
151.747467 173.930328 
395.073853 320.605713 
181.626572 165.594788 
150.954910 195.467575 
398.136963 299.130280 
231.251968 197.772064 
231.251968 197.772064 
322.737762 286.849426 
156.022003 191.587143 
140.979111 173.452759 
398.136963 299.130280 
200.099213 210.105789 
217.130417 200.823273 
387.778778 165.835052 
312.747528 234.941498 
231.251968 197.772064 
194.144196 183.244232 
327.565857 292.772186 
510.166290 269.830078 
510.166290 269.830078 
150.954910 195.467575 
544.879639 240.926682 
174.312241 199.159088 
387.307373 318.392975 
387.778778 165.835052 
323.305939 218.681824 
217.130417 200.823273 
181.626572 165.594788 
398.136963 299.130280 
204.401352 185.162476 
217.130417 200.823273 
344.397278 341.707947 
398.136963 299.130280 
398.136963 299.130280 
355.283356 295.648193 
366.569977 340.121948 
236.875946 219.170822 
559.479004 244.952637 
500.144806 284.894592 
357.181030 312.527222 
344.397278 341.707947 
482.037842 229.891418 
387.847656 318.481720 
226.664719 193.505966 
187.768219 171.908615 
192.073135 232.448547 
383.765076 305.048035 
206.227585 218.369202 
176.911026 212.353195 
212.458817 208.908310 
383.765076 305.048035 
312.747528 234.941498 
153.795853 146.485886 
323.305939 218.681824 
364.417755 339.859100 
395.073853 320.605713 
146.666229 190.769653 
281.876770 254.320480 
155.376358 143.797485 
155.376358 143.797485 
394.829529 194.801743 
217.955002 212.333817 
175.686432 148.484985 
281.876770 254.320480 
231.276932 209.515488 
444.210876 374.792786 
204.678253 231.299591 
156.022003 191.587143 
157.425034 187.664734 
559.479004 244.952637 
399.913574 181.957077 
318.304016 300.198669 
358.425751 174.115479 
224.798676 227.886948 
155.376358 143.797485 
387.778778 165.835052 
190.723007 216.080872 
308.417358 235.602600 
186.785751 181.160019 
450.870392 200.556534 
395.073853 320.605713 
155.376358 143.797485 
413.032898 286.712616 
413.032898 286.712616 
357.181030 312.527222 
379.405853 304.771027 
559.479004 244.952637 
218.440399 206.278931 
316.220703 219.121918 
545.410461 264.771576 
441.011475 374.662598 
562.236694 267.190521 
318.304016 300.198669 
194.144196 183.244232 
312.747528 234.941498 
138.140717 156.827362 
547.023010 247.151779 
219.894730 221.807571 
312.747528 234.941498 
318.304016 300.198669 
229.751297 204.031326 
209.816010 204.531586 
402.360809 302.840515 
496.578674 219.837479 
450.870392 200.556534 
317.406250 287.297363 
323.305939 218.681824 
202.796051 203.457321 
387.847656 318.481720 
181.439240 199.289047 
502.301575 215.415909 
192.073135 232.448547 
204.401352 185.162476 
379.662109 196.081665 
562.774597 266.965576 
187.803574 189.503738 
387.847656 318.481720 
202.796051 203.457321 
200.099213 210.105789 
401.259918 300.614105 
212.458817 208.908310 
150.954910 195.467575 
231.276932 209.515488 
228.691010 208.065506 
217.130417 200.823273 
194.144196 183.244232 
194.144196 183.244232 
366.899445 155.943359 
318.892212 345.039520 
380.047333 287.791656 
229.751297 204.031326 
224.798676 227.886948 
316.220703 219.121918 
559.479004 244.952637 
441.011475 374.662598 
314.778442 213.481674 
394.829529 194.801743 
165.124008 206.359863 
340.978973 287.561218 
355.283356 295.648193 
221.668671 219.600952 
284.764252 255.040390 
510.166290 269.830078 
340.978973 287.561218 
402.862610 303.030182 
223.508331 233.643692 
356.759216 327.398071 
379.501007 288.613342 
187.768219 171.908615 
389.719360 336.902100 
221.668671 219.600952 
553.472168 266.256683 
441.011475 374.662598 
352.870270 330.563019 
379.501007 288.613342 
379.662109 196.081665 
314.629333 267.374390 
508.065308 232.460526 
347.856323 211.027649 
353.725891 328.776062 
308.348083 235.029755 
480.050385 314.884827 
510.166290 269.830078 
312.747528 234.941498 
444.210876 374.792786 
232.307831 219.570526 
340.978973 287.561218 
206.227585 218.369202 
379.662109 196.081665 
500.144806 284.894592 
500.144806 284.894592 
373.877594 329.095825 
346.446136 211.108871 
184.004120 232.072906 
183.079956 210.658127 
510.166290 269.830078 
314.629333 267.374390 
346.446136 211.108871 
158.203003 181.829620 
395.073853 320.605713 
340.978973 287.561218 
383.398682 284.917297 
323.770172 301.960907 
150.954910 195.467575 
304.064484 316.297882 
323.305939 218.681824 
379.405853 304.771027 
387.984589 165.360428 
340.978973 287.561218 
183.079956 210.658127 
199.469193 205.344513 
366.569977 340.121948 
510.166290 269.830078 
366.899445 155.943359 
183.079956 210.658127 
556.541626 173.846848 
226.722351 214.982361 
332.053406 281.469757 
204.049927 195.222031 
567.583618 266.977875 
567.583618 266.977875 
187.711121 234.934769 
383.398682 284.917297 
401.963959 257.347839 
394.322083 332.858093 
175.686432 148.484985 
165.124008 206.359863 
388.874176 325.789215 
398.136963 299.130280 
379.405853 304.771027 
166.015488 191.184448 
186.785751 181.160019 
500.144806 284.894592 
387.847656 318.481720 
315.251740 217.956665 
285.547882 291.877991 
190.540466 224.567047 
386.963531 345.417877 
340.978973 287.561218 
509.211670 227.654678 
362.149811 329.923645 
190.540466 224.567047 
209.816010 204.531586 
209.816010 204.531586 
322.737762 286.849426 
181.626572 165.594788 
362.149811 329.923645 
396.116577 339.845001 
346.446136 211.108871 
175.686432 148.484985 
365.537201 330.431458 
508.987152 231.239182 
296.031036 295.471252 
402.360809 302.840515 
299.717896 227.965042 
138.934296 200.973663 
202.796051 203.457321 
299.717896 227.965042 
218.945160 206.082962 
500.144806 284.894592 
194.144196 183.244232 
316.087677 354.868134 
441.011475 374.662598 
366.209198 325.134827 
379.405853 304.771027 
383.398682 284.917297 
510.166290 269.830078 
362.149811 329.923645 
469.422119 335.472534 
340.978973 287.561218 
441.011475 374.662598 
231.276932 209.515488 
507.263550 228.151260 
373.877594 329.095825 
194.144196 183.244232 
190.540466 224.567047 
380.047333 287.791656 
175.373993 226.453033 
279.581146 212.627457 
362.149811 329.923645 
384.090851 278.893707 
239.588028 206.289169 
312.747528 234.941498 
158.170685 145.514511 
361.607361 335.909912 
378.556732 304.033508 
355.283356 295.648193 
312.860779 347.920776 
355.283356 295.648193 
176.598694 225.554916 
196.388504 182.836746 
396.116577 339.845001 
366.209198 325.134827 
551.069641 246.147385 
184.634399 234.641983 
553.988708 285.540375 
508.987152 231.239182 
487.889587 218.010498 
402.708160 184.702560 
369.566345 327.110840 
402.708160 184.702560 
340.978973 287.561218 
380.047333 287.791656 
380.047333 287.791656 
370.796478 327.023254 
308.417358 235.602600 
221.118591 144.077042 
196.388504 182.836746 
379.405853 304.771027 
166.015488 191.184448 
190.649185 187.993027 
338.348846 287.986969 
304.064484 316.297882 
210.376389 161.744507 
342.104431 144.754456 
300.952240 218.425980 
275.190369 239.108276 
566.978760 245.937378 
362.149811 329.923645 
306.073395 224.441101 
338.348846 287.986969 
502.409210 219.178543 
340.978973 287.561218 
384.090851 278.893707 
378.556732 304.033508 
544.647888 146.506210 
268.470581 207.205551 
281.876770 254.320480 
187.768219 171.908615 
239.588028 206.289169 
231.276932 209.515488 
553.515747 285.047943 
553.515747 285.047943 
323.305939 218.681824 
383.398682 284.917297 
216.326584 227.590347 
394.829529 194.801743 
354.663177 324.058350 
359.250885 168.115891 
165.124008 206.359863 
370.796478 327.023254 
178.408844 188.201004 
358.425751 174.115479 
510.166290 269.830078 
340.978973 287.561218 
354.663177 324.058350 
216.326584 227.590347 
441.011475 374.662598 
379.405853 304.771027 
348.650482 210.805771 
247.476059 174.417679 
327.468781 243.897476 
355.561462 335.848846 
395.073853 320.605713 
314.778442 213.481674 
242.232559 52.731430 
188.152588 163.294617 
221.118591 144.077042 
179.873947 232.208450 
379.405853 304.771027 
441.011475 374.662598 
365.922150 284.765686 
164.820023 200.037445 
497.381866 212.212494 
403.727417 306.505585 
459.117126 326.769714 
301.312317 227.912292 
173.184540 168.004303 
150.954910 195.467575 
547.480652 170.544830 
216.326584 227.590347 
200.288086 182.182892 
383.398682 284.917297 
167.665665 120.291367 
167.665665 120.291367 
183.067596 206.499069 
192.073135 232.448547 
314.778442 213.481674 
383.765076 305.048035 
224.306808 168.936417 
224.306808 168.936417 
370.796478 327.023254 
296.663605 258.254974 
158.950668 152.061371 
355.283356 295.648193 
190.649185 187.993027 
402.360809 302.840515 
200.509598 234.326538 
183.067596 206.499069 
358.310211 323.938354 
458.791473 332.467926 
179.275131 160.152069 
216.326584 227.590347 
314.778442 213.481674 
314.778442 213.481674 
239.535110 220.595978 
216.326584 227.590347 
384.090851 278.893707 
511.825073 214.462402 
340.978973 287.561218 
394.829529 194.801743 
223.508331 233.643692 
467.905304 324.365021 
160.705444 149.134811 
383.765076 305.048035 
188.152588 163.294617 
183.067596 206.499069 
163.969528 195.852966 
567.841553 250.825867 
301.312317 227.912292 
401.963959 257.347839 
500.144806 284.894592 
383.398682 284.917297 
566.958618 256.095184 
340.978973 287.561218 
502.558838 229.577667 
366.569977 340.121948 
387.984589 165.360428 
177.680893 167.749313 
459.117126 326.769714 
374.693787 339.449554 
441.011475 374.662598 
250.304459 181.271149 
250.304459 181.271149 
370.829742 126.599419 
383.765076 305.048035 
149.882202 203.571609 
353.725891 328.776062 
150.954910 195.467575 
373.877594 329.095825 
210.286224 178.219528 
500.144806 284.894592 
300.952240 218.425980 
314.778442 213.481674 
380.047333 287.791656 
247.476059 174.417679 
299.717896 227.965042 
200.509598 234.326538 
327.565857 292.772186 
196.388504 182.836746 
459.338928 334.451996 
398.136963 299.130280 
149.882202 203.571609 
500.144806 284.894592 
296.031036 295.471252 
363.217957 260.283936 
363.217957 260.283936 
393.991150 336.474243 
379.405853 304.771027 
426.523682 196.018082 
221.118591 144.077042 
285.547882 291.877991 
314.629333 267.374390 
314.629333 267.374390 
296.031036 295.471252 
510.166290 269.830078 
419.066986 301.754822 
301.312317 227.912292 
510.166290 269.830078 
379.501007 288.613342 
387.984589 165.360428 
167.665665 120.291367 
379.501007 288.613342 
146.666229 190.769653 
179.275131 160.152069 
357.181030 312.527222 
222.255493 215.299026 
401.259918 300.614105 
310.006317 314.804321 
279.581146 212.627457 
296.663605 258.254974 
164.820023 200.037445 
355.561462 335.848846 
355.561462 335.848846 
392.522461 293.223267 
140.979111 173.452759 
316.861267 209.574463 
561.752380 263.530884 
379.405853 304.771027 
186.823700 216.843079 
563.034363 277.145050 
303.662231 86.112228 
459.117126 326.769714 
380.047333 287.791656 
212.614227 193.935730 
321.018707 340.813354 
378.501129 324.034546 
378.501129 324.034546 
334.591034 292.408966 
378.501129 324.034546 
294.897156 216.091919 
348.650482 210.805771 
292.416779 300.299500 
397.420044 328.294830 
397.420044 328.294830 
