500
283.196899 242.103775 
165.774200 145.808594 
165.774200 145.808594 
163.689407 143.030716 
454.763428 336.156677 
215.602798 149.585602 
347.085785 222.709473 
346.234314 223.681503 
537.773071 303.780823 
369.153015 180.720688 
319.180725 282.106659 
399.695068 178.855057 
370.177704 335.280334 
370.177704 335.280334 
504.968079 244.192719 
163.327942 171.475983 
307.126556 291.126038 
307.126556 291.126038 
513.252930 248.227753 
219.673187 152.766006 
549.987732 278.105347 
339.121796 314.977020 
166.951233 163.949997 
357.366974 291.880066 
218.026718 152.462204 
452.023590 348.158997 
286.475677 246.124435 
505.525208 243.720612 
430.899231 216.283447 
226.138519 169.706192 
372.646759 328.873016 
417.496124 194.187698 
293.463013 319.179199 
179.950089 126.223358 
359.591888 335.070496 
485.626923 269.491211 
283.183044 253.100220 
241.792877 189.947418 
189.491379 159.759766 
459.832550 344.254852 
523.198059 280.565216 
374.026031 337.370483 
455.502350 358.510956 
549.987732 278.105347 
357.495331 239.420532 
355.800354 239.168396 
370.927551 175.829132 
183.894165 140.904068 
218.937225 176.967133 
404.084900 195.968292 
339.121796 314.977020 
546.507019 290.695099 
454.763428 336.156677 
565.148071 281.938354 
314.910980 288.071930 
349.603302 347.169373 
279.105164 232.944656 
558.543884 309.850006 
558.543884 309.850006 
356.950867 240.895630 
500.958954 261.572052 
315.117004 296.237396 
331.232483 291.685944 
511.407318 263.869202 
172.550888 171.996933 
314.910980 288.071930 
225.093063 167.177185 
235.626022 184.835617 
339.121796 314.977020 
359.591888 335.070496 
561.888000 288.797180 
507.881836 260.164490 
430.899231 216.283447 
374.520844 334.802124 
222.286301 149.949417 
193.149979 152.483093 
155.492661 142.940948 
359.591888 335.070496 
372.720764 294.296814 
220.462662 137.199112 
497.415588 250.377319 
199.202057 128.409821 
414.328705 202.017883 
399.695068 178.855057 
207.302628 154.517212 
555.364197 271.597412 
319.180725 282.106659 
193.149979 152.483093 
454.763428 336.156677 
300.133789 347.004456 
404.932739 206.122177 
325.513275 294.562866 
417.230774 203.759979 
286.138336 247.223465 
287.803528 253.786530 
231.214401 128.624084 
451.082306 359.376923 
442.243958 349.465027 
297.460571 314.277161 
177.062485 121.499916 
417.230774 203.759979 
490.153290 264.521698 
234.781006 215.982971 
377.162079 344.347351 
557.180298 304.142365 
276.043060 231.827744 
308.412201 247.195541 
300.464996 322.412292 
212.262390 176.254837 
212.262390 176.254837 
511.407318 263.869202 
288.848480 292.959717 
432.785706 215.347275 
240.897095 193.510941 
546.439026 286.412720 
294.432739 345.442322 
174.076401 117.235367 
293.318481 289.519135 
410.687622 199.863602 
181.850739 135.623428 
454.763428 336.156677 
209.142975 138.126740 
451.082306 359.376923 
253.729065 126.649590 
369.153015 180.720688 
279.035034 244.586716 
521.835205 256.071533 
460.739594 344.040649 
296.267181 317.148621 
184.181885 165.862640 
253.982574 160.663315 
331.232483 291.685944 
246.700089 118.735405 
351.568085 332.391907 
222.852646 160.261414 
286.063660 250.695847 
309.425598 297.060669 
300.133789 347.004456 
511.407318 263.869202 
240.897095 193.510941 
200.246399 148.045288 
201.830933 212.764526 
499.226624 243.580292 
316.734650 239.163147 
464.778320 340.745117 
224.260895 143.831345 
200.279846 164.329056 
350.812714 331.219910 
403.506897 302.476227 
403.506897 302.476227 
506.556610 265.292480 
337.907562 333.193176 
370.927551 175.829132 
280.920746 282.600708 
226.915222 123.098587 
226.915222 123.098587 
203.632141 143.608932 
345.012970 300.418610 
442.243958 349.465027 
370.010864 347.182404 
165.516815 177.432556 
226.408020 186.329056 
513.252930 248.227753 
513.252930 248.227753 
408.695953 196.786530 
205.163498 124.025558 
518.127075 250.766296 
176.946182 158.183762 
293.318481 289.519135 
225.400436 189.264511 
374.928680 333.173889 
173.506836 180.154160 
339.490051 328.800018 
268.029388 172.831528 
301.150146 335.619385 
200.279846 164.329056 
199.202057 128.409821 
241.792877 189.947418 
226.408020 186.329056 
295.424103 316.885712 
345.896820 335.848236 
244.658279 125.799629 
199.202057 128.409821 
356.950867 240.895630 
301.150146 335.619385 
194.719101 197.834320 
286.749084 289.028229 
357.366974 291.880066 
169.764435 176.719055 
203.632141 143.608932 
191.690811 147.997879 
202.174911 150.562408 
202.174911 150.562408 
377.162079 344.347351 
226.408020 186.329056 
279.035034 244.586716 
401.729828 208.532700 
382.879181 306.378082 
200.023209 133.934723 
409.283966 194.017487 
319.180725 282.106659 
543.096191 324.805878 
543.096191 324.805878 
218.046371 186.585480 
191.690811 147.997879 
201.183685 165.028397 
333.392181 281.081604 
623.204407 338.382050 
159.631393 167.511444 
184.181885 165.862640 
215.485291 168.751999 
215.485291 168.751999 
590.529785 284.577118 
237.618698 194.368744 
232.033173 127.566063 
254.269928 190.601303 
345.896820 335.848236 
410.687622 199.863602 
193.666656 124.583611 
288.368713 301.960358 
446.253998 350.674255 
275.893616 352.270416 
315.607788 233.613998 
357.366974 291.880066 
310.131470 298.903717 
177.384613 116.090843 
224.520447 194.962769 
202.156219 202.649216 
339.490051 328.800018 
507.674438 264.261719 
308.123016 298.646759 
543.096191 324.805878 
294.420166 325.984894 
314.910980 288.071930 
530.227356 265.630157 
367.015930 346.718811 
197.947708 173.707932 
438.177307 223.565750 
313.601410 233.590286 
372.418457 301.443726 
499.026337 257.031647 
202.174911 150.562408 
236.551788 163.881393 
155.167114 126.816704 
300.133789 347.004456 
169.803146 172.487671 
274.754608 198.595596 
193.250183 194.036331 
216.758881 134.243500 
379.973755 333.108093 
161.573624 176.409348 
386.871155 206.986053 
203.085968 189.232605 
278.377411 289.266479 
177.224075 162.126282 
184.181885 165.862640 
345.896820 335.848236 
546.507019 290.695099 
370.177704 335.280334 
203.085968 189.232605 
164.365311 183.755936 
201.305664 194.514236 
349.394714 336.768158 
376.263458 289.405884 
192.121094 213.173187 
283.196899 242.103775 
385.123444 184.889038 
313.337921 268.423157 
201.183685 165.028397 
304.198242 229.682922 
552.678528 318.787567 
191.591934 183.096542 
191.315292 183.605423 
454.763428 336.156677 
337.907562 333.193176 
288.368713 301.960358 
351.568085 332.391907 
306.031189 213.314590 
177.224075 162.126282 
206.663895 132.088577 
197.947708 173.707932 
291.574829 190.524338 
221.982895 175.782639 
199.793060 178.445389 
514.163574 266.599182 
235.626022 184.835617 
165.710999 182.998779 
372.646759 328.873016 
438.177307 223.565750 
305.697327 229.981918 
247.809036 126.323906 
300.983521 227.433075 
219.477905 163.081070 
303.530273 339.498596 
286.431793 290.739319 
179.782272 201.520065 
367.015930 346.718811 
237.187149 186.831680 
337.962830 341.353546 
337.962830 341.353546 
511.407318 263.869202 
511.407318 263.869202 
440.782715 355.212341 
313.601410 233.590286 
300.133789 347.004456 
357.867950 281.927856 
419.335358 141.024857 
317.998840 293.899048 
175.529633 164.745422 
293.946655 328.737457 
179.950089 126.223358 
349.394714 336.768158 
336.726257 335.253479 
372.720764 294.296814 
155.167114 126.816704 
333.392181 281.081604 
566.191956 359.091797 
372.418457 301.443726 
169.764435 176.719055 
379.387360 354.908203 
379.387360 354.908203 
240.897095 193.510941 
374.087006 333.853973 
201.808853 216.120132 
293.318481 289.519135 
304.198242 229.682922 
419.335358 141.024857 
354.080078 344.458221 
549.987732 278.105347 
357.867950 281.927856 
386.871155 206.986053 
558.501953 354.614258 
276.223755 285.951080 
464.778320 340.745117 
202.040161 162.121338 
175.762436 191.261475 
155.492661 142.940948 
235.626022 184.835617 
163.187592 184.240463 
313.066132 232.671783 
260.071869 159.595337 
336.726257 335.253479 
404.186462 96.599869 
404.186462 96.599869 
297.462433 311.935699 
523.198059 280.565216 
311.219971 340.415314 
197.128204 166.617645 
169.121704 177.334335 
507.674438 264.261719 
197.364960 162.520370 
244.658279 125.799629 
196.331360 142.806763 
382.879181 306.378082 
202.040161 162.121338 
226.915222 123.098587 
382.879181 306.378082 
513.252930 248.227753 
169.764435 176.719055 
171.525848 175.267044 
171.227554 145.778809 
152.918457 181.838867 
389.740326 313.901794 
386.871155 206.986053 
419.335358 141.024857 
234.973053 73.831963 
293.946655 328.737457 
419.335358 141.024857 
283.852081 256.721588 
530.095886 214.685394 
226.138519 169.706192 
283.852081 256.721588 
274.754608 198.595596 
419.335358 141.024857 
198.895660 147.268997 
309.199585 280.199341 
345.744629 68.110893 
345.744629 68.110893 
364.242889 333.879150 
228.706711 216.110382 
226.408020 186.329056 
404.186462 96.599869 
419.335358 141.024857 
553.029785 304.850281 
169.764435 176.719055 
311.219971 340.415314 
200.111313 139.849670 
514.163574 266.599182 
202.040161 162.121338 
317.998840 293.899048 
278.377411 289.266479 
391.589294 318.019592 
233.191864 166.965775 
399.825348 178.343826 
554.719055 204.645233 
238.737579 127.957802 
179.950089 126.223358 
303.924225 225.089615 
379.973755 333.108093 
206.984009 146.933289 
206.984009 146.933289 
220.462662 137.199112 
181.039307 197.779144 
181.315216 200.579544 
232.605667 158.697327 
439.374451 354.345978 
481.470764 315.100098 
165.393616 159.296478 
395.372314 166.688431 
152.918457 181.838867 
170.227997 153.987244 
232.370255 170.832413 
375.941071 347.429840 
306.031189 213.314590 
288.260437 286.676422 
350.812714 331.219910 
184.181885 165.862640 
301.962067 224.458191 
372.720764 294.296814 
446.253998 350.674255 
288.848480 292.959717 
236.551788 163.881393 
556.814026 203.202072 
388.319977 317.472961 
180.360001 206.688950 
180.360001 206.688950 
205.089890 172.894150 
440.782715 355.212341 
339.121796 314.977020 
288.368713 301.960358 
399.133972 207.856415 
446.385406 372.632782 
249.662384 207.879074 
248.010925 184.590729 
343.969940 341.502655 
248.851837 192.385239 
202.076660 188.787918 
399.695068 178.855057 
339.121796 314.977020 
222.807419 180.947998 
236.580048 192.982605 
274.580566 236.288986 
446.385406 372.632782 
395.496490 310.656281 
327.348175 283.178802 
288.883575 198.907364 
239.485611 161.828430 
218.046371 186.585480 
161.194305 190.040329 
218.937225 176.967133 
248.010925 184.590729 
179.782272 201.520065 
399.133972 207.856415 
294.432739 345.442322 
222.807419 180.947998 
171.525848 175.267044 
171.525848 175.267044 
345.744629 68.110893 
386.871155 206.986053 
345.744629 68.110893 
286.475677 246.124435 
359.591888 335.070496 
232.605667 158.697327 
155.492661 142.940948 
260.071869 159.595337 
218.046371 186.585480 
237.187149 186.831680 
193.212494 145.434708 
393.284454 318.721893 
276.613617 286.952148 
311.484833 265.447723 
300.357849 306.910278 
300.357849 306.910278 
278.377411 289.266479 
221.102219 184.103149 
309.629333 356.352692 
165.774200 145.808594 
215.529770 166.259201 
186.919769 210.934982 
161.194305 190.040329 
311.484833 265.447723 
374.928680 333.173889 
557.180298 304.142365 
173.840103 169.977570 
165.393616 159.296478 
514.163574 266.599182 
288.368713 301.960358 
218.046371 186.585480 
217.986511 151.268478 
598.955566 336.003265 
538.011536 276.969116 
276.043060 231.827744 
215.502380 181.121078 
278.377411 289.266479 
502.886749 250.927155 
306.031189 213.314590 
400.312622 313.450897 
218.046371 186.585480 
404.186462 96.599869 
380.842468 340.578644 
