500
203.522308 75.115593 
224.150879 243.156830 
318.893036 66.078712 
318.893036 66.078712 
364.030212 148.074265 
195.034653 25.618286 
361.259308 141.093597 
361.259308 141.093597 
240.550568 197.167450 
208.759064 45.238960 
243.266556 240.991653 
314.700714 70.225708 
196.911423 233.699921 
345.764862 267.932373 
367.412048 148.904663 
239.907883 197.289154 
224.305298 241.646591 
347.734955 262.026215 
375.982758 168.429169 
241.946442 241.507828 
216.330612 83.934593 
336.241425 178.330444 
367.595642 149.213821 
214.650543 97.839279 
215.923660 78.519760 
215.022415 82.605865 
326.862213 356.542297 
346.707764 157.741135 
354.422241 142.699570 
430.447479 235.891953 
346.893066 156.585449 
365.798981 177.950409 
238.238678 243.432510 
324.146179 72.684273 
219.882507 242.304672 
307.301239 75.578384 
231.380188 196.768280 
343.706055 270.659821 
346.809937 262.437897 
331.595154 403.541412 
350.817535 182.491119 
305.795563 382.714233 
364.460968 172.330566 
296.421021 213.847504 
348.387939 418.990906 
348.387939 418.990906 
391.891144 209.607681 
228.543701 201.298340 
325.010193 359.694458 
351.920349 428.795837 
313.872650 359.686066 
193.331573 39.819534 
325.106964 322.832275 
314.390411 373.099365 
219.989105 81.402382 
332.842133 338.240295 
351.421661 198.428238 
371.850067 135.824234 
252.709015 210.589310 
318.623383 256.589966 
342.310516 279.362305 
322.257538 144.613480 
367.412048 148.904663 
352.751068 200.303894 
205.802063 77.262863 
311.001099 75.724258 
352.874481 198.535233 
365.798981 177.950409 
332.724609 339.546967 
366.400818 408.989471 
201.988129 62.022236 
421.816711 186.369629 
339.730194 380.509857 
208.260391 100.480179 
234.081100 200.028564 
317.629700 248.763336 
395.270782 209.993240 
341.810394 374.641388 
331.125397 149.026047 
350.051086 259.385712 
207.903931 21.979166 
329.019958 399.903778 
358.573883 201.816376 
470.455109 207.231476 
470.455109 207.231476 
331.052948 408.001099 
341.190216 392.459778 
375.982758 168.429169 
331.259491 74.036270 
322.601044 414.493591 
337.764496 379.971375 
202.161636 23.628811 
328.460571 60.503239 
394.985199 209.240326 
343.600281 434.084167 
326.583527 64.633560 
306.320465 217.368088 
238.238678 243.432510 
295.975037 212.043579 
332.556183 72.704872 
304.718231 64.918655 
336.787567 380.807831 
324.199707 254.352402 
328.210083 165.050507 
205.230362 69.070915 
202.202713 40.011383 
343.006439 391.641357 
337.099396 358.649017 
297.465088 211.126953 
329.739807 60.576656 
219.025177 244.562973 
341.810394 374.641388 
367.977875 217.529480 
367.977875 217.529480 
226.109619 150.563522 
205.031586 30.611713 
317.471497 354.434326 
351.600861 266.190338 
362.619415 207.419342 
311.055450 408.198486 
341.331116 276.286987 
368.569611 413.107910 
215.923660 78.519760 
365.798981 177.950409 
202.202713 40.011383 
359.969543 214.403351 
208.273331 95.033882 
430.447479 235.891953 
368.863129 404.650726 
328.616577 185.304016 
359.969543 214.403351 
332.402161 139.334198 
294.576111 160.766937 
208.833939 49.836704 
350.815033 362.603851 
405.962952 193.496292 
213.128891 40.082424 
308.262909 407.517578 
351.768463 256.547119 
252.709015 210.589310 
321.925140 260.500305 
232.785431 204.230301 
372.142395 210.089233 
226.109619 150.563522 
205.802063 77.262863 
332.611084 397.762268 
405.962952 193.496292 
345.135742 368.237549 
383.370728 166.536667 
334.430145 393.867004 
225.656219 202.917175 
351.600861 266.190338 
370.136292 132.826675 
334.523407 356.321808 
343.600830 363.327301 
245.118423 200.410645 
238.213501 232.948929 
384.474945 212.385284 
336.241425 178.330444 
276.327515 364.776703 
383.756012 149.496735 
342.368805 358.499542 
322.391174 431.324188 
384.832520 152.234390 
353.661957 213.905106 
335.895782 385.738434 
322.570312 252.476761 
319.246704 431.288940 
340.614197 363.985748 
340.614197 363.985748 
326.962494 344.498779 
292.164124 380.101685 
218.753098 234.071396 
338.526733 349.129486 
332.611084 397.762268 
324.498962 60.545177 
353.617615 398.605225 
215.923660 78.519760 
322.601044 414.493591 
380.235748 166.894348 
327.737579 388.743652 
377.433350 158.781082 
327.737579 388.743652 
354.663635 336.146423 
377.322906 344.978455 
390.203766 211.675079 
407.175842 190.455353 
338.466034 332.816956 
306.320465 217.368088 
329.305603 413.359802 
349.344391 435.680725 
210.538986 37.222256 
307.301239 75.578384 
338.526733 349.129486 
353.840424 259.534363 
334.430145 393.867004 
364.050385 130.635239 
335.895782 385.738434 
342.108032 345.784607 
227.995087 201.779648 
323.441376 236.004486 
323.441376 236.004486 
306.565674 395.396027 
327.737579 388.743652 
374.087860 165.316147 
382.476410 156.545792 
274.504608 374.840027 
329.679047 325.649841 
297.465088 211.126953 
364.050385 130.635239 
348.547607 376.524200 
321.925140 260.500305 
203.315338 95.910835 
338.704315 368.062469 
356.575348 407.298615 
307.767761 395.700989 
231.380188 196.768280 
338.526733 349.129486 
322.066406 165.921692 
371.850067 135.824234 
319.341919 262.811371 
434.781738 203.385666 
295.785614 258.264587 
415.353180 186.933334 
307.589172 374.676422 
290.616180 385.779907 
290.616180 385.779907 
380.625977 233.667633 
403.201019 183.458267 
352.071625 335.854736 
307.301239 75.578384 
377.433350 158.781082 
343.694031 203.758896 
324.146179 72.684273 
344.888245 353.285095 
348.547607 376.524200 
345.415680 230.903961 
353.059692 135.018097 
291.350555 380.035278 
240.757568 257.047974 
352.036774 400.204926 
359.969543 214.403351 
314.515656 136.579102 
332.324799 164.647964 
314.515656 136.579102 
295.785614 258.264587 
393.241333 214.334686 
375.402527 228.950684 
356.611420 257.075623 
232.031296 160.768005 
362.871948 408.573425 
328.395020 184.517120 
379.579803 148.776764 
388.422272 224.315323 
347.775513 251.666931 
305.534821 403.463013 
416.084534 186.618149 
302.368927 342.234375 
382.773834 227.440536 
331.667725 327.315308 
380.625977 233.667633 
220.467621 164.367538 
223.676758 204.917221 
232.031296 160.768005 
402.809357 204.796875 
286.704742 374.231232 
332.324799 164.647964 
217.192215 17.370270 
394.336182 215.054550 
381.334198 353.214050 
252.709015 210.589310 
304.413361 400.887970 
324.199707 254.352402 
355.858063 399.510895 
375.162994 347.648926 
331.968872 235.280426 
375.402527 228.950684 
368.995209 124.567009 
328.616577 185.304016 
368.263672 378.240662 
372.142395 210.089233 
357.251129 364.209198 
313.467133 391.197906 
299.670715 406.276398 
352.699097 420.491516 
352.036774 400.204926 
377.427856 396.066620 
331.125397 149.026047 
383.370728 166.536667 
332.556183 72.704872 
420.727966 192.484726 
316.467499 400.365234 
348.387939 418.990906 
357.251129 364.209198 
368.352203 363.430481 
375.614746 155.551117 
345.645355 368.433044 
347.309784 342.622162 
372.142395 210.089233 
312.645508 404.887878 
367.858582 355.227814 
363.273682 327.087585 
212.737350 40.594955 
369.189270 393.964172 
372.142761 360.638428 
368.436981 391.190369 
315.042053 65.141205 
331.125397 149.026047 
383.072174 244.470856 
380.235748 166.894348 
376.224976 356.290466 
372.655304 212.056946 
377.433350 158.781082 
353.661957 213.905106 
370.923584 126.819069 
354.264923 380.430481 
346.742981 277.637787 
378.142822 353.584351 
365.500549 342.456329 
304.413361 400.887970 
205.160065 62.768581 
361.259308 141.093597 
215.814163 74.779869 
362.217743 361.929596 
336.621979 137.589783 
388.422272 224.315323 
352.036774 400.204926 
309.790588 280.912292 
329.546631 78.680527 
375.972412 395.629517 
336.621979 137.589783 
332.369110 78.931587 
374.429474 370.069824 
368.995209 124.567009 
403.201019 183.458267 
337.183716 73.472610 
317.245636 429.428741 
350.398865 402.692719 
376.901184 371.284393 
304.718231 64.918655 
290.845642 386.509338 
320.636139 232.116226 
358.440643 222.952637 
375.614746 155.551117 
306.309204 216.418976 
390.203766 211.675079 
379.036194 141.942368 
353.661957 213.905106 
369.189270 393.964172 
337.099396 358.649017 
371.619873 343.936096 
342.098511 373.392212 
369.189270 393.964172 
310.907501 396.396179 
382.361877 242.178650 
336.621979 137.589783 
316.029327 353.292023 
379.734558 372.013031 
317.629700 248.763336 
376.901184 371.284393 
220.224274 19.333614 
305.795563 382.714233 
332.324799 164.647964 
300.633820 258.201660 
331.968872 235.280426 
326.067657 137.236923 
317.991547 250.192352 
333.877136 133.454987 
376.224976 356.290466 
237.336746 257.257996 
332.369110 78.931587 
356.611420 257.075623 
388.422272 224.315323 
307.301239 75.578384 
421.816711 186.369629 
396.509552 202.413574 
205.031586 30.611713 
384.832520 152.234390 
336.621979 137.589783 
362.217743 361.929596 
357.131165 408.207275 
311.322998 268.485596 
353.059692 135.018097 
417.674591 192.585114 
210.295990 82.399147 
348.955414 207.235703 
381.823395 354.708221 
375.402527 228.950684 
170.806854 312.156891 
212.737350 40.594955 
236.229568 225.734756 
379.058746 143.781799 
362.217743 361.929596 
315.154968 268.161896 
261.034454 425.805725 
340.609894 321.296661 
367.595642 149.213821 
343.600830 363.327301 
341.293396 230.571060 
151.818573 88.951546 
415.353180 186.933334 
420.727966 192.484726 
133.497391 398.039673 
416.084534 186.618149 
364.617523 367.097534 
399.433990 208.111694 
334.172180 62.899933 
321.630432 386.852539 
321.630432 386.852539 
364.060944 393.294708 
212.758987 191.187119 
172.151123 331.188995 
172.151123 331.188995 
376.080566 382.357300 
322.701355 391.467865 
344.498138 233.501770 
322.701355 391.467865 
322.701355 391.467865 
344.498138 233.501770 
359.315704 324.786102 
209.381760 78.464775 
209.381760 78.464775 
336.241425 178.330444 
116.268318 263.708527 
370.198456 395.360596 
317.808746 301.675781 
328.210083 165.050507 
381.072632 372.650360 
309.155457 291.097565 
383.857880 406.028656 
354.422241 142.699570 
332.724609 339.546967 
383.774261 365.342010 
342.108032 345.784607 
342.108032 345.784607 
329.679047 325.649841 
332.842133 338.240295 
403.201019 183.458267 
346.542725 227.566696 
311.322998 268.485596 
360.635681 361.160339 
312.457825 307.105042 
371.146515 128.046494 
172.151123 331.188995 
172.151123 331.188995 
369.376709 394.960205 
365.798981 177.950409 
353.617615 398.605225 
378.527374 396.735321 
312.457825 307.105042 
350.470184 209.076721 
340.846710 58.480614 
182.550919 320.520599 
357.251129 364.209198 
367.595642 149.213821 
312.886444 273.876923 
305.680145 387.517059 
134.351028 390.300903 
370.198456 395.360596 
228.514236 94.861763 
341.293396 230.571060 
308.913696 268.781494 
343.485931 278.805817 
242.663132 15.644887 
172.151123 331.188995 
380.625977 233.667633 
334.875793 426.886322 
364.060944 393.294708 
358.064728 388.076019 
343.694031 203.758896 
366.557556 127.934227 
403.201019 183.458267 
324.146179 72.684273 
156.618607 268.269257 
332.870209 376.172729 
351.340179 364.484344 
317.629700 248.763336 
156.618607 268.269257 
350.611206 428.414764 
334.523407 356.321808 
254.848312 406.158447 
215.814163 74.779869 
328.395020 184.517120 
144.089966 354.289307 
329.305603 413.359802 
317.245636 429.428741 
337.547333 353.001282 
363.273682 327.087585 
330.166534 71.246056 
281.562744 371.735352 
384.659210 406.535614 
252.709015 210.589310 
314.285583 260.418365 
386.620453 161.544418 
386.620453 161.544418 
208.833939 49.836704 
315.755188 264.452393 
358.064728 388.076019 
354.111206 386.212402 
362.493317 221.544601 
