500
429.653961 221.737976 
429.029053 222.890533 
430.991577 222.423874 
420.224854 228.400513 
452.379303 210.324860 
408.516357 227.614761 
296.922455 254.368729 
409.130341 226.773300 
499.006378 212.602310 
499.224030 213.309479 
323.271057 322.871704 
248.242371 331.843353 
444.152191 217.529251 
241.297592 266.091553 
314.637177 277.512238 
440.225250 235.719254 
453.614594 285.089844 
438.124786 218.982147 
441.131744 198.994675 
456.580750 212.277695 
162.561829 344.678345 
297.782135 254.489594 
322.310242 322.555450 
444.737213 196.528961 
426.391754 218.945129 
475.469971 194.861237 
445.156433 195.985825 
167.148773 358.505463 
293.072998 265.480408 
245.896713 231.918381 
293.835876 265.149780 
154.274841 239.087433 
150.424469 245.650299 
466.145966 207.142761 
491.950867 268.080566 
210.673325 196.873795 
153.054504 237.520538 
471.837097 238.041641 
149.909515 241.834595 
288.355774 194.537415 
162.009460 359.982849 
482.200562 208.129578 
480.698212 198.632751 
424.614136 234.329758 
336.078064 263.015656 
469.757233 260.276428 
154.629547 249.807922 
455.625458 219.855743 
460.400543 224.241867 
447.103516 193.067688 
421.994202 232.669220 
94.874336 317.723511 
94.989006 317.818146 
443.379181 221.279144 
443.335907 220.590134 
270.992432 332.340576 
141.853683 357.794373 
238.754730 183.500412 
289.776459 168.517517 
315.625214 276.738953 
95.352943 344.733612 
457.462158 212.850571 
337.346588 264.702881 
290.602478 264.308136 
455.405304 200.519882 
160.369324 344.687012 
244.346237 339.794830 
472.496033 238.946793 
462.919373 254.995239 
164.439911 344.420197 
238.560867 182.934814 
100.939125 353.330231 
447.424133 196.111877 
280.938660 202.224579 
454.004517 197.295837 
347.521667 214.713257 
454.447449 243.365128 
471.862610 210.279297 
309.284515 185.201736 
342.628479 214.159790 
251.569397 330.376740 
275.502258 337.885132 
402.895203 236.330093 
277.358643 318.034393 
502.595276 214.078186 
440.862640 201.382996 
298.064026 193.100067 
297.512817 193.124481 
289.884949 264.094757 
453.532776 219.568619 
246.188156 181.979462 
212.306519 197.018814 
491.574768 247.817764 
444.037384 192.521576 
460.160126 269.354584 
407.555786 229.525131 
482.839203 191.689438 
311.098297 278.970520 
224.701218 190.437866 
271.115631 330.809509 
405.923157 214.109802 
438.820221 223.463730 
455.690308 243.086426 
322.310822 238.937820 
225.340073 191.089798 
477.616577 200.449936 
248.387451 184.722076 
279.422089 327.707245 
237.224060 182.103546 
427.357513 267.696564 
309.479492 341.615753 
453.380463 231.897324 
460.109894 223.441711 
180.871384 352.947479 
162.029678 340.988892 
467.175232 239.234482 
97.904732 344.235321 
494.158020 238.724655 
445.319153 214.910843 
119.344109 367.901917 
287.359192 213.404556 
118.079704 360.485474 
94.124992 358.003601 
276.389801 329.970612 
246.308411 239.274460 
462.194031 233.512207 
449.409027 281.476318 
254.931595 151.082367 
455.071899 242.241531 
228.370865 181.848770 
342.228333 213.336273 
163.547180 348.080933 
472.971191 192.587036 
412.948944 222.443085 
449.728516 207.182205 
460.244781 269.729584 
154.168671 254.417450 
453.839996 277.710266 
140.668793 240.606125 
140.515274 241.248611 
232.978027 219.450806 
92.858292 341.317688 
93.249245 340.766693 
392.253265 390.279602 
145.664688 241.999344 
146.209671 242.334015 
433.457458 240.750488 
308.614655 185.569000 
464.767517 224.417969 
316.308960 238.374298 
316.306244 237.709457 
287.565002 212.162613 
155.918762 253.701309 
227.082504 189.261261 
350.660736 218.050522 
249.066437 184.639572 
300.392975 338.348663 
473.226471 191.528610 
429.767059 202.466522 
487.472534 199.996902 
475.378906 211.698151 
218.060318 203.691299 
454.216064 202.652359 
265.508423 352.481445 
159.069122 344.441101 
418.688660 232.780334 
419.208984 232.677444 
495.669281 216.525818 
465.590759 224.269592 
306.998871 178.043091 
385.506989 388.852295 
118.771545 360.176239 
222.386185 209.696655 
119.859894 347.173370 
277.954132 316.842102 
469.019379 211.364059 
290.013855 307.430389 
437.175903 191.928864 
433.092773 216.191467 
94.999809 317.161133 
274.593597 330.095123 
471.390228 217.741226 
234.962738 186.864227 
253.056992 329.753937 
262.176422 209.362427 
454.443939 274.576538 
448.348572 216.112732 
306.978546 214.078522 
157.871841 343.858063 
154.279572 259.523224 
300.208954 338.536713 
238.871078 327.525055 
485.265594 194.785385 
495.019745 238.501221 
112.247520 331.191132 
217.597763 201.334381 
156.706116 225.918671 
156.980957 348.603424 
157.308762 349.244690 
315.023590 229.914536 
268.198914 146.101501 
408.675995 257.622620 
374.269623 252.218948 
216.781448 246.309509 
217.147476 245.951736 
436.332794 226.580765 
221.067032 207.892120 
455.863495 279.359741 
155.960251 348.822083 
309.960236 270.835297 
125.238510 351.726929 
426.187927 267.344818 
446.061829 239.059998 
432.838196 223.042953 
469.780518 233.442810 
265.331665 230.575470 
233.639801 219.498215 
450.449097 228.160751 
450.497864 227.566467 
418.733673 228.432098 
476.443207 210.209229 
433.909882 243.415894 
289.978851 308.051697 
175.119980 357.206207 
486.680603 261.664093 
478.454865 231.517487 
144.961624 256.759308 
454.966095 201.647659 
154.457703 349.265045 
422.766235 270.293579 
460.489410 206.868530 
442.756683 209.873672 
457.034637 252.933212 
409.789520 256.887695 
409.823242 257.302277 
424.011810 269.842285 
213.933197 225.113586 
478.496979 207.500641 
480.591888 244.550018 
291.383606 162.534088 
311.350708 187.079361 
479.391998 207.700485 
388.642853 375.124908 
336.647644 210.054214 
145.217224 246.788361 
349.419922 337.304108 
468.920044 233.207108 
468.996887 233.351181 
459.515350 255.202072 
469.155701 214.632385 
440.333740 200.796509 
473.180206 233.610489 
286.990967 214.646515 
295.694794 169.280807 
438.998138 200.919327 
222.061600 203.756821 
417.463348 229.224258 
479.454834 204.965393 
475.441101 245.267715 
234.052368 186.844788 
228.275467 335.456573 
413.144165 285.468048 
502.442902 276.652527 
484.324890 255.572250 
424.107605 388.581940 
479.827209 253.257080 
416.611420 212.894913 
315.344543 216.925217 
168.934311 358.105103 
169.384827 358.093140 
469.046783 193.166885 
69.210281 326.064392 
475.863342 253.342041 
498.888885 270.644104 
148.430161 228.970596 
521.098816 436.673004 
232.099487 176.402374 
298.077087 336.358917 
174.991211 351.859558 
471.290375 273.976135 
486.983704 253.691315 
314.019531 217.237885 
338.360077 211.904373 
469.825623 224.688889 
422.419647 213.563156 
314.033081 279.997681 
476.635162 239.344788 
443.860321 250.403015 
448.063782 223.600327 
105.462227 358.172729 
212.991806 206.734222 
269.529907 147.077652 
439.715118 206.709900 
213.365311 227.407654 
415.355957 212.548492 
488.659576 197.813354 
219.839111 206.212524 
155.033661 227.395874 
416.237305 261.594849 
310.490570 269.410095 
153.644501 228.653061 
438.664948 254.334351 
438.886658 253.850357 
223.787094 229.705475 
267.910004 144.536240 
224.722977 228.605118 
505.428192 239.228439 
223.160675 210.506958 
129.971649 350.693451 
152.880661 228.374283 
256.686829 195.607056 
252.947998 148.655426 
294.072021 253.359009 
507.156189 241.176178 
51.253273 306.947327 
247.427948 235.573318 
244.765274 226.597412 
459.509827 220.808990 
217.042404 224.995911 
436.631714 234.182556 
483.046143 210.592773 
266.322754 229.384552 
202.362289 186.995270 
460.693756 221.403214 
460.952057 221.133881 
444.916168 284.736786 
412.924469 229.103012 
465.665558 270.771729 
465.853638 271.246643 
426.586975 244.672531 
287.366882 198.124771 
174.563416 330.416473 
208.493225 190.537430 
522.760193 233.210480 
421.939453 258.685944 
266.319733 143.737717 
264.181122 232.427567 
287.038086 201.001633 
297.370148 166.683060 
156.323822 256.482849 
210.084167 235.284134 
213.125015 189.625305 
109.965797 334.865723 
459.326447 192.087021 
224.234619 228.316132 
122.902138 341.897552 
416.836914 261.113037 
356.598206 219.583649 
483.461273 190.355270 
248.617050 164.803467 
447.259308 224.446945 
311.549316 177.664429 
285.875458 215.350189 
485.245789 248.577927 
256.873901 197.485184 
291.807770 211.285492 
487.452209 253.028503 
263.407043 351.104950 
518.380188 200.094986 
452.556030 247.821045 
158.360550 227.694397 
151.637482 258.556854 
506.246124 213.313507 
124.073280 358.581329 
214.061234 222.645111 
236.434601 178.818359 
268.575195 299.846069 
162.336136 228.539398 
272.651001 143.708038 
153.580780 341.965363 
214.753464 207.627533 
251.949646 196.152786 
472.969604 189.549072 
215.821045 208.454163 
509.712402 256.410950 
248.618805 179.863693 
207.885635 236.283218 
157.158630 355.677551 
282.849762 224.349167 
344.335663 240.859207 
117.246025 350.705475 
224.376175 182.746857 
484.797760 193.085327 
233.652771 228.438461 
519.484314 249.740601 
151.889145 259.686157 
263.127136 157.795364 
43.104763 347.265991 
480.066711 231.884491 
482.965668 204.144958 
136.680145 217.683456 
248.577560 164.029572 
422.429169 188.994843 
147.011581 224.228897 
245.524445 227.177521 
463.117126 220.887161 
369.201813 345.954285 
243.263123 327.784302 
509.031677 208.939148 
297.385132 170.534134 
248.764053 236.464432 
228.482346 229.328751 
309.483643 345.343719 
512.616333 268.227478 
512.920471 268.299927 
236.753830 213.997253 
343.155396 242.046066 
462.495209 187.076187 
452.242096 180.824448 
475.633148 254.822800 
290.698181 173.847443 
229.090988 193.150406 
270.873993 305.055786 
269.776886 153.949295 
415.159454 199.998611 
35.530678 303.808472 
289.654449 165.507187 
488.975403 194.954147 
460.045197 256.502319 
256.950317 148.536880 
476.886200 185.914627 
411.187164 282.964722 
286.379883 307.200012 
304.699463 175.289307 
203.508667 191.379761 
416.721466 199.691833 
255.303757 180.536850 
313.912750 364.059143 
271.828430 310.610199 
230.992279 228.521759 
283.885529 217.539230 
183.070358 329.747833 
313.334686 180.378937 
269.632599 301.751648 
272.933868 301.257568 
296.601868 175.862061 
297.222382 175.518295 
39.872059 303.350739 
169.854462 358.218079 
146.845322 288.252075 
310.561890 342.239441 
287.656708 201.396912 
452.859650 178.872452 
159.760101 231.792145 
238.150620 326.893646 
491.947266 231.499207 
214.794708 222.964828 
472.622803 248.342728 
511.643127 241.435455 
247.075500 177.787308 
377.041534 242.548264 
466.228546 274.259338 
247.564331 178.685577 
501.057495 237.635727 
419.711548 201.916061 
266.598022 314.231323 
336.521332 236.765503 
305.221619 224.773392 
480.709290 256.877594 
436.167358 251.901321 
332.347473 206.930939 
310.917328 258.336853 
143.413666 229.467377 
229.199844 195.374512 
487.824249 229.451370 
95.085289 324.914062 
292.345306 176.609634 
37.193771 303.816101 
356.476471 231.919800 
265.538574 236.212158 
213.835129 236.299408 
272.273346 301.133636 
269.056030 149.507660 
147.708893 293.711029 
310.100525 280.176117 
247.157379 326.726929 
110.346985 335.749084 
331.556335 271.256195 
291.470215 170.573074 
269.529846 308.077057 
288.636597 165.905716 
283.830902 336.298309 
401.303070 220.344070 
160.453491 226.985352 
248.803665 210.165375 
343.081940 219.674149 
242.749863 306.977417 
423.488770 190.728790 
331.941010 271.884399 
271.679596 154.417725 
477.420166 250.447815 
90.430161 336.858978 
232.246918 190.523453 
148.502716 355.251404 
296.286499 294.342834 
296.396271 293.637054 
263.372101 158.847198 
283.415741 335.672760 
156.084076 236.719162 
454.286255 253.191605 
