500
202.367645 86.854027 
170.806854 312.156891 
203.354416 89.710815 
203.302490 89.487343 
203.302490 89.487343 
240.550568 197.167450 
243.553192 198.336075 
239.907883 197.289154 
223.053757 195.603760 
345.764862 267.932373 
243.266556 240.991653 
208.759064 45.238960 
276.614624 184.428711 
319.257965 69.923973 
337.779694 65.404961 
322.066406 165.921692 
343.178284 270.747314 
269.154114 62.069054 
276.980438 184.559067 
234.081100 200.028564 
281.243225 230.433212 
243.553192 198.336075 
348.387939 418.990906 
348.387939 418.990906 
219.254837 227.594543 
209.591583 187.063873 
241.946442 241.507828 
251.682831 61.026112 
251.682831 61.026112 
215.962860 230.271973 
314.076782 65.073761 
217.497818 82.139297 
343.600281 434.084167 
208.260391 100.480179 
346.971863 422.628326 
203.522308 75.115593 
200.750961 82.185150 
214.650543 97.839279 
346.893066 156.585449 
295.975037 212.043579 
297.465088 211.126953 
314.700714 70.225708 
226.889648 204.341537 
296.421021 213.847504 
346.707764 157.741135 
306.320465 217.368088 
430.447479 235.891953 
326.226471 56.811443 
218.753098 234.071396 
317.991547 250.192352 
367.412048 148.904663 
219.989105 81.402382 
318.018463 375.533813 
216.330612 83.934593 
323.441376 236.004486 
323.441376 236.004486 
341.331116 276.286987 
336.241425 178.330444 
375.982758 168.429169 
209.591583 187.063873 
347.136505 231.383148 
307.301239 75.578384 
391.891144 209.607681 
366.487427 208.502411 
336.241425 178.330444 
193.331573 39.819534 
222.421371 219.117035 
282.362122 232.090866 
213.232666 184.843246 
230.247574 189.807770 
230.247574 189.807770 
297.465088 211.126953 
319.246704 431.288940 
219.882507 242.304672 
344.307953 415.406342 
332.842133 338.240295 
332.070251 63.236969 
339.730194 380.509857 
339.730194 380.509857 
225.358017 148.161438 
205.802063 77.262863 
298.370605 255.949356 
351.421661 198.428238 
304.718231 64.918655 
318.623383 256.589966 
367.595642 149.213821 
311.001099 75.724258 
339.466309 380.081848 
223.676758 204.917221 
343.485931 278.805817 
332.556183 72.704872 
336.787567 380.807831 
322.257538 144.613480 
219.254837 227.594543 
331.125397 149.026047 
351.920349 428.795837 
340.846710 58.480614 
294.576111 160.766937 
317.756470 373.288605 
203.315338 95.910835 
220.661575 87.990440 
238.238678 243.432510 
350.817535 182.491119 
325.889160 76.604012 
322.304688 242.838379 
318.860077 374.946533 
205.230362 69.070915 
367.412048 148.904663 
232.031296 160.768005 
226.109619 150.563522 
399.433990 208.111694 
229.325531 170.402573 
362.871948 408.573425 
201.988129 62.022236 
324.199707 254.352402 
470.455109 207.231476 
470.455109 207.231476 
343.694031 203.758896 
329.739807 60.576656 
227.995087 201.779648 
372.293304 206.333405 
295.975037 212.043579 
205.781662 65.909370 
290.134552 230.807907 
226.109619 150.563522 
224.305298 241.646591 
321.373444 424.535797 
332.438354 332.626556 
332.324799 164.647964 
231.380188 196.768280 
328.258911 338.573120 
347.734955 262.026215 
328.258911 338.573120 
331.667725 327.315308 
421.816711 186.369629 
321.925140 260.500305 
231.380188 196.768280 
351.600861 266.190338 
337.764496 379.971375 
350.384766 184.061996 
348.405060 333.507874 
331.259491 74.036270 
370.629028 158.181976 
311.001099 75.724258 
362.871948 408.573425 
215.022415 82.605865 
208.833939 49.836704 
319.246704 431.288940 
332.842133 338.240295 
350.398865 402.692719 
224.305298 241.646591 
322.570312 252.476761 
344.190277 234.919327 
225.358017 148.161438 
371.850067 135.824234 
290.652039 342.607300 
367.977875 217.529480 
367.977875 217.529480 
375.982758 168.429169 
334.071259 337.101532 
332.324799 164.647964 
324.146179 72.684273 
317.629700 248.763336 
306.309204 216.418976 
362.619415 207.419342 
329.679047 325.649841 
357.866028 400.874359 
291.325836 230.602524 
228.543701 201.298340 
230.677460 105.336662 
339.992401 383.963226 
326.862213 356.542297 
316.309906 193.091904 
215.923660 78.519760 
351.600861 266.190338 
318.647400 427.537354 
284.282715 235.107849 
331.667725 327.315308 
222.421371 219.117035 
403.201019 183.458267 
208.833939 49.836704 
217.497818 82.139297 
217.443054 106.136475 
314.285583 260.418365 
317.629700 248.763336 
208.273331 95.033882 
402.809357 204.796875 
430.447479 235.891953 
368.863129 404.650726 
330.064850 373.089203 
220.467621 164.367538 
328.210083 165.050507 
274.091217 68.248375 
300.633820 258.201660 
340.609894 321.296661 
355.858063 399.510895 
359.969543 214.403351 
338.466034 332.816956 
227.995087 201.779648 
329.055573 342.333160 
325.010193 359.694458 
325.889160 76.604012 
362.970459 397.780731 
341.190216 392.459778 
358.550842 349.563171 
382.361877 242.178650 
332.437683 143.132828 
213.128891 40.082424 
326.962494 344.498779 
328.616577 185.304016 
307.301239 75.578384 
368.263672 378.240662 
366.439606 395.851440 
295.404663 258.353607 
370.113007 402.764465 
304.142334 255.702988 
316.309906 193.091904 
302.368927 342.234375 
360.635681 361.160339 
350.162048 427.136658 
304.444702 330.032959 
304.444702 330.032959 
170.806854 312.156891 
284.282715 235.107849 
269.154114 62.069054 
412.099365 188.896957 
366.400818 408.989471 
341.535217 345.011505 
264.314301 424.267761 
261.304871 418.427399 
333.435120 137.838715 
331.968872 235.280426 
210.538986 37.222256 
316.309906 193.091904 
203.315338 95.910835 
382.773834 227.440536 
347.981079 437.495514 
350.384766 184.061996 
370.966431 156.681580 
368.436981 391.190369 
258.800232 347.886108 
348.955414 207.235703 
341.810394 374.641388 
282.362122 232.090866 
332.437683 143.132828 
295.404663 258.353607 
295.404663 258.353607 
346.295044 388.890106 
371.146515 128.046494 
341.190216 392.459778 
406.298035 181.414078 
363.782715 373.787598 
332.437683 143.132828 
331.667725 327.315308 
395.270782 209.993240 
258.800232 347.886108 
364.460968 172.330566 
232.031296 160.768005 
377.433350 158.781082 
337.547333 353.001282 
378.287689 129.567764 
361.976227 360.726501 
219.025177 244.562973 
290.652039 342.607300 
259.656708 63.946064 
319.341919 262.811371 
215.923660 78.519760 
326.226471 56.811443 
337.779694 65.404961 
374.119171 155.764343 
322.066406 165.921692 
368.436981 391.190369 
377.322906 344.978455 
364.617523 367.097534 
321.925140 260.500305 
316.798401 247.749969 
407.175842 190.455353 
337.183716 73.472610 
332.887421 370.383240 
332.887421 370.383240 
351.340179 364.484344 
291.031586 347.353241 
340.846710 58.480614 
405.962952 193.496292 
340.846710 58.480614 
337.099396 358.649017 
398.395020 214.517410 
354.663635 336.146423 
348.955414 207.235703 
341.810394 374.641388 
325.622223 130.366318 
353.840424 259.534363 
364.050385 130.635239 
370.076721 144.973236 
362.970459 397.780731 
353.129761 400.295166 
297.417938 337.953674 
337.608246 346.868195 
360.635681 361.160339 
314.515656 136.579102 
314.515656 136.579102 
382.476410 156.545792 
334.523407 356.321808 
225.358017 148.161438 
345.135742 368.237549 
341.254974 352.467896 
370.604645 144.809525 
344.888245 353.285095 
238.238678 243.432510 
295.785614 258.264587 
338.704315 368.062469 
334.430145 393.867004 
364.617523 367.097534 
360.635681 361.160339 
327.737579 388.743652 
327.737579 388.743652 
374.983185 396.764343 
345.771515 324.067017 
360.897491 373.645630 
370.629028 158.181976 
198.094208 238.773132 
338.704315 368.062469 
222.421371 219.117035 
368.352203 363.430481 
352.874481 198.535233 
312.427490 307.982971 
368.010620 370.921936 
374.119171 155.764343 
434.781738 203.385666 
276.980438 184.559067 
307.301239 75.578384 
251.682831 61.026112 
364.838562 65.816101 
352.071625 335.854736 
321.630432 386.852539 
354.422241 142.699570 
377.433350 158.781082 
297.417938 337.953674 
324.199707 254.352402 
396.345215 168.387299 
261.304871 418.427399 
312.886444 273.876923 
304.444702 330.032959 
305.534821 403.463013 
365.798981 177.950409 
368.352203 363.430481 
353.617615 398.605225 
316.507385 305.932770 
365.500549 342.456329 
405.096161 186.874634 
311.001099 75.724258 
313.872650 359.686066 
380.235748 166.894348 
258.307190 348.547150 
258.800232 347.886108 
205.802063 77.262863 
251.682831 61.026112 
269.154114 62.069054 
370.145630 121.240562 
370.145630 121.240562 
353.259003 212.345123 
356.611420 257.075623 
222.882462 17.217648 
371.441833 392.105530 
368.569611 413.107910 
208.833939 49.836704 
226.753616 267.244110 
361.237366 335.299835 
374.087860 165.316147 
274.091217 68.248375 
341.254974 352.467896 
312.886444 273.876923 
352.751068 200.303894 
383.370728 166.536667 
340.614197 363.985748 
340.614197 363.985748 
257.628632 104.324715 
318.762146 292.591095 
368.995209 124.567009 
322.066406 165.921692 
359.037201 339.519684 
386.543793 234.164536 
343.533752 319.501709 
359.023438 374.853088 
347.775513 251.666931 
396.345215 168.387299 
257.628632 104.324715 
229.325531 170.402573 
336.241425 178.330444 
340.614197 363.985748 
296.421021 213.847504 
291.031586 347.353241 
326.226471 56.811443 
353.259003 212.345123 
327.737579 388.743652 
342.368805 358.499542 
361.259308 141.093597 
361.259308 141.093597 
348.405060 333.507874 
359.023438 374.853088 
386.100769 233.622696 
367.858582 355.227814 
321.950653 366.084778 
314.285583 260.418365 
375.402527 228.950684 
353.123169 323.255096 
319.246704 431.288940 
365.798981 177.950409 
375.402527 228.950684 
364.020538 147.265961 
354.457520 359.431152 
366.557556 127.934227 
316.652374 273.815613 
381.334198 353.214050 
370.113007 402.764465 
333.877136 133.454987 
215.814163 74.779869 
215.814163 74.779869 
332.556183 72.704872 
389.578369 164.609253 
377.827728 64.659958 
245.118423 200.410645 
405.962952 193.496292 
317.471497 354.434326 
236.229568 225.734756 
305.534821 403.463013 
317.245636 429.428741 
370.706604 149.424652 
252.709015 210.589310 
198.094208 238.773132 
323.154846 423.628845 
375.162994 347.648926 
308.262909 407.517578 
331.968872 235.280426 
403.201019 183.458267 
368.995209 124.567009 
311.001099 75.724258 
302.065063 323.305298 
375.195679 65.799873 
361.259308 141.093597 
332.324799 164.647964 
368.436981 391.190369 
353.059692 135.018097 
327.737579 388.743652 
322.257538 144.613480 
313.467133 391.197906 
361.237366 335.299835 
353.129761 400.295166 
325.106964 322.832275 
308.262909 407.517578 
378.384979 225.357086 
331.667725 327.315308 
329.679047 325.649841 
325.010376 61.542831 
325.106964 322.832275 
325.106964 322.832275 
377.427856 396.066620 
355.858063 399.510895 
383.756012 149.496735 
348.547607 376.524200 
350.051086 259.385712 
420.727966 192.484726 
202.202713 40.011383 
350.586334 372.235504 
222.882462 17.217648 
348.547607 376.524200 
316.652374 273.815613 
309.790588 280.912292 
353.259003 212.345123 
202.202713 40.011383 
304.142334 255.702988 
380.049194 350.907410 
310.174469 66.436905 
382.435394 145.656631 
213.128891 40.082424 
311.322998 268.485596 
376.726471 68.173340 
336.241425 178.330444 
354.264923 380.430481 
405.445679 202.699203 
354.155029 142.105148 
343.600830 363.327301 
380.625977 233.667633 
357.308228 142.530655 
334.430145 393.867004 
321.081421 64.785492 
321.081421 64.785492 
407.777802 177.661316 
407.777802 177.661316 
383.072174 244.470856 
372.142761 360.638428 
332.324799 164.647964 
345.415680 230.903961 
332.369110 78.931587 
364.838562 65.816101 
327.892303 264.369690 
376.224976 356.290466 
319.246704 431.288940 
213.128891 40.082424 
353.059692 135.018097 
