972
548.110596 312.541138 
545.897400 315.361938 
553.408020 316.637115 
565.120789 309.982361 
552.641724 316.244537 
543.028442 311.349976 
556.884705 317.222900 
556.989563 316.592377 
515.455200 312.822479 
514.935181 312.957581 
504.141541 298.975586 
279.181030 416.155853 
494.224548 299.526001 
528.551208 337.200348 
537.761108 309.063141 
522.541870 332.069672 
463.545105 335.878387 
477.996124 282.977570 
478.343048 282.956635 
514.224548 280.379608 
525.413696 337.508789 
454.903717 285.698639 
282.516541 296.248260 
526.260803 331.862030 
516.849426 310.924561 
276.387390 273.106323 
548.755554 313.117950 
494.784760 299.830414 
515.067871 349.304108 
518.410645 314.693176 
502.266144 299.929718 
456.320587 311.359680 
306.155304 420.896729 
515.906799 310.612762 
306.089355 422.377563 
352.013794 337.010742 
467.018433 286.964874 
305.330627 428.214142 
313.951141 418.392609 
308.165558 428.338593 
533.523865 307.657440 
462.534180 346.868927 
294.104309 284.930115 
506.321259 333.776276 
297.749908 288.017303 
464.706879 336.633240 
499.619965 320.581146 
503.416656 302.529114 
502.801239 303.006897 
290.413452 413.067474 
355.101898 348.633484 
287.513031 295.920502 
355.642365 298.747711 
290.576538 402.364929 
513.681946 315.752075 
453.886230 313.093323 
282.542969 413.592377 
177.418442 360.858734 
256.188110 283.999512 
298.734955 290.688538 
502.686035 324.949341 
453.224670 387.675110 
290.569397 272.320526 
501.032593 299.844025 
298.025024 291.132935 
559.052917 300.534943 
278.127197 391.002258 
309.545044 303.414734 
502.249542 323.968506 
494.503082 308.622070 
509.953796 333.327087 
500.909607 322.078278 
523.796631 312.501801 
473.922363 320.152893 
519.201660 314.002838 
192.148315 354.137360 
351.029694 215.364517 
351.944427 336.038147 
550.574463 314.404694 
307.823242 418.414825 
290.254761 294.281189 
289.577972 293.997711 
535.632324 307.560699 
304.134399 419.058960 
350.263855 213.816696 
169.977524 350.174988 
305.166443 432.201111 
304.506470 432.102997 
455.068207 342.446716 
300.938019 285.794006 
300.488037 418.526428 
477.312103 322.228333 
160.338257 460.304047 
303.160095 418.323761 
184.246231 311.142273 
325.583679 385.537292 
490.087280 278.698853 
525.289490 329.960663 
478.164337 292.183441 
515.024719 333.234497 
258.066895 334.563934 
479.054901 292.332031 
522.477966 330.620667 
298.963501 286.793091 
260.424469 283.575470 
515.809387 349.456818 
308.792206 303.338867 
499.319489 323.631927 
259.535156 283.253143 
192.294357 351.590057 
485.610596 300.746155 
350.525635 340.306061 
355.474487 357.197388 
299.587769 422.400269 
299.096100 273.526428 
470.403229 296.697723 
451.936371 386.173920 
451.690521 386.103485 
261.825073 338.208771 
329.788635 286.653412 
158.593811 462.614990 
104.836060 205.032104 
180.794983 350.023132 
322.710938 435.169525 
260.090973 282.115143 
548.977905 346.747040 
316.740570 254.210892 
183.804382 377.802979 
490.830627 309.933472 
302.918884 434.837677 
293.947510 416.522369 
346.152222 28.241970 
480.328644 390.466766 
480.406738 282.743805 
356.650055 360.784973 
327.740875 213.126343 
558.245239 305.731476 
285.012909 402.313507 
482.918396 386.171448 
550.396667 349.237976 
178.155548 360.511444 
294.943176 420.505280 
190.253860 378.764740 
369.899292 314.651886 
331.843506 405.944702 
275.432770 270.946014 
189.035736 408.461060 
284.692566 314.142059 
198.793396 302.439758 
506.692047 315.524017 
179.002838 364.950348 
322.460449 419.033508 
531.125000 335.378967 
330.842377 210.714706 
474.436798 321.238678 
338.879822 283.013702 
493.738495 282.562714 
493.226562 282.593628 
459.156311 312.292664 
340.965759 282.172211 
300.663452 271.707458 
345.879333 299.866882 
280.467377 325.902008 
493.691772 282.230225 
351.567932 358.119110 
334.658691 275.710297 
350.875671 292.019562 
171.230103 300.073730 
176.060760 364.254974 
191.343353 404.540039 
179.408066 353.061859 
344.329742 283.733551 
544.868530 345.077454 
357.898376 297.795990 
312.575348 433.108093 
329.975708 411.493195 
510.572418 333.098267 
215.953949 345.015656 
329.827332 210.920563 
277.507690 395.894714 
277.541168 395.987305 
254.718658 277.716675 
191.887314 322.429291 
124.783806 421.554718 
518.837036 349.679932 
519.077759 350.295258 
305.038849 435.010437 
346.521332 213.693893 
265.282379 294.911743 
199.712631 286.979919 
300.168640 280.416443 
287.962921 291.435059 
312.144257 405.406982 
308.347778 369.033844 
332.384644 289.370941 
301.284180 343.066772 
324.038208 219.097580 
251.755737 283.319183 
302.863983 348.238770 
507.034668 301.998077 
470.068878 304.825745 
474.766357 351.184387 
484.659363 278.271454 
200.517227 291.422241 
303.321503 416.022552 
296.255585 430.913391 
300.546661 424.079376 
188.409927 408.074860 
177.039337 351.302063 
203.727066 297.429047 
204.296188 296.565155 
283.104462 288.106934 
180.997238 380.169769 
197.434952 298.728546 
276.464691 395.940552 
467.381409 301.939606 
541.723694 399.872711 
316.581818 253.033966 
248.969269 320.864990 
299.521271 411.254211 
279.805389 327.650818 
319.049316 417.923615 
180.883301 381.634216 
481.346436 390.984283 
480.584259 390.971680 
496.638458 292.655731 
187.433075 294.535614 
349.657867 300.880798 
198.509735 284.473358 
518.677429 324.513702 
485.729736 315.459747 
517.793884 338.445709 
190.831665 405.755981 
200.768799 292.602478 
269.477570 290.306305 
359.747345 301.226715 
266.398834 342.569641 
327.231140 406.795563 
251.261902 317.620911 
470.155945 304.150879 
284.879242 343.579193 
312.700165 303.132477 
195.243118 386.197174 
474.885437 353.741058 
352.763885 340.862732 
264.100067 340.882568 
473.899048 301.085358 
263.562897 352.746063 
247.915955 280.966248 
263.559875 353.434570 
192.155014 377.958923 
269.946106 297.108307 
536.987244 307.300537 
191.929260 397.405365 
249.146561 280.756287 
307.844879 396.917419 
176.932510 351.835083 
306.587921 355.731323 
504.424225 354.603973 
321.548218 265.474213 
299.435486 433.082214 
299.498810 432.951935 
316.690887 263.143433 
350.036591 266.602905 
474.121368 295.375366 
280.642456 351.040771 
322.290588 267.944305 
282.042450 287.074371 
259.356995 330.986877 
286.906677 419.195740 
302.809814 346.797028 
555.299744 330.196533 
303.494263 392.783783 
166.450623 338.339783 
181.158264 389.984711 
306.757263 404.297516 
448.873016 307.497253 
287.781464 427.240143 
188.026352 411.415131 
282.230713 397.554718 
248.263855 324.232971 
318.805817 293.049866 
295.843689 308.087433 
538.613098 288.811890 
540.975342 329.908325 
482.353210 342.935394 
330.057495 282.062592 
183.479706 343.360809 
170.522186 424.290710 
170.986099 300.907043 
228.039963 331.726410 
299.643005 412.126221 
477.754333 288.252106 
477.999786 287.720093 
256.949768 336.164368 
166.325424 339.046387 
320.927490 223.781845 
323.714813 307.286469 
500.619720 305.240814 
321.310455 218.747070 
264.395050 320.882385 
287.227783 419.822113 
305.077972 279.073853 
293.401062 419.695557 
292.507416 420.022369 
292.733673 420.201721 
327.201660 402.569733 
261.532257 343.937225 
348.333771 373.165161 
304.272308 259.718628 
520.489319 312.060913 
317.330719 289.493164 
172.903305 362.880463 
247.809860 284.667419 
300.044861 408.341003 
314.462036 396.258484 
506.643402 334.260437 
318.460144 418.401428 
160.827820 381.101807 
340.388184 298.247711 
190.885788 368.159210 
265.410492 311.660065 
298.222137 416.374298 
316.489563 402.763977 
567.878845 328.529175 
280.795898 277.492279 
283.431061 276.322113 
530.694336 407.496643 
318.590576 315.461304 
341.912323 301.132904 
547.741821 328.474060 
196.409622 289.873962 
319.072845 298.921082 
345.308441 367.593567 
351.424866 278.286407 
496.788574 291.432190 
258.802368 288.270966 
268.417328 290.666290 
311.649292 257.457672 
196.845337 359.792511 
548.859497 383.947235 
378.868011 312.022156 
521.813843 325.134918 
194.149384 417.139954 
288.815277 339.099548 
446.377167 312.300629 
538.579956 314.598175 
318.933502 283.452820 
283.196686 324.972687 
297.931244 303.176758 
311.385437 391.512451 
509.889465 348.201660 
196.267441 342.129486 
341.900513 212.382431 
350.527496 301.390778 
172.262192 319.043030 
57.039146 201.771988 
340.016388 289.117523 
321.889679 225.185989 
160.485764 309.705933 
293.037628 291.239899 
296.039551 295.662750 
300.802002 244.704971 
309.391724 362.486847 
461.645782 311.371552 
322.543762 267.215881 
333.879333 225.136627 
326.057587 213.358978 
359.676270 192.366440 
193.315857 334.868958 
200.052658 351.488525 
512.198730 302.841400 
280.780121 408.997803 
546.609192 302.119934 
350.554260 351.879486 
179.179214 408.544830 
302.068024 280.379822 
134.146698 450.464935 
470.158081 303.190948 
513.533142 318.491119 
199.487564 306.960999 
264.644531 344.390686 
286.568573 314.347229 
296.899780 300.271332 
373.349518 358.708679 
196.869995 287.657501 
296.259430 275.213440 
501.183105 359.122498 
331.034241 298.845367 
341.416077 285.511444 
179.295364 312.059967 
300.393951 298.153351 
312.642639 433.740997 
310.981720 436.636597 
301.795898 405.706451 
307.359253 370.434509 
322.533386 433.059357 
175.502731 381.847687 
107.192810 436.857788 
244.519119 317.200714 
176.902069 288.586578 
280.627563 350.480499 
185.385498 303.293243 
299.128632 395.387878 
322.488281 278.398254 
336.378296 339.963715 
233.599380 344.953156 
523.782837 326.378265 
343.619202 363.161041 
185.970062 422.804779 
346.714569 289.639496 
345.556000 331.604950 
298.678955 397.948364 
308.748901 352.003510 
309.285614 352.340820 
179.355804 410.265076 
316.524017 251.600220 
274.810974 282.573364 
192.063553 403.168976 
352.240753 362.022766 
291.455963 360.577271 
299.484833 304.955994 
284.659607 422.416382 
342.083923 284.974365 
345.289551 290.407501 
125.999420 205.937637 
300.900787 436.496155 
335.962524 220.662109 
505.535278 406.349091 
190.731461 290.881409 
311.676239 427.949097 
200.080215 346.461395 
322.743042 211.819534 
562.974426 346.941772 
254.667587 276.412964 
318.668182 266.085480 
135.565109 458.443176 
318.806793 387.304352 
500.384827 362.626465 
297.834412 398.476624 
349.918671 368.981873 
290.874329 362.101471 
264.036102 318.581207 
511.768127 304.803101 
256.842041 326.984558 
281.569550 416.167755 
570.059265 310.555939 
375.654205 289.328247 
288.122437 342.362915 
306.463654 372.563263 
285.704681 325.407593 
309.367889 363.037048 
277.000549 288.033264 
320.858948 214.290421 
443.885986 294.760956 
269.088470 300.470184 
190.591644 354.470978 
191.100616 354.087341 
515.873230 307.686890 
323.928558 437.169678 
192.358047 401.524689 
561.391541 380.204620 
334.538696 285.122284 
465.081177 296.840515 
197.933212 309.423950 
186.276199 380.225006 
267.931366 349.788330 
197.124451 289.713379 
306.653809 348.085876 
259.981110 314.193939 
350.640625 362.420654 
498.468292 313.247833 
305.476257 357.522644 
325.176361 403.829773 
131.512405 439.821442 
255.464050 333.635895 
199.626495 373.185028 
287.861908 269.294342 
304.897644 343.454559 
328.174866 211.111954 
490.291565 324.301453 
349.033691 371.150726 
498.528412 314.649719 
560.171204 380.292999 
287.635406 397.298431 
341.334961 298.448334 
178.083603 312.661591 
303.198242 319.352295 
474.036407 304.229034 
356.470459 279.721924 
289.791473 319.039124 
478.061768 324.213776 
317.833679 263.717682 
483.776428 297.085144 
320.533051 288.709808 
330.148621 220.912628 
373.506958 357.624512 
359.952972 363.615723 
339.602570 283.951569 
380.791443 306.295807 
372.267120 313.454681 
514.530396 297.815033 
254.039825 267.633850 
342.279175 268.302673 
278.660339 356.914581 
302.599670 446.882935 
312.858368 390.075867 
273.645569 287.812927 
275.200653 275.455475 
337.815979 293.660034 
143.767914 452.611481 
161.907791 395.606842 
297.692444 318.352325 
176.212692 356.503204 
351.024994 358.242798 
322.502716 438.021240 
322.502716 438.021240 
287.359589 272.832703 
315.235016 304.772766 
263.872406 354.684052 
376.813293 288.641510 
287.667053 385.653503 
257.946320 290.608185 
472.288635 341.331757 
372.349457 311.989685 
201.333313 350.262390 
233.436493 349.649384 
231.127396 343.648102 
332.380981 387.636566 
324.906189 396.183594 
354.092194 268.115936 
460.279541 280.140533 
308.396729 296.834686 
307.688324 296.655243 
201.131287 307.597595 
344.553162 362.916016 
171.908295 318.420959 
327.132996 210.787033 
326.896515 211.342407 
495.552032 367.083832 
347.929352 356.941254 
325.016083 314.775299 
183.632339 355.054443 
249.159256 355.311340 
134.924637 449.987000 
192.883636 378.137146 
251.082581 326.407837 
569.143860 327.323059 
557.380615 313.975159 
319.141602 264.443420 
319.487976 264.189209 
201.476227 461.209015 
488.023163 334.553619 
129.780853 429.785614 
336.479279 268.384705 
453.839203 322.093750 
514.551636 305.240082 
338.851715 275.907074 
326.765198 308.527771 
325.687042 396.964935 
545.198608 292.697449 
267.323853 297.677490 
192.884583 387.481995 
319.299957 219.564270 
495.326324 366.771606 
506.393677 407.255524 
288.401184 269.503784 
512.185120 398.725433 
165.966766 309.447876 
211.130768 285.344818 
201.888580 354.233765 
258.179169 278.554871 
191.980347 446.543701 
181.054855 288.486237 
164.655273 379.780823 
253.330185 293.602478 
360.451385 342.087830 
299.652802 401.885590 
300.743073 404.350800 
321.126648 249.103668 
288.611359 386.222809 
286.797485 332.866150 
287.248627 333.433868 
345.852386 360.523743 
329.812714 389.488434 
498.584503 311.097015 
151.939880 445.151947 
347.870667 368.923981 
265.952911 288.692596 
202.676834 375.157257 
314.344727 206.209061 
470.635681 323.566223 
160.496109 423.018097 
264.321228 345.092468 
369.677795 301.170593 
190.028885 393.956909 
297.562469 379.483734 
161.608490 301.284515 
338.953064 276.607666 
465.602142 296.245972 
330.071442 204.361420 
516.271729 307.000885 
278.514832 324.918182 
306.863464 379.436829 
260.846649 331.516693 
242.444809 310.861572 
219.826385 462.530670 
317.749207 220.386383 
174.739868 317.561951 
320.853699 440.602478 
300.866455 393.436462 
343.986664 300.711975 
195.296082 294.608124 
327.376007 254.848663 
374.995972 305.305145 
195.391769 281.940857 
520.114258 266.452606 
313.689453 244.082825 
499.791748 299.755981 
517.467224 320.901947 
181.040848 440.055664 
160.151596 387.487640 
175.040222 275.547424 
200.850998 297.995422 
164.472290 457.756927 
329.478790 281.102905 
185.313248 453.114319 
509.277832 348.205536 
171.577621 379.685272 
242.151306 314.855194 
179.221786 359.498108 
186.583939 393.278198 
138.920944 449.252869 
326.782715 208.350510 
150.732254 446.603638 
134.699310 452.405731 
306.122528 383.709808 
183.013611 407.979828 
470.793762 353.647064 
471.264404 354.164520 
271.309570 290.744659 
213.827927 341.977936 
291.584259 215.609833 
194.364914 426.563934 
305.865784 344.582703 
457.051300 330.355560 
307.856873 384.944977 
312.036591 302.144135 
307.341370 380.114960 
462.408356 314.443207 
376.877411 289.553253 
337.622833 214.512451 
352.015350 287.576263 
289.100006 316.685425 
318.627380 387.509827 
484.799072 425.197113 
333.841858 267.898621 
504.859497 298.310822 
360.245911 350.353241 
189.568466 414.966766 
182.874222 355.016663 
483.773651 427.301300 
290.680328 215.710876 
498.406921 328.166870 
294.294678 426.527710 
322.232208 439.788818 
251.833633 319.251709 
390.567841 302.569794 
502.966858 431.458344 
202.110046 332.266571 
262.618469 330.879578 
304.839050 376.757233 
553.304443 356.538239 
269.561829 385.259186 
253.444550 267.113281 
277.680267 321.823822 
300.640015 437.047546 
512.967896 369.261597 
136.782425 453.367249 
325.980560 207.990463 
325.512695 315.523987 
326.242249 316.422302 
167.135605 299.416718 
213.245132 342.539124 
276.867004 343.953705 
145.994873 442.248138 
146.080673 441.549683 
201.282669 375.245148 
144.908279 452.366669 
537.020874 405.409760 
410.680176 19.153751 
190.838470 342.802856 
447.992340 345.598450 
322.991180 370.034760 
307.537415 355.250427 
325.406158 223.706680 
361.854614 305.354736 
518.357117 294.367889 
224.274246 211.492310 
181.218597 451.789825 
502.771088 359.404449 
332.800995 313.102264 
184.602325 346.087341 
263.045868 324.102814 
177.674316 414.385742 
562.259949 344.792511 
181.750580 410.411835 
480.614899 295.508026 
163.782257 336.331940 
381.627441 306.150391 
559.704834 321.954803 
547.377747 286.696747 
289.050446 272.606934 
280.744598 269.350098 
254.765427 321.425476 
163.755371 256.605042 
515.264465 354.914703 
514.676697 355.265228 
308.708984 247.495895 
181.080353 400.959503 
190.329208 416.857941 
345.467621 364.647125 
280.700745 342.307861 
213.447525 454.295135 
364.197937 301.652039 
346.341217 357.913788 
481.418854 394.304474 
231.684784 349.115509 
321.726318 206.732849 
180.523422 443.229828 
495.103516 450.103210 
457.449005 374.951508 
270.766876 293.853149 
310.793060 442.004639 
280.643250 329.541107 
355.965546 283.133972 
524.078674 283.131042 
169.273087 353.420441 
201.580658 307.229980 
275.134735 410.469666 
275.723419 316.765076 
325.532410 265.411133 
326.221619 265.149933 
322.549072 418.510040 
171.487595 304.300354 
325.656281 262.011627 
242.479416 339.853943 
241.550705 340.290710 
501.032990 332.473358 
181.161804 451.166168 
171.983551 429.995758 
219.150986 459.209900 
278.287842 320.781952 
264.688568 358.433502 
266.361328 353.260071 
236.276718 295.845520 
300.393433 315.210693 
300.185455 314.636719 
317.401337 212.106766 
202.059738 346.940918 
369.803589 289.256195 
370.300415 288.850372 
190.906509 290.360291 
178.558807 403.528168 
288.076385 324.305969 
331.350677 200.344299 
378.128754 307.943878 
137.051910 453.875793 
374.988953 303.758087 
263.444702 348.855011 
357.260345 292.783173 
285.558502 340.716431 
561.933228 378.480377 
578.995056 333.696899 
195.526535 432.585663 
257.303619 266.712982 
163.909729 369.471100 
208.459732 374.194183 
489.460846 297.373260 
283.558105 284.576019 
230.762421 348.988525 
180.018692 412.772247 
471.226593 431.961914 
373.778168 310.286774 
325.536438 433.773712 
201.786728 336.422485 
270.057617 293.641144 
540.970825 345.080536 
253.992569 335.326874 
347.209900 303.445312 
283.915314 272.726471 
510.776062 271.176941 
182.870926 300.263428 
462.100830 294.873108 
164.502243 291.950409 
164.746063 292.101074 
195.595612 386.532471 
195.103592 337.777863 
219.257614 458.194733 
338.148834 288.419647 
364.124420 355.942017 
494.689941 429.849182 
571.215515 340.807800 
495.964203 450.213196 
154.732407 458.406097 
185.172913 350.618103 
263.450470 328.985168 
336.112396 308.052612 
173.066254 277.994843 
451.189453 314.228241 
429.193329 21.030390 
178.578644 414.625488 
324.948212 414.927826 
520.358765 306.772552 
562.428528 344.024872 
173.164322 252.191177 
193.090088 278.128113 
192.577454 277.673584 
269.801544 408.481781 
195.504593 322.834503 
218.196823 443.106750 
203.767548 380.091431 
303.061859 374.894043 
196.032974 370.930084 
413.775208 294.330322 
189.001144 396.599426 
304.062836 370.836365 
183.265244 414.157593 
172.895874 399.676056 
190.876373 326.326599 
385.234283 300.554260 
188.708755 286.641052 
196.119431 423.509308 
333.202362 338.368774 
202.460617 345.597168 
299.591553 318.963135 
175.628174 420.355255 
448.397797 298.738068 
318.361938 443.041138 
317.201508 362.203949 
285.117981 391.818054 
334.575165 303.030029 
248.343246 365.186340 
200.305283 320.946747 
271.851074 403.388794 
199.698639 462.584137 
320.534332 200.507141 
316.055908 24.558363 
254.870300 292.937744 
177.489014 318.160339 
168.018875 303.080902 
204.225266 300.773621 
344.213196 346.998291 
344.089203 346.533356 
203.768799 376.767090 
186.687515 410.716522 
261.752747 272.448212 
408.947693 312.161957 
159.652527 445.071136 
188.894333 452.977692 
168.572586 376.126648 
345.671051 286.572815 
315.178711 375.852173 
456.180206 296.611328 
449.789673 367.648254 
387.245972 17.032087 
364.551025 373.046844 
298.061005 439.338196 
163.341278 432.757294 
256.500214 346.893402 
315.614746 305.908264 
156.365860 457.857086 
190.904541 380.460022 
318.946686 301.150879 
256.128601 271.143188 
294.409698 272.432098 
194.913788 338.580383 
479.330475 327.188324 
186.060150 351.417023 
195.989532 304.487701 
392.435730 371.863251 
377.578766 306.781616 
171.383240 431.339722 
130.942719 458.456543 
180.779221 413.167084 
349.900452 329.187286 
493.195679 335.871918 
317.283112 295.867432 
459.466431 297.095734 
286.118561 340.096344 
163.245468 391.380615 
498.572784 403.195923 
549.998108 382.531158 
491.339050 298.349640 
560.752747 296.053986 
519.161255 266.997955 
317.450134 356.291168 
469.259705 269.627106 
342.484161 266.117249 
196.662842 310.776093 
361.704102 295.636841 
470.893616 272.218872 
190.101868 418.956146 
317.529205 438.264343 
340.118256 371.281097 
448.672821 311.609650 
449.022522 311.919434 
185.250427 402.430756 
293.556274 392.784668 
197.357285 423.126007 
131.565216 435.474396 
131.615723 434.664154 
499.033539 418.928772 
542.795898 290.435638 
324.572845 200.061707 
315.977844 207.372055 
177.207626 279.599579 
333.719757 403.121338 
233.517059 344.282227 
180.897537 400.162384 
405.378571 309.034821 
341.315002 416.208923 
282.461273 268.174042 
530.359070 270.616394 
364.870575 300.100403 
202.429230 384.633728 
338.792053 343.192169 
339.352386 195.888489 
338.844299 195.943146 
339.403900 343.459076 
338.983459 195.592117 
528.584778 333.499786 
397.536743 313.913666 
329.905396 272.227448 
362.846741 345.860687 
283.124390 272.459534 
160.348312 456.107391 
183.076126 414.700531 
388.021851 308.236481 
534.361267 330.081726 
210.760025 261.463196 
216.024338 341.983063 
358.936890 272.462524 
401.921814 313.487488 
309.073151 202.467117 
303.551971 382.685303 
279.599792 338.320068 
152.417679 450.531830 
468.205139 313.451752 
342.172607 215.648468 
282.059631 322.392487 
266.347992 329.140106 
289.377197 324.677979 
594.905029 232.519562 
335.573303 310.125824 
160.747253 456.882355 
280.395844 429.618896 
280.056976 430.137604 
393.007385 303.476349 
233.511414 336.349121 
265.871216 310.962708 
488.698273 304.384155 
448.539886 382.464722 
332.484070 221.821442 
159.322845 312.995605 
180.187637 313.814545 
534.549194 329.336273 
159.730469 304.958466 
464.430786 319.227570 
168.035019 446.536926 
498.138092 419.219788 
208.831757 264.638397 
