500
193.697067 303.268066 
162.309311 108.503563 
162.309311 108.503563 
223.685165 294.066925 
223.685165 294.066925 
162.097870 327.381378 
162.097870 327.381378 
189.806656 336.492950 
203.867340 293.597229 
208.938049 301.860687 
194.611969 303.765686 
223.685165 294.066925 
208.938049 301.860687 
218.021606 323.609314 
187.320877 333.621033 
209.747604 326.022644 
214.168793 311.352753 
216.503021 300.796173 
216.503021 300.796173 
183.006485 343.471771 
218.021606 323.609314 
220.150543 294.510590 
228.479416 296.108582 
228.479416 296.108582 
192.346848 276.695679 
220.083679 321.120453 
182.268326 329.977142 
216.503021 300.796173 
182.617676 297.602081 
182.617676 297.602081 
427.250854 244.156326 
427.250854 244.156326 
407.922943 236.141403 
200.353455 306.352448 
182.617676 297.602081 
196.623596 305.489380 
174.915833 285.205872 
151.574005 304.459778 
162.309311 108.503563 
228.479416 296.108582 
130.271454 279.769531 
130.271454 279.769531 
467.758118 60.229691 
312.989075 203.954208 
162.097870 327.381378 
214.579498 295.744904 
230.233047 285.409760 
386.208557 188.618622 
201.334778 123.879532 
130.271454 279.769531 
130.271454 279.769531 
162.309311 108.503563 
171.733536 262.520386 
220.486038 318.871155 
406.714996 236.304626 
184.094940 131.522400 
195.042801 309.942200 
312.989075 203.954208 
306.507935 277.314148 
216.160812 324.562317 
284.154999 121.534737 
200.353455 306.352448 
239.103317 288.616791 
359.401154 268.361938 
200.353455 306.352448 
196.623596 305.489380 
312.989075 203.954208 
308.431549 248.345535 
190.035507 276.176910 
228.479416 296.108582 
208.458481 307.071808 
302.844543 272.244202 
186.414902 331.308960 
393.652435 261.709381 
209.747604 326.022644 
431.445770 87.296593 
308.511780 272.291687 
467.758118 60.229691 
236.178909 274.999573 
163.143021 288.702667 
214.799698 328.174774 
212.044464 303.972565 
236.178909 274.999573 
183.338638 247.996140 
216.503021 300.796173 
185.822571 97.981392 
212.727692 316.643585 
107.873253 118.227333 
232.193420 284.872742 
232.193420 284.872742 
401.092834 50.740292 
170.547073 306.190704 
107.873253 118.227333 
206.115860 323.246735 
184.342422 342.233673 
186.153915 306.083893 
202.182922 306.327789 
195.675491 306.123962 
363.619751 277.403015 
186.153915 306.083893 
294.922943 223.145325 
216.160812 324.562317 
363.619751 277.403015 
206.115860 323.246735 
200.353455 306.352448 
214.799698 328.174774 
182.645859 342.389008 
206.418655 260.722473 
374.163300 299.842590 
395.116638 220.031830 
200.193741 319.092865 
195.926147 293.087830 
477.282166 68.910698 
146.083908 297.000946 
162.785217 276.227448 
232.193420 284.872742 
195.926147 293.087830 
434.240021 241.217468 
354.239349 289.096924 
371.068054 295.639252 
399.577515 317.831879 
107.873253 118.227333 
478.873505 186.139862 
209.686844 285.220093 
209.747604 326.022644 
212.727692 316.643585 
304.384491 243.743774 
202.182922 306.327789 
202.660645 296.119598 
206.418655 260.722473 
189.806656 336.492950 
498.911560 27.527035 
308.431549 248.345535 
198.348618 300.736847 
424.827332 93.821220 
306.507935 277.314148 
188.849884 303.881226 
434.240021 241.217468 
374.820465 299.226440 
318.712830 208.071411 
227.399567 302.259491 
107.873253 118.227333 
357.859406 268.125000 
465.783234 51.412735 
168.061584 282.441803 
190.342285 304.267273 
383.802582 233.447586 
467.758118 60.229691 
303.245636 275.941345 
223.197983 306.563507 
433.904602 244.117859 
504.848694 77.506203 
180.749512 305.121460 
200.193741 319.092865 
398.343903 95.107483 
184.342422 342.233673 
213.278610 286.147614 
157.587479 291.417267 
401.092834 50.740292 
354.914520 132.450821 
312.285034 238.923431 
211.769394 276.204773 
208.458481 307.071808 
182.848877 291.217896 
206.418655 260.722473 
182.085373 297.505219 
188.849884 303.881226 
188.849884 303.881226 
201.334778 123.879532 
146.083908 297.000946 
362.383667 249.209000 
364.770813 279.940338 
206.762192 313.472443 
227.019150 282.402435 
228.479416 296.108582 
390.360565 216.062088 
220.486038 318.871155 
393.652435 261.709381 
435.304718 248.621201 
299.053253 160.240616 
485.453552 191.804092 
232.193420 284.872742 
189.069092 273.622070 
182.848877 291.217896 
235.975723 251.168152 
434.240021 241.217468 
192.555054 307.009735 
318.712830 208.071411 
294.922943 223.145325 
300.672424 255.922226 
166.053452 307.027008 
369.643524 277.165283 
333.036835 149.744934 
481.166107 174.090805 
220.150543 294.510590 
189.734421 285.284698 
147.063873 303.964417 
163.143021 288.702667 
435.992523 252.576630 
279.895020 124.208755 
399.399628 225.320419 
298.052277 247.350174 
357.307312 119.839012 
225.162918 328.943207 
208.216614 274.880341 
489.746735 183.109695 
407.922943 236.141403 
182.799637 327.475342 
434.093903 76.279091 
177.214600 334.783630 
293.425598 168.706726 
162.097870 327.381378 
161.710800 281.770874 
197.039536 294.490997 
194.552307 321.409790 
223.685165 294.066925 
371.457825 101.703896 
477.282166 68.910698 
306.448486 140.518875 
418.322937 84.109718 
336.686584 218.588287 
383.802582 233.447586 
206.226608 298.681915 
421.643555 249.308487 
498.911560 27.527035 
191.645950 344.717163 
487.222748 185.904541 
393.652435 261.709381 
200.353455 306.352448 
306.448486 140.518875 
223.685165 294.066925 
354.914520 132.450821 
333.479950 153.518936 
333.036835 149.744934 
306.507935 277.314148 
228.402023 323.451233 
206.378876 289.895844 
230.233047 285.409760 
367.284912 130.886688 
399.577515 317.831879 
498.911560 27.527035 
187.320877 333.621033 
333.479950 153.518936 
409.457062 270.645569 
333.479950 153.518936 
431.445770 87.296593 
409.546906 262.661560 
354.239349 289.096924 
362.383667 249.209000 
201.334778 123.879532 
188.129410 342.601288 
427.250854 244.156326 
336.250549 138.102982 
213.504669 278.701630 
445.647919 245.986328 
157.587479 291.417267 
223.685165 294.066925 
483.257172 178.808060 
483.257172 178.808060 
371.068054 295.639252 
336.250549 138.102982 
145.773132 304.282227 
312.989075 203.954208 
463.928955 73.420166 
479.756866 180.787323 
220.646042 251.755157 
151.574005 304.459778 
359.401154 268.361938 
420.188049 269.854584 
190.405838 339.300964 
209.686844 285.220093 
338.381165 207.170395 
196.623596 305.489380 
206.649109 332.552429 
318.900665 269.715698 
489.746735 183.109695 
183.120941 325.349274 
348.470123 300.120117 
241.898880 304.573547 
189.071106 294.947784 
168.061584 282.441803 
241.222656 302.234924 
409.558136 270.793579 
216.600052 48.515636 
367.284912 130.886688 
508.981903 94.176117 
508.981903 94.176117 
494.458771 66.459503 
431.445770 87.296593 
189.806656 336.492950 
211.769394 276.204773 
170.072006 284.506897 
305.545776 156.079498 
300.672424 255.922226 
146.083908 297.000946 
309.449310 245.570450 
494.184631 182.628342 
239.216614 316.520538 
283.375885 105.316513 
145.990524 327.680481 
372.064392 120.576797 
402.722778 310.854431 
184.094940 131.522400 
427.812103 73.171234 
399.399628 225.320419 
479.709259 180.238007 
370.412231 254.900421 
430.694733 82.254562 
328.609070 248.722443 
409.457062 270.645569 
413.022125 86.319221 
302.644196 117.729111 
315.543427 200.659790 
290.157135 241.026657 
413.916351 301.340942 
308.511780 272.291687 
437.691559 250.320435 
399.399628 225.320419 
402.722778 310.854431 
202.660645 296.119598 
157.663315 305.991394 
433.358368 75.497383 
168.061584 282.441803 
468.577728 60.870380 
182.799637 327.475342 
298.699982 246.508072 
203.632706 295.123932 
206.539764 322.504608 
179.193069 261.216309 
192.346848 276.695679 
189.303680 314.981415 
196.634293 298.166626 
479.756866 180.787323 
317.887543 206.614517 
463.928955 73.420166 
196.623596 305.489380 
470.080414 130.687027 
179.193069 261.216309 
287.815979 247.161331 
424.591278 241.064926 
393.652435 261.709381 
409.506226 219.156143 
416.745636 311.021393 
348.878998 299.372284 
163.143021 288.702667 
336.689606 208.103882 
306.448486 140.518875 
306.507935 277.314148 
348.878998 299.372284 
357.803284 276.858032 
357.803284 276.858032 
336.686584 218.588287 
430.447845 234.672928 
168.459885 291.177338 
424.977448 270.260590 
195.503403 300.653717 
368.184357 301.366547 
220.486038 318.871155 
479.936401 193.230438 
183.006485 343.471771 
360.874847 255.626602 
336.686584 218.588287 
505.381805 89.979355 
230.473984 280.979279 
505.381805 89.979355 
145.990524 327.680481 
309.291534 272.970215 
336.689606 208.103882 
290.364685 166.555573 
290.394745 273.606750 
239.216614 316.520538 
434.240021 241.217468 
562.373169 18.427513 
371.068054 295.639252 
216.250992 281.325226 
417.674774 217.544922 
480.985596 187.555588 
309.449310 245.570450 
224.696579 141.045807 
409.457062 270.645569 
395.116638 220.031830 
196.623596 305.489380 
243.142273 277.552673 
330.627411 141.319443 
466.911072 137.494064 
375.464386 228.441010 
168.061584 282.441803 
141.401047 301.551086 
485.453552 191.804092 
228.479416 296.108582 
225.162918 328.943207 
395.116638 220.031830 
399.577515 317.831879 
268.383057 246.686920 
394.458191 220.903046 
209.686844 285.220093 
192.346848 276.695679 
173.463226 290.152374 
318.309509 242.409576 
422.213226 207.212418 
329.406250 132.520493 
213.504669 278.701630 
404.099121 307.732422 
289.712524 163.773865 
430.447845 234.672928 
161.710800 281.770874 
434.151428 80.087906 
434.151428 80.087906 
291.412811 274.699341 
209.686844 285.220093 
328.609070 248.722443 
445.647919 245.986328 
185.886581 312.980225 
202.182922 306.327789 
236.852737 320.203613 
315.543427 200.659790 
360.874847 255.626602 
303.245636 275.941345 
441.330017 245.407913 
289.194366 163.742249 
470.306305 171.199722 
423.281799 238.481552 
198.348618 300.736847 
348.878998 299.372284 
177.429550 343.140747 
480.339355 169.979736 
395.116638 220.031830 
481.537781 193.782562 
430.447845 234.672928 
189.307495 281.513611 
198.348618 300.736847 
436.309692 86.083511 
395.116638 220.031830 
339.399170 208.637421 
494.184631 182.628342 
290.157135 241.026657 
395.116638 220.031830 
415.624390 217.653870 
182.085373 297.505219 
415.624390 217.653870 
470.306305 171.199722 
189.071106 294.947784 
208.087463 338.801453 
339.000641 259.920044 
367.284912 130.886688 
307.359863 279.277618 
505.381805 89.979355 
477.282166 68.910698 
447.470306 245.884430 
216.662384 340.925598 
415.933929 80.411179 
236.178909 274.999573 
414.312286 86.036232 
434.240021 241.217468 
373.770874 296.244171 
209.686844 285.220093 
206.378876 289.895844 
437.646576 237.738266 
381.654633 304.996185 
383.802582 233.447586 
206.378876 289.895844 
317.887543 206.614517 
317.163849 242.404526 
357.374878 261.426849 
432.663177 88.753174 
339.399170 208.637421 
153.980057 333.300446 
479.831512 165.098770 
427.250854 244.156326 
409.506226 219.156143 
436.309692 86.083511 
189.307495 281.513611 
189.307495 281.513611 
424.132233 76.412514 
443.685791 256.397461 
353.291412 294.224976 
192.346848 276.695679 
189.307495 281.513611 
228.631332 55.906097 
214.168793 311.352753 
205.541855 273.938538 
470.306305 171.199722 
287.815979 247.161331 
397.853271 304.101105 
357.374878 261.426849 
427.250854 244.156326 
427.250854 244.156326 
470.306305 171.199722 
157.305466 301.436829 
330.627411 141.319443 
312.989075 203.954208 
551.305359 25.641989 
373.770874 296.244171 
373.770874 296.244171 
438.777069 243.268936 
189.307495 281.513611 
189.071106 294.947784 
420.902008 270.155060 
438.093781 243.542648 
415.624390 217.653870 
