500
445.319153 214.910843 
429.653961 221.737976 
430.991577 222.423874 
448.348572 216.112732 
444.152191 217.529251 
432.838196 223.042953 
460.693756 221.403214 
460.952057 221.133881 
440.862640 201.382996 
472.971191 192.587036 
442.756683 209.873672 
433.092773 216.191467 
415.893463 206.184464 
418.733673 228.432098 
420.224854 228.400513 
457.034637 252.933212 
438.998138 200.919327 
476.443207 210.209229 
475.469971 194.861237 
459.515350 255.202072 
440.333740 200.796509 
228.482346 229.328751 
453.380463 231.897324 
482.200562 208.129578 
141.816086 304.102295 
417.463348 229.224258 
438.124786 218.982147 
311.098297 278.970520 
232.099487 176.402374 
314.033081 279.997681 
439.715118 206.709900 
436.332794 226.580765 
462.919373 254.995239 
336.078064 263.015656 
340.629303 239.338165 
339.992523 238.847870 
424.107605 388.581940 
234.803787 175.577850 
236.753830 213.997253 
215.821045 208.454163 
234.962738 186.864227 
228.619629 220.204239 
443.379181 221.279144 
443.335907 220.590134 
463.117126 220.887161 
477.616577 200.449936 
484.797760 193.085327 
479.454834 204.965393 
473.226471 191.528610 
522.760193 233.210480 
139.824249 306.077972 
343.155396 242.046066 
298.079773 265.267181 
293.835876 265.149780 
214.753464 207.627533 
341.082001 237.221695 
309.284515 185.201736 
309.960236 270.835297 
142.919678 183.854813 
290.013855 307.430389 
482.839203 191.689438 
296.854065 274.063416 
502.595276 214.078186 
212.991806 206.734222 
234.052368 186.844788 
480.698212 198.632751 
255.216522 236.286880 
356.598206 219.583649 
418.688660 232.780334 
419.208984 232.677444 
460.400543 224.241867 
478.496979 207.500641 
479.391998 207.700485 
227.957962 197.168549 
308.614655 185.569000 
344.335663 240.859207 
465.665558 270.771729 
465.853638 271.246643 
491.950867 268.080566 
412.924469 229.103012 
495.669281 216.525818 
223.787094 229.705475 
455.625458 219.855743 
224.234619 228.316132 
225.096817 208.164368 
448.063782 223.600327 
438.820221 223.463730 
460.109894 223.441711 
453.532776 219.568619 
421.994202 232.669220 
297.323303 272.483673 
498.888885 270.644104 
275.502258 337.885132 
142.273865 183.857239 
157.871841 343.858063 
447.259308 224.446945 
169.854462 358.218079 
187.810043 343.291260 
466.145966 207.142761 
457.462158 212.850571 
441.131744 198.994675 
448.416779 310.961243 
454.286255 253.191605 
224.722977 228.605118 
337.865631 260.231842 
338.412262 268.123260 
310.490570 269.410095 
461.142151 288.183105 
329.268341 242.898239 
293.072998 265.480408 
525.083252 236.773621 
299.441650 275.080017 
449.728516 207.182205 
469.046783 193.166885 
456.580750 212.277695 
295.071320 272.213715 
140.854721 309.947510 
140.876541 309.769440 
225.340073 191.089798 
419.711548 201.916061 
338.268005 266.947113 
338.097382 267.024475 
460.489410 206.868530 
483.461273 190.355270 
299.567780 272.226105 
459.509827 220.808990 
459.326447 192.087021 
337.346588 264.702881 
385.506989 388.852295 
226.424377 235.928513 
286.379883 307.200012 
137.205933 234.782486 
506.246124 213.313507 
228.171692 222.640411 
237.476105 189.229248 
159.069122 344.441101 
156.859680 235.825073 
267.437561 155.548752 
232.978027 219.450806 
226.979614 225.443069 
422.766235 270.293579 
222.885727 206.522629 
454.216064 202.652359 
248.803665 210.165375 
277.151093 321.404083 
264.771454 210.830200 
280.938660 202.224579 
230.992279 228.521759 
437.175903 191.928864 
137.134506 304.950195 
251.949646 196.152786 
488.975403 194.954147 
136.771866 302.987122 
238.754730 183.500412 
327.444763 242.615799 
336.521332 236.765503 
455.863495 279.359741 
310.100525 280.176117 
452.859650 178.872452 
329.787415 241.477295 
227.807236 177.758682 
205.847992 344.573761 
214.453979 204.319733 
333.177124 248.299347 
453.614594 285.089844 
150.424469 245.650299 
454.966095 201.647659 
168.934311 358.105103 
169.384827 358.093140 
296.922455 254.368729 
499.006378 212.602310 
499.224030 213.309479 
298.064026 193.100067 
297.512817 193.124481 
429.767059 202.466522 
271.470917 185.878220 
287.565002 212.162613 
455.405304 200.519882 
224.527985 225.067307 
225.126419 225.204132 
238.560867 182.934814 
310.554474 263.249756 
154.629547 249.807922 
345.499237 260.967224 
155.033661 227.395874 
483.046143 210.592773 
290.602478 264.308136 
325.691650 259.767059 
153.054504 237.520538 
403.544800 229.720947 
472.051117 269.949310 
350.660736 218.050522 
233.639801 219.498215 
263.407043 351.104950 
328.930328 241.075256 
144.116425 308.677673 
156.084076 236.719162 
509.031677 208.939148 
313.609283 181.475815 
237.628998 189.552307 
311.350708 187.079361 
279.422089 327.707245 
297.782135 254.489594 
469.155701 214.632385 
277.118378 319.964813 
336.621826 242.453476 
217.751556 227.601089 
262.757385 348.520966 
449.409027 281.476318 
482.965668 204.144958 
222.386185 209.696655 
219.839111 206.212524 
486.680603 261.664093 
289.884949 264.094757 
136.083221 308.928680 
339.629089 269.998260 
156.706116 225.918671 
155.918762 253.701309 
388.642853 375.124908 
203.799118 346.088409 
159.760101 231.792145 
453.839996 277.710266 
207.885635 236.283218 
265.508423 352.481445 
271.679596 154.417725 
336.647644 210.054214 
247.427948 235.573318 
401.723145 209.547394 
327.921539 258.200897 
265.369873 211.902954 
275.489380 206.318069 
318.189758 247.388580 
485.265594 194.785385 
313.149841 261.221497 
402.699066 208.518265 
153.644501 228.653061 
330.993652 259.761566 
256.433777 192.976257 
286.095032 188.703186 
298.578064 165.676605 
454.004517 197.295837 
180.871384 352.947479 
314.670593 254.929611 
347.521667 214.713257 
475.378906 211.698151 
291.446747 267.140533 
274.593597 330.095123 
455.690308 243.086426 
487.472534 199.996902 
218.060318 203.691299 
237.224060 182.103546 
471.862610 210.279297 
475.863342 253.342041 
424.011810 269.842285 
220.875183 200.060715 
221.469376 200.330612 
454.447449 243.365128 
149.909515 241.834595 
152.880661 228.374283 
153.642807 224.463074 
154.168671 254.417450 
426.586975 244.672531 
305.376282 330.060059 
314.408936 254.384766 
213.365311 227.407654 
282.219696 194.875641 
464.767517 224.417969 
313.334686 180.378937 
344.725525 261.807129 
444.916168 284.736786 
527.138489 233.871750 
138.488327 237.480957 
305.221619 224.773392 
256.176941 229.112793 
262.176422 209.362427 
487.824249 229.451370 
283.415741 335.672760 
293.725952 207.161118 
223.160675 210.506958 
297.001740 312.411957 
237.731598 236.824539 
294.626099 208.357193 
230.889572 337.555359 
229.466095 220.663040 
142.237366 247.400330 
248.387451 184.722076 
406.017578 226.780914 
225.314331 199.376740 
285.875458 215.350189 
437.614716 186.050339 
408.516357 227.614761 
310.917328 258.336853 
409.130341 226.773300 
436.453400 252.579132 
221.067032 207.892120 
302.846222 272.256256 
342.628479 214.159790 
237.116135 236.096756 
237.705139 214.002701 
488.659576 197.813354 
309.510864 180.676666 
176.130936 356.870575 
374.269623 252.218948 
476.886200 185.914627 
342.974915 248.351608 
273.790741 155.310440 
433.909882 243.415894 
264.606079 220.402100 
162.009460 359.982849 
256.873901 197.485184 
154.457703 349.265045 
174.991211 351.859558 
469.286804 270.763550 
255.229416 208.354950 
254.694489 207.872330 
297.973572 313.367767 
436.167358 251.901321 
514.719055 217.582260 
460.244781 269.729584 
256.686829 195.607056 
304.817841 182.851562 
254.931595 151.082367 
183.070358 329.747833 
360.613831 215.802948 
267.515167 219.687775 
246.308411 239.274460 
137.697983 307.589325 
331.441345 231.310364 
217.597763 201.334381 
428.048187 186.232880 
270.992432 332.340576 
264.564087 283.646912 
454.443939 274.576538 
261.913788 183.216858 
327.860138 261.077789 
159.728729 234.869476 
175.119980 357.206207 
294.982117 163.270966 
294.072021 253.359009 
277.358643 318.034393 
469.757233 260.276428 
249.066437 184.639572 
485.245789 248.577927 
277.954132 316.842102 
137.835052 298.412201 
407.555786 229.525131 
268.311707 327.435455 
344.504150 244.966599 
382.352875 243.046265 
246.267273 187.612473 
269.474304 217.908569 
479.827209 253.257080 
141.652298 291.536804 
158.360550 227.694397 
276.389801 329.970612 
232.246918 190.523453 
283.830902 336.298309 
287.881500 161.794983 
492.860779 313.468048 
235.760849 192.030594 
478.454865 231.517487 
518.380188 200.094986 
465.590759 224.269592 
446.061829 239.059998 
204.629028 228.302414 
455.071899 242.241531 
266.794281 139.591690 
435.014587 183.570938 
469.019379 211.364059 
224.495041 238.912521 
137.601532 238.305222 
311.484467 256.930176 
269.776886 153.949295 
245.896713 231.918381 
311.194824 213.866119 
160.762009 233.471954 
269.861572 216.663574 
280.945648 155.612823 
333.953064 236.952393 
217.042404 224.995911 
476.635162 239.344788 
232.959488 236.529205 
476.079529 184.352997 
303.812622 183.273132 
266.480011 281.557129 
342.228333 213.336273 
272.933868 301.257568 
207.356964 193.788300 
233.652771 228.438461 
505.231506 298.982269 
268.431244 181.917816 
243.837662 262.257141 
294.632996 205.969742 
306.998871 178.043091 
359.670715 218.735321 
452.556030 247.821045 
450.449097 228.160751 
450.497864 227.566467 
309.483643 345.343719 
452.379303 210.324860 
334.703094 253.291885 
154.815536 357.406891 
311.918945 241.095154 
471.837097 238.041641 
227.082504 189.261261 
244.765274 226.597412 
491.574768 247.817764 
392.253265 390.279602 
416.836914 261.113037 
246.270279 212.751312 
264.769409 183.477646 
323.316376 234.207138 
322.310822 238.937820 
416.721466 199.691833 
138.865860 287.339478 
137.673386 297.158539 
245.524445 227.177521 
322.641510 203.830673 
322.778442 204.449371 
213.933197 225.113586 
504.181641 296.532776 
334.575378 250.391586 
339.892700 230.810593 
276.665527 206.636459 
232.409409 236.586685 
291.116333 186.837341 
210.208527 182.888443 
487.734802 230.163132 
140.137543 235.660950 
315.023590 229.914536 
286.990967 214.646515 
145.165100 195.986160 
302.728149 274.028900 
224.727783 283.307220 
402.895203 236.330093 
400.218170 237.097610 
400.301025 236.820160 
436.197662 185.156250 
473.180206 233.610489 
204.637070 261.988281 
271.115631 330.809509 
299.982300 200.260117 
444.737213 196.528961 
156.720322 248.124557 
210.673325 196.873795 
306.162170 185.647842 
469.825623 224.688889 
136.680145 217.683456 
141.853683 357.794373 
208.481903 201.934921 
278.191437 204.248642 
296.289185 198.740112 
287.359192 213.404556 
332.179413 238.464096 
405.927979 207.468094 
483.702820 229.438843 
291.362885 271.535370 
348.103546 250.020752 
480.591888 244.550018 
327.712433 262.063629 
422.377289 195.807526 
204.949081 192.177109 
345.226257 264.268890 
426.391754 218.945129 
153.580780 341.965363 
220.663010 230.949524 
268.575195 299.846069 
244.346237 339.794830 
222.061600 203.756821 
253.284683 144.549728 
429.029053 222.890533 
472.887054 175.807159 
325.133148 265.429779 
424.614136 234.329758 
252.013290 210.896667 
416.237305 261.594849 
349.419922 337.304108 
331.909912 267.876831 
469.780518 233.442810 
405.744080 231.668915 
472.969604 189.549072 
475.476379 370.298157 
246.188156 181.979462 
309.620239 224.061386 
460.160126 269.354584 
138.847809 219.540527 
363.554626 219.903809 
266.666412 183.193436 
331.859711 266.165649 
441.384216 247.557892 
266.319733 143.737717 
401.303070 220.344070 
509.712402 256.410950 
136.163483 291.380768 
288.355774 194.537415 
468.920044 233.207108 
468.996887 233.351181 
248.764053 236.464432 
316.679932 248.863251 
272.651001 143.708038 
