500
250.241333 157.530731 
250.241333 157.530731 
250.241333 157.530731 
260.125061 160.672516 
228.143845 140.809341 
242.127243 148.602463 
242.127243 148.602463 
280.982452 217.996292 
227.685364 135.518326 
226.807587 298.803986 
265.623352 169.779419 
225.846359 147.130753 
210.314606 120.158676 
255.976059 138.770020 
354.025360 226.658737 
205.612091 128.491913 
265.623352 169.779419 
284.947388 228.671799 
434.392761 255.459045 
502.948273 317.260773 
389.810883 196.366364 
490.392456 324.119476 
228.032303 134.997162 
246.147324 153.563995 
337.593079 357.280792 
292.217224 101.167320 
476.298889 292.091980 
389.975891 196.908615 
499.167419 314.166168 
215.658569 152.446609 
250.241333 157.530731 
234.160309 121.901726 
281.759583 216.930481 
354.146301 252.204208 
259.217377 124.422142 
332.860931 211.946884 
311.566956 339.165039 
286.051666 234.485138 
354.025360 226.658737 
354.570557 253.932663 
207.498077 120.522842 
246.147324 153.563995 
551.020386 427.284393 
226.807587 298.803986 
423.263306 238.503082 
400.740082 387.158478 
354.146301 252.204208 
202.546600 108.182053 
202.546600 108.182053 
400.740082 387.158478 
405.690826 387.347351 
232.445663 149.362839 
522.646484 383.713043 
354.570557 253.932663 
410.602386 237.635162 
413.840881 102.945801 
215.658569 152.446609 
256.362122 141.878601 
311.566956 339.165039 
337.593079 357.280792 
220.878281 135.600189 
432.244843 255.444199 
278.121094 277.166260 
214.215134 131.520477 
332.860931 211.946884 
339.918579 346.106506 
296.265381 290.674347 
270.463074 328.033661 
305.079926 333.620697 
491.578674 327.202972 
357.298218 228.142944 
406.358704 397.723358 
500.309601 396.228058 
500.309601 396.228058 
488.540619 323.291901 
324.415863 347.963409 
324.415863 347.963409 
328.628693 341.829834 
423.263306 238.503082 
235.496582 127.048370 
261.869812 101.343414 
534.749634 377.571686 
256.021362 123.430496 
285.659607 235.045959 
218.093796 124.038139 
415.277985 232.001984 
324.640717 347.287415 
241.011154 88.969124 
273.649933 302.436951 
261.603790 109.487015 
265.623352 169.779419 
530.580078 350.220917 
274.554138 105.158195 
239.583832 115.044868 
306.488983 292.328583 
314.578552 348.910614 
342.355896 340.235535 
521.238037 381.693268 
274.347931 170.737259 
522.609314 354.534241 
290.364563 283.864685 
290.364563 283.864685 
317.097168 238.732315 
393.324677 391.431366 
207.498077 120.522842 
271.259521 304.393402 
410.116302 384.502075 
242.127243 148.602463 
253.084839 123.694649 
250.241333 157.530731 
410.631195 377.970581 
317.984650 337.727112 
199.869858 134.476288 
486.874207 327.363953 
239.583832 115.044868 
239.583832 115.044868 
234.160309 121.901726 
256.332306 179.895813 
243.523438 120.726738 
526.734863 372.883392 
311.566956 339.165039 
246.700531 146.221802 
213.304626 117.519035 
309.448730 281.673248 
278.121094 277.166260 
256.676514 166.492004 
337.050385 343.306915 
234.160309 121.901726 
335.518860 348.686218 
305.950531 332.889862 
342.355896 340.235535 
213.304626 117.519035 
522.551331 354.473541 
238.295242 127.901680 
303.763306 264.119080 
234.160309 121.901726 
319.270874 246.039658 
319.270874 246.039658 
239.583832 115.044868 
239.583832 115.044868 
225.846359 147.130753 
218.093796 124.038139 
494.603577 321.528595 
274.554138 105.158195 
248.748764 160.021378 
290.401672 292.197479 
271.259521 304.393402 
521.259583 387.016479 
521.259583 387.016479 
309.448730 281.673248 
316.752502 340.925018 
304.280731 190.310394 
352.452484 310.565491 
225.846359 147.130753 
491.578674 327.202972 
323.007812 305.670990 
273.649933 302.436951 
218.747559 123.915848 
574.116394 291.284393 
241.375610 105.243713 
487.423676 304.347321 
238.295242 127.901680 
317.984650 337.727112 
350.247009 233.704697 
432.244843 255.444199 
516.149841 384.707062 
269.483734 323.564362 
220.878281 135.600189 
276.020477 341.522186 
290.401672 292.197479 
267.295837 334.002930 
201.373901 131.378082 
500.309601 396.228058 
246.147324 153.563995 
436.456451 264.811401 
305.950531 332.889862 
393.789154 231.910828 
213.304626 117.519035 
244.174179 107.713249 
244.174179 107.713249 
560.391174 267.305511 
413.833923 376.473389 
311.566956 339.165039 
263.476013 141.964371 
493.548279 306.553894 
514.200195 353.448914 
546.577148 288.130432 
232.505280 164.358459 
241.375610 105.243713 
491.578674 327.202972 
311.098846 331.910675 
199.470459 129.357315 
266.383514 330.497101 
267.811066 305.285431 
218.747559 123.915848 
339.918579 346.106506 
487.653381 312.725342 
271.333954 163.541504 
193.967834 117.237648 
220.878281 135.600189 
262.723663 116.299248 
286.011993 102.954231 
410.602386 237.635162 
559.914917 375.765686 
393.789154 231.910828 
202.546600 108.182053 
393.324677 391.431366 
243.451843 99.498497 
278.809937 220.719833 
313.132874 332.335724 
341.135162 292.454437 
269.483734 323.564362 
506.841888 333.681122 
288.704712 291.437073 
244.877151 90.166130 
503.236542 374.164032 
261.869812 101.343414 
214.215134 131.520477 
214.215134 131.520477 
270.463074 328.033661 
342.355896 340.235535 
313.012726 318.141510 
278.121094 277.166260 
446.756744 180.547791 
202.546600 108.182053 
413.833923 376.473389 
413.833923 376.473389 
213.304626 117.519035 
225.846359 147.130753 
248.748764 160.021378 
357.298218 228.142944 
366.904968 332.593384 
358.762665 338.572266 
242.127243 148.602463 
219.873901 154.309052 
205.612091 128.491913 
350.247009 233.704697 
239.583832 115.044868 
419.054626 233.289719 
312.515533 250.341171 
516.149841 384.707062 
251.147736 136.658997 
302.536285 258.111877 
244.877151 90.166130 
271.333954 163.541504 
251.147736 136.658997 
311.566956 339.165039 
577.713562 439.580444 
267.323914 140.124847 
239.583832 115.044868 
272.299866 98.779289 
267.323914 140.124847 
302.536285 258.111877 
500.980103 323.917511 
202.461426 128.449051 
200.281082 129.420303 
248.748764 160.021378 
206.426407 124.020432 
228.143845 140.809341 
251.347778 171.165909 
240.041351 141.298874 
248.748764 160.021378 
393.324677 391.431366 
497.491425 324.408386 
497.491425 324.408386 
284.947388 228.671799 
207.498077 120.522842 
280.982452 217.996292 
313.012726 318.141510 
360.196777 335.763184 
396.301483 394.413391 
360.196777 335.763184 
499.167419 314.166168 
499.167419 314.166168 
270.719330 138.951538 
500.980103 323.917511 
230.950409 113.145119 
239.712204 115.549103 
448.352020 134.044113 
241.375610 105.243713 
352.452484 310.565491 
257.044556 153.981003 
229.423126 129.431412 
447.266968 271.517395 
328.193329 356.446991 
511.965698 349.348114 
261.869812 101.343414 
244.738434 166.920090 
267.323914 140.124847 
261.582306 120.952744 
285.659607 235.045959 
448.352020 134.044113 
448.352020 134.044113 
531.072327 368.583862 
267.295837 334.002930 
348.920502 315.090973 
290.966156 243.927155 
256.676514 166.492004 
358.762665 338.572266 
517.460205 381.428375 
265.839325 133.482910 
265.839325 133.482910 
352.452484 310.565491 
257.882843 155.931198 
248.748764 160.021378 
341.135162 292.454437 
430.435211 184.215134 
403.070496 87.242653 
331.792480 358.536316 
522.551331 354.473541 
446.756744 180.547791 
272.955658 99.591858 
272.955658 99.591858 
230.950409 113.145119 
343.886658 253.205322 
241.375610 105.243713 
251.147736 136.658997 
421.318695 384.154297 
291.852234 185.914551 
238.295242 127.901680 
406.358704 397.723358 
271.274200 275.909058 
282.302277 107.555580 
335.981934 364.474548 
309.448730 281.673248 
343.886658 253.205322 
344.576355 347.671997 
225.846359 147.130753 
313.012726 318.141510 
309.448730 281.673248 
279.538544 131.591202 
341.135162 292.454437 
228.301102 76.758507 
317.630280 353.126678 
296.697266 60.993271 
339.918579 346.106506 
241.011154 88.969124 
271.274200 275.909058 
245.639740 114.050804 
259.633362 163.704987 
241.375610 105.243713 
226.490570 118.339966 
290.540802 340.459198 
413.833923 376.473389 
503.236542 374.164032 
303.731964 333.461304 
275.927948 343.162689 
306.488983 292.328583 
472.357574 320.022003 
358.454193 330.109863 
223.036911 122.180504 
358.454193 330.109863 
223.586639 155.890915 
258.227631 169.123795 
316.974365 237.988922 
260.058899 330.079834 
272.621460 282.592590 
267.467773 276.393951 
291.352234 144.175827 
323.770020 281.328461 
202.461426 128.449051 
299.309662 289.529999 
250.654373 91.048416 
436.456451 264.811401 
434.628876 76.279549 
235.496582 127.048370 
351.276611 309.229706 
413.833923 376.473389 
267.295837 334.002930 
406.358704 397.723358 
417.855286 229.660156 
199.123947 92.759338 
245.528183 136.938278 
336.369293 366.610809 
193.967834 117.237648 
200.280121 92.448074 
351.188660 233.146362 
348.920502 315.090973 
313.297211 284.294281 
228.875977 104.696251 
250.241333 157.530731 
358.454193 330.109863 
382.356384 296.394653 
516.758423 360.938873 
224.038086 156.593872 
218.325073 144.411728 
358.762665 338.572266 
400.102112 210.647949 
307.360016 221.456665 
280.982452 217.996292 
537.980286 360.258179 
351.276611 309.229706 
509.225098 379.432617 
238.295242 127.901680 
339.056030 325.820679 
302.383270 335.747162 
291.852234 185.914551 
261.869812 101.343414 
324.640717 347.287415 
408.140594 391.408295 
408.140594 391.408295 
400.491241 128.395660 
352.452484 310.565491 
400.491241 128.395660 
244.174179 107.713249 
254.436691 98.744095 
413.833923 376.473389 
537.980286 360.258179 
201.002930 144.840973 
290.540802 340.459198 
493.704620 330.940796 
289.692383 146.727402 
517.424866 447.832214 
312.499542 230.077744 
273.996613 299.861206 
273.277557 311.205627 
235.496582 127.048370 
307.360016 221.456665 
313.992462 344.925354 
225.084274 120.509483 
303.731964 333.461304 
415.612213 196.488907 
296.697266 60.993271 
501.845276 322.332123 
241.375610 105.243713 
241.375610 105.243713 
434.628876 76.279549 
241.375610 105.243713 
329.018951 342.608002 
193.163696 105.003128 
436.456451 264.811401 
413.840881 102.945801 
388.698395 397.117157 
270.175995 299.280792 
309.777710 219.822617 
273.768311 329.458313 
506.902130 360.491577 
344.576355 347.671997 
265.032990 314.233429 
398.865326 122.522049 
285.753479 103.988678 
249.835175 146.672989 
358.454193 330.109863 
313.012726 318.141510 
203.221924 155.530548 
351.276611 309.229706 
393.789154 231.910828 
356.290649 324.251312 
291.352234 144.175827 
250.241333 157.530731 
226.639725 151.146805 
226.639725 151.146805 
303.562531 335.049500 
398.382477 399.191193 
493.548279 306.553894 
256.124390 132.131760 
336.369293 366.610809 
230.950409 113.145119 
415.277985 232.001984 
293.425446 190.203262 
368.617035 331.523956 
313.297211 284.294281 
343.886658 253.205322 
262.723663 116.299248 
201.002930 144.840973 
446.756744 180.547791 
358.762665 338.572266 
223.565964 124.140060 
187.910461 138.933762 
448.220947 271.044159 
432.458649 256.295319 
351.188660 233.146362 
328.193329 356.446991 
324.640717 347.287415 
223.586639 155.890915 
393.409119 407.732178 
260.930725 144.949463 
250.654373 91.048416 
256.435486 142.594925 
503.236542 374.164032 
291.352234 144.175827 
317.630280 353.126678 
247.958298 60.238270 
393.789154 231.910828 
230.950409 113.145119 
246.700531 146.221802 
278.836334 296.318420 
278.836334 296.318420 
341.135162 292.454437 
206.686371 99.251808 
244.903473 136.086807 
339.918579 346.106506 
311.992767 282.888062 
368.617035 331.523956 
278.836334 296.318420 
299.723175 284.323212 
336.369293 366.610809 
351.276611 309.229706 
358.454193 330.109863 
403.130066 399.847992 
