500
478.702393 289.600555 
483.977997 288.412872 
475.798553 292.767731 
483.534973 307.025757 
477.232452 287.201630 
473.984528 288.815552 
460.297699 306.243683 
245.170471 285.198273 
499.020905 306.547241 
483.977997 288.412872 
483.977997 288.412872 
241.863037 180.869720 
458.373444 314.405212 
460.297699 306.243683 
460.297699 306.243683 
245.170471 285.198273 
483.977997 288.412872 
436.646362 340.870819 
460.297699 306.243683 
415.201324 252.113052 
499.020905 306.547241 
241.863037 180.869720 
453.488861 294.488403 
73.021255 234.062622 
475.798553 292.767731 
483.977997 288.412872 
433.815155 308.774475 
473.984528 288.815552 
489.045105 284.532440 
422.869598 279.176727 
489.045105 284.532440 
241.863037 180.869720 
241.863037 180.869720 
435.774506 309.633881 
458.373444 314.405212 
465.213776 280.697937 
284.716644 184.351822 
244.926147 159.394302 
450.032471 292.556458 
453.488861 294.488403 
488.252533 306.069672 
488.252533 306.069672 
443.611511 297.163239 
425.828033 281.358093 
244.926147 159.394302 
95.120346 239.073318 
317.262238 193.150574 
327.252472 245.058502 
241.863037 180.869720 
422.869598 279.176727 
427.541168 271.091705 
447.404999 312.179626 
408.748047 282.227936 
295.602722 138.292068 
431.045654 271.107086 
241.863037 180.869720 
312.434143 187.227814 
139.855209 195.105408 
295.602722 138.292068 
252.692627 161.607025 
422.869598 279.176727 
316.694061 261.318176 
413.335297 286.494049 
129.833694 210.169907 
129.833694 210.169907 
435.950073 284.777954 
435.950073 284.777954 
447.094360 329.469299 
366.581635 93.723503 
366.581635 93.723503 
435.950073 284.777954 
241.863037 180.869720 
408.748047 282.227936 
408.748047 282.227936 
282.818970 167.472794 
241.863037 180.869720 
241.863037 180.869720 
327.252472 245.058502 
335.935486 163.702133 
284.716644 184.351822 
252.152344 161.518265 
245.170471 285.198273 
157.962158 250.108582 
435.950073 284.777954 
475.322723 323.226288 
403.124054 260.829163 
444.445435 285.886292 
316.694061 261.318176 
435.950073 284.777954 
453.214233 298.839966 
450.032471 292.556458 
466.815460 311.995697 
252.221237 314.164948 
273.430023 139.878067 
256.234924 174.951965 
461.179932 311.002319 
256.234924 174.951965 
321.695984 179.801315 
80.521004 235.047363 
435.950073 284.777954 
435.598633 294.837524 
331.582642 244.397385 
433.718079 304.542572 
484.623627 336.202515 
244.926147 159.394302 
463.088989 267.646790 
252.221237 314.164948 
453.214233 298.839966 
450.032471 292.556458 
450.032471 292.556458 
474.875946 273.640076 
482.574951 292.335266 
421.806885 265.826874 
195.789124 105.207222 
370.688110 142.405212 
484.623627 336.202515 
163.233704 162.070663 
408.723053 270.484497 
415.201324 252.113052 
493.333771 289.230347 
198.988541 105.337402 
458.560760 280.710938 
244.926147 159.394302 
435.598633 294.837524 
435.598633 294.837524 
316.694061 261.318176 
237.639191 177.159485 
421.559601 273.721069 
410.248718 275.968689 
483.977997 288.412872 
282.818970 167.472794 
273.430023 139.878067 
86.503502 213.673050 
323.779297 260.878082 
327.252472 245.058502 
327.252472 245.058502 
451.847412 316.705414 
431.586945 295.219238 
439.668823 288.617676 
409.652863 296.776001 
226.967087 193.287384 
226.967087 193.287384 
245.170471 285.198273 
458.373444 314.405212 
323.779297 260.878082 
92.976967 232.848221 
321.695984 179.801315 
481.110718 335.427277 
322.593750 192.702652 
131.934708 247.539474 
422.044983 267.666199 
80.521004 235.047363 
436.646362 340.870819 
198.988541 105.337402 
325.370667 212.625610 
458.373444 314.405212 
456.649506 300.046631 
325.221558 266.518311 
252.152344 161.518265 
252.152344 161.518265 
293.553864 268.891144 
422.869598 279.176727 
406.399780 339.475830 
473.984528 288.815552 
80.521004 235.047363 
410.248718 275.968689 
435.950073 284.777954 
77.763329 212.809479 
285.336853 155.941666 
292.143677 268.972351 
139.855209 195.105408 
449.276978 263.919128 
259.952667 192.208344 
358.123260 225.679520 
316.229828 178.039093 
484.623627 336.202515 
415.201324 252.113052 
358.123260 225.679520 
252.221237 314.164948 
143.421310 260.162506 
238.740097 179.385880 
408.723053 270.484497 
321.695984 179.801315 
493.333771 289.230347 
137.698425 264.584106 
438.686493 285.500763 
260.594147 175.228973 
411.309021 271.934479 
484.623627 336.202515 
198.988541 105.337402 
189.129669 279.443481 
452.288940 245.065094 
447.926880 247.551453 
481.796997 298.170380 
94.807144 215.445251 
189.129669 279.443481 
237.137466 176.969879 
251.125809 154.210785 
458.373444 314.405212 
458.373444 314.405212 
139.855209 195.105408 
251.125809 154.210785 
260.337891 283.918335 
405.214722 340.186218 
416.491669 246.356308 
456.920044 269.341888 
474.875946 273.640076 
423.734650 292.677917 
129.833694 210.169907 
281.574249 305.884521 
260.337891 283.918335 
195.789124 105.207222 
327.252472 245.058502 
238.036057 222.652145 
420.105255 258.192444 
331.651917 244.970245 
284.716644 184.351822 
77.763329 212.809479 
240.086411 298.042908 
431.766785 338.921692 
431.766785 338.921692 
259.952667 192.208344 
477.883667 274.933807 
273.790771 154.865158 
433.718079 304.542572 
163.233704 162.070663 
477.883667 274.933807 
129.833694 210.169907 
299.021027 192.438766 
321.362396 134.840073 
269.203522 152.976761 
475.322723 323.226288 
299.021027 192.438766 
355.235779 224.959610 
258.575378 195.359650 
260.337891 283.918335 
130.788345 252.345322 
260.498993 191.386658 
260.594147 175.228973 
299.021027 192.438766 
470.199310 314.817810 
245.656479 147.061600 
433.772400 261.630798 
317.262238 193.150574 
418.331329 260.399048 
198.988541 105.337402 
299.021027 192.438766 
237.639191 177.159485 
324.748260 262.043335 
293.553864 268.891144 
421.806885 265.826874 
447.094360 329.469299 
131.012848 248.760818 
431.586945 295.219238 
455.995850 247.927094 
83.458397 306.153137 
256.601318 195.082687 
260.594147 175.228973 
451.847412 316.705414 
273.790771 154.865158 
325.370667 212.625610 
418.331329 260.399048 
501.065704 279.026337 
456.920044 269.341888 
440.530792 274.655487 
413.277649 265.017639 
252.152344 161.518265 
241.863037 180.869720 
139.855209 195.105408 
286.274109 151.223953 
139.855209 195.105408 
307.946564 198.530243 
436.646362 340.870819 
316.694061 261.318176 
434.863007 252.325623 
250.280624 143.097916 
132.736450 251.848740 
92.519333 309.455170 
340.282104 252.034958 
273.100555 324.056641 
170.577896 144.527481 
273.430023 139.878067 
131.012848 248.760818 
198.988541 105.337402 
447.926880 247.551453 
255.909149 201.106293 
407.692169 260.429474 
340.282104 252.034958 
331.582642 244.397385 
259.952667 192.208344 
129.833694 210.169907 
286.274109 151.223953 
299.021027 192.438766 
270.433655 152.889160 
408.723053 270.484497 
243.883408 140.154999 
80.521004 235.047363 
256.601318 195.082687 
129.833694 210.169907 
440.066895 330.473358 
400.411987 273.710815 
274.462799 149.568527 
360.418854 267.372559 
260.594147 175.228973 
343.968964 184.528748 
293.553864 268.891144 
449.456116 255.434525 
266.122406 150.904160 
291.349518 269.194214 
323.138733 270.425537 
243.883408 140.154999 
460.126770 247.791855 
335.935486 163.702133 
418.626953 303.434662 
198.988541 105.337402 
327.252472 245.058502 
481.829315 334.485474 
285.336853 155.941666 
259.952667 192.208344 
474.875946 273.640076 
449.456116 255.434525 
449.456116 255.434525 
285.336853 155.941666 
400.411987 273.710815 
299.021027 192.438766 
252.015396 314.639557 
364.615417 240.682053 
472.334320 359.708649 
255.909149 201.106293 
284.716644 184.351822 
284.716644 184.351822 
198.988541 105.337402 
354.452118 188.121994 
245.170471 285.198273 
299.021027 192.438766 
274.462799 149.568527 
323.932373 125.137688 
408.723053 270.484497 
277.850189 150.076340 
397.767456 427.268585 
180.882874 153.230270 
477.883667 274.933807 
277.850189 150.076340 
259.952667 192.208344 
455.365601 245.358017 
301.651154 192.013031 
400.464874 259.404022 
72.416374 213.022110 
72.416374 213.022110 
325.221558 266.518311 
460.724884 319.847931 
253.036453 134.582108 
458.560760 280.710938 
281.689789 156.061630 
237.291824 295.297424 
269.203522 152.976761 
260.594147 175.228973 
274.077850 195.234314 
339.047791 261.574036 
472.334320 359.708649 
472.334320 359.708649 
237.639191 177.159485 
312.531219 236.102524 
237.291824 295.297424 
129.833694 210.169907 
152.110413 261.989502 
273.100555 324.056641 
429.713776 301.780487 
316.694061 261.318176 
261.443268 175.966492 
256.601318 195.082687 
301.651154 192.013031 
266.122406 150.904160 
463.401306 254.445084 
299.021027 192.438766 
95.597641 333.875793 
88.930374 233.852615 
278.392639 144.090103 
325.221558 266.518311 
433.255463 279.701416 
338.687683 252.087723 
323.138733 270.425537 
266.122406 150.904160 
137.590790 260.821442 
439.490173 245.672989 
456.920044 269.341888 
450.032471 292.556458 
490.117798 276.428406 
406.399780 339.475830 
280.749115 311.884125 
338.687683 252.087723 
139.855209 195.105408 
237.639191 177.159485 
358.578094 224.507324 
476.030487 284.147034 
456.932404 273.500916 
325.221558 266.518311 
325.221558 266.518311 
448.444519 307.657196 
137.441162 250.422333 
176.407135 153.051636 
86.011292 194.459625 
269.203522 152.976761 
180.882874 153.230270 
245.170471 285.198273 
261.443268 175.966492 
139.855209 195.105408 
255.909149 201.106293 
474.875946 273.640076 
452.912689 299.739136 
277.850189 150.076340 
473.984528 288.815552 
338.687683 252.087723 
433.255463 279.701416 
73.021255 234.062622 
499.020905 306.547241 
256.601318 195.082687 
299.021027 192.438766 
471.595459 325.026581 
490.117798 276.428406 
241.863037 180.869720 
453.708557 263.069153 
325.370667 212.625610 
325.370667 212.625610 
269.203522 152.976761 
423.673431 252.409653 
392.523926 305.582306 
327.252472 245.058502 
256.234924 174.951965 
299.021027 192.438766 
198.988541 105.337402 
260.594147 175.228973 
456.932404 273.500916 
260.594147 175.228973 
282.818970 167.472794 
246.008850 143.525757 
325.221558 266.518311 
464.626007 253.546967 
238.036057 222.652145 
451.847412 316.705414 
213.476273 283.981873 
256.601318 195.082687 
137.590790 260.821442 
371.529388 272.794434 
220.933014 178.245178 
312.434143 187.227814 
128.174927 265.537598 
456.932404 273.500916 
451.847412 316.705414 
439.490173 245.672989 
318.877228 139.047760 
265.306213 140.550446 
416.491669 246.356308 
455.317719 317.514557 
139.855209 195.105408 
457.944641 334.523560 
181.208527 147.532089 
241.264542 180.756607 
335.935486 163.702133 
389.695526 298.728851 
389.695526 298.728851 
340.282104 252.034958 
259.952667 192.208344 
329.993683 165.195663 
269.170258 353.400604 
423.673431 252.409653 
418.881409 335.922974 
447.926880 247.551453 
445.927765 304.830414 
343.968964 184.528748 
409.652863 296.776001 
325.370667 212.625610 
260.477570 155.367325 
129.833694 210.169907 
180.882874 153.230270 
435.598633 294.837524 
273.430023 139.878067 
241.863037 180.869720 
339.047791 261.574036 
129.833694 210.169907 
321.807495 211.003296 
392.523926 305.582306 
343.968964 184.528748 
436.646362 340.870819 
345.102844 263.908081 
481.049347 327.938629 
129.833694 210.169907 
312.531219 236.102524 
256.234924 174.951965 
457.944641 334.523560 
65.298553 228.237625 
256.234924 174.951965 
73.041405 223.904816 
281.574249 305.884521 
452.196411 290.496246 
308.451294 135.596008 
308.451294 135.596008 
327.139069 132.079285 
259.952667 192.208344 
424.627014 256.256775 
