500
455.405304 200.519882 
429.653961 221.737976 
475.469971 194.861237 
412.924469 229.103012 
429.029053 222.890533 
459.509827 220.808990 
453.380463 231.897324 
450.449097 228.160751 
450.497864 227.566467 
392.253265 390.279602 
412.948944 222.443085 
460.693756 221.403214 
460.952057 221.133881 
480.698212 198.632751 
449.409027 281.476318 
430.991577 222.423874 
456.580750 212.277695 
499.006378 212.602310 
499.224030 213.309479 
415.355957 212.548492 
460.400543 224.241867 
436.332794 226.580765 
311.098297 278.970520 
452.379303 210.324860 
460.109894 223.441711 
336.078064 263.015656 
471.837097 238.041641 
444.916168 284.736786 
385.506989 388.852295 
420.224854 228.400513 
495.669281 216.525818 
477.616577 200.449936 
337.346588 264.702881 
289.776459 168.517517 
416.611420 212.894913 
212.306519 197.018814 
453.839996 277.710266 
457.462158 212.850571 
441.131744 198.994675 
491.950867 268.080566 
454.004517 197.295837 
409.130341 226.773300 
445.156433 195.985825 
472.496033 238.946793 
439.715118 206.709900 
444.737213 196.528961 
438.820221 223.463730 
463.117126 220.887161 
480.371521 260.497803 
440.862640 201.382996 
485.265594 194.785385 
479.454834 204.965393 
467.175232 239.234482 
408.516357 227.614761 
426.391754 218.945129 
462.919373 254.995239 
469.155701 214.632385 
291.470215 170.573074 
447.424133 196.111877 
119.344109 367.901917 
417.463348 229.224258 
296.922455 254.368729 
228.619629 220.204239 
322.310242 322.555450 
210.673325 196.873795 
245.896713 231.918381 
479.391998 207.700485 
443.379181 221.279144 
443.335907 220.590134 
277.151093 321.404083 
277.118378 319.964813 
110.230438 355.415344 
297.782135 254.489594 
94.874336 317.723511 
94.989006 317.818146 
486.983704 253.691315 
480.709290 256.877594 
459.515350 255.202072 
487.472534 199.996902 
167.148773 358.505463 
314.637177 277.512238 
478.496979 207.500641 
424.107605 388.581940 
244.346237 339.794830 
457.034637 252.933212 
471.862610 210.279297 
482.839203 191.689438 
455.863495 279.359741 
452.556030 247.821045 
232.978027 219.450806 
421.939453 258.685944 
476.443207 210.209229 
350.660736 218.050522 
97.904732 344.235321 
258.989166 328.356873 
418.688660 232.780334 
419.208984 232.677444 
437.175903 191.928864 
309.284515 185.201736 
442.756683 209.873672 
356.598206 219.583649 
432.838196 223.042953 
185.139893 330.367493 
92.858292 341.317688 
93.249245 340.766693 
237.476105 189.229248 
424.614136 234.329758 
94.999809 317.161133 
469.046783 193.166885 
469.019379 211.364059 
485.245789 248.577927 
440.225250 235.719254 
446.061829 239.059998 
491.574768 247.817764 
455.625458 219.855743 
436.631714 234.182556 
157.871841 343.858063 
323.271057 322.871704 
183.070358 329.747833 
477.420166 250.447815 
484.324890 255.572250 
246.267273 187.612473 
455.690308 243.086426 
448.348572 216.112732 
487.452209 253.028503 
502.595276 214.078186 
290.698181 173.847443 
248.387451 184.722076 
145.664688 241.999344 
146.209671 242.334015 
514.523560 245.769791 
453.532776 219.568619 
483.046143 210.592773 
290.013855 307.430389 
454.216064 202.652359 
287.359192 213.404556 
228.370865 181.848770 
478.454865 231.517487 
293.835876 265.149780 
454.447449 243.365128 
488.659576 197.813354 
159.069122 344.441101 
322.303009 341.533569 
469.780518 233.442810 
233.639801 219.498215 
315.023590 229.914536 
480.066711 231.884491 
416.237305 261.594849 
287.366882 198.124771 
105.462227 358.172729 
154.457703 349.265045 
288.355774 194.537415 
475.378906 211.698151 
464.767517 224.417969 
521.098816 436.673004 
454.966095 201.647659 
315.625214 276.738953 
427.357513 267.696564 
229.466095 220.663040 
241.297592 266.091553 
287.881500 161.794983 
418.733673 228.432098 
69.210281 326.064392 
160.369324 344.687012 
443.860321 250.403015 
429.767059 202.466522 
466.145966 207.142761 
469.757233 260.276428 
237.628998 189.552307 
286.095032 188.703186 
460.160126 269.354584 
407.555786 229.525131 
482.200562 208.129578 
249.066437 184.639572 
150.424469 245.650299 
227.957962 197.168549 
162.009460 359.982849 
472.971191 192.587036 
322.310822 238.937820 
484.797760 193.085327 
154.279572 259.523224 
293.072998 265.480408 
218.976822 235.717819 
224.701218 190.437866 
156.980957 348.603424 
157.308762 349.244690 
149.909515 241.834595 
455.071899 242.241531 
460.045197 256.502319 
342.228333 213.336273 
162.561829 344.678345 
287.565002 212.162613 
454.443939 274.576538 
308.614655 185.569000 
213.125015 189.625305 
218.060318 203.691299 
246.188156 181.979462 
213.365311 227.407654 
468.920044 233.207108 
468.996887 233.351181 
222.061600 203.756821 
267.910004 144.536240 
462.194031 233.512207 
168.934311 358.105103 
169.384827 358.093140 
164.439911 344.420197 
512.616333 268.227478 
512.920471 268.299927 
449.728516 207.182205 
258.718750 195.151413 
268.198914 146.101501 
221.067032 207.892120 
219.839111 206.212524 
153.644501 228.653061 
225.340073 191.089798 
438.124786 218.982147 
154.629547 249.807922 
444.152191 217.529251 
336.647644 210.054214 
235.760849 192.030594 
265.508423 352.481445 
227.082504 189.261261 
347.521667 214.713257 
141.847855 232.789413 
154.168671 254.417450 
426.187927 267.344818 
405.923157 214.109802 
292.345306 176.609634 
465.590759 224.269592 
472.622803 248.342728 
298.064026 193.100067 
297.512817 193.124481 
118.771545 360.176239 
469.825623 224.688889 
297.323303 272.483673 
416.836914 261.113037 
162.029678 340.988892 
494.158020 238.724655 
217.597763 201.334381 
314.033081 279.997681 
217.751556 227.601089 
295.071320 272.213715 
124.073280 358.581329 
409.789520 256.887695 
409.823242 257.302277 
476.635162 239.344788 
236.753830 213.997253 
263.127136 157.795364 
321.454498 318.971313 
486.680603 261.664093 
215.882553 188.698410 
215.607285 191.404312 
279.422089 327.707245 
447.259308 224.446945 
263.407043 351.104950 
292.807129 200.391083 
433.092773 216.191467 
163.547180 348.080933 
460.244781 269.729584 
289.978851 308.051697 
444.037384 192.521576 
408.675995 257.622620 
140.668793 240.606125 
140.515274 241.248611 
263.372101 158.847198 
256.686829 195.607056 
445.319153 214.910843 
333.953064 236.952393 
155.960251 348.822083 
174.991211 351.859558 
512.354248 245.743256 
454.286255 253.191605 
241.428619 251.939346 
506.246124 213.313507 
271.679596 154.417725 
155.918762 253.701309 
465.665558 270.771729 
465.853638 271.246643 
498.888885 270.644104 
461.142151 288.183105 
224.234619 228.316132 
440.333740 200.796509 
473.180206 233.610489 
220.875183 200.060715 
221.469376 200.330612 
228.482346 229.328751 
438.998138 200.919327 
244.765274 226.597412 
286.990967 214.646515 
290.602478 264.308136 
488.975403 194.954147 
433.457458 240.750488 
422.766235 270.293579 
436.167358 251.901321 
422.419647 213.563156 
326.548431 341.158569 
307.286835 341.231964 
316.308960 238.374298 
316.306244 237.709457 
256.873901 197.485184 
213.933197 225.113586 
112.247520 331.191132 
224.722977 228.605118 
204.949081 192.177109 
421.994202 232.669220 
360.613831 215.802948 
413.144165 285.468048 
254.931595 151.082367 
342.628479 214.159790 
155.033661 227.395874 
374.269623 252.218948 
483.702820 229.438843 
509.712402 256.410950 
477.390442 227.550339 
346.210571 209.843353 
141.853683 357.794373 
153.054504 237.520538 
419.711548 201.916061 
262.614929 327.015198 
382.352875 243.046265 
518.380188 200.094986 
453.614594 285.089844 
475.441101 245.267715 
272.933868 301.257568 
223.787094 229.705475 
338.360077 211.904373 
273.790741 155.310440 
51.253273 306.947327 
151.637482 258.556854 
479.827209 253.257080 
349.419922 337.304108 
477.733826 228.211914 
109.965797 334.865723 
325.141846 227.763016 
257.983459 224.956467 
241.950378 190.879517 
228.275467 335.456573 
482.965668 204.144958 
436.453400 252.579132 
487.734802 230.163132 
233.652771 228.438461 
247.861328 226.352798 
118.079704 360.485474 
438.664948 254.334351 
438.886658 253.850357 
480.591888 244.550018 
428.048187 186.232880 
315.344543 216.925217 
309.479492 341.615753 
151.889145 259.686157 
505.428192 239.228439 
289.884949 264.094757 
321.012512 318.175751 
359.670715 218.735321 
424.011810 269.842285 
459.326447 192.087021 
502.442902 276.652527 
448.063782 223.600327 
475.863342 253.342041 
291.116333 186.837341 
343.081940 219.674149 
95.352943 344.733612 
291.807770 211.285492 
507.156189 241.176178 
433.909882 243.415894 
501.057495 237.635727 
209.241455 186.891525 
266.319733 143.737717 
473.226471 191.528610 
66.301460 330.230743 
288.636597 165.905716 
245.524445 227.177521 
310.917328 258.336853 
290.416107 188.581863 
269.056030 149.507660 
313.334686 180.378937 
244.444305 224.728958 
262.176422 209.362427 
311.350708 187.079361 
447.103516 193.067688 
336.521332 236.765503 
347.606354 231.717026 
236.434601 178.818359 
94.124992 358.003601 
247.427948 235.573318 
101.518227 336.428711 
284.763519 157.767471 
289.654449 165.507187 
495.019745 238.501221 
291.507111 189.882538 
187.810043 343.291260 
318.189758 247.388580 
314.019531 217.237885 
217.042404 224.995911 
313.609283 181.475815 
369.201813 345.954285 
311.549316 177.664429 
248.240860 227.563034 
426.586975 244.672531 
238.871078 327.525055 
270.873993 305.055786 
124.379715 280.963196 
205.847992 344.573761 
388.642853 375.124908 
356.476471 231.919800 
169.854462 358.218079 
287.064056 90.533890 
287.086761 90.585007 
232.099487 176.402374 
275.489380 206.318069 
266.267609 139.225967 
318.804321 362.654358 
208.493225 190.537430 
145.217224 246.788361 
246.308411 239.274460 
228.171692 222.640411 
251.949646 196.152786 
294.897858 201.270309 
106.913246 353.428986 
522.760193 233.210480 
336.621826 242.453476 
402.649292 259.199219 
258.032715 226.228745 
266.598022 314.231323 
321.234406 336.869720 
269.529846 308.077057 
519.484314 249.740601 
268.575195 299.846069 
299.567780 272.226105 
253.284683 144.549728 
154.274841 239.087433 
156.323822 256.482849 
311.484467 256.930176 
272.273346 301.133636 
214.753464 207.627533 
225.314331 199.376740 
299.441650 275.080017 
472.051117 269.949310 
276.389801 329.970612 
475.633148 254.822800 
157.158630 355.677551 
415.893463 206.184464 
253.056992 329.753937 
476.886200 185.914627 
323.316376 234.207138 
268.935791 294.051697 
322.834015 336.758362 
377.041534 242.548264 
286.379883 307.200012 
346.718689 208.824356 
98.161324 316.961182 
269.776886 153.949295 
309.510864 180.676666 
265.331665 230.575470 
214.453979 204.319733 
269.632599 301.751648 
272.651001 143.708038 
322.272400 267.803406 
143.413666 229.467377 
466.228546 274.259338 
153.580780 341.965363 
300.208954 338.536713 
232.870010 213.045731 
300.392975 338.348663 
212.176910 257.702484 
331.441345 231.310364 
212.991806 206.734222 
266.660736 315.534149 
365.518433 346.673218 
152.880661 228.374283 
175.119980 357.206207 
280.849182 331.136444 
483.461273 190.355270 
472.887054 175.807159 
248.764053 236.464432 
136.771866 302.987122 
327.444763 242.615799 
237.116135 236.096756 
296.289185 198.740112 
238.678558 250.087555 
237.731598 236.824539 
327.860138 261.077789 
294.072021 253.359009 
270.992432 332.340576 
110.346985 335.749084 
222.386185 209.696655 
248.618805 179.863693 
247.564331 178.685577 
437.614716 186.050339 
296.854065 274.063416 
471.290375 273.976135 
460.489410 206.868530 
293.188599 211.943695 
309.483643 345.343719 
472.706482 219.916321 
310.100525 280.176117 
441.384216 247.557892 
331.556335 271.256195 
65.506805 330.715607 
146.605087 251.137436 
