500
347.521667 214.713257 
502.595276 214.078186 
455.690308 243.086426 
494.158020 238.724655 
175.119980 357.206207 
298.064026 193.100067 
297.512817 193.124481 
145.217224 246.788361 
342.628479 214.159790 
309.960236 270.835297 
289.776459 168.517517 
296.922455 254.368729 
145.664688 241.999344 
146.209671 242.334015 
321.012512 318.175751 
310.490570 269.410095 
460.109894 223.441711 
155.918762 253.701309 
487.472534 199.996902 
455.071899 242.241531 
459.509827 220.808990 
256.686829 195.607056 
300.208954 338.536713 
218.060318 203.691299 
291.383606 162.534088 
487.734802 230.163132 
167.856125 339.465454 
501.057495 237.635727 
412.924469 229.103012 
257.983459 224.956467 
293.835876 265.149780 
277.954132 316.842102 
495.019745 238.501221 
454.447449 243.365128 
460.400543 224.241867 
293.072998 265.480408 
149.909515 241.834595 
275.502258 337.885132 
340.748169 206.664093 
251.569397 330.376740 
322.303009 341.533569 
140.137543 235.660950 
420.224854 228.400513 
167.148773 358.505463 
277.358643 318.034393 
217.597763 201.334381 
174.709518 325.050964 
499.006378 212.602310 
499.224030 213.309479 
278.889557 208.209000 
229.187378 193.955307 
290.602478 264.308136 
438.820221 223.463730 
323.271057 322.871704 
471.390228 217.741226 
464.767517 224.417969 
342.228333 213.336273 
141.847855 232.789413 
444.152191 217.529251 
274.593597 330.095123 
285.440918 326.812775 
507.156189 241.176178 
163.547180 348.080933 
283.830902 336.298309 
258.718750 195.151413 
292.807129 200.391083 
146.605087 251.137436 
465.590759 224.269592 
295.694794 169.280807 
227.807236 177.758682 
288.355774 194.537415 
460.160126 269.354584 
160.369324 344.687012 
440.225250 235.719254 
300.392975 338.348663 
256.873901 197.485184 
125.238510 351.726929 
438.124786 218.982147 
311.756226 322.241821 
154.168671 254.417450 
174.563416 330.416473 
346.718689 208.824356 
229.199844 195.374512 
229.090988 193.150406 
462.919373 254.995239 
473.876984 226.937515 
336.647644 210.054214 
280.938660 202.224579 
443.379181 221.279144 
443.335907 220.590134 
294.897858 201.270309 
338.360077 211.904373 
491.947266 231.499207 
478.454865 231.517487 
162.009460 359.982849 
276.389801 329.970612 
219.839111 206.212524 
268.198914 146.101501 
180.871384 352.947479 
455.625458 219.855743 
416.237305 261.594849 
462.194031 233.512207 
270.992432 332.340576 
448.063782 223.600327 
325.141846 227.763016 
156.859680 235.825073 
148.502716 355.251404 
448.348572 216.112732 
253.056992 329.753937 
472.622803 248.342728 
271.115631 330.809509 
509.031677 208.939148 
282.158936 164.509048 
416.836914 261.113037 
248.242371 331.843353 
453.532776 219.568619 
467.175232 239.234482 
475.633148 254.822800 
474.284607 227.762741 
444.916168 284.736786 
436.332794 226.580765 
482.839203 191.689438 
453.839996 277.710266 
428.048187 186.232880 
159.069122 344.441101 
297.370148 166.683060 
480.591888 244.550018 
326.548431 341.158569 
322.310822 238.937820 
267.910004 144.536240 
245.896713 231.918381 
279.952209 208.148148 
485.265594 194.785385 
309.284515 185.201736 
442.756683 209.873672 
446.061829 239.059998 
154.815536 357.406891 
156.980957 348.603424 
157.308762 349.244690 
210.673325 196.873795 
484.324890 255.572250 
154.629547 249.807922 
283.148682 332.445831 
288.636597 165.905716 
475.469971 194.861237 
321.454498 318.971313 
472.971191 192.587036 
144.072876 234.656677 
412.948944 222.443085 
483.046143 210.592773 
346.210571 209.843353 
156.323822 256.482849 
323.407074 183.852219 
423.488770 190.728790 
262.176422 209.362427 
157.871841 343.858063 
473.226471 191.528610 
283.415741 335.672760 
475.863342 253.342041 
246.188156 181.979462 
228.482346 229.328751 
146.427399 253.477539 
322.310242 322.555450 
465.665558 270.771729 
465.853638 271.246643 
162.029678 340.988892 
168.934311 358.105103 
169.384827 358.093140 
266.319733 143.737717 
213.125015 189.625305 
216.781448 246.309509 
217.147476 245.951736 
144.961624 256.759308 
469.046783 193.166885 
156.084076 236.719162 
272.651001 143.708038 
472.496033 238.946793 
174.991211 351.859558 
473.180206 233.610489 
460.244781 269.729584 
297.782135 254.489594 
471.837097 238.041641 
289.654449 165.507187 
477.390442 227.550339 
401.303070 220.344070 
294.072021 253.359009 
455.863495 279.359741 
289.884949 264.094757 
472.706482 219.916321 
308.614655 185.569000 
228.275467 335.456573 
278.191437 204.248642 
479.391998 207.700485 
334.189667 207.894043 
477.616577 200.449936 
283.885529 217.539230 
249.066437 184.639572 
291.507111 189.882538 
511.354248 245.172775 
477.733826 228.211914 
415.594452 209.087570 
426.391754 218.945129 
511.662964 242.092026 
266.267609 139.225967 
327.444763 242.615799 
478.496979 207.500641 
279.422089 327.707245 
429.653961 221.737976 
417.463348 229.224258 
258.032715 226.228745 
238.754730 183.500412 
329.787415 241.477295 
304.699463 175.289307 
313.609283 181.475815 
480.698212 198.632751 
450.449097 228.160751 
450.497864 227.566467 
212.306519 197.018814 
153.054504 237.520538 
471.862610 210.279297 
256.544312 221.066711 
306.998871 178.043091 
402.649292 259.199219 
429.029053 222.890533 
440.915924 189.734283 
491.574768 247.817764 
309.479492 341.615753 
422.419647 213.563156 
418.733673 228.432098 
238.560867 182.934814 
430.991577 222.423874 
479.827209 253.257080 
433.092773 216.191467 
432.838196 223.042953 
415.893463 206.184464 
444.037384 192.521576 
416.721466 199.691833 
440.333740 200.796509 
445.319153 214.910843 
415.159454 199.998611 
290.416107 188.581863 
214.753464 207.627533 
248.387451 184.722076 
329.268341 242.898239 
424.241974 192.043777 
243.263123 327.784302 
228.370865 181.848770 
438.998138 200.919327 
469.757233 260.276428 
457.462158 212.850571 
328.930328 241.075256 
140.668793 240.606125 
140.515274 241.248611 
162.561829 344.678345 
437.175903 191.928864 
447.103516 193.067688 
237.224060 182.103546 
483.461273 190.355270 
433.909882 243.415894 
215.882553 188.698410 
374.126892 331.895782 
269.056030 149.507660 
171.678482 340.813751 
475.378906 211.698151 
296.289185 198.740112 
454.004517 197.295837 
506.246124 213.313507 
230.889572 337.555359 
221.067032 207.892120 
479.454834 204.965393 
476.443207 210.209229 
289.978851 308.051697 
341.082001 237.221695 
144.957062 354.162292 
476.079529 184.352997 
306.978546 214.078522 
382.352875 243.046265 
350.660736 218.050522 
452.379303 210.324860 
449.409027 281.476318 
456.580750 212.277695 
477.420166 250.447815 
238.871078 327.525055 
304.278687 172.631882 
286.837555 314.062286 
304.736542 322.001526 
321.196320 175.709213 
455.405304 200.519882 
94.874336 317.723511 
94.989006 317.818146 
246.308411 239.274460 
336.621826 242.453476 
416.611938 192.561844 
278.460114 209.986755 
476.886200 185.914627 
284.338959 220.687485 
453.380463 231.897324 
421.994202 232.669220 
488.743103 315.306915 
155.960251 348.822083 
94.999809 317.161133 
292.332245 308.354889 
313.334686 180.378937 
468.920044 233.207108 
468.996887 233.351181 
291.116333 186.837341 
385.506989 388.852295 
160.453491 226.985352 
247.075500 177.787308 
247.427948 235.573318 
224.722977 228.605118 
512.616333 268.227478 
512.920471 268.299927 
248.618805 179.863693 
223.787094 229.705475 
200.725677 190.824982 
201.351746 190.961014 
454.443939 274.576538 
311.350708 187.079361 
339.992523 238.847870 
487.824249 229.451370 
505.428192 239.228439 
424.614136 234.329758 
153.644501 228.653061 
324.199127 177.871887 
452.242096 180.824448 
215.607285 191.404312 
222.061600 203.756821 
335.565430 203.847122 
154.279572 259.523224 
287.038086 201.001633 
462.495209 187.076187 
169.854462 358.218079 
348.103546 250.020752 
337.942261 204.963791 
146.051941 256.534210 
264.181122 232.427567 
454.216064 202.652359 
243.310181 174.943420 
242.838516 174.708389 
303.150879 202.586456 
469.780518 233.442810 
509.712402 256.410950 
495.669281 216.525818 
225.314331 199.376740 
267.652130 136.707382 
311.918945 241.095154 
469.286804 270.763550 
294.505798 190.120422 
436.197662 185.156250 
263.127136 157.795364 
440.862640 201.382996 
476.164917 183.115250 
127.435326 347.889587 
164.439911 344.420197 
416.711823 193.745270 
469.019379 211.364059 
424.107605 388.581940 
392.253265 390.279602 
486.983704 253.691315 
247.564331 178.685577 
452.510681 184.218277 
217.751556 227.601089 
265.331665 230.575470 
290.013855 307.430389 
340.629303 239.338165 
136.680145 217.683456 
525.083252 236.773621 
454.966095 201.647659 
441.131744 198.994675 
433.457458 240.750488 
491.950867 268.080566 
298.077087 336.358917 
269.529907 147.077652 
487.452209 253.028503 
213.365311 227.407654 
486.680603 261.664093 
217.042404 224.995911 
447.259308 224.446945 
469.155701 214.632385 
233.639801 219.498215 
451.627289 182.800873 
459.515350 255.202072 
447.424133 196.111877 
263.372101 158.847198 
212.991806 206.734222 
405.495544 200.001221 
155.033661 227.395874 
251.949646 196.152786 
428.754822 181.767380 
380.840485 242.874969 
445.156433 195.985825 
154.274841 239.087433 
450.317719 186.563080 
466.145966 207.142761 
207.356964 193.788300 
344.335663 240.859207 
154.457703 349.265045 
429.767059 202.466522 
287.656708 201.396912 
472.969604 189.549072 
436.631714 234.182556 
141.853683 357.794373 
444.737213 196.528961 
476.635162 239.344788 
147.824829 283.118835 
310.561890 342.239441 
232.978027 219.450806 
307.286835 341.231964 
394.972443 222.497009 
256.433777 192.976257 
158.360550 227.694397 
422.766235 270.293579 
409.789520 256.887695 
409.823242 257.302277 
248.764053 236.464432 
488.659576 197.813354 
159.760101 231.792145 
406.017578 226.780914 
482.200562 208.129578 
452.859650 178.872452 
459.326447 192.087021 
253.284683 144.549728 
225.340073 191.089798 
162.336136 228.539398 
322.777039 177.062225 
303.755005 172.485596 
153.580780 341.965363 
359.480835 213.171799 
314.019531 217.237885 
440.169189 177.531525 
138.847809 219.540527 
213.933197 225.113586 
374.269623 252.218948 
416.611420 212.894913 
405.744080 231.668915 
287.359192 213.404556 
275.589874 141.828827 
422.377289 195.807526 
170.376114 336.207764 
324.450684 176.054520 
485.245789 248.577927 
315.344543 216.925217 
268.575195 299.846069 
296.601868 175.862061 
297.222382 175.518295 
496.405548 234.997147 
427.357513 267.696564 
498.888885 270.644104 
463.117126 220.887161 
234.962738 186.864227 
418.688660 232.780334 
419.208984 232.677444 
460.693756 221.403214 
460.952057 221.133881 
349.027679 250.185608 
208.481903 201.934921 
426.187927 267.344818 
439.715118 206.709900 
320.902466 172.533096 
152.880661 228.374283 
438.222473 312.612915 
287.064056 90.533890 
287.086761 90.585007 
356.598206 219.583649 
339.481628 217.398972 
321.559296 179.136185 
349.419922 337.304108 
153.642807 224.463074 
460.489410 206.868530 
521.098816 436.673004 
174.743668 347.517303 
224.376175 182.746857 
480.709290 256.877594 
484.797760 193.085327 
449.728516 207.182205 
247.157379 326.726929 
222.386185 209.696655 
311.549316 177.664429 
457.034637 252.933212 
208.493225 190.537430 
415.355957 212.548492 
271.828430 310.610199 
492.860779 313.468048 
436.167358 251.901321 
424.011810 269.842285 
522.760193 233.210480 
232.246918 190.523453 
284.763519 157.767471 
480.371521 260.497803 
350.093262 251.765533 
337.145081 324.055054 
287.565002 212.162613 
309.620239 224.061386 
426.586975 244.672531 
475.441101 245.267715 
486.464722 176.301102 
333.953064 236.952393 
220.584824 185.872406 
502.442902 276.652527 
