500
156.022003 191.587143 
151.747467 173.930328 
151.747467 173.930328 
162.511841 198.164658 
156.022003 191.587143 
162.413467 202.041412 
229.751297 204.031326 
181.626572 165.594788 
551.069641 246.147385 
247.476059 174.417679 
247.476059 174.417679 
323.305939 218.681824 
315.981201 66.393974 
385.822205 324.807373 
385.822205 324.807373 
192.974350 158.731094 
149.544296 172.583572 
383.398682 284.917297 
355.681091 233.273071 
209.103455 195.272018 
226.134125 140.599609 
204.401352 185.162476 
356.008667 233.901367 
365.922150 284.765686 
468.604309 323.472321 
323.305939 218.681824 
160.781281 203.793991 
160.781281 203.793991 
552.504333 237.715698 
218.440399 206.278931 
180.679489 174.533630 
355.283356 295.648193 
206.281921 175.457428 
315.981201 66.393974 
323.859375 288.442810 
379.405853 304.771027 
156.465027 172.974258 
227.199188 196.528900 
508.521210 227.233276 
165.124008 206.359863 
187.768219 171.908615 
187.768219 171.908615 
343.449280 218.709137 
248.163055 157.497284 
424.695618 197.568558 
218.351501 203.461105 
552.504333 237.715698 
387.778778 165.835052 
469.422119 335.472534 
284.764252 255.040390 
204.401352 185.162476 
204.401352 185.162476 
389.946350 325.800873 
183.592987 206.375397 
324.828094 296.150299 
226.722351 214.982361 
218.351501 203.461105 
424.695618 197.568558 
390.397675 230.314316 
226.134125 140.599609 
308.983459 319.912415 
204.049927 195.222031 
204.049927 195.222031 
186.442291 189.308945 
180.679489 174.533630 
322.737762 286.849426 
218.351501 203.461105 
356.008667 233.901367 
206.281921 175.457428 
187.768219 171.908615 
315.981201 66.393974 
379.501007 288.613342 
392.418976 194.839951 
228.233795 201.368271 
310.095581 249.423264 
226.722351 214.982361 
397.727173 191.597351 
404.781403 185.524933 
158.241379 142.677109 
186.511154 185.511612 
186.511154 185.511612 
390.397675 230.314316 
185.752838 184.971542 
365.922150 284.765686 
181.646408 151.094833 
191.454315 142.707672 
140.979111 173.452759 
213.071121 145.793884 
376.234772 326.428864 
281.645111 250.288696 
402.708160 184.702560 
511.825073 214.462402 
351.601654 310.583954 
351.601654 310.583954 
341.145630 291.261536 
158.241379 142.677109 
183.592987 206.375397 
177.490540 171.404068 
375.534424 326.558502 
394.322083 332.858093 
468.657318 333.232758 
177.490540 171.404068 
212.614227 193.935730 
231.276932 209.515488 
475.958252 318.260590 
140.979111 173.452759 
191.555481 172.342789 
463.592865 326.948364 
228.233795 201.368271 
224.306808 168.936417 
224.306808 168.936417 
379.501007 288.613342 
385.116638 336.909149 
314.672241 234.181549 
189.967529 187.443558 
387.778778 165.835052 
343.449280 218.709137 
184.682281 162.485443 
340.105377 278.482819 
359.250885 168.115891 
206.281921 175.457428 
200.099213 210.105789 
190.723007 216.080872 
385.116638 336.909149 
200.063782 153.510666 
402.708160 184.702560 
213.071121 145.793884 
226.595322 133.098663 
189.721024 153.483215 
228.913574 201.783417 
228.913574 201.783417 
309.641663 320.058502 
200.099213 210.105789 
307.777618 322.829956 
394.322083 332.858093 
190.649185 187.993027 
375.534424 326.558502 
400.449188 125.047951 
358.425751 174.115479 
190.723007 216.080872 
563.034363 277.145050 
353.725891 328.776062 
351.601654 310.583954 
340.105377 278.482819 
410.846863 188.224060 
397.727173 191.597351 
544.647888 146.506210 
189.967529 187.443558 
389.946350 325.800873 
269.311890 337.594788 
209.103455 195.272018 
384.090851 278.893707 
189.967529 187.443558 
287.922028 251.750107 
163.969528 195.852966 
366.569977 340.121948 
476.766296 317.929321 
284.764252 255.040390 
318.304016 300.198669 
209.816010 204.531586 
316.000854 292.593964 
316.000854 292.593964 
188.248779 214.794052 
223.007309 180.445801 
187.803574 189.503738 
295.796326 294.096222 
354.663177 324.058350 
176.911026 212.353195 
204.049927 195.222031 
302.522614 232.515045 
257.368835 182.672623 
183.647827 207.053177 
593.837585 236.768936 
318.304016 300.198669 
330.933716 72.445274 
330.933716 72.445274 
353.725891 328.776062 
401.259918 300.614105 
390.397675 230.314316 
174.038574 189.370636 
302.429871 293.844391 
187.856323 195.596481 
283.406738 196.265854 
302.429871 293.844391 
302.429871 293.844391 
164.677277 156.773712 
229.751297 204.031326 
189.967529 187.443558 
379.662109 196.081665 
226.595322 133.098663 
318.862305 349.531891 
181.646408 151.094833 
223.508331 233.643692 
227.262177 176.954376 
413.032898 286.712616 
413.032898 286.712616 
332.880066 75.028816 
318.862305 349.531891 
164.993103 184.153732 
565.063049 261.785919 
354.663177 324.058350 
186.144821 145.573029 
281.876770 254.320480 
458.791473 332.467926 
356.008667 233.901367 
327.565857 292.772186 
410.846863 188.224060 
210.376389 161.744507 
189.248337 186.594193 
548.726929 164.143997 
385.116638 336.909149 
387.307373 318.392975 
497.381866 212.212494 
288.642975 256.208923 
281.876770 254.320480 
190.540466 224.567047 
402.360809 302.840515 
380.047333 287.791656 
190.649185 187.993027 
408.221863 178.208847 
330.933716 72.445274 
157.425034 187.664734 
155.376358 143.797485 
140.979111 173.452759 
318.304016 300.198669 
185.297470 205.852402 
316.878479 209.459244 
194.144196 183.244232 
187.803574 189.503738 
156.586304 204.895309 
318.862305 349.531891 
221.118591 144.077042 
300.375366 217.811539 
160.705444 149.134811 
287.596436 292.676086 
323.859375 288.442810 
190.649185 187.993027 
348.650482 210.805771 
186.823700 216.843079 
228.691010 208.065506 
226.134125 140.599609 
290.608734 259.054291 
332.053406 281.469757 
190.649185 187.993027 
567.583618 266.977875 
567.583618 266.977875 
226.664719 193.505966 
213.071121 145.793884 
187.711121 234.934769 
213.071121 145.793884 
353.725891 328.776062 
511.825073 214.462402 
511.825073 214.462402 
547.480652 170.544830 
553.515747 285.047943 
301.807068 231.264603 
227.199188 196.528900 
299.247375 230.479782 
385.822205 324.807373 
380.047333 287.791656 
402.862610 303.030182 
593.837585 236.768936 
285.547882 291.877991 
458.791473 332.467926 
553.515747 285.047943 
553.515747 285.047943 
356.690521 234.694351 
387.778778 165.835052 
566.978760 245.937378 
396.116577 339.845001 
400.449188 125.047951 
158.950668 152.061371 
565.063049 261.785919 
400.449188 125.047951 
359.250885 168.115891 
201.500885 185.625519 
138.934296 200.973663 
332.880066 75.028816 
316.087677 354.868134 
302.894928 66.269859 
177.869461 182.146729 
296.031036 295.471252 
569.895264 292.877380 
330.933716 72.445274 
158.950668 152.061371 
192.595016 167.820374 
402.360809 302.840515 
175.373993 226.453033 
330.933716 72.445274 
379.522430 324.632690 
365.922150 284.765686 
191.454315 142.707672 
540.855042 238.799957 
426.523682 196.018082 
300.375366 217.811539 
361.607361 335.909912 
160.781281 203.793991 
352.700623 21.472019 
312.860779 347.920776 
176.598694 225.554916 
228.473846 231.259735 
357.916077 172.307800 
184.634399 234.641983 
593.837585 236.768936 
400.449188 125.047951 
552.504333 237.715698 
369.566345 327.110840 
327.245667 292.260529 
355.561462 335.848846 
355.561462 335.848846 
400.449188 125.047951 
353.725891 328.776062 
547.480652 170.544830 
310.006317 314.804321 
146.666229 190.769653 
343.316223 108.847847 
232.278824 208.459549 
502.558838 229.577667 
469.422119 335.472534 
181.646408 151.094833 
174.312241 199.159088 
228.913574 201.783417 
275.190369 239.108276 
340.045532 289.085724 
218.351501 203.461105 
227.199188 196.528900 
156.586304 204.895309 
614.405518 286.674866 
312.747528 234.941498 
379.405853 304.771027 
332.426941 74.526398 
312.747528 234.941498 
182.878372 232.310776 
387.307373 318.392975 
395.073853 320.605713 
383.398682 284.917297 
379.405853 304.771027 
181.626572 165.594788 
227.262177 176.954376 
515.833801 232.471588 
217.130417 200.823273 
323.305939 218.681824 
374.401978 174.238434 
515.833801 232.471588 
515.833801 232.471588 
457.289215 331.862793 
186.511154 185.511612 
316.878479 209.459244 
275.190369 239.108276 
310.177734 328.995483 
328.300049 282.190674 
176.241180 222.051483 
205.664017 189.299210 
174.312241 199.159088 
196.388504 182.836746 
217.130417 200.823273 
162.413467 202.041412 
196.388504 182.836746 
310.006317 314.804321 
302.522614 232.515045 
389.946350 325.800873 
162.511841 198.164658 
175.686432 148.484985 
229.751297 204.031326 
228.473846 231.259735 
217.130417 200.823273 
351.601654 310.583954 
202.796051 203.457321 
202.796051 203.457321 
348.382324 111.509827 
153.339355 147.971115 
318.939392 252.618668 
389.719360 336.902100 
223.508331 233.643692 
566.958618 256.095184 
160.781281 203.793991 
273.418335 386.276489 
463.592865 326.948364 
190.540466 224.567047 
396.116577 339.845001 
200.063782 153.510666 
332.053406 281.469757 
239.342621 197.925858 
394.829529 194.801743 
217.818100 209.183533 
157.151291 209.045914 
177.586227 183.367966 
138.140717 156.827362 
314.879303 325.031464 
149.882202 203.571609 
394.829529 194.801743 
389.946350 325.800873 
327.468781 243.897476 
311.623993 317.510925 
185.752838 184.971542 
332.426941 74.526398 
383.765076 305.048035 
463.616608 200.939346 
155.897842 212.361115 
517.134338 215.682571 
155.376358 143.797485 
312.747528 234.941498 
285.547882 291.877991 
196.388504 182.836746 
190.723007 216.080872 
160.705444 149.134811 
302.894928 66.269859 
355.485077 24.686869 
239.342621 197.925858 
383.398682 284.917297 
306.379974 236.229630 
189.967529 187.443558 
299.509705 306.298767 
515.833801 232.471588 
173.184540 168.004303 
287.922028 251.750107 
461.636322 332.905884 
418.766418 193.038284 
364.534332 274.772461 
561.752380 263.530884 
403.727417 306.505585 
542.202332 250.720459 
206.184830 171.225525 
162.413467 202.041412 
382.091034 291.162079 
348.650482 210.805771 
389.913574 332.876160 
381.424622 284.640350 
377.886047 84.207855 
174.312241 199.159088 
221.118591 144.077042 
518.703674 220.756302 
316.250397 281.751526 
208.413040 184.780777 
553.472168 266.256683 
273.418335 386.276489 
150.231995 156.167892 
547.480652 170.544830 
398.136963 299.130280 
394.322083 332.858093 
192.595016 167.820374 
398.136963 299.130280 
327.565857 292.772186 
196.388504 182.836746 
346.446136 211.108871 
153.339355 147.971115 
564.372620 233.300797 
515.833801 232.471588 
169.800690 165.182175 
311.623993 317.510925 
375.534424 326.558502 
559.525940 240.990723 
383.398682 284.917297 
565.915649 157.377457 
217.818100 209.183533 
387.847656 318.481720 
194.072250 175.169601 
221.668671 219.600952 
323.305939 218.681824 
204.401352 185.162476 
181.439240 199.289047 
228.473846 231.259735 
164.993103 184.153732 
194.144196 183.244232 
487.275665 235.398254 
311.623993 317.510925 
310.006317 314.804321 
290.608734 259.054291 
300.375366 217.811539 
389.913574 332.876160 
496.578674 219.837479 
500.144806 284.894592 
274.547150 244.081360 
306.379974 236.229630 
398.136963 299.130280 
194.144196 183.244232 
287.596436 292.676086 
354.663177 324.058350 
366.209198 325.134827 
318.862305 349.531891 
269.311890 337.594788 
548.726929 164.143997 
552.783325 238.831543 
369.958954 336.935089 
373.877594 329.095825 
387.778778 165.835052 
300.417511 300.682098 
200.099213 210.105789 
348.650482 210.805771 
382.091034 291.162079 
383.765076 305.048035 
379.662109 196.081665 
397.436493 341.459290 
347.856323 211.027649 
299.247375 230.479782 
346.751984 213.287262 
138.140717 156.827362 
330.028595 356.127014 
353.725891 328.776062 
398.136963 299.130280 
