500
482.965668 204.144958 
495.669281 216.525818 
482.200562 208.129578 
480.698212 198.632751 
487.472534 199.996902 
479.454834 204.965393 
479.391998 207.700485 
277.954132 316.842102 
228.482346 229.328751 
405.927979 207.468094 
483.046143 210.592773 
488.975403 194.954147 
522.760193 233.210480 
277.358643 318.034393 
477.616577 200.449936 
224.234619 228.316132 
105.602036 366.053406 
262.176422 209.362427 
223.787094 229.705475 
214.753464 207.627533 
478.496979 207.500641 
224.722977 228.605118 
297.370148 166.683060 
430.991577 222.423874 
499.006378 212.602310 
499.224030 213.309479 
215.821045 208.454163 
476.635162 239.344788 
509.031677 208.939148 
226.979614 225.443069 
418.688660 232.780334 
419.208984 232.677444 
294.897858 201.270309 
502.595276 214.078186 
525.083252 236.773621 
228.619629 220.204239 
439.715118 206.709900 
436.332794 226.580765 
300.392975 338.348663 
328.930328 241.075256 
421.994202 232.669220 
460.400543 224.241867 
287.366882 198.124771 
140.854721 309.947510 
140.876541 309.769440 
506.246124 213.313507 
125.238510 351.726929 
466.145966 207.142761 
225.096817 208.164368 
300.208954 338.536713 
327.860138 261.077789 
429.653961 221.737976 
478.454865 231.517487 
228.171692 222.640411 
453.380463 231.897324 
432.838196 223.042953 
248.617050 164.803467 
224.527985 225.067307 
225.126419 225.204132 
264.771454 210.830200 
234.803787 175.577850 
401.303070 220.344070 
118.079704 360.485474 
141.652298 291.536804 
251.949646 196.152786 
248.577560 164.029572 
185.139893 330.367493 
222.885727 206.522629 
424.614136 234.329758 
457.034637 252.933212 
435.014587 183.570938 
233.639801 219.498215 
429.767059 202.466522 
454.004517 197.295837 
433.092773 216.191467 
232.978027 219.450806 
329.787415 241.477295 
511.643127 241.435455 
327.712433 262.063629 
232.099487 176.402374 
212.991806 206.734222 
514.719055 217.582260 
346.718689 208.824356 
514.523560 245.769791 
511.662964 242.092026 
277.118378 319.964813 
422.419647 213.563156 
485.245789 248.577927 
346.210571 209.843353 
412.948944 222.443085 
142.919678 183.854813 
424.241974 192.043777 
488.659576 197.813354 
356.598206 219.583649 
118.771545 360.176239 
280.849182 331.136444 
294.505798 190.120422 
321.012512 318.175751 
402.699066 208.518265 
512.354248 245.743256 
298.077087 336.358917 
441.131744 198.994675 
333.953064 236.952393 
491.950867 268.080566 
232.588531 349.782196 
214.453979 204.319733 
511.354248 245.172775 
216.781448 246.309509 
217.147476 245.951736 
256.433777 192.976257 
236.753830 213.997253 
124.073280 358.581329 
426.391754 218.945129 
325.691650 259.767059 
112.247520 331.191132 
147.688766 183.587692 
97.632317 337.033020 
291.507111 189.882538 
455.625458 219.855743 
322.310822 238.937820 
514.521362 215.660385 
119.859894 347.173370 
416.611420 212.894913 
329.268341 242.898239 
290.416107 188.581863 
418.733673 228.432098 
438.820221 223.463730 
217.042404 224.995911 
180.871384 352.947479 
224.616959 346.472870 
302.302216 198.653412 
330.993652 259.761566 
445.319153 214.910843 
221.067032 207.892120 
453.532776 219.568619 
174.991211 351.859558 
436.197662 185.156250 
476.443207 210.209229 
290.013855 307.430389 
96.997047 337.415680 
424.107605 388.581940 
222.386185 209.696655 
448.348572 216.112732 
460.489410 206.868530 
217.751556 227.601089 
438.124786 218.982147 
485.265594 194.785385 
412.924469 229.103012 
417.463348 229.224258 
429.029053 222.890533 
450.449097 228.160751 
450.497864 227.566467 
322.834015 336.758362 
269.056030 149.507660 
245.896713 231.918381 
420.224854 228.400513 
401.723145 209.547394 
334.703094 253.291885 
111.264595 358.983551 
149.352554 183.643234 
336.078064 263.015656 
277.151093 321.404083 
475.469971 194.861237 
288.658173 221.073166 
265.369873 211.902954 
415.355957 212.548492 
342.228333 213.336273 
139.824249 306.077972 
275.489380 206.318069 
213.365311 227.407654 
405.495544 200.001221 
246.188156 181.979462 
244.765274 226.597412 
459.515350 255.202072 
210.673325 196.873795 
415.594452 209.087570 
107.547951 339.163757 
147.502335 183.423813 
247.075500 177.787308 
245.524445 227.177521 
286.379883 307.200012 
311.194824 213.866119 
162.029678 340.988892 
314.033081 279.997681 
247.564331 178.685577 
331.441345 231.310364 
146.427399 253.477539 
137.134506 304.950195 
327.444763 242.615799 
142.273865 183.857239 
405.923157 214.109802 
278.191437 204.248642 
419.711548 201.916061 
289.978851 308.051697 
138.865860 287.339478 
144.300552 290.026062 
232.246918 190.523453 
315.625214 276.738953 
443.766174 179.342789 
440.862640 201.382996 
137.697983 307.589325 
315.344543 216.925217 
311.098297 278.970520 
350.660736 218.050522 
219.839111 206.212524 
274.851593 187.899124 
255.216522 236.286880 
286.095032 188.703186 
484.797760 193.085327 
295.694794 169.280807 
329.489227 264.886566 
310.554474 263.249756 
307.286835 341.231964 
287.359192 213.404556 
438.998138 200.919327 
442.756683 209.873672 
227.807236 177.758682 
141.816086 304.102295 
321.234406 336.869720 
440.333740 200.796509 
480.709290 256.877594 
406.017578 226.780914 
287.565002 212.162613 
455.690308 243.086426 
92.858292 341.317688 
93.249245 340.766693 
436.563263 178.632843 
237.116135 236.096756 
241.297592 266.091553 
212.306519 197.018814 
491.574768 247.817764 
472.971191 192.587036 
217.597763 201.334381 
229.466095 220.663040 
310.490570 269.410095 
456.580750 212.277695 
454.286255 253.191605 
136.856613 293.629425 
223.160675 210.506958 
334.575378 250.391586 
324.199127 177.871887 
437.175903 191.928864 
209.241455 186.891525 
286.990967 214.646515 
163.547180 348.080933 
238.560867 182.934814 
440.915924 189.734283 
443.379181 221.279144 
443.335907 220.590134 
296.289185 198.740112 
480.066711 231.884491 
238.754730 183.500412 
204.949081 192.177109 
314.637177 277.512238 
480.591888 244.550018 
234.052368 186.844788 
162.561829 344.678345 
313.609283 181.475815 
213.933197 225.113586 
343.155396 242.046066 
522.839355 205.858078 
444.152191 217.529251 
344.335663 240.859207 
449.728516 207.182205 
136.163483 291.380768 
460.109894 223.441711 
266.794281 139.591690 
145.829193 188.398727 
241.950378 190.879517 
313.149841 261.221497 
237.731598 236.824539 
136.771866 302.987122 
237.476105 189.229248 
140.137543 235.660950 
276.665527 206.636459 
149.716370 183.011795 
408.516357 227.614761 
164.439911 344.420197 
227.957962 197.168549 
459.509827 220.808990 
437.614716 186.050339 
230.992279 228.521759 
452.242096 180.824448 
373.184052 242.045959 
234.962738 186.864227 
256.719116 229.286301 
407.555786 229.525131 
336.621826 242.453476 
507.156189 241.176178 
236.434601 178.818359 
248.803665 210.165375 
255.229416 208.354950 
272.651001 143.708038 
254.694489 207.872330 
451.627289 182.800873 
448.063782 223.600327 
203.508667 191.379761 
237.628998 189.552307 
117.246025 350.705475 
440.169189 177.531525 
94.999809 317.161133 
160.369324 344.687012 
187.810043 343.291260 
270.992432 332.340576 
235.760849 192.030594 
271.115631 330.809509 
293.725952 207.161118 
247.427948 235.573318 
244.444305 224.728958 
229.187378 193.955307 
336.521332 236.765503 
467.175232 239.234482 
447.259308 224.446945 
310.917328 258.336853 
457.462158 212.850571 
385.506989 388.852295 
279.952209 208.148148 
299.771942 169.073502 
469.757233 260.276428 
349.419922 337.304108 
348.103546 250.020752 
359.670715 218.735321 
104.891609 358.638428 
237.224060 182.103546 
342.974915 248.351608 
278.889557 208.209000 
175.119980 357.206207 
294.626099 208.357193 
258.032715 226.228745 
246.270279 212.751312 
484.324890 255.572250 
382.352875 243.046265 
340.748169 206.664093 
498.888885 270.644104 
405.744080 231.668915 
409.130341 226.773300 
94.874336 317.723511 
94.989006 317.818146 
327.921539 258.200897 
256.176941 229.112793 
447.103516 193.067688 
280.485474 314.904236 
249.066437 184.639572 
323.271057 322.871704 
473.226471 191.528610 
229.199844 195.374512 
444.916168 284.736786 
321.454498 318.971313 
135.155243 313.360687 
294.632996 205.969742 
248.387451 184.722076 
445.156433 195.985825 
146.678329 188.414856 
318.189758 247.388580 
310.100525 280.176117 
416.836914 261.113037 
311.918945 241.095154 
249.569305 172.178528 
333.177124 248.299347 
338.412262 268.123260 
480.977509 362.270782 
460.244781 269.729584 
472.496033 238.946793 
493.707550 182.000778 
264.769409 183.477646 
145.280746 185.281174 
256.544312 221.066711 
454.447449 243.365128 
176.130936 356.870575 
214.794708 222.964828 
156.859680 235.825073 
305.221619 224.773392 
433.457458 240.750488 
482.839203 191.689438 
479.827209 253.257080 
444.037384 192.521576 
471.862610 210.279297 
246.308411 239.274460 
512.616333 268.227478 
512.920471 268.299927 
454.216064 202.652359 
428.048187 186.232880 
337.346588 264.702881 
252.013290 210.896667 
438.664948 254.334351 
438.886658 253.850357 
229.090988 193.150406 
332.832550 218.665146 
501.057495 237.635727 
271.470917 185.878220 
272.933868 301.257568 
214.061234 222.645111 
131.289047 352.136749 
454.966095 201.647659 
246.267273 187.612473 
153.644501 228.653061 
473.180206 233.610489 
447.424133 196.111877 
338.268005 266.947113 
338.097382 267.024475 
402.172668 214.032516 
444.737213 196.528961 
257.983459 224.956467 
162.009460 359.982849 
264.606079 220.402100 
271.828430 310.610199 
403.990906 201.044083 
154.274841 239.087433 
505.428192 239.228439 
220.663010 230.949524 
449.409027 281.476318 
455.405304 200.519882 
461.142151 288.183105 
94.124992 358.003601 
340.629303 239.338165 
243.324478 268.911346 
136.121979 288.102936 
232.959488 236.529205 
105.462227 358.172729 
300.678711 208.521011 
167.856125 339.465454 
225.314331 199.376740 
310.561890 342.239441 
426.586975 244.672531 
156.084076 236.719162 
221.606827 181.985123 
151.887634 186.806808 
409.789520 256.887695 
409.823242 257.302277 
388.642853 375.124908 
311.484467 256.930176 
476.164917 183.115250 
248.618805 179.863693 
483.461273 190.355270 
225.340073 191.089798 
452.379303 210.324860 
144.964645 295.085327 
349.027679 250.185608 
337.865631 260.231842 
267.515167 219.687775 
416.237305 261.594849 
341.082001 237.221695 
129.971649 350.693451 
281.169403 196.869278 
446.061829 239.059998 
152.880661 228.374283 
226.424377 235.928513 
476.079529 184.352997 
137.673386 297.158539 
313.334686 180.378937 
270.321960 244.353424 
269.551910 244.029968 
213.125015 189.625305 
309.960236 270.835297 
248.242371 331.843353 
469.155701 214.632385 
324.310913 180.366318 
322.641510 203.830673 
322.778442 204.449371 
309.510864 180.676666 
137.835052 298.412201 
207.885635 236.283218 
339.992523 238.847870 
144.116425 308.677673 
248.240860 227.563034 
309.479492 341.615753 
509.712402 256.410950 
247.861328 226.352798 
492.143829 193.491501 
471.837097 238.041641 
224.727783 283.307220 
459.326447 192.087021 
302.728149 274.028900 
268.431244 181.917816 
371.782623 241.855392 
339.481628 217.398972 
455.071899 242.241531 
243.310181 174.943420 
242.838516 174.708389 
248.764053 236.464432 
527.138489 233.871750 
344.504150 244.966599 
99.478806 340.212189 
233.652771 228.438461 
422.377289 195.807526 
91.564331 329.835907 
412.983643 365.710175 
159.760101 231.792145 
232.409409 236.586685 
248.890060 105.679253 
267.437561 155.548752 
220.875183 200.060715 
221.469376 200.330612 
280.938660 202.224579 
261.913788 183.216858 
355.114441 248.320206 
317.251587 280.417633 
315.020966 176.432098 
296.601868 175.862061 
297.222382 175.518295 
