500
412.924469 229.103012 
346.210571 209.843353 
444.916168 284.736786 
296.922455 254.368729 
274.593597 330.095123 
418.733673 228.432098 
167.148773 358.505463 
248.242371 331.843353 
420.224854 228.400513 
276.389801 329.970612 
253.056992 329.753937 
162.009460 359.982849 
156.980957 348.603424 
157.308762 349.244690 
429.029053 222.890533 
290.013855 307.430389 
289.776459 168.517517 
157.871841 343.858063 
440.225250 235.719254 
314.637177 277.512238 
449.728516 207.182205 
429.653961 221.737976 
459.509827 220.808990 
119.344109 367.901917 
234.962738 186.864227 
347.521667 214.713257 
424.614136 234.329758 
297.782135 254.489594 
450.449097 228.160751 
450.497864 227.566467 
238.871078 327.525055 
162.561829 344.678345 
171.922699 332.584015 
426.391754 218.945129 
141.853683 357.794373 
217.042404 224.995911 
289.978851 308.051697 
150.424469 245.650299 
238.150620 326.893646 
456.580750 212.277695 
162.029678 340.988892 
280.938660 202.224579 
430.991577 222.423874 
234.052368 186.844788 
288.355774 194.537415 
452.556030 247.821045 
159.069122 344.441101 
154.168671 254.417450 
449.409027 281.476318 
457.462158 212.850571 
346.718689 208.824356 
291.470215 170.573074 
455.690308 243.086426 
279.422089 327.707245 
459.326447 192.087021 
160.369324 344.687012 
421.939453 258.685944 
232.099487 176.402374 
157.158630 355.677551 
342.228333 213.336273 
227.957962 197.168549 
263.127136 157.795364 
436.631714 234.182556 
309.960236 270.835297 
251.569397 330.376740 
402.895203 236.330093 
217.597763 201.334381 
292.345306 176.609634 
315.625214 276.738953 
337.346588 264.702881 
155.960251 348.822083 
245.896713 231.918381 
164.439911 344.420197 
453.839996 277.710266 
210.673325 196.873795 
154.629547 249.807922 
514.521362 215.660385 
238.754730 183.500412 
448.348572 216.112732 
269.056030 149.507660 
336.078064 263.015656 
356.598206 219.583649 
155.918762 253.701309 
321.012512 318.175751 
234.803787 175.577850 
450.317719 186.563080 
455.071899 242.241531 
138.114975 340.015991 
286.095032 188.703186 
494.158020 238.724655 
446.061829 239.059998 
488.975403 194.954147 
469.757233 260.276428 
454.447449 243.365128 
359.670715 218.735321 
322.310822 238.937820 
433.909882 243.415894 
174.991211 351.859558 
342.628479 214.159790 
486.983704 253.691315 
241.297592 266.091553 
180.871384 352.947479 
248.387451 184.722076 
246.188156 181.979462 
238.560867 182.934814 
460.160126 269.354584 
296.289185 198.740112 
251.949646 196.152786 
471.862610 210.279297 
263.372101 158.847198 
171.675644 332.025726 
475.378906 211.698151 
227.082504 189.261261 
460.400543 224.241867 
445.156433 195.985825 
479.391998 207.700485 
455.863495 279.359741 
333.953064 236.952393 
269.776886 153.949295 
155.845978 353.763550 
442.756683 209.873672 
215.821045 208.454163 
292.807129 200.391083 
433.457458 240.750488 
507.156189 241.176178 
246.267273 187.612473 
447.424133 196.111877 
218.060318 203.691299 
125.238510 351.726929 
212.306519 197.018814 
290.416107 188.581863 
480.698212 198.632751 
478.496979 207.500641 
271.115631 330.809509 
294.897858 201.270309 
237.476105 189.229248 
460.109894 223.441711 
444.152191 217.529251 
297.370148 166.683060 
249.066437 184.639572 
117.246025 350.705475 
506.246124 213.313507 
322.310242 322.555450 
487.452209 253.028503 
482.839203 191.689438 
445.319153 214.910843 
257.983459 224.956467 
443.379181 221.279144 
443.335907 220.590134 
473.876984 226.937515 
437.175903 191.928864 
280.485474 314.904236 
275.489380 206.318069 
153.580780 341.965363 
415.594452 209.087570 
283.885529 217.539230 
495.019745 238.501221 
462.919373 254.995239 
501.057495 237.635727 
213.933197 225.113586 
310.490570 269.410095 
291.116333 186.837341 
277.118378 319.964813 
483.702820 229.438843 
221.067032 207.892120 
462.194031 233.512207 
146.605087 251.137436 
129.971649 350.693451 
295.694794 169.280807 
416.611938 192.561844 
291.507111 189.882538 
321.454498 318.971313 
459.515350 255.202072 
270.992432 332.340576 
438.124786 218.982147 
454.443939 274.576538 
271.679596 154.417725 
460.244781 269.729584 
440.915924 189.734283 
440.333740 200.796509 
228.370865 181.848770 
499.006378 212.602310 
499.224030 213.309479 
219.839111 206.212524 
448.063782 223.600327 
438.998138 200.919327 
444.737213 196.528961 
148.502716 355.251404 
473.180206 233.610489 
476.443207 210.209229 
143.413666 229.467377 
334.189667 207.894043 
484.797760 193.085327 
154.279572 259.523224 
406.017578 226.780914 
140.668793 240.606125 
140.515274 241.248611 
444.037384 192.521576 
438.820221 223.463730 
268.198914 146.101501 
495.669281 216.525818 
416.721466 199.691833 
216.781448 246.309509 
217.147476 245.951736 
454.216064 202.652359 
415.159454 199.998611 
336.521332 236.765503 
144.961624 256.759308 
418.688660 232.780334 
419.208984 232.677444 
380.840485 242.874969 
298.064026 193.100067 
297.512817 193.124481 
452.859650 178.872452 
514.719055 217.582260 
243.263123 327.784302 
474.284607 227.762741 
287.565002 212.162613 
247.075500 177.787308 
382.352875 243.046265 
311.098297 278.970520 
237.224060 182.103546 
214.453979 204.319733 
122.902138 341.897552 
416.711823 193.745270 
158.360550 227.694397 
455.405304 200.519882 
154.815536 357.406891 
213.365311 227.407654 
472.496033 238.946793 
454.286255 253.191605 
309.510864 180.676666 
478.454865 231.517487 
272.651001 143.708038 
267.910004 144.536240 
168.934311 358.105103 
169.384827 358.093140 
483.046143 210.592773 
311.756226 322.241821 
214.753464 207.627533 
224.701218 190.437866 
146.427399 253.477539 
415.893463 206.184464 
426.187927 267.344818 
385.506989 388.852295 
480.709290 256.877594 
438.664948 254.334351 
438.886658 253.850357 
467.175232 239.234482 
287.359192 213.404556 
479.454834 204.965393 
475.469971 194.861237 
119.859894 347.173370 
432.838196 223.042953 
471.290375 273.976135 
452.510681 184.218277 
480.591888 244.550018 
156.706116 225.918671 
156.323822 256.482849 
200.725677 190.824982 
201.351746 190.961014 
498.542267 299.490753 
273.790741 155.310440 
492.143829 193.491501 
350.660736 218.050522 
265.331665 230.575470 
248.617050 164.803467 
417.463348 229.224258 
457.034637 252.933212 
244.765274 226.597412 
454.004517 197.295837 
134.846756 337.541229 
283.415741 335.672760 
323.271057 322.871704 
290.698181 173.847443 
476.164917 183.115250 
337.145081 324.055054 
258.032715 226.228745 
477.390442 227.550339 
222.061600 203.756821 
475.863342 253.342041 
224.376175 182.746857 
485.265594 194.785385 
471.837097 238.041641 
454.966095 201.647659 
506.897339 316.366211 
462.495209 187.076187 
286.379883 307.200012 
230.992279 228.521759 
451.627289 182.800873 
248.618805 179.863693 
203.508667 191.379761 
204.949081 192.177109 
447.259308 224.446945 
343.155396 242.046066 
486.680603 261.664093 
221.606827 181.985123 
284.763519 157.767471 
332.347473 206.930939 
248.577560 164.029572 
424.241974 192.043777 
466.145966 207.142761 
422.766235 270.293579 
256.686829 195.607056 
487.734802 230.163132 
469.019379 211.364059 
469.780518 233.442810 
283.830902 336.298309 
482.965668 204.144958 
424.107605 388.581940 
487.472534 199.996902 
256.873901 197.485184 
303.150879 202.586456 
145.217224 246.788361 
160.453491 226.985352 
115.265945 347.821259 
233.482452 335.916534 
469.046783 193.166885 
452.242096 180.824448 
472.971191 192.587036 
427.357513 267.696564 
222.881027 182.005325 
340.629303 239.338165 
247.564331 178.685577 
339.992523 238.847870 
401.303070 220.344070 
374.269623 252.218948 
460.489410 206.868530 
496.405548 234.997147 
477.733826 228.211914 
292.332245 308.354889 
479.827209 253.257080 
424.011810 269.842285 
453.380463 231.897324 
463.117126 220.887161 
509.712402 256.410950 
212.991806 206.734222 
302.302216 198.653412 
360.658356 251.461624 
476.635162 239.344788 
468.920044 233.207108 
468.996887 233.351181 
285.875458 215.350189 
360.613831 215.802948 
154.457703 349.265045 
315.344543 216.925217 
499.867218 298.485077 
416.611420 212.894913 
472.887054 175.807159 
502.595276 214.078186 
299.982300 200.260117 
440.862640 201.382996 
175.119980 357.206207 
266.319733 143.737717 
477.616577 200.449936 
447.103516 193.067688 
314.019531 217.237885 
436.197662 185.156250 
321.559296 179.136185 
392.253265 390.279602 
441.131744 198.994675 
505.231506 298.982269 
267.652130 136.707382 
422.377289 195.807526 
291.383606 162.534088 
498.888885 270.644104 
429.767059 202.466522 
264.181122 232.427567 
256.544312 221.066711 
232.246918 190.523453 
483.461273 190.355270 
294.072021 253.359009 
423.488770 190.728790 
475.441101 245.267715 
266.322754 229.384552 
460.045197 256.502319 
262.176422 209.362427 
336.647644 210.054214 
314.033081 279.997681 
511.662964 242.092026 
485.245789 248.577927 
338.360077 211.904373 
460.693756 221.403214 
460.952057 221.133881 
505.428192 239.228439 
469.155701 214.632385 
291.807770 211.285492 
464.767517 224.417969 
341.082001 237.221695 
245.524445 227.177521 
322.777039 177.062225 
422.419647 213.563156 
484.324890 255.572250 
436.332794 226.580765 
453.532776 219.568619 
241.950378 190.879517 
151.637482 258.556854 
237.628998 189.552307 
496.137543 184.266739 
225.340073 191.089798 
268.575195 299.846069 
407.924438 201.230774 
452.379303 210.324860 
485.523224 177.531418 
453.614594 285.089844 
480.371521 260.497803 
422.429169 188.994843 
433.529907 183.404251 
266.267609 139.225967 
465.590759 224.269592 
174.563416 330.416473 
415.355957 212.548492 
324.199127 177.871887 
491.574768 247.817764 
222.386185 209.696655 
469.825623 224.688889 
247.861328 226.352798 
266.580780 316.853577 
266.660736 315.534149 
521.098816 436.673004 
129.744049 349.987610 
247.427948 235.573318 
286.990967 214.646515 
151.889145 259.686157 
252.947998 148.655426 
162.336136 228.539398 
433.092773 216.191467 
486.049286 176.907928 
417.569427 195.231064 
277.151093 321.404083 
153.642807 224.463074 
494.584747 183.104095 
284.338959 220.687485 
349.027679 250.185608 
473.226471 191.528610 
491.950867 268.080566 
267.437561 155.548752 
363.554626 219.903809 
409.789520 256.887695 
409.823242 257.302277 
169.854462 358.218079 
311.194824 213.866119 
412.948944 222.443085 
183.070358 329.747833 
476.886200 185.914627 
233.639801 219.498215 
159.760101 231.792145 
310.835724 216.364716 
421.994202 232.669220 
480.066711 231.884491 
269.632599 301.751648 
225.314331 199.376740 
433.728546 179.700241 
43.104763 347.265991 
214.061234 222.645111 
343.081940 219.674149 
313.912750 364.059143 
435.014587 183.570938 
475.633148 254.822800 
270.873993 305.055786 
360.145325 253.397095 
522.760193 233.210480 
327.921539 258.200897 
455.625458 219.855743 
268.935791 294.051697 
138.607513 336.808472 
365.034271 221.492889 
509.031677 208.939148 
348.100433 245.838837 
502.442902 276.652527 
511.643127 241.435455 
488.659576 197.813354 
254.931595 151.082367 
144.964645 295.085327 
170.521820 336.389587 
232.978027 219.450806 
482.200562 208.129578 
331.941010 271.884399 
265.538574 236.212158 
443.766174 179.342789 
248.764053 236.464432 
160.762009 233.471954 
400.891785 205.119644 
159.728729 234.869476 
462.832916 174.176483 
255.303757 180.536850 
507.211823 297.588684 
443.860321 250.403015 
321.196320 175.709213 
158.945023 280.095947 
318.804321 362.654358 
313.609283 181.475815 
229.199844 195.374512 
483.727081 309.583801 
377.041534 242.548264 
271.828430 310.610199 
233.652771 228.438461 
272.933868 301.257568 
244.444305 224.728958 
331.556335 271.256195 
