500
460.400543 224.241867 
480.698212 198.632751 
475.469971 194.861237 
471.837097 238.041641 
429.029053 222.890533 
429.653961 221.737976 
245.896713 231.918381 
460.109894 223.441711 
499.006378 212.602310 
499.224030 213.309479 
456.580750 212.277695 
457.462158 212.850571 
453.380463 231.897324 
472.496033 238.946793 
467.175232 239.234482 
477.616577 200.449936 
430.991577 222.423874 
491.950867 268.080566 
487.472534 199.996902 
443.379181 221.279144 
443.335907 220.590134 
441.131744 198.994675 
452.556030 247.821045 
438.124786 218.982147 
297.782135 254.489594 
236.753830 213.997253 
457.034637 252.933212 
426.391754 218.945129 
241.297592 266.091553 
450.449097 228.160751 
450.497864 227.566467 
482.200562 208.129578 
455.863495 279.359741 
438.820221 223.463730 
509.712402 256.410950 
483.461273 190.355270 
480.709290 256.877594 
220.875183 200.060715 
221.469376 200.330612 
314.637177 277.512238 
480.371521 260.497803 
432.838196 223.042953 
468.920044 233.207108 
468.996887 233.351181 
420.224854 228.400513 
484.797760 193.085327 
501.057495 237.635727 
440.862640 201.382996 
296.922455 254.368729 
502.595276 214.078186 
455.690308 243.086426 
453.839996 277.710266 
471.290375 273.976135 
469.780518 233.442810 
237.705139 214.002701 
418.688660 232.780334 
419.208984 232.677444 
447.259308 224.446945 
424.614136 234.329758 
311.098297 278.970520 
418.733673 228.432098 
315.625214 276.738953 
444.737213 196.528961 
290.416107 188.581863 
445.156433 195.985825 
292.807129 200.391083 
474.284607 227.762741 
145.664688 241.999344 
146.209671 242.334015 
412.948944 222.443085 
217.751556 227.601089 
448.348572 216.112732 
459.515350 255.202072 
454.286255 253.191605 
485.245789 248.577927 
297.370148 166.683060 
291.507111 189.882538 
436.453400 252.579132 
442.756683 209.873672 
444.037384 192.521576 
339.481628 217.398972 
455.625458 219.855743 
444.152191 217.529251 
473.180206 233.610489 
295.694794 169.280807 
471.862610 210.279297 
402.649292 259.199219 
447.103516 193.067688 
342.228333 213.336273 
436.332794 226.580765 
440.333740 200.796509 
438.998138 200.919327 
313.334686 180.378937 
482.839203 191.689438 
483.702820 229.438843 
258.718750 195.151413 
455.405304 200.519882 
350.660736 218.050522 
454.004517 197.295837 
313.609283 181.475815 
477.390442 227.550339 
447.424133 196.111877 
212.306519 197.018814 
336.078064 263.015656 
163.547180 348.080933 
440.225250 235.719254 
449.728516 207.182205 
294.897858 201.270309 
115.265945 347.821259 
509.031677 208.939148 
171.678482 340.813751 
473.876984 226.937515 
514.521362 215.660385 
469.155701 214.632385 
210.673325 196.873795 
336.521332 236.765503 
416.237305 261.594849 
443.860321 250.403015 
460.489410 206.868530 
291.470215 170.573074 
421.994202 232.669220 
460.693756 221.403214 
460.952057 221.133881 
291.116333 186.837341 
472.971191 192.587036 
310.490570 269.410095 
477.733826 228.211914 
491.574768 247.817764 
309.284515 185.201736 
495.669281 216.525818 
269.632599 301.751648 
436.167358 251.901321 
460.045197 256.502319 
454.447449 243.365128 
469.046783 193.166885 
454.216064 202.652359 
463.117126 220.887161 
336.621826 242.453476 
218.060318 203.691299 
286.095032 188.703186 
469.825623 224.688889 
217.597763 201.334381 
461.142151 288.183105 
478.454865 231.517487 
486.680603 261.664093 
440.915924 189.734283 
342.628479 214.159790 
453.532776 219.568619 
459.509827 220.808990 
417.463348 229.224258 
469.019379 211.364059 
444.916168 284.736786 
452.379303 210.324860 
521.098816 436.673004 
434.975006 260.079742 
119.344109 367.901917 
385.506989 388.852295 
327.444763 242.615799 
257.983459 224.956467 
253.056992 329.753937 
409.130341 226.773300 
514.719055 217.582260 
153.054504 237.520538 
277.954132 316.842102 
256.686829 195.607056 
445.319153 214.910843 
433.092773 216.191467 
174.991211 351.859558 
505.428192 239.228439 
309.479492 341.615753 
246.308411 239.274460 
244.765274 226.597412 
475.378906 211.698151 
154.274841 239.087433 
246.188156 181.979462 
448.063782 223.600327 
408.516357 227.614761 
309.960236 270.835297 
266.267609 139.225967 
480.066711 231.884491 
277.358643 318.034393 
90.779564 329.365723 
216.781448 246.309509 
217.147476 245.951736 
487.734802 230.163132 
321.012512 318.175751 
91.564331 329.835907 
265.331665 230.575470 
479.454834 204.965393 
311.756226 322.241821 
284.338959 220.687485 
333.953064 236.952393 
347.521667 214.713257 
478.496979 207.500641 
479.391998 207.700485 
146.605087 251.137436 
290.698181 173.847443 
268.575195 299.846069 
498.888885 270.644104 
347.606354 231.717026 
476.635162 239.344788 
487.452209 253.028503 
476.443207 210.209229 
223.130936 201.081848 
469.757233 260.276428 
429.767059 202.466522 
344.504150 244.966599 
486.983704 253.691315 
337.346588 264.702881 
392.253265 390.279602 
476.886200 185.914627 
233.482452 335.916534 
455.071899 242.241531 
256.873901 197.485184 
116.228767 346.046112 
424.107605 388.581940 
412.924469 229.103012 
446.061829 239.059998 
475.441101 245.267715 
488.975403 194.954147 
125.238510 351.726929 
287.064056 90.533890 
287.086761 90.585007 
477.420166 250.447815 
454.966095 201.647659 
258.032715 226.228745 
483.046143 210.592773 
422.419647 213.563156 
232.870010 213.045731 
439.715118 206.709900 
251.569397 330.376740 
344.335663 240.859207 
488.659576 197.813354 
416.836914 261.113037 
267.910004 144.536240 
407.555786 229.525131 
449.409027 281.476318 
464.767517 224.417969 
228.482346 229.328751 
288.636597 165.905716 
415.159454 199.998611 
466.228546 274.259338 
415.893463 206.184464 
289.654449 165.507187 
519.484314 249.740601 
294.072021 253.359009 
480.591888 244.550018 
314.033081 279.997681 
268.198914 146.101501 
243.263123 327.784302 
459.326447 192.087021 
296.289185 198.740112 
247.861328 226.352798 
97.904732 344.235321 
308.614655 185.569000 
247.427948 235.573318 
311.549316 177.664429 
330.808289 213.296997 
416.611420 212.894913 
318.804321 362.654358 
272.273346 301.133636 
162.561829 344.678345 
264.181122 232.427567 
248.240860 227.563034 
283.885529 217.539230 
485.265594 194.785385 
221.067032 207.892120 
245.524445 227.177521 
507.156189 241.176178 
246.267273 187.612473 
248.618805 179.863693 
318.390930 171.677536 
252.013290 210.896667 
237.476105 189.229248 
266.580780 316.853577 
472.969604 189.549072 
522.760193 233.210480 
394.284607 229.703232 
222.885727 206.522629 
356.476471 231.919800 
213.125015 189.625305 
248.387451 184.722076 
473.226471 191.528610 
164.439911 344.420197 
332.832550 218.665146 
215.821045 208.454163 
116.841171 285.450409 
466.145966 207.142761 
278.460114 209.986755 
299.771942 169.073502 
276.389801 329.970612 
274.593597 330.095123 
43.104763 347.265991 
213.365311 227.407654 
315.711670 130.612549 
123.327278 345.838806 
427.357513 267.696564 
204.949081 192.177109 
119.859894 347.173370 
426.586975 244.672531 
293.072998 265.480408 
475.863342 253.342041 
236.434601 178.818359 
162.009460 359.982849 
426.187927 267.344818 
267.652130 136.707382 
137.205933 234.782486 
237.731598 236.824539 
436.631714 234.182556 
238.871078 327.525055 
229.187378 193.955307 
154.457703 349.265045 
118.079704 360.485474 
212.176910 257.702484 
270.992432 332.340576 
454.443939 274.576538 
421.939453 258.685944 
254.931595 151.082367 
415.594452 209.087570 
360.613831 215.802948 
460.160126 269.354584 
511.643127 241.435455 
482.965668 204.144958 
309.620239 224.061386 
289.776459 168.517517 
349.027679 250.185608 
422.377289 195.807526 
506.246124 213.313507 
272.933868 301.257568 
462.194031 233.512207 
287.565002 212.162613 
149.909515 241.834595 
291.446747 267.140533 
514.523560 245.769791 
250.281219 175.976105 
460.244781 269.729584 
280.938660 202.224579 
249.066437 184.639572 
219.839111 206.212524 
293.835876 265.149780 
321.454498 318.971313 
266.660736 315.534149 
465.590759 224.269592 
525.083252 236.773621 
229.199844 195.374512 
233.639801 219.498215 
237.116135 236.096756 
313.052399 175.205338 
270.873993 305.055786 
266.322754 229.384552 
290.602478 264.308136 
313.881561 174.472549 
336.647644 210.054214 
160.369324 344.687012 
415.834503 280.617767 
158.945023 280.095947 
227.807236 177.758682 
213.933197 225.113586 
341.082001 237.221695 
419.711548 201.916061 
343.081940 219.674149 
167.148773 358.505463 
338.360077 211.904373 
415.355957 212.548492 
289.884949 264.094757 
502.442902 276.652527 
266.598022 314.231323 
269.529846 308.077057 
453.614594 285.089844 
217.042404 224.995911 
122.618179 346.934601 
271.828430 310.610199 
369.201813 345.954285 
388.642853 375.124908 
229.090988 193.150406 
118.771545 360.176239 
298.064026 193.100067 
297.512817 193.124481 
287.359192 213.404556 
92.858292 341.317688 
93.249245 340.766693 
225.096817 208.164368 
232.246918 190.523453 
256.433777 192.976257 
462.919373 254.995239 
232.978027 219.450806 
313.912750 364.059143 
416.721466 199.691833 
496.405548 234.997147 
97.632317 337.033020 
328.930328 241.075256 
138.865860 287.339478 
469.286804 270.763550 
227.957962 197.168549 
365.518433 346.673218 
205.011581 181.080399 
309.510864 180.676666 
223.787094 229.705475 
329.268341 242.898239 
260.980621 154.895264 
187.810043 343.291260 
274.391296 284.349365 
110.230438 355.415344 
315.023590 229.914536 
241.760925 221.754303 
346.210571 209.843353 
422.766235 270.293579 
472.622803 248.342728 
315.020966 176.432098 
271.115631 330.809509 
150.424469 245.650299 
286.648590 109.533501 
259.798096 230.915665 
136.771866 302.987122 
148.430161 228.970596 
183.070358 329.747833 
222.061600 203.756821 
155.960251 348.822083 
423.488770 190.728790 
353.350647 244.621735 
322.310242 322.555450 
292.345306 176.609634 
276.728882 282.550598 
94.874336 317.723511 
94.989006 317.818146 
241.950378 190.879517 
409.789520 256.887695 
409.823242 257.302277 
313.109528 227.775177 
246.235870 312.720764 
424.241974 192.043777 
175.119980 357.206207 
250.669128 287.362732 
251.041138 286.581909 
476.164917 183.115250 
306.978546 214.078522 
237.628998 189.552307 
408.675995 257.622620 
127.435326 347.889587 
258.733765 155.791290 
146.427399 253.477539 
299.278595 110.299019 
128.439423 196.594116 
176.130936 356.870575 
495.019745 238.501221 
484.324890 255.572250 
248.764053 236.464432 
213.835129 236.299408 
201.546738 196.004898 
293.725952 207.161118 
424.011810 269.842285 
323.271057 322.871704 
208.493225 190.537430 
331.556335 271.256195 
291.807770 211.285492 
323.316376 234.207138 
180.871384 352.947479 
96.997047 337.415680 
475.633148 254.822800 
235.760849 192.030594 
327.921539 258.200897 
203.508667 191.379761 
232.959488 236.529205 
356.598206 219.583649 
230.992279 228.521759 
138.488327 237.480957 
436.197662 185.156250 
408.818359 173.546967 
124.702309 276.124817 
273.459900 284.300934 
472.706482 219.916321 
348.103546 250.020752 
268.935791 294.051697 
337.865631 260.231842 
191.149261 316.523529 
512.616333 268.227478 
307.286835 341.231964 
512.920471 268.299927 
268.537170 135.985901 
512.354248 245.743256 
238.150620 326.893646 
215.882553 188.698410 
433.457458 240.750488 
350.093262 251.765533 
224.722977 228.605118 
346.718689 208.824356 
157.871841 343.858063 
35.489822 353.293671 
331.941010 271.884399 
153.644501 228.653061 
214.794708 222.964828 
462.495209 187.076187 
279.422089 327.707245 
471.390228 217.741226 
256.544312 221.066711 
340.917908 291.721283 
119.132904 346.044434 
214.061234 222.645111 
275.502258 337.885132 
266.319733 143.737717 
