972
532.497559 307.673096 
325.176361 403.829773 
453.488281 280.163544 
543.028442 311.349976 
548.110596 312.541138 
464.430786 319.227570 
528.193359 308.473206 
524.711243 307.460297 
488.023163 334.553619 
513.533142 318.491119 
235.315353 268.818359 
527.580688 306.266083 
485.729736 315.459747 
545.897400 315.361938 
461.989990 283.880219 
325.687042 396.964935 
329.788635 286.653412 
478.061768 324.213776 
306.155304 420.896729 
324.906189 396.183594 
513.681946 315.752075 
462.408356 314.443207 
332.402893 414.422760 
520.358765 306.772552 
306.089355 422.377563 
298.734955 290.688538 
562.428528 344.024872 
330.148621 220.912628 
481.346436 390.984283 
480.584259 390.971680 
454.903717 285.698639 
514.530396 297.815033 
298.963501 286.793091 
467.869904 279.556061 
311.676239 427.949097 
480.328644 390.466766 
325.583679 385.537292 
312.575348 433.108093 
506.692047 315.524017 
562.259949 344.792511 
493.691772 282.230225 
562.974426 346.941772 
481.517792 331.256134 
457.051300 330.355560 
493.226562 282.593628 
481.418854 394.304474 
526.260803 331.862030 
565.120789 309.982361 
517.467224 320.901947 
493.738495 282.562714 
464.935486 315.241455 
514.551636 305.240082 
453.886230 313.093323 
297.749908 288.017303 
307.823242 418.414825 
499.619965 320.581146 
443.885986 294.760956 
298.678955 397.948364 
322.549072 418.510040 
477.996124 282.977570 
478.343048 282.956635 
328.357910 326.275146 
480.406738 282.743805 
516.271729 307.000885 
459.156311 312.292664 
297.834412 398.476624 
456.180206 296.611328 
338.879822 283.013702 
304.134399 419.058960 
312.642639 433.740997 
282.516541 296.248260 
201.333313 350.262390 
461.645782 311.371552 
490.087280 278.698853 
322.991180 370.034760 
479.330475 327.188324 
511.768127 304.803101 
550.396667 349.237976 
200.052658 351.488525 
179.179214 408.544830 
318.933502 283.452820 
500.384827 362.626465 
499.319489 323.631927 
195.391769 281.940857 
188.026352 411.415131 
477.312103 322.228333 
496.638458 292.655731 
200.768799 292.602478 
287.962921 291.435059 
460.522552 278.664246 
322.290588 267.944305 
418.495087 445.073639 
158.593811 462.614990 
515.906799 310.612762 
316.740570 254.210892 
548.977905 346.747040 
311.649292 257.457672 
323.115265 369.442474 
308.748901 352.003510 
309.285614 352.340820 
496.788574 291.432190 
515.455200 312.822479 
514.935181 312.957581 
498.584503 311.097015 
327.231140 406.795563 
331.470612 324.679108 
290.569397 272.320526 
334.575165 303.030029 
176.060760 364.254974 
179.355804 410.265076 
290.576538 402.364929 
256.188110 283.999512 
353.535706 301.870026 
183.013611 407.979828 
49.399094 201.638535 
482.074890 332.348633 
312.144257 405.406982 
257.060120 318.877289 
464.487915 284.557831 
307.537415 355.250427 
323.714813 307.286469 
300.546661 424.079376 
332.484070 221.821442 
317.330719 289.493164 
506.321259 333.776276 
305.038849 435.010437 
301.284180 343.066772 
500.909607 322.078278 
297.931244 303.176758 
299.587769 422.400269 
500.619720 305.240814 
537.761108 309.063141 
451.189453 314.228241 
521.813843 325.134918 
474.436798 321.238678 
334.658691 275.710297 
481.349854 331.716522 
523.782837 326.378265 
512.198730 302.841400 
531.125000 335.378967 
515.873230 307.686890 
333.835602 222.560410 
309.545044 303.414734 
312.036591 302.144135 
343.986664 300.711975 
499.791748 299.755981 
328.846313 326.847015 
269.088470 300.470184 
303.160095 418.323761 
302.809814 346.797028 
327.201660 402.569733 
316.424469 321.664734 
191.343353 404.540039 
277.000549 288.033264 
310.981720 436.636597 
502.249542 323.968506 
189.035736 408.461060 
181.750580 410.411835 
308.792206 303.338867 
484.477295 400.278473 
298.222137 416.374298 
353.924622 301.404663 
482.510895 343.609894 
490.291565 324.301453 
324.948212 414.927826 
474.885437 353.741058 
490.830627 309.933472 
340.965759 282.172211 
322.710938 435.169525 
302.863983 348.238770 
176.932510 351.835083 
452.334412 286.276825 
332.944672 411.514008 
484.659363 278.271454 
190.831665 405.755981 
325.157227 322.733185 
506.643402 334.260437 
329.812714 389.488434 
296.255585 430.913391 
300.900787 436.496155 
466.472961 316.522003 
175.661209 430.268555 
501.183105 359.122498 
473.899048 301.085358 
357.122040 302.020660 
482.918396 386.171448 
449.739746 285.839966 
329.048981 319.536926 
315.235016 304.772766 
314.523956 321.339874 
322.533386 433.059357 
302.918884 434.837677 
454.161621 293.757721 
351.024994 358.242798 
315.614746 305.908264 
306.587921 355.731323 
324.038208 219.097580 
285.012909 402.313507 
349.033691 371.150726 
456.320587 311.359680 
271.309570 290.744659 
538.814575 392.784027 
175.628174 420.355255 
293.947510 416.522369 
516.849426 310.924561 
268.417328 290.666290 
251.082581 326.407837 
175.502731 381.847687 
300.938019 285.794006 
296.259430 275.213440 
188.409927 408.074860 
135.565109 458.443176 
494.224548 299.526001 
492.382843 401.500732 
455.068207 342.446716 
341.144257 345.584106 
515.067871 349.304108 
187.433075 294.535614 
203.727066 297.429047 
204.296188 296.565155 
470.158081 303.190948 
303.321503 416.022552 
308.165558 428.338593 
325.141174 322.011932 
323.928558 437.169678 
200.080215 346.461395 
316.690887 263.143433 
192.063553 403.168976 
501.032593 299.844025 
266.361328 353.260071 
470.403229 296.697723 
303.361328 310.436554 
207.012894 381.209381 
567.878845 328.529175 
183.076126 414.700531 
340.118256 371.281097 
494.784760 299.830414 
316.489563 402.763977 
183.804382 377.802979 
332.801910 411.054047 
313.951141 418.392609 
347.870667 368.923981 
202.059738 346.940918 
160.496109 423.018097 
300.488037 418.526428 
498.406921 328.166870 
540.975342 329.908325 
506.327393 359.865295 
456.565735 295.529541 
226.664001 347.743347 
472.288635 341.331757 
189.923172 209.850204 
191.778259 281.724396 
467.018433 286.964874 
494.741730 272.743286 
306.653809 348.085876 
473.922363 320.152893 
263.872406 354.684052 
321.310455 218.747070 
338.953064 276.607666 
520.489319 312.060913 
183.265244 414.157593 
273.645569 287.812927 
185.385498 303.293243 
299.096100 273.526428 
322.543762 267.215881 
249.146561 280.756287 
192.358047 401.524689 
287.635406 397.298431 
333.923065 396.482208 
261.825073 338.208771 
501.032990 332.473358 
179.221786 359.498108 
518.677429 324.513702 
518.410645 314.693176 
475.838135 263.489807 
515.809387 349.456818 
322.502716 438.021240 
322.502716 438.021240 
358.511627 307.708588 
300.393951 298.153351 
314.462036 396.258484 
514.224548 280.379608 
502.771088 359.404449 
477.754333 288.252106 
202.110046 332.266571 
477.999786 287.720093 
251.755737 283.319183 
269.946106 297.108307 
294.294678 426.527710 
452.572968 306.987457 
533.523865 307.657440 
317.833679 263.717682 
535.632324 307.560699 
307.844879 396.917419 
261.532257 343.937225 
294.104309 284.930115 
201.888580 354.233765 
355.474487 357.197388 
477.752960 263.266876 
305.330627 428.214142 
186.687515 410.716522 
190.329208 416.857941 
180.523422 443.229828 
294.943176 420.505280 
308.708984 247.495895 
489.460846 297.373260 
540.270752 461.561432 
460.279541 280.140533 
498.468292 313.247833 
448.873016 307.497253 
305.077972 279.073853 
355.101898 348.633484 
538.613098 288.811890 
177.039337 351.302063 
326.057587 213.358978 
312.858368 390.075867 
344.213196 346.998291 
344.089203 346.533356 
189.568466 414.966766 
68.517189 426.991577 
281.569550 416.167755 
200.850998 297.995422 
275.432770 270.946014 
345.308441 367.593567 
160.338257 460.304047 
543.422668 390.355499 
283.104462 288.106934 
325.512695 315.523987 
326.242249 316.422302 
178.558807 403.528168 
528.584778 333.499786 
185.250427 402.430756 
288.815277 339.099548 
350.525635 340.306061 
283.431061 276.322113 
502.266144 299.929718 
237.477509 344.592163 
318.668182 266.085480 
320.533051 288.709808 
163.245468 391.380615 
306.757263 404.297516 
136.782425 453.367249 
200.517227 291.422241 
349.918671 368.981873 
350.554260 351.879486 
557.380615 313.975159 
122.519402 445.117096 
267.931366 349.788330 
391.458282 296.668640 
299.435486 433.082214 
345.036255 216.884323 
299.498810 432.951935 
478.164337 292.183441 
351.567932 358.119110 
447.995270 314.875092 
177.674316 414.385742 
260.846649 331.516693 
305.166443 432.201111 
304.506470 432.102997 
504.424225 354.603973 
544.868530 345.077454 
300.640015 437.047546 
178.483704 417.453949 
502.686035 324.949341 
168.373657 454.923340 
491.339050 298.349640 
316.581818 253.033966 
290.413452 413.067474 
541.346802 461.301361 
182.874222 355.016663 
276.387390 273.106323 
318.959839 344.137604 
519.201660 314.002838 
341.912323 301.132904 
137.051910 453.875793 
300.663452 271.707458 
194.149384 417.139954 
517.793884 338.445709 
305.865784 344.582703 
378.128754 307.943878 
259.535156 283.253143 
532.026062 332.387939 
312.700165 303.132477 
181.040848 440.055664 
488.698273 304.384155 
254.765427 321.425476 
298.025024 291.132935 
180.794983 350.023132 
309.391724 362.486847 
338.792053 343.192169 
339.403900 343.459076 
321.548218 265.474213 
290.254761 294.281189 
289.577972 293.997711 
283.558105 284.576019 
183.632339 355.054443 
282.230713 397.554718 
293.037628 291.239899 
280.795898 277.492279 
123.926315 445.857819 
317.529205 438.264343 
288.611359 386.222809 
536.987244 307.300537 
190.101868 418.956146 
494.503082 308.622070 
334.538696 285.122284 
446.377167 312.300629 
318.460144 418.401428 
377.578766 306.781616 
489.402588 303.076050 
509.953796 333.327087 
349.900452 329.187286 
264.321228 345.092468 
138.920944 449.252869 
319.072845 298.921082 
202.460617 345.597168 
260.424469 283.575470 
474.766357 351.184387 
453.839203 322.093750 
349.158173 282.171204 
290.874329 362.101471 
327.740875 213.126343 
326.765198 308.527771 
134.699310 452.405731 
299.128632 395.387878 
389.754944 296.323914 
540.970825 345.080536 
172.262192 319.043030 
507.146576 368.876740 
318.323761 307.485199 
278.660339 356.914581 
389.912567 294.489380 
191.980347 446.543701 
464.706879 336.633240 
247.809860 284.667419 
534.361267 330.081726 
273.669037 365.256897 
251.833633 319.251709 
197.933212 309.423950 
334.167511 395.467773 
251.261902 317.620911 
319.141602 264.443420 
319.487976 264.189209 
474.367645 387.665833 
296.899780 300.271332 
505.535278 406.349091 
349.657867 300.880798 
470.893616 272.218872 
185.970062 422.804779 
299.484833 304.955994 
525.289490 329.960663 
344.329742 283.733551 
279.363434 358.855042 
452.687103 279.085419 
523.796631 312.501801 
316.055908 24.558363 
352.013794 337.010742 
301.795898 405.706451 
287.861908 269.294342 
263.562897 352.746063 
263.559875 353.434570 
287.513031 295.920502 
213.827927 341.977936 
542.795898 290.435638 
258.066895 334.563934 
317.749207 220.386383 
470.635681 323.566223 
305.476257 357.522644 
510.572418 333.098267 
345.879333 299.866882 
470.155945 304.150879 
214.311295 297.338837 
459.466431 297.095734 
463.545105 335.878387 
530.359070 270.616394 
440.354065 290.361755 
254.847610 296.306915 
288.995392 361.093323 
294.409698 272.432098 
179.408066 353.061859 
494.467926 399.976746 
350.527496 301.390778 
335.962524 220.662109 
247.915955 280.966248 
287.667053 385.653503 
280.643250 329.541107 
180.018692 412.772247 
173.795746 302.537537 
288.401184 269.503784 
206.395432 329.689331 
457.026154 276.129120 
479.054901 292.332031 
265.282379 294.911743 
296.039551 295.662750 
504.141541 298.975586 
356.650055 360.784973 
196.845337 359.792511 
333.879333 225.136627 
285.359375 311.830750 
264.644531 344.390686 
302.068024 280.379822 
547.377747 286.696747 
345.852386 360.523743 
172.527283 303.393860 
369.899292 314.651886 
329.827332 210.920563 
242.151306 314.855194 
254.870300 292.937744 
310.793060 442.004639 
276.631592 362.031372 
168.572586 376.126648 
171.983551 429.995758 
565.744873 324.374298 
352.240753 362.022766 
160.827820 381.101807 
124.641273 444.148254 
186.276199 380.225006 
453.224670 387.675110 
559.052917 300.534943 
197.434952 298.728546 
303.494263 392.783783 
178.578644 414.625488 
192.155014 377.958923 
213.559555 296.116730 
313.689453 244.082825 
314.344727 206.209061 
553.304443 356.538239 
350.875671 292.019562 
163.909729 369.471100 
277.507690 395.894714 
277.541168 395.987305 
198.793396 302.439758 
300.866455 393.436462 
361.704102 295.636841 
309.367889 363.037048 
330.842377 210.714706 
260.090973 282.115143 
280.301025 434.077515 
280.064575 434.242889 
325.016083 314.775299 
553.520081 391.185333 
336.112396 308.052612 
331.184418 264.211212 
182.870926 300.263428 
515.024719 333.234497 
470.068878 304.825745 
264.100067 340.882568 
318.361938 443.041138 
195.296082 294.608124 
280.642456 351.040771 
356.470459 279.721924 
547.741821 328.474060 
258.802368 288.270966 
282.542969 413.592377 
279.805389 327.650818 
470.793762 353.647064 
471.264404 354.164520 
318.805817 293.049866 
449.789673 367.648254 
190.876373 326.326599 
504.859497 298.310822 
324.572845 200.061707 
328.318420 320.452087 
174.182266 376.029114 
304.897644 343.454559 
283.819061 437.899200 
171.383240 431.339722 
319.049316 417.923615 
300.168640 280.416443 
269.477570 290.306305 
193.816223 354.726898 
163.341278 432.757294 
331.777313 197.267883 
350.640625 362.420654 
324.541473 318.341675 
280.869049 315.357422 
289.050446 272.606934 
325.532410 265.411133 
326.221619 265.149933 
329.905396 272.227448 
181.161804 451.166168 
448.672821 311.609650 
449.022522 311.919434 
300.044861 408.341003 
134.146698 450.464935 
169.958832 376.653381 
180.883301 381.634216 
298.061005 439.338196 
336.378296 339.963715 
538.579956 314.598175 
311.385437 391.512451 
160.348312 456.107391 
498.528412 314.649719 
188.631561 279.391266 
539.145569 289.658173 
328.258698 254.854202 
330.071442 204.361420 
312.221191 320.433014 
180.997238 380.169769 
191.929260 397.405365 
538.091309 458.885223 
320.858948 214.290421 
534.549194 329.336273 
474.121368 295.375366 
248.969269 320.864990 
380.791443 306.295807 
201.786728 336.422485 
525.413696 337.508789 
331.350677 200.344299 
168.495102 382.492676 
181.218597 451.789825 
190.838470 342.802856 
288.122437 342.362915 
327.376007 254.848663 
331.843506 405.944702 
287.326416 436.012299 
351.029694 215.364517 
286.087311 266.874176 
318.590576 315.461304 
322.743042 211.819534 
186.152847 414.383911 
228.039963 331.726410 
169.848358 313.273499 
280.700745 342.307861 
346.521332 213.693893 
264.395050 320.882385 
569.143860 327.323059 
315.977844 207.372055 
342.484161 266.117249 
192.294357 351.590057 
172.903305 362.880463 
171.577621 379.685272 
322.460449 419.033508 
477.282532 386.552673 
498.572784 403.195923 
328.174866 211.111954 
190.885788 368.159210 
175.040222 275.547424 
468.205139 313.451752 
299.521271 411.254211 
351.944427 336.038147 
447.289856 317.134735 
267.323853 297.677490 
364.124420 355.942017 
307.341370 380.114960 
319.299957 219.564270 
189.755585 324.101044 
240.172684 347.092285 
181.080353 400.959503 
352.763885 340.862732 
359.733185 210.484207 
522.541870 332.069672 
125.606995 430.824738 
164.502243 291.950409 
164.746063 292.101074 
239.005432 343.229034 
330.057495 282.062592 
503.416656 302.529114 
502.801239 303.006897 
295.768707 443.233765 
345.671051 286.572815 
175.775696 263.662720 
287.227783 419.822113 
293.401062 419.695557 
292.507416 420.022369 
292.733673 420.201721 
501.470917 404.573090 
196.869995 287.657501 
287.359589 272.832703 
227.959442 274.280640 
198.509735 284.473358 
199.487564 306.960999 
286.906677 419.195740 
462.534180 346.868927 
333.297272 321.982758 
185.313248 453.114319 
190.731461 290.881409 
309.073151 202.467117 
257.946320 290.608185 
191.887314 322.429291 
473.831451 387.493683 
200.412537 266.300018 
369.899017 309.798309 
350.989594 193.332977 
283.915314 272.726471 
199.626495 373.185028 
462.100830 294.873108 
259.981110 314.193939 
321.889679 225.185989 
509.277832 348.205536 
172.625870 370.221771 
337.622833 214.512451 
275.723419 316.765076 
174.700607 302.315521 
332.821411 197.331131 
469.763214 270.156525 
357.898376 297.795990 
332.384644 289.370941 
270.057617 293.641144 
352.015350 287.576263 
309.836761 440.233490 
304.062836 370.836365 
266.398834 342.569641 
343.619202 363.161041 
264.688568 358.433502 
174.739868 317.561951 
381.627441 306.150391 
545.198608 292.697449 
506.393677 407.255524 
335.870148 302.912903 
270.645325 386.012085 
284.692566 314.142059 
190.591644 354.470978 
191.100616 354.087341 
201.131287 307.597595 
299.652802 401.885590 
320.927490 223.781845 
326.311157 425.590698 
280.627563 350.480499 
518.357117 294.367889 
188.557144 325.170624 
124.696465 446.110168 
269.561829 385.259186 
460.824005 390.926025 
461.089996 390.836792 
318.946686 301.150879 
203.768799 376.767090 
287.781464 427.240143 
329.975708 411.493195 
351.424866 278.286407 
322.488281 278.398254 
262.618469 330.879578 
287.141510 445.435425 
264.036102 318.581207 
167.135605 299.416718 
300.743073 404.350800 
440.066193 301.285950 
345.289551 290.407501 
361.604187 298.144928 
474.036407 304.229034 
297.108429 439.637421 
372.608826 307.062927 
164.504288 456.894653 
300.393433 315.210693 
300.185455 314.636719 
180.187637 313.814545 
259.356995 330.986877 
333.802643 319.556976 
178.083603 312.661591 
307.359253 370.434509 
186.583939 393.278198 
439.892944 296.409180 
129.594131 454.933319 
204.743103 322.364441 
204.225266 300.773621 
484.799072 425.197113 
314.880890 303.536316 
129.646439 453.991180 
561.728699 322.653961 
196.662842 310.776093 
345.556000 331.604950 
181.054855 288.486237 
545.264709 389.454437 
192.883636 378.137146 
180.779221 413.167084 
340.388184 298.247711 
176.902069 288.586578 
199.712631 286.979919 
333.841858 267.898621 
543.391968 385.752625 
546.609192 302.119934 
308.347778 369.033844 
256.842041 326.984558 
336.803467 285.472076 
516.309753 261.452545 
491.206146 418.573181 
193.090088 278.128113 
192.577454 277.673584 
341.334961 298.448334 
332.800995 313.102264 
321.726318 206.732849 
306.863464 379.436829 
134.924637 449.987000 
347.209900 303.445312 
351.703003 279.681244 
306.139313 298.609467 
130.942719 458.456543 
279.181030 416.155853 
439.632355 333.567688 
440.370941 334.175507 
208.093811 283.974884 
211.739471 280.157379 
495.385071 408.076538 
493.195679 335.871918 
322.232208 439.788818 
350.263855 213.816696 
241.189438 347.787079 
358.923584 304.983704 
194.855255 310.794128 
265.871216 310.962708 
376.569946 286.120117 
327.132996 210.787033 
326.896515 211.342407 
315.694305 325.307129 
308.803467 205.613037 
179.347992 390.358124 
204.486771 450.132416 
184.246231 311.142273 
317.401337 212.106766 
275.200653 275.455475 
316.524017 251.600220 
297.323822 250.413651 
362.448975 202.785675 
485.610596 300.746155 
325.536438 433.773712 
346.152222 28.241970 
258.179169 278.554871 
307.856873 384.944977 
154.732407 458.406097 
345.467621 364.647125 
177.418442 360.858734 
256.128601 271.143188 
507.034668 301.998077 
283.124390 272.459534 
364.551025 373.046844 
174.476807 349.716766 
354.092194 268.115936 
450.235565 309.449524 
522.477966 330.620667 
509.889465 348.201660 
246.056702 312.575562 
245.832169 313.174805 
248.263855 324.232971 
381.448608 16.085155 
263.444702 348.855011 
202.676834 375.157257 
360.245911 350.353241 
306.631317 439.629333 
517.132935 396.834839 
293.556274 392.784668 
291.584259 215.609833 
465.081177 296.840515 
177.489014 318.160339 
209.532883 311.584442 
190.191635 457.876984 
280.780121 408.997803 
341.416077 285.511444 
171.908295 318.420959 
275.134735 410.469666 
173.712006 345.247986 
174.419403 345.434204 
344.553162 362.916016 
265.410492 311.660065 
521.654175 348.042450 
329.478790 281.102905 
350.036591 266.602905 
447.598022 451.932404 
528.551208 337.200348 
211.033752 309.578125 
429.193329 21.030390 
360.451385 342.087830 
495.305328 405.371582 
352.063354 280.878143 
196.119431 423.509308 
164.472290 457.756927 
189.270386 457.684204 
192.148315 354.137360 
433.728424 305.781677 
188.894333 452.977692 
191.414062 279.617004 
179.295364 312.059967 
180.897537 400.162384 
308.067291 439.754364 
309.367981 198.391495 
143.767914 452.611481 
376.813293 288.641510 
422.681488 446.396423 
204.717361 453.984680 
451.936371 386.173920 
451.690521 386.103485 
201.476227 461.209015 
297.507965 248.573486 
278.073425 317.581116 
568.023193 313.103760 
224.274246 211.492310 
197.991074 404.327301 
293.838654 356.901581 
187.551010 344.203644 
203.131088 341.229279 
280.395844 429.618896 
280.056976 430.137604 
347.929352 356.941254 
270.766876 293.853149 
265.733582 300.721344 
372.349457 311.989685 
190.028885 393.956909 
299.643005 412.126221 
263.045868 324.102814 
179.002838 364.950348 
171.487595 304.300354 
274.810974 282.573364 
150.023376 457.717773 
170.522186 424.290710 
265.952911 288.692596 
194.831802 454.308136 
176.212692 356.503204 
484.635132 335.609222 
369.677795 301.170593 
295.667358 249.619949 
197.357285 423.126007 
512.967896 369.261597 
467.381409 301.939606 
176.354538 451.998199 
364.197937 301.652039 
210.692032 313.073364 
354.470123 214.270065 
354.078949 213.683594 
315.637695 445.681427 
342.279175 268.302673 
491.515015 401.419373 
348.333771 373.165161 
359.842957 206.500015 
196.032974 370.930084 
487.249115 394.700409 
339.602570 283.951569 
196.409622 289.873962 
483.773651 427.301300 
553.408020 316.637115 
178.155548 360.511444 
346.341217 357.913788 
284.659607 422.416382 
197.124451 289.713379 
364.870575 300.100403 
278.127197 391.002258 
206.758530 323.946045 
251.305267 277.466980 
250.620911 277.173126 
273.768005 308.895020 
357.316071 269.312286 
324.300873 362.878723 
192.884583 387.481995 
358.067352 304.412567 
376.877411 289.553253 
80.888748 429.683472 
186.935898 335.294678 
306.463654 372.563263 
357.260345 292.783173 
346.714569 289.639496 
495.326324 366.771606 
288.076385 324.305969 
160.151596 387.487640 
75.301575 464.471405 
285.117981 391.818054 
375.654205 289.328247 
290.545807 438.077393 
291.392151 438.457886 
145.994873 442.248138 
146.080673 441.549683 
197.490845 311.685486 
285.704681 325.407593 
362.846741 345.860687 
359.883087 272.177887 
213.455841 356.465485 
216.024338 341.983063 
317.283112 295.867432 
105.562988 419.477081 
300.802002 244.704971 
325.406158 223.706680 
336.479279 268.384705 
474.362030 427.629395 
195.989532 304.487701 
