500
265.584564 70.396393 
261.747040 68.982178 
261.747040 68.982178 
403.430786 268.588165 
251.137711 82.747803 
461.519257 368.782349 
461.519257 368.782349 
251.138504 92.270607 
418.907379 404.963013 
418.907379 404.963013 
460.602844 424.592102 
315.278534 303.656128 
403.430786 268.588165 
327.472565 130.757156 
348.347229 262.674255 
308.151093 326.296936 
348.347229 262.674255 
315.278534 303.656128 
372.365051 287.219849 
260.403137 87.851425 
431.097107 353.571808 
320.591888 148.414749 
320.591888 148.414749 
251.137711 82.747803 
290.317108 53.424416 
323.786194 155.786133 
443.173462 447.049957 
319.415161 229.868393 
317.841064 245.453064 
317.841064 245.453064 
317.711029 238.147385 
290.317108 53.424416 
454.813141 360.676880 
319.415161 229.868393 
263.244720 53.354130 
247.729706 95.101448 
252.877563 278.490540 
395.647949 227.128265 
437.750031 448.260010 
437.750031 448.260010 
462.349670 416.427399 
327.472565 130.757156 
245.681351 82.350807 
257.294312 89.007858 
372.365051 287.219849 
287.162964 52.210041 
331.361633 134.315277 
290.441010 222.335464 
260.403137 87.851425 
372.365051 287.219849 
319.415161 229.868393 
244.039948 86.498627 
322.551331 86.025993 
347.629059 264.482758 
455.178223 361.997375 
339.417908 220.550919 
331.361633 134.315277 
288.055023 52.086681 
320.529633 148.573349 
292.641449 48.275124 
463.641052 421.442657 
464.745789 375.743622 
288.681763 314.523773 
260.403137 87.851425 
242.271942 86.938156 
288.133209 226.534470 
257.182526 86.615341 
319.348175 319.448517 
325.323456 337.966522 
295.250641 144.034409 
422.052887 236.331635 
300.175781 302.988159 
342.249847 418.338379 
282.733398 164.676224 
289.269348 337.885529 
325.323456 337.966522 
337.664185 261.038239 
422.052887 236.331635 
287.505920 69.058037 
306.541199 419.325470 
340.335358 228.797562 
292.353363 91.625221 
461.519257 368.782349 
294.748047 358.687073 
451.034454 376.341980 
449.009308 377.041077 
287.019653 57.911633 
472.544098 423.427124 
289.944427 148.021057 
333.874725 222.246964 
315.278534 303.656128 
454.853210 416.989990 
315.137024 220.658920 
463.159515 408.392883 
348.953186 263.739227 
246.022583 282.381927 
289.269348 337.885529 
340.335358 228.797562 
422.052887 236.331635 
294.037201 140.902985 
234.313934 310.669434 
449.009308 377.041077 
347.629059 264.482758 
314.120789 225.962509 
444.533051 353.052307 
289.269348 337.885529 
260.403137 87.851425 
435.704895 447.811462 
443.501587 341.501190 
441.847870 229.994217 
315.137024 220.658920 
325.323456 337.966522 
415.083588 266.553558 
243.639420 137.137299 
265.354340 128.360626 
259.002441 249.100769 
317.337738 217.696365 
289.944427 148.021057 
264.166748 96.005974 
417.745575 274.585602 
405.544464 342.829376 
284.886108 331.931213 
470.101196 426.626953 
471.416260 416.745392 
418.811737 220.137054 
395.647949 227.128265 
341.766449 110.274712 
359.474731 314.274689 
258.086151 147.490265 
260.944885 263.753204 
284.519775 220.131699 
463.159515 408.392883 
287.343750 86.062370 
325.323456 337.966522 
455.168945 442.956970 
312.840424 89.401321 
287.345642 56.761265 
273.618164 164.308777 
314.120789 225.962509 
420.728088 243.906464 
251.137711 82.747803 
340.335358 228.797562 
419.638977 291.290131 
416.393005 261.686096 
305.381714 84.954552 
290.881561 145.945450 
290.881561 145.945450 
303.203278 342.542114 
472.544098 423.427124 
455.168945 442.956970 
348.208282 55.220200 
325.768524 341.588409 
247.729706 95.101448 
296.747650 421.766052 
297.481598 251.127701 
415.083588 266.553558 
474.232849 433.165710 
306.541199 419.325470 
244.039948 86.498627 
416.464935 260.394562 
290.881561 145.945450 
269.109863 165.410339 
252.877563 278.490540 
315.278534 303.656128 
285.281219 60.264282 
417.745575 274.585602 
323.462006 141.535339 
429.503387 313.613953 
422.688110 230.838593 
348.208282 55.220200 
321.841370 247.801300 
282.036377 107.132576 
277.920074 320.919617 
343.872589 341.251740 
343.872589 341.251740 
315.694305 227.585068 
429.503387 313.613953 
414.575653 222.134033 
403.430786 268.588165 
418.907379 404.963013 
325.323456 337.966522 
295.836792 349.375610 
287.505920 69.058037 
276.028564 133.323471 
300.175781 302.988159 
284.014923 135.995316 
348.347229 262.674255 
284.519775 220.131699 
273.476227 322.878723 
324.072388 91.167046 
324.072388 91.167046 
454.813141 360.676880 
441.228699 223.291763 
345.604767 405.936920 
293.275391 155.755249 
285.064667 331.082733 
325.323456 337.966522 
325.323456 337.966522 
291.814117 272.228912 
461.150787 362.118774 
284.003296 108.550903 
255.289871 82.329994 
434.358307 313.316620 
317.337738 217.696365 
265.569244 264.883148 
280.351929 139.953552 
415.083588 266.553558 
253.765686 135.494019 
275.038757 165.416473 
446.731720 379.587830 
289.248718 285.096985 
322.311371 344.351044 
458.118225 447.127350 
458.118225 447.127350 
257.930542 127.926575 
464.815857 394.133362 
282.036377 107.132576 
275.459198 144.366333 
277.920074 320.919617 
261.070892 130.608810 
418.811737 220.137054 
239.211411 306.191162 
291.814117 272.228912 
325.323456 337.966522 
306.569397 85.576027 
332.721252 102.204750 
416.464935 260.394562 
308.080536 217.684311 
315.694305 227.585068 
251.137711 82.747803 
420.859955 303.266052 
434.294708 367.989777 
403.430786 268.588165 
248.592529 130.837601 
287.478119 152.723068 
321.859619 296.478638 
297.481598 251.127701 
304.985748 352.903809 
332.721252 102.204750 
261.070892 130.608810 
294.426941 419.601532 
474.232849 433.165710 
441.423584 318.578857 
291.814117 272.228912 
273.700806 317.524933 
254.210358 116.289413 
341.217255 218.398453 
294.426941 419.601532 
418.907379 404.963013 
291.911224 221.755417 
295.836792 349.375610 
325.323456 337.966522 
322.551331 86.025993 
292.318573 362.724213 
263.524017 139.436783 
303.203278 342.542114 
326.494873 210.165298 
341.217255 218.398453 
318.054535 237.389709 
243.433517 303.447205 
255.629257 60.235691 
419.294312 258.546509 
286.815918 311.291901 
284.402954 279.344574 
341.217255 218.398453 
341.217255 218.398453 
414.575653 222.134033 
308.752350 330.757751 
258.288574 256.007202 
413.079620 59.988522 
429.113861 308.922089 
304.985748 352.903809 
341.217255 218.398453 
450.412384 125.172852 
333.874725 222.246964 
331.747040 314.307251 
300.412323 346.275757 
314.567078 45.837666 
314.567078 45.837666 
358.717926 241.647980 
297.734924 71.210670 
244.959793 135.862595 
269.384949 151.952408 
256.063110 257.734711 
287.720001 207.908615 
214.186401 296.574707 
358.717926 241.647980 
290.679565 206.449966 
278.505585 329.392059 
250.094162 275.430023 
308.752350 330.757751 
269.384949 151.952408 
285.648682 149.626633 
419.638977 291.290131 
457.069366 412.587738 
326.494873 210.165298 
293.275391 155.755249 
292.318573 362.724213 
246.028732 316.559753 
246.028732 316.559753 
434.353943 316.356018 
340.335358 228.797562 
269.835449 149.453857 
251.816147 283.129547 
263.244720 53.354130 
446.638123 429.359955 
296.747650 421.766052 
323.462006 141.535339 
269.554565 125.195084 
287.258423 94.199707 
304.985748 352.903809 
300.175781 302.988159 
474.232849 433.165710 
332.664001 285.861938 
322.844513 344.878052 
287.261078 95.390388 
257.730377 102.209587 
273.476227 322.878723 
284.014923 135.995316 
265.569244 264.883148 
463.328369 391.960632 
326.457550 317.283417 
420.728088 243.906464 
244.919647 97.037888 
322.311371 344.351044 
269.109863 165.410339 
280.863068 77.107498 
275.038757 165.416473 
300.412323 346.275757 
300.412323 346.275757 
262.445404 120.317963 
245.681351 82.350807 
251.137711 82.747803 
461.519257 368.782349 
280.851105 161.993469 
418.907379 404.963013 
296.310425 157.402374 
462.578064 379.961365 
332.721252 102.204750 
443.501587 341.501190 
273.187195 126.295837 
229.329193 310.620026 
333.650574 223.654053 
280.289917 100.088707 
262.384003 257.497498 
320.866608 320.455170 
298.866516 349.173553 
283.056122 157.616241 
243.433517 303.447205 
249.425079 306.660675 
308.752350 330.757751 
291.820526 365.669708 
291.820526 365.669708 
319.348175 319.448517 
257.241394 115.420151 
317.337738 217.696365 
300.412323 346.275757 
284.886108 331.931213 
308.569336 327.391327 
438.504242 274.883087 
303.203278 342.542114 
324.960175 347.691315 
429.503387 313.613953 
276.673004 324.516022 
318.246216 206.135529 
446.731720 379.587830 
258.288574 256.007202 
272.896973 277.194183 
462.515198 388.563293 
420.859955 303.266052 
291.814117 272.228912 
297.704102 277.946259 
284.014923 135.995316 
325.047272 295.131042 
332.664001 285.861938 
460.509094 418.616272 
255.191513 125.123497 
294.426941 419.601532 
339.417908 220.550919 
284.014923 135.995316 
420.859955 303.266052 
243.433517 303.447205 
419.294312 258.546509 
282.733398 164.676224 
429.503387 313.613953 
284.014923 135.995316 
318.246216 206.135529 
278.505585 329.392059 
286.030518 223.026520 
286.558441 342.430939 
326.457550 317.283417 
257.241394 115.420151 
315.249329 191.623611 
272.896973 277.194183 
287.478119 152.723068 
289.248718 285.096985 
458.937927 227.200974 
257.241394 115.420151 
337.550964 417.721375 
290.459503 233.944229 
261.915741 261.974518 
320.866608 320.455170 
291.911224 221.755417 
265.569244 264.883148 
294.138245 167.424149 
280.578796 332.908264 
407.445526 196.526962 
245.681351 82.350807 
280.578796 332.908264 
269.554565 125.195084 
296.658081 437.902771 
322.844513 344.878052 
294.455841 424.478058 
332.664001 285.861938 
332.664001 285.861938 
274.100372 106.762535 
242.693237 77.731506 
421.002808 262.109009 
324.974854 315.555115 
272.896973 277.194183 
292.265961 355.568146 
281.200165 83.259506 
262.902832 107.769096 
331.747040 314.307251 
257.294312 89.007858 
262.902832 107.769096 
319.348175 319.448517 
321.852966 223.837433 
463.159515 408.392883 
239.091919 136.646225 
340.335358 228.797562 
262.902832 107.769096 
284.402954 279.344574 
418.907379 404.963013 
280.366608 323.571625 
238.335999 97.242088 
320.866608 320.455170 
286.558441 342.430939 
297.704102 277.946259 
294.426941 419.601532 
244.200333 96.111893 
262.384003 257.497498 
249.425079 306.660675 
472.686249 441.107239 
450.412384 125.172852 
237.735046 133.653397 
287.343750 86.062370 
326.457550 317.283417 
419.638977 291.290131 
321.775696 205.879837 
287.261078 95.390388 
251.472092 127.669922 
339.417908 220.550919 
451.783020 385.150757 
451.783020 385.150757 
298.688232 439.137634 
268.954193 327.820068 
300.412323 346.275757 
247.494324 149.079422 
333.139923 415.856415 
237.616074 120.565613 
285.126648 329.710419 
457.069366 412.587738 
353.513977 211.585358 
450.412384 125.172852 
450.412384 125.172852 
282.692322 333.836670 
256.063110 257.734711 
239.118866 121.033806 
308.752350 330.757751 
444.619507 372.739075 
282.583801 359.530365 
281.495270 73.794418 
326.457550 317.283417 
297.734924 71.210670 
450.412384 125.172852 
460.602844 424.592102 
341.217255 218.398453 
237.006226 97.088043 
259.524597 143.841537 
280.439301 279.453217 
460.602844 424.592102 
325.323456 337.966522 
293.331665 96.144745 
285.459656 264.091644 
287.343750 86.062370 
337.664185 261.038239 
438.504242 274.883087 
420.728088 243.906464 
265.569244 264.883148 
243.433517 303.447205 
308.569336 327.391327 
298.688232 439.137634 
393.619080 207.121841 
359.474731 314.274689 
287.720001 207.908615 
332.664001 285.861938 
341.217255 218.398453 
287.343750 86.062370 
287.343750 86.062370 
