500
154.815536 357.406891 
322.834015 336.758362 
145.664688 241.999344 
146.209671 242.334015 
227.957962 197.168549 
105.602036 366.053406 
220.875183 200.060715 
221.469376 200.330612 
277.118378 319.964813 
125.238510 351.726929 
321.012512 318.175751 
150.424469 245.650299 
313.912750 364.059143 
347.521667 214.713257 
229.187378 193.955307 
277.151093 321.404083 
321.234406 336.869720 
342.228333 213.336273 
248.387451 184.722076 
321.454498 318.971313 
164.439911 344.420197 
257.983459 224.956467 
229.090988 193.150406 
177.526367 346.066376 
160.369324 344.687012 
162.561829 344.678345 
436.631714 234.182556 
237.705139 214.002701 
222.885727 206.522629 
315.711670 130.612549 
236.753830 213.997253 
256.686829 195.607056 
323.271057 322.871704 
153.054504 237.520538 
322.303009 341.533569 
155.918762 253.701309 
276.389801 329.970612 
350.660736 218.050522 
342.628479 214.159790 
483.702820 229.438843 
262.176422 209.362427 
462.919373 254.995239 
251.949646 196.152786 
293.835876 265.149780 
499.006378 212.602310 
499.224030 213.309479 
289.776459 168.517517 
280.849182 331.136444 
440.225250 235.719254 
509.031677 208.939148 
441.384216 247.557892 
119.344109 367.901917 
402.895203 236.330093 
452.556030 247.821045 
162.029678 340.988892 
418.733673 228.432098 
278.460114 209.986755 
215.882553 188.698410 
289.978851 308.051697 
336.621826 242.453476 
359.670715 218.735321 
224.495041 238.912521 
229.199844 195.374512 
279.952209 208.148148 
157.158630 355.677551 
154.629547 249.807922 
278.889557 208.209000 
258.718750 195.151413 
420.224854 228.400513 
488.975403 194.954147 
141.853683 357.794373 
266.267609 139.225967 
459.509827 220.808990 
180.871384 352.947479 
279.422089 327.707245 
329.268341 242.898239 
289.654449 165.507187 
453.532776 219.568619 
228.482346 229.328751 
338.360077 211.904373 
100.939125 353.330231 
480.066711 231.884491 
280.938660 202.224579 
287.064056 90.533890 
287.086761 90.585007 
487.734802 230.163132 
472.706482 219.916321 
249.066437 184.639572 
153.644501 228.653061 
494.158020 238.724655 
460.109894 223.441711 
104.891609 358.638428 
141.847855 232.789413 
288.636597 165.905716 
514.719055 217.582260 
144.072876 234.656677 
296.922455 254.368729 
322.310242 322.555450 
293.072998 265.480408 
152.880661 228.374283 
144.961624 256.759308 
460.400543 224.241867 
333.953064 236.952393 
245.896713 231.918381 
148.502716 355.251404 
118.079704 360.485474 
471.390228 217.741226 
438.820221 223.463730 
290.602478 264.308136 
141.537201 229.929520 
326.548431 341.158569 
455.625458 219.855743 
298.064026 193.100067 
297.512817 193.124481 
233.482452 335.916534 
110.230438 355.415344 
433.909882 243.415894 
346.718689 208.824356 
287.366882 198.124771 
487.452209 253.028503 
356.598206 219.583649 
492.143829 193.491501 
159.069122 344.441101 
256.873901 197.485184 
118.771545 360.176239 
294.897858 201.270309 
174.991211 351.859558 
317.758575 130.700211 
484.797760 193.085327 
265.331665 230.575470 
292.807129 200.391083 
217.751556 227.601089 
241.297592 266.091553 
129.971649 350.693451 
442.756683 209.873672 
273.790741 155.310440 
119.859894 347.173370 
486.983704 253.691315 
336.647644 210.054214 
290.013855 307.430389 
340.629303 239.338165 
285.440918 326.812775 
290.416107 188.581863 
229.880875 334.217041 
155.845978 353.763550 
477.733826 228.211914 
271.679596 154.417725 
448.348572 216.112732 
247.075500 177.787308 
473.876984 226.937515 
283.415741 335.672760 
346.210571 209.843353 
213.125015 189.625305 
436.332794 226.580765 
444.152191 217.529251 
280.485474 314.904236 
311.756226 322.241821 
292.345306 176.609634 
258.032715 226.228745 
444.916168 284.736786 
227.807236 177.758682 
438.124786 218.982147 
511.643127 241.435455 
232.099487 176.402374 
293.725952 207.161118 
465.590759 224.269592 
332.179413 238.464096 
511.662964 242.092026 
443.379181 221.279144 
443.335907 220.590134 
421.994202 232.669220 
460.160126 269.354584 
310.561890 342.239441 
429.653961 221.737976 
477.390442 227.550339 
140.137543 235.660950 
479.391998 207.700485 
157.871841 343.858063 
495.019745 238.501221 
246.188156 181.979462 
468.920044 233.207108 
238.754730 183.500412 
468.996887 233.351181 
415.893463 206.184464 
424.809631 183.752151 
291.470215 170.573074 
269.776886 153.949295 
412.948944 222.443085 
297.782135 254.489594 
491.947266 231.499207 
514.521362 215.660385 
117.246025 350.705475 
156.323822 256.482849 
429.029053 222.890533 
340.748169 206.664093 
474.284607 227.762741 
210.673325 196.873795 
464.767517 224.417969 
426.391754 218.945129 
282.265472 334.434967 
316.308960 238.374298 
316.306244 237.709457 
475.633148 254.822800 
469.780518 233.442810 
246.267273 187.612473 
236.434601 178.818359 
453.614594 285.089844 
407.555786 229.525131 
289.884949 264.094757 
212.306519 197.018814 
457.462158 212.850571 
339.992523 238.847870 
176.130936 356.870575 
448.063782 223.600327 
482.965668 204.144958 
475.863342 253.342041 
274.593597 330.095123 
430.991577 222.423874 
246.308411 239.274460 
215.607285 191.404312 
343.155396 242.046066 
283.500732 126.528732 
337.346588 264.702881 
268.198914 146.101501 
454.286255 253.191605 
465.665558 270.771729 
465.853638 271.246643 
313.609283 181.475815 
263.127136 157.795364 
415.594452 209.087570 
154.168671 254.417450 
238.560867 182.934814 
283.885529 217.539230 
154.274841 239.087433 
433.092773 216.191467 
456.580750 212.277695 
310.835724 216.364716 
214.753464 207.627533 
460.244781 269.729584 
336.958557 320.503540 
478.496979 207.500641 
296.289185 198.740112 
216.781448 246.309509 
244.765274 226.597412 
217.147476 245.951736 
336.078064 263.015656 
295.694794 169.280807 
308.614655 185.569000 
335.565430 203.847122 
243.263123 327.784302 
487.472534 199.996902 
264.181122 232.427567 
228.370865 181.848770 
304.278687 172.631882 
330.808289 213.296997 
484.324890 255.572250 
267.910004 144.536240 
421.939453 258.685944 
306.998871 178.043091 
406.017578 226.780914 
313.334686 180.378937 
244.346237 339.794830 
283.830902 336.298309 
238.871078 327.525055 
284.763519 157.767471 
454.443939 274.576538 
245.524445 227.177521 
97.904732 344.235321 
297.370148 166.683060 
433.728546 179.700241 
292.332245 308.354889 
480.709290 256.877594 
336.521332 236.765503 
482.200562 208.129578 
428.048187 186.232880 
315.023590 229.914536 
309.284515 185.201736 
204.949081 192.177109 
266.322754 229.384552 
459.326447 192.087021 
291.507111 189.882538 
440.333740 200.796509 
472.622803 248.342728 
486.680603 261.664093 
506.246124 213.313507 
483.046143 210.592773 
476.079529 184.352997 
224.722977 228.605118 
247.564331 178.685577 
155.033661 227.395874 
272.611298 140.057938 
480.591888 244.550018 
502.595276 214.078186 
438.998138 200.919327 
444.037384 192.521576 
234.962738 186.864227 
445.319153 214.910843 
422.419647 213.563156 
291.116333 186.837341 
485.245789 248.577927 
437.175903 191.928864 
405.495544 200.001221 
122.618179 346.934601 
475.469971 194.861237 
440.915924 189.734283 
469.046783 193.166885 
142.237366 247.400330 
223.787094 229.705475 
324.199127 177.871887 
248.618805 179.863693 
436.197662 185.156250 
294.505798 190.120422 
237.224060 182.103546 
294.632996 205.969742 
208.493225 190.537430 
460.489410 206.868530 
359.480835 213.171799 
433.529907 183.404251 
422.377289 195.807526 
480.371521 260.497803 
144.957062 354.162292 
223.130936 201.081848 
153.580780 341.965363 
467.175232 239.234482 
217.042404 224.995911 
304.699463 175.289307 
476.443207 210.209229 
360.658356 251.461624 
159.760101 231.792145 
476.886200 185.914627 
214.794708 222.964828 
158.360550 227.694397 
450.317719 186.563080 
203.508667 191.379761 
263.372101 158.847198 
153.642807 224.463074 
512.354248 245.743256 
479.827209 253.257080 
452.510681 184.218277 
146.051941 256.534210 
469.286804 270.763550 
311.918945 241.095154 
303.150879 202.586456 
234.052368 186.844788 
294.072021 253.359009 
290.698181 173.847443 
221.606827 181.985123 
294.626099 208.357193 
472.971191 192.587036 
432.838196 223.042953 
423.488770 190.728790 
385.506989 388.852295 
473.226471 191.528610 
477.420166 250.447815 
321.559296 179.136185 
214.061234 222.645111 
433.457458 240.750488 
452.242096 180.824448 
328.930328 241.075256 
451.627289 182.800873 
99.478806 340.212189 
459.515350 255.202072 
248.240860 227.563034 
337.865631 260.231842 
313.109528 227.775177 
218.976822 235.717819 
329.787415 241.477295 
213.365311 227.407654 
435.014587 183.570938 
337.145081 324.055054 
160.453491 226.985352 
337.942261 204.963791 
303.755005 172.485596 
154.279572 259.523224 
267.652130 136.707382 
282.158936 164.509048 
111.264595 358.983551 
234.803787 175.577850 
213.933197 225.113586 
472.496033 238.946793 
480.698212 198.632751 
348.103546 250.020752 
212.991806 206.734222 
272.651001 143.708038 
163.547180 348.080933 
287.359192 213.404556 
436.563263 178.632843 
311.350708 187.079361 
455.690308 243.086426 
123.327278 345.838806 
304.736542 322.001526 
224.376175 182.746857 
471.837097 238.041641 
348.100433 245.838837 
505.231506 298.982269 
401.303070 220.344070 
225.340073 191.089798 
471.862610 210.279297 
314.452362 221.494812 
509.712402 256.410950 
269.529907 147.077652 
271.826233 137.158813 
453.380463 231.897324 
266.319733 143.737717 
447.103516 193.067688 
291.383606 162.534088 
143.413666 229.467377 
418.688660 232.780334 
419.208984 232.677444 
454.216064 202.652359 
262.757385 348.520966 
512.616333 268.227478 
512.920471 268.299927 
462.495209 187.076187 
440.862640 201.382996 
315.344543 216.925217 
441.131744 198.994675 
417.463348 229.224258 
314.019531 217.237885 
407.924438 201.230774 
156.980957 348.603424 
157.308762 349.244690 
256.544312 221.066711 
455.863495 279.359741 
482.839203 191.689438 
382.352875 243.046265 
247.427948 235.573318 
452.859650 178.872452 
374.269623 252.218948 
485.523224 177.531418 
225.096817 208.164368 
392.253265 390.279602 
444.661041 176.707947 
450.449097 228.160751 
450.497864 227.566467 
408.516357 227.614761 
476.635162 239.344788 
260.980621 154.895264 
306.978546 214.078522 
349.027679 250.185608 
454.004517 197.295837 
387.227631 248.498947 
209.241455 186.891525 
409.789520 256.887695 
409.823242 257.302277 
424.107605 388.581940 
256.433777 192.976257 
479.454834 204.965393 
476.164917 183.115250 
388.214417 248.434021 
287.565002 212.162613 
138.847809 219.540527 
388.642853 375.124908 
449.728516 207.182205 
232.246918 190.523453 
353.791321 247.610245 
469.757233 260.276428 
427.357513 267.696564 
472.969604 189.549072 
174.563416 330.416473 
315.087311 220.671036 
350.093262 251.765533 
363.554626 219.903809 
98.161324 316.961182 
478.454865 231.517487 
311.549316 177.664429 
412.924469 229.103012 
454.966095 201.647659 
455.071899 242.241531 
284.338959 220.687485 
207.356964 193.788300 
258.733765 155.791290 
149.909515 241.834595 
266.660736 315.534149 
429.767059 202.466522 
491.950867 268.080566 
327.444763 242.615799 
266.580780 316.853577 
485.265594 194.785385 
466.145966 207.142761 
486.379242 306.525238 
155.960251 348.822083 
265.538574 236.212158 
457.034637 252.933212 
496.405548 234.997147 
514.523560 245.769791 
426.187927 267.344818 
403.990906 201.044083 
148.430161 228.970596 
452.379303 210.324860 
486.049286 176.907928 
286.379883 307.200012 
342.974915 248.351608 
243.310181 174.943420 
242.838516 174.708389 
129.744049 349.987610 
344.504150 244.966599 
454.447449 243.365128 
455.405304 200.519882 
302.302216 198.653412 
