972
518.357117 294.367889 
506.692047 315.524017 
332.800995 313.102264 
328.357910 326.275146 
545.897400 315.361938 
543.028442 311.349976 
331.470612 324.679108 
455.068207 342.446716 
485.610596 300.746155 
537.761108 309.063141 
549.998108 382.531158 
306.089355 422.377563 
448.397797 298.738068 
507.034668 301.998077 
454.161621 293.757721 
307.823242 418.414825 
548.110596 312.541138 
212.796768 337.627930 
513.681946 315.752075 
533.523865 307.657440 
329.788635 286.653412 
302.918884 434.837677 
325.157227 322.733185 
499.619965 320.581146 
304.134399 419.058960 
305.038849 435.010437 
538.579956 314.598175 
506.643402 334.260437 
306.155304 420.896729 
493.691772 282.230225 
515.455200 312.822479 
514.935181 312.957581 
515.906799 310.612762 
502.266144 299.929718 
207.012894 381.209381 
569.143860 327.323059 
461.645782 311.371552 
303.160095 418.323761 
289.791473 319.039124 
338.879822 283.013702 
303.321503 416.022552 
516.849426 310.924561 
535.632324 307.560699 
493.226562 282.593628 
324.038208 219.097580 
504.141541 298.975586 
490.087280 278.698853 
493.738495 282.562714 
202.460617 345.597168 
517.793884 338.445709 
183.076126 414.700531 
330.148621 220.912628 
470.155945 304.150879 
478.061768 324.213776 
320.533051 288.709808 
183.265244 414.157593 
462.408356 314.443207 
325.583679 385.537292 
559.052917 300.534943 
340.965759 282.172211 
182.874222 355.016663 
501.032593 299.844025 
322.460449 419.033508 
335.870148 302.912903 
506.321259 333.776276 
305.865784 344.582703 
500.909607 322.078278 
331.034241 298.845367 
328.846313 326.847015 
300.900787 436.496155 
474.036407 304.229034 
557.380615 313.975159 
473.899048 301.085358 
298.734955 290.688538 
306.653809 348.085876 
186.687515 410.716522 
334.575165 303.030029 
308.792206 303.338867 
544.868530 345.077454 
347.209900 303.445312 
456.180206 296.611328 
269.946106 297.108307 
498.406921 328.166870 
520.358765 306.772552 
290.413452 413.067474 
200.080215 346.461395 
502.249542 323.968506 
188.026352 411.415131 
309.545044 303.414734 
518.410645 314.693176 
447.995270 314.875092 
332.099182 416.306732 
515.024719 333.234497 
183.013611 407.979828 
523.796631 312.501801 
299.435486 433.082214 
299.498810 432.951935 
477.312103 322.228333 
297.749908 288.017303 
303.361328 310.436554 
183.632339 355.054443 
554.730469 229.782669 
338.851715 275.907074 
499.319489 323.631927 
349.918671 368.981873 
467.381409 301.939606 
332.557800 327.896240 
270.057617 293.641144 
536.987244 307.300537 
396.576904 293.606140 
503.416656 302.529114 
502.801239 303.006897 
485.729736 315.459747 
474.436798 321.238678 
176.932510 351.835083 
310.981720 436.636597 
200.052658 351.488525 
199.626495 373.185028 
452.334412 286.276825 
247.809860 284.667419 
547.377747 286.696747 
484.659363 278.271454 
201.333313 350.262390 
451.189453 314.228241 
540.970825 345.080536 
299.096100 273.526428 
320.927490 223.781845 
322.488281 278.398254 
325.141174 322.011932 
513.533142 318.491119 
269.088470 300.470184 
289.100006 316.685425 
454.903717 285.698639 
300.546661 424.079376 
287.962921 291.435059 
271.337677 410.932343 
258.802368 288.270966 
312.642639 433.740997 
447.289856 317.134735 
301.284180 343.066772 
312.575348 433.108093 
336.112396 308.052612 
534.549194 329.336273 
302.809814 346.797028 
554.465637 293.059845 
296.259430 275.213440 
467.018433 286.964874 
521.813843 325.134918 
474.121368 295.375366 
519.201660 314.002838 
297.931244 303.176758 
265.952911 288.692596 
350.640625 362.420654 
298.963501 286.793091 
329.812714 389.488434 
470.068878 304.825745 
341.912323 301.132904 
202.059738 346.940918 
565.120789 309.982361 
464.706879 336.633240 
506.327393 359.865295 
194.831802 454.308136 
313.848724 380.366699 
352.240753 362.022766 
453.886230 313.093323 
443.885986 294.760956 
197.639999 453.521667 
188.409927 408.074860 
248.969269 320.864990 
448.873016 307.497253 
516.271729 307.000885 
185.250427 402.430756 
200.850998 297.995422 
270.766876 293.853149 
465.081177 296.840515 
195.243118 386.197174 
559.481934 296.630829 
449.739746 285.839966 
316.424469 321.664734 
323.714813 307.286469 
305.166443 432.201111 
304.506470 432.102997 
201.888580 354.233765 
347.870667 368.923981 
502.686035 324.949341 
206.795792 324.584229 
498.584503 311.097015 
197.434952 298.728546 
478.164337 292.183441 
517.467224 320.901947 
176.212692 356.503204 
312.144257 405.406982 
474.885437 353.741058 
456.320587 311.359680 
228.039963 331.726410 
186.152847 414.383911 
196.267441 342.129486 
290.576538 402.364929 
285.012909 402.313507 
357.260345 292.783173 
470.635681 323.566223 
515.873230 307.686890 
514.224548 280.379608 
349.033691 371.150726 
482.510895 343.609894 
198.793396 302.439758 
485.098236 334.633820 
459.156311 312.292664 
442.943817 325.905212 
357.898376 297.795990 
261.825073 338.208771 
206.758530 323.946045 
483.776428 297.085144 
464.430786 319.227570 
176.060760 364.254974 
204.595459 327.896881 
286.568573 314.347229 
318.933502 283.452820 
515.067871 349.304108 
190.028885 393.956909 
302.863983 348.238770 
329.905396 272.227448 
293.037628 291.239899 
284.659607 422.416382 
198.082031 455.196442 
351.024994 358.242798 
350.875671 292.019562 
472.288635 341.331757 
300.640015 437.047546 
484.635132 335.609222 
304.897644 343.454559 
568.023193 313.103760 
464.935486 315.241455 
464.487915 284.557831 
469.259705 269.627106 
299.643005 412.126221 
514.530396 297.815033 
299.521271 411.254211 
504.424225 354.603973 
300.802002 244.704971 
572.083191 300.782593 
280.795898 277.492279 
359.747345 301.226715 
297.562469 379.483734 
191.929260 397.405365 
181.750580 410.411835 
479.054901 292.332031 
299.587769 422.400269 
320.858948 214.290421 
355.642365 298.747711 
333.026062 299.644409 
501.032990 332.473358 
463.545105 335.878387 
470.158081 303.190948 
499.791748 299.755981 
288.076385 324.305969 
361.604187 298.144928 
496.788574 291.432190 
518.677429 324.513702 
168.495102 382.492676 
199.712631 286.979919 
322.543762 267.215881 
456.565735 295.529541 
200.517227 291.422241 
495.326324 366.771606 
548.755554 313.117950 
334.658691 275.710297 
507.146576 368.876740 
287.227783 419.822113 
202.160141 341.720398 
296.255585 430.913391 
490.291565 324.301453 
550.396667 349.237976 
495.552032 367.083832 
501.183105 359.122498 
285.704681 325.407593 
514.551636 305.240082 
313.951141 418.392609 
494.224548 299.526001 
301.795898 405.706451 
565.744873 324.374298 
318.361938 443.041138 
213.447525 454.295135 
496.638458 292.655731 
548.977905 346.747040 
204.743103 322.364441 
284.879242 343.579193 
174.476807 349.716766 
322.290588 267.944305 
189.001144 396.599426 
477.754333 288.252106 
477.999786 287.720093 
461.989990 283.880219 
509.629150 266.972565 
169.977524 350.174988 
281.569550 416.167755 
209.303375 322.240479 
200.768799 292.602478 
170.522186 424.290710 
180.523422 443.229828 
361.704102 295.636841 
304.839050 376.757233 
190.253860 378.764740 
201.282669 375.245148 
282.542969 413.592377 
452.572968 306.987457 
169.273087 353.420441 
287.326416 436.012299 
317.529205 438.264343 
537.020874 405.409760 
477.996124 282.977570 
478.343048 282.956635 
486.332153 328.304382 
327.201660 402.569733 
523.782837 326.378265 
278.087311 316.308167 
296.716064 309.901398 
500.384827 362.626465 
515.809387 349.456818 
418.495087 445.073639 
453.839203 322.093750 
203.727066 297.429047 
204.296188 296.565155 
547.741821 328.474060 
500.619720 305.240814 
92.865646 203.878372 
457.051300 330.355560 
305.077972 279.073853 
322.549072 418.510040 
196.869995 287.657501 
360.245911 350.353241 
202.676834 375.157257 
286.161072 311.822052 
325.532410 265.411133 
326.221619 265.149933 
300.938019 285.794006 
441.576202 325.631622 
474.766357 351.184387 
311.676239 427.949097 
293.401062 419.695557 
292.507416 420.022369 
292.733673 420.201721 
322.743042 211.819534 
307.844879 396.917419 
257.060120 318.877289 
317.201508 362.203949 
204.225266 300.773621 
345.852386 360.523743 
197.124451 289.713379 
319.049316 417.923615 
286.906677 419.195740 
522.541870 332.069672 
405.336914 310.626434 
470.793762 353.647064 
471.264404 354.164520 
329.048981 319.536926 
312.700165 303.132477 
550.574463 314.404694 
202.110046 332.266571 
300.488037 418.526428 
260.424469 283.575470 
532.497559 307.673096 
297.834412 398.476624 
195.595612 386.532471 
561.728699 322.653961 
279.363434 358.855042 
562.974426 346.941772 
300.393433 315.210693 
470.403229 296.697723 
300.185455 314.636719 
172.625870 370.221771 
498.468292 313.247833 
287.513031 295.920502 
327.231140 406.795563 
197.357285 423.126007 
335.962524 220.662109 
316.690887 263.143433 
322.533386 433.059357 
282.516541 296.248260 
270.471191 413.089661 
196.337479 276.523071 
190.101868 418.956146 
552.641724 316.244537 
146.688889 445.676025 
528.551208 337.200348 
330.057495 282.062592 
347.929352 356.941254 
494.784760 299.830414 
296.718994 312.426849 
351.567932 358.119110 
546.609192 302.119934 
322.710938 435.169525 
194.913788 338.580383 
254.765427 321.425476 
177.418442 360.858734 
264.395050 320.882385 
462.100830 294.873108 
180.794983 350.023132 
312.036591 302.144135 
355.101898 348.633484 
345.879333 299.866882 
314.523956 321.339874 
553.304443 356.538239 
169.958832 376.653381 
465.602142 296.245972 
317.330719 289.493164 
530.694336 407.496643 
308.165558 428.338593 
282.230713 397.554718 
144.908279 452.366669 
540.975342 329.908325 
287.635406 397.298431 
298.678955 397.948364 
195.587753 304.932343 
300.044861 408.341003 
195.103592 337.777863 
196.119431 423.509308 
206.395432 329.689331 
287.359589 272.832703 
289.377197 324.677979 
193.027039 313.052979 
446.377167 312.300629 
502.771088 359.404449 
525.289490 329.960663 
175.628174 420.355255 
512.198730 302.841400 
520.489319 312.060913 
324.906189 396.183594 
283.558105 284.576019 
285.931610 360.696991 
294.104309 284.930115 
178.483704 417.453949 
283.104462 288.106934 
462.534180 346.868927 
340.016388 289.117523 
522.477966 330.620667 
343.619202 363.161041 
524.711243 307.460297 
488.023163 334.553619 
186.276199 380.225006 
531.125000 335.378967 
300.168640 280.416443 
179.408066 353.061859 
482.918396 386.171448 
294.943176 420.505280 
146.652222 434.571686 
187.433075 294.535614 
256.842041 326.984558 
292.317657 269.009277 
300.743073 404.350800 
306.757263 404.297516 
459.466431 297.095734 
299.484833 304.955994 
441.052887 324.908142 
186.583939 393.278198 
318.460144 418.401428 
181.040848 440.055664 
437.551666 293.932922 
135.565109 458.443176 
333.202362 338.368774 
179.179214 408.544830 
303.061859 374.894043 
259.981110 314.193939 
324.948212 414.927826 
207.855713 272.154144 
555.299744 330.196533 
251.833633 319.251709 
315.235016 304.772766 
454.228973 342.563385 
213.827927 341.977936 
328.318420 320.452087 
356.470459 279.721924 
256.188110 283.999512 
195.296082 294.608124 
196.845337 359.792511 
321.548218 265.474213 
190.191635 457.876984 
187.551010 344.203644 
290.569397 272.320526 
315.614746 305.908264 
259.535156 283.253143 
315.178711 375.852173 
189.035736 408.461060 
260.846649 331.516693 
483.807495 458.309723 
504.859497 298.310822 
562.428528 344.024872 
185.385498 303.293243 
305.330627 428.214142 
562.259949 344.792511 
172.903305 362.880463 
188.795029 315.960602 
325.687042 396.964935 
151.939880 445.151947 
289.050446 272.606934 
179.355804 410.265076 
287.781464 427.240143 
295.768707 443.233765 
276.464691 395.940552 
325.176361 403.829773 
528.193359 308.473206 
511.768127 304.803101 
175.502731 381.847687 
195.989532 304.487701 
105.562988 419.477081 
306.587921 355.731323 
283.196686 324.972687 
163.909729 369.471100 
341.144257 345.584106 
362.846741 345.860687 
556.884705 317.222900 
556.989563 316.592377 
267.931366 349.788330 
280.642456 351.040771 
198.509735 284.473358 
558.245239 305.731476 
387.245972 17.032087 
177.674316 414.385742 
344.553162 362.916016 
171.577621 379.685272 
345.467621 364.647125 
338.148834 288.419647 
329.478790 281.102905 
321.310455 218.747070 
251.082581 326.407837 
316.489563 402.763977 
179.541855 457.022156 
308.748901 352.003510 
309.285614 352.340820 
276.631592 362.031372 
181.218597 451.789825 
298.222137 416.374298 
296.039551 295.662750 
408.947693 312.161957 
534.635559 337.099609 
279.805389 327.650818 
510.572418 333.098267 
477.048706 225.815979 
203.172989 380.504730 
251.755737 283.319183 
183.804382 377.802979 
189.270386 457.684204 
184.167877 411.283752 
161.850586 423.576324 
293.947510 416.522369 
251.261902 317.620911 
332.484070 221.821442 
480.100159 456.143158 
311.649292 257.457672 
308.347778 369.033844 
204.533768 330.653076 
526.260803 331.862030 
282.059631 322.392487 
345.308441 367.593567 
255.464050 333.635895 
266.361328 353.260071 
188.894333 452.977692 
196.032974 370.930084 
346.521332 213.693893 
480.406738 282.743805 
305.476257 357.522644 
210.014740 321.551453 
314.462036 396.258484 
263.562897 352.746063 
263.559875 353.434570 
489.460846 297.373260 
364.870575 300.100403 
153.607513 451.019928 
179.221786 359.498108 
429.193329 21.030390 
325.435455 327.725830 
467.869904 279.556061 
318.805817 293.049866 
480.614899 295.508026 
560.752747 296.053986 
176.354538 451.998199 
201.526642 429.741425 
479.330475 327.188324 
290.254761 294.281189 
181.161804 451.166168 
289.577972 293.997711 
495.305328 405.371582 
283.819061 437.899200 
249.225815 213.345612 
509.953796 333.327087 
495.385071 408.076538 
278.127197 391.002258 
326.765198 308.527771 
316.055908 24.558363 
284.593933 339.160004 
288.401184 269.503784 
489.402588 303.076050 
164.655273 379.780823 
280.467377 325.902008 
280.643250 329.541107 
512.967896 369.261597 
180.779221 413.167084 
202.429230 384.633728 
364.124420 355.942017 
201.955811 430.920227 
427.030579 349.962280 
308.708984 247.495895 
178.155548 360.511444 
453.488281 280.163544 
481.517792 331.256134 
327.376007 254.848663 
193.090088 278.128113 
192.577454 277.673584 
372.349457 311.989685 
335.603729 339.201294 
490.830627 309.933472 
364.197937 301.652039 
312.221191 320.433014 
491.339050 298.349640 
346.341217 357.913788 
350.554260 351.879486 
300.663452 271.707458 
216.024338 341.983063 
351.944427 336.038147 
269.477570 290.306305 
313.689453 244.082825 
294.409698 272.432098 
317.833679 263.717682 
320.555603 207.879929 
318.323761 307.485199 
309.367981 198.391495 
346.714569 289.639496 
538.613098 288.811890 
493.195679 335.871918 
321.889679 225.185989 
340.118256 371.281097 
468.205139 313.451752 
326.057587 213.358978 
299.652802 401.885590 
263.872406 354.684052 
314.880890 303.536316 
373.778168 310.286774 
331.777313 197.267883 
273.669037 365.256897 
278.660339 356.914581 
277.255371 336.856079 
168.572586 376.126648 
415.726501 308.022125 
494.741730 272.743286 
469.763214 270.156525 
180.883301 381.634216 
226.664001 347.743347 
356.650055 360.784973 
279.599792 338.320068 
294.294678 426.527710 
303.494263 392.783783 
381.448608 16.085155 
192.884583 387.481995 
448.672821 311.609650 
449.022522 311.919434 
278.514832 324.918182 
323.928558 437.169678 
236.068588 349.220398 
558.116577 322.292480 
253.992569 335.326874 
319.141602 264.443420 
265.282379 294.911743 
319.487976 264.189209 
488.698273 304.384155 
145.994873 442.248138 
146.080673 441.549683 
304.062836 370.836365 
325.536438 433.773712 
482.353210 342.935394 
342.172607 215.648468 
280.627563 350.480499 
263.045868 324.102814 
369.899017 309.798309 
416.637878 308.065582 
416.586273 308.204834 
372.608826 307.062927 
481.418854 394.304474 
578.995056 333.696899 
199.487564 306.960999 
315.694305 325.307129 
325.656281 262.011627 
324.541473 318.341675 
481.349854 331.716522 
175.661209 430.268555 
178.578644 414.625488 
152.417679 450.531830 
136.782425 453.367249 
311.385437 391.512451 
312.858368 390.075867 
405.378571 309.034821 
307.359253 370.434509 
302.068024 280.379822 
532.026062 332.387939 
360.451385 342.087830 
518.837036 349.679932 
519.077759 350.295258 
466.472961 316.522003 
302.385498 383.952545 
184.246231 311.142273 
378.128754 307.943878 
192.294357 351.590057 
460.522552 278.664246 
527.580688 306.266083 
172.262192 319.043030 
161.907791 395.606842 
369.899292 314.651886 
194.364914 426.563934 
352.013794 337.010742 
325.512695 315.523987 
326.242249 316.422302 
482.074890 332.348633 
152.760437 450.591675 
272.557587 365.186829 
180.018692 412.772247 
324.572845 200.061707 
307.537415 355.250427 
123.579735 422.217194 
515.264465 354.914703 
514.676697 355.265228 
177.039337 351.302063 
179.347992 390.358124 
271.309570 290.744659 
162.623062 352.046753 
258.066895 334.563934 
298.025024 291.132935 
275.200653 275.455475 
583.949524 353.008942 
196.409622 289.873962 
162.862640 330.169159 
249.146561 280.756287 
179.295364 312.059967 
189.785736 452.387726 
282.042450 287.074371 
318.668182 266.085480 
191.778580 310.178650 
274.810974 282.573364 
154.032928 452.455444 
375.662415 312.359009 
345.289551 290.407501 
317.450134 356.291168 
164.502243 291.950409 
164.746063 292.101074 
269.022369 422.017822 
355.474487 357.197388 
539.075989 269.316986 
539.075989 269.316986 
306.463654 372.563263 
350.525635 340.306061 
352.022339 284.967987 
345.036255 216.884323 
460.824005 390.926025 
461.089996 390.836792 
237.318100 349.167419 
495.103516 450.103210 
161.971680 207.934555 
559.704834 321.954803 
316.740570 254.210892 
325.016083 314.775299 
309.391724 362.486847 
358.067352 304.412567 
254.718658 277.716675 
189.923172 209.850204 
209.108170 414.135101 
180.187637 313.814545 
333.879333 225.136627 
413.248108 301.725739 
201.131287 307.597595 
190.731461 290.881409 
178.083603 312.661591 
377.578766 306.781616 
310.793060 442.004639 
524.078674 283.131042 
309.073151 202.467117 
359.952972 363.615723 
178.558807 403.528168 
287.861908 269.294342 
295.843689 308.087433 
337.622833 214.512451 
190.885788 368.159210 
359.733185 210.484207 
473.922363 320.152893 
304.272308 259.718628 
336.803467 285.472076 
300.866455 393.436462 
319.299957 219.564270 
341.315002 416.208923 
283.431061 276.322113 
181.080353 400.959503 
378.868011 312.022156 
157.080597 455.055969 
322.502716 438.021240 
322.502716 438.021240 
194.149384 417.139954 
567.878845 328.529175 
291.860840 360.849792 
258.179169 278.554871 
215.953949 345.015656 
163.245468 391.380615 
201.580658 307.229980 
242.151306 314.855194 
193.816223 354.726898 
331.186981 231.562454 
345.556000 331.604950 
334.538696 285.122284 
373.349518 358.708679 
434.849060 362.149506 
498.528412 314.649719 
116.671814 432.955872 
125.999420 205.937637 
179.002838 364.950348 
185.172913 350.618103 
525.413696 337.508789 
148.703903 441.921143 
260.090973 282.115143 
344.213196 346.998291 
344.089203 346.533356 
325.406158 223.706680 
333.835602 222.560410 
595.875427 349.113007 
181.158264 389.984711 
280.780121 408.997803 
284.692566 314.142059 
259.356995 330.986877 
180.997238 380.169769 
266.388153 419.723541 
265.753174 419.654785 
198.588745 434.691010 
256.128601 271.143188 
354.092194 268.115936 
351.029694 215.364517 
336.378296 339.963715 
137.051910 453.875793 
352.015350 287.576263 
380.791443 306.295807 
265.733582 300.721344 
257.946320 290.608185 
247.915955 280.966248 
177.996399 391.154114 
160.827820 381.101807 
290.545807 438.077393 
291.392151 438.457886 
310.074982 319.879822 
315.977844 207.372055 
534.361267 330.081726 
352.763885 340.862732 
350.527496 301.390778 
207.379562 453.290710 
509.889465 348.201660 
288.995392 361.093323 
192.148315 354.137360 
397.202118 295.090912 
224.274246 211.492310 
300.393951 298.153351 
409.851868 314.561035 
184.602325 346.087341 
267.323853 297.677490 
521.654175 348.042450 
279.181030 416.155853 
146.147766 427.650787 
447.992340 345.598450 
545.198608 292.697449 
349.657867 300.880798 
450.235565 309.449524 
581.405823 351.928497 
160.338257 460.304047 
330.842377 210.714706 
54.224319 428.158142 
208.599670 414.559601 
369.677795 301.170593 
208.093811 283.974884 
274.223297 359.796112 
68.517189 426.991577 
495.964203 450.213196 
190.906509 290.360291 
84.458191 426.572479 
326.311157 425.590698 
494.503082 308.622070 
190.361221 388.850861 
285.359375 311.830750 
344.329742 283.733551 
316.581818 253.033966 
166.450623 338.339783 
297.108429 439.637421 
197.933212 309.423950 
318.806793 387.304352 
154.732407 458.406097 
327.740875 213.126343 
332.384644 289.370941 
257.303619 266.712982 
268.057770 420.631348 
486.890259 459.526550 
521.277893 287.738129 
528.584778 333.499786 
542.795898 290.435638 
309.367889 363.037048 
487.013550 457.369110 
486.975830 456.812927 
376.813293 288.641510 
293.556274 392.784668 
318.590576 315.461304 
338.792053 343.192169 
339.403900 343.459076 
197.552124 359.992523 
209.802780 259.489807 
270.054138 358.831879 
256.949768 336.164368 
327.132996 210.787033 
326.896515 211.342407 
193.315857 334.868958 
208.257889 260.801544 
330.071442 204.361420 
325.980560 207.990463 
357.316071 269.312286 
157.384445 453.637024 
539.145569 289.658173 
297.323822 250.413651 
123.926315 445.857819 
171.983551 429.995758 
372.267120 313.454681 
509.277832 348.205536 
375.654205 289.328247 
264.100067 340.882568 
273.645569 287.812927 
275.041779 339.700165 
198.365494 354.511353 
274.996063 340.355743 
299.128632 395.387878 
213.559555 296.116730 
138.920944 449.252869 
253.330185 293.602478 
278.073425 317.581116 
182.744095 339.049500 
373.506958 357.624512 
277.507690 395.894714 
277.541168 395.987305 
134.699310 452.405731 
264.321228 345.092468 
332.650146 335.412720 
176.902069 288.586578 
307.856873 384.944977 
124.641273 444.148254 
342.083923 284.974365 
470.893616 272.218872 
338.953064 276.607666 
298.061005 439.338196 
350.263855 213.816696 
167.028854 374.535309 
167.135605 299.416718 
530.359070 270.616394 
181.868027 379.921478 
174.182266 376.029114 
341.900513 212.382431 
418.639801 316.172791 
254.847610 296.306915 
317.749207 220.386383 
297.507965 248.573486 
167.036118 458.626038 
166.735199 459.313507 
309.836761 440.233490 
180.897537 400.162384 
339.602570 283.951569 
191.778259 281.724396 
264.644531 344.390686 
349.158173 282.171204 
181.054855 288.486237 
262.618469 330.879578 
580.440186 351.613251 
52.177017 422.717560 
156.365860 457.857086 
306.122528 383.709808 
351.424866 278.286407 
172.235138 251.284470 
