193
420.342010 404.929199 
54.022106 400.244232 
400.389496 404.315338 
140.846619 415.563049 
140.846619 415.563049 
69.739861 379.518005 
76.567055 344.756866 
120.235794 416.313751 
84.780930 332.214539 
346.792725 265.801849 
63.558933 347.108429 
60.283611 437.975952 
76.567055 344.756866 
89.629852 333.036560 
54.022106 400.244232 
144.021133 328.544739 
154.568420 408.556213 
172.554504 343.474182 
87.082664 318.099213 
331.860443 321.848572 
142.798309 320.066437 
133.340866 420.139282 
60.555763 350.934296 
83.157570 442.349030 
140.437683 327.350220 
159.309479 331.601868 
71.690079 366.191589 
87.082664 318.099213 
63.068756 399.527191 
87.082664 318.099213 
57.323376 343.936005 
154.579651 346.391235 
154.579651 346.391235 
172.554504 343.474182 
144.021133 328.544739 
139.053925 417.501312 
159.403214 405.470123 
84.080307 342.652618 
73.286430 330.640442 
270.238953 340.739380 
143.668579 413.742523 
73.354187 327.286316 
331.860443 321.848572 
148.198883 335.072052 
144.021133 328.544739 
115.265785 323.497498 
54.022106 400.244232 
172.554504 343.474182 
63.057587 401.334137 
139.978561 402.694305 
120.235794 416.313751 
133.340866 420.139282 
160.502335 299.831299 
160.502335 299.831299 
57.323376 343.936005 
171.790573 339.093475 
63.558933 347.108429 
83.157570 442.349030 
124.411926 399.338409 
158.877228 344.208466 
298.639282 307.961670 
248.409103 415.690308 
134.773361 402.509521 
96.209488 330.954346 
151.690933 417.753296 
93.217979 231.512131 
63.785378 341.647644 
148.147476 344.998383 
115.265785 323.497498 
159.403214 405.470123 
159.403214 405.470123 
54.022106 400.244232 
124.411926 399.338409 
248.409103 415.690308 
160.307465 396.316498 
57.586170 341.241241 
68.407013 388.493469 
173.660126 355.997803 
152.409164 354.978668 
265.858917 338.185547 
54.022106 400.244232 
134.773361 402.509521 
331.860443 321.848572 
59.030495 405.443634 
328.297119 318.295685 
142.798309 320.066437 
93.217979 231.512131 
158.877228 344.208466 
124.411926 399.338409 
329.541016 344.331238 
133.340866 420.139282 
118.861794 350.738861 
139.978561 402.694305 
91.266319 327.409088 
173.660126 355.997803 
115.265785 323.497498 
127.175797 429.337006 
142.830872 357.676056 
62.930820 282.997223 
163.717850 314.910339 
155.666107 416.327759 
75.108345 323.757507 
51.942505 358.212708 
333.104126 327.475403 
51.995319 330.592957 
121.584457 235.485184 
144.021133 328.544739 
75.108345 323.757507 
63.057587 401.334137 
57.323376 343.936005 
126.757332 389.750427 
332.623840 322.449249 
115.352646 317.623444 
68.934357 387.839661 
59.468449 300.546783 
172.248871 355.189667 
155.550949 357.807678 
160.502335 299.831299 
310.330170 317.141113 
64.027054 338.147461 
64.027054 338.147461 
335.412170 320.814056 
142.830872 357.676056 
260.473175 307.841522 
66.664520 432.793732 
139.522034 405.701538 
332.623840 322.449249 
50.643879 431.072083 
142.798309 320.066437 
142.798309 320.066437 
332.623840 322.449249 
229.648941 341.445007 
144.021133 328.544739 
126.757332 389.750427 
48.624493 412.822845 
220.347717 324.665771 
294.756683 422.805115 
314.099762 312.524750 
34.913315 441.215240 
61.366436 314.611298 
474.150879 81.175743 
271.375397 297.495117 
160.307465 396.316498 
331.860443 321.848572 
46.391125 379.741760 
59.468449 300.546783 
115.265785 323.497498 
53.750488 306.851807 
64.522476 393.827301 
249.570496 418.904663 
167.055969 351.138977 
167.221283 352.619598 
167.221283 352.619598 
155.550949 357.807678 
77.098213 369.724915 
59.468449 300.546783 
72.954964 345.256409 
131.340546 358.530731 
158.877228 344.208466 
144.429184 401.151733 
170.228714 343.098633 
135.500397 358.622162 
61.533733 364.252625 
65.010338 302.043335 
160.502335 299.831299 
118.861794 350.738861 
51.942505 358.212708 
120.235794 416.313751 
34.913315 441.215240 
69.734535 430.711975 
63.126190 340.977875 
63.126190 340.977875 
73.332245 285.898987 
189.622849 345.150452 
51.995319 330.592957 
121.244614 353.091034 
46.391125 379.741760 
131.669006 364.033691 
131.669006 364.033691 
332.623840 322.449249 
55.439262 294.224915 
55.439262 294.224915 
229.648941 341.445007 
115.265785 323.497498 
160.502335 299.831299 
31.934252 439.012512 
64.279686 312.489807 
182.682281 346.388519 
99.447655 338.683929 
280.452087 309.794159 
66.480766 345.631470 
206.577560 323.100861 
142.798309 320.066437 
