500
392.253265 390.279602 
412.924469 229.103012 
444.916168 284.736786 
420.224854 228.400513 
346.210571 209.843353 
110.230438 355.415344 
274.593597 330.095123 
167.148773 358.505463 
296.922455 254.368729 
94.874336 317.723511 
94.989006 317.818146 
248.242371 331.843353 
276.389801 329.970612 
162.009460 359.982849 
244.346237 339.794830 
185.139893 330.367493 
156.980957 348.603424 
157.308762 349.244690 
449.728516 207.182205 
429.029053 222.890533 
157.871841 343.858063 
314.637177 277.512238 
293.835876 265.149780 
450.449097 228.160751 
450.497864 227.566467 
94.999809 317.161133 
225.340073 191.089798 
429.653961 221.737976 
253.056992 329.753937 
440.225250 235.719254 
293.072998 265.480408 
300.392975 338.348663 
310.100525 280.176117 
289.776459 168.517517 
224.701218 190.437866 
417.463348 229.224258 
141.853683 357.794373 
300.208954 338.536713 
290.013855 307.430389 
265.508423 352.481445 
183.070358 329.747833 
150.424469 245.650299 
229.880875 334.217041 
424.614136 234.329758 
452.379303 210.324860 
162.029678 340.988892 
441.131744 198.994675 
217.597763 201.334381 
322.834015 336.758362 
385.506989 388.852295 
237.628998 189.552307 
217.042404 224.995911 
479.391998 207.700485 
456.580750 212.277695 
311.098297 278.970520 
238.871078 327.525055 
440.862640 201.382996 
157.158630 355.677551 
280.938660 202.224579 
297.782135 254.489594 
346.718689 208.824356 
309.960236 270.835297 
162.561829 344.678345 
430.991577 222.423874 
119.344109 367.901917 
402.895203 236.330093 
94.124992 358.003601 
97.904732 344.235321 
171.922699 332.584015 
455.690308 243.086426 
453.614594 285.089844 
412.948944 222.443085 
407.555786 229.525131 
426.391754 218.945129 
227.957962 197.168549 
457.462158 212.850571 
460.693756 221.403214 
460.952057 221.133881 
256.686829 195.607056 
100.939125 353.330231 
321.012512 318.175751 
238.150620 326.893646 
159.069122 344.441101 
234.962738 186.864227 
326.548431 341.158569 
154.168671 254.417450 
347.521667 214.713257 
160.369324 344.687012 
210.673325 196.873795 
459.326447 192.087021 
449.409027 281.476318 
315.625214 276.738953 
453.839996 277.710266 
436.631714 234.182556 
288.355774 194.537415 
95.352943 344.733612 
321.234406 336.869720 
421.994202 232.669220 
138.114975 340.015991 
153.644501 228.653061 
421.939453 258.685944 
238.754730 183.500412 
313.912750 364.059143 
50.703453 340.091034 
478.496979 207.500641 
432.838196 223.042953 
289.978851 308.051697 
279.422089 327.707245 
291.470215 170.573074 
514.521362 215.660385 
69.210281 326.064392 
155.960251 348.822083 
322.303009 341.533569 
359.670715 218.735321 
286.095032 188.703186 
461.142151 288.183105 
460.160126 269.354584 
154.629547 249.807922 
232.099487 176.402374 
218.060318 203.691299 
118.771545 360.176239 
455.405304 200.519882 
448.348572 216.112732 
118.079704 360.485474 
271.115631 330.809509 
227.082504 189.261261 
251.949646 196.152786 
153.054504 237.520538 
342.228333 213.336273 
234.052368 186.844788 
450.317719 186.563080 
251.569397 330.376740 
238.560867 182.934814 
164.439911 344.420197 
337.346588 264.702881 
446.061829 239.059998 
452.556030 247.821045 
455.071899 242.241531 
155.918762 253.701309 
241.297592 266.091553 
149.909515 241.834595 
205.847992 344.573761 
433.909882 243.415894 
336.078064 263.015656 
310.490570 269.410095 
439.715118 206.709900 
356.598206 219.583649 
292.345306 176.609634 
143.413666 229.467377 
454.447449 243.365128 
322.310822 238.937820 
475.378906 211.698151 
180.871384 352.947479 
494.158020 238.724655 
333.953064 236.952393 
455.863495 279.359741 
92.858292 341.317688 
93.249245 340.766693 
248.387451 184.722076 
269.776886 153.949295 
263.127136 157.795364 
245.896713 231.918381 
418.688660 232.780334 
419.208984 232.677444 
212.306519 197.018814 
257.983459 224.956467 
215.821045 208.454163 
471.862610 210.279297 
155.845978 353.763550 
246.267273 187.612473 
488.975403 194.954147 
315.023590 229.914536 
433.457458 240.750488 
290.602478 264.308136 
256.873901 197.485184 
275.489380 206.318069 
469.757233 260.276428 
442.756683 209.873672 
445.156433 195.985825 
174.991211 351.859558 
117.246025 350.705475 
290.416107 188.581863 
171.675644 332.025726 
321.454498 318.971313 
440.333740 200.796509 
459.509827 220.808990 
453.380463 231.897324 
237.476105 189.229248 
263.372101 158.847198 
269.056030 149.507660 
447.424133 196.111877 
270.992432 332.340576 
223.787094 229.705475 
249.066437 184.639572 
297.370148 166.683060 
438.998138 200.919327 
468.920044 233.207108 
468.996887 233.351181 
322.310242 322.555450 
443.379181 221.279144 
443.335907 220.590134 
475.469971 194.861237 
254.931595 151.082367 
291.116333 186.837341 
91.564331 329.835907 
35.489822 353.293671 
491.574768 247.817764 
496.405548 234.997147 
187.810043 343.291260 
125.238510 351.726929 
268.198914 146.101501 
415.355957 212.548492 
112.247520 331.191132 
445.319153 214.910843 
246.188156 181.979462 
434.975006 260.079742 
469.780518 233.442810 
437.175903 191.928864 
51.253273 306.947327 
271.679596 154.417725 
219.839111 206.212524 
438.820221 223.463730 
459.515350 255.202072 
342.628479 214.159790 
514.719055 217.582260 
495.669281 216.525818 
304.817841 182.851562 
455.625458 219.855743 
479.454834 204.965393 
462.194031 233.512207 
291.507111 189.882538 
146.605087 251.137436 
507.156189 241.176178 
66.301460 330.230743 
486.983704 253.691315 
499.006378 212.602310 
499.224030 213.309479 
283.885529 217.539230 
258.718750 195.151413 
463.117126 220.887161 
482.839203 191.689438 
495.019745 238.501221 
277.118378 319.964813 
221.067032 207.892120 
267.910004 144.536240 
460.244781 269.729584 
480.698212 198.632751 
415.594452 209.087570 
155.033661 227.395874 
454.443939 274.576538 
140.668793 240.606125 
140.515274 241.248611 
466.145966 207.142761 
483.702820 229.438843 
295.694794 169.280807 
280.485474 314.904236 
475.633148 254.822800 
228.370865 181.848770 
258.733765 155.791290 
444.152191 217.529251 
153.580780 341.965363 
487.452209 253.028503 
462.919373 254.995239 
336.521332 236.765503 
501.057495 237.635727 
303.812622 183.273132 
476.443207 210.209229 
214.453979 204.319733 
232.246918 190.523453 
444.737213 196.528961 
454.004517 197.295837 
237.224060 182.103546 
144.961624 256.759308 
235.760849 192.030594 
408.516357 227.614761 
154.815536 357.406891 
265.331665 230.575470 
65.506805 330.715607 
213.933197 225.113586 
483.046143 210.592773 
467.175232 239.234482 
289.884949 264.094757 
258.947327 321.629822 
129.971649 350.693451 
416.611938 192.561844 
438.124786 218.982147 
154.279572 259.523224 
334.189667 207.894043 
464.767517 224.417969 
154.274841 239.087433 
260.980621 154.895264 
484.797760 193.085327 
460.109894 223.441711 
416.611420 212.894913 
382.352875 243.046265 
452.510681 184.218277 
473.180206 233.610489 
234.803787 175.577850 
433.092773 216.191467 
401.303070 220.344070 
243.263123 327.784302 
213.365311 227.407654 
298.064026 193.100067 
297.512817 193.124481 
148.502716 355.251404 
486.680603 261.664093 
465.590759 224.269592 
473.876984 226.937515 
216.781448 246.309509 
217.147476 245.951736 
405.923157 214.109802 
380.840485 242.874969 
203.799118 346.088409 
224.722977 228.605118 
213.125015 189.625305 
287.565002 212.162613 
224.234619 228.316132 
146.427399 253.477539 
349.419922 337.304108 
409.130341 226.773300 
444.037384 192.521576 
457.034637 252.933212 
273.790741 155.310440 
122.902138 341.897552 
471.837097 238.041641 
258.032715 226.228745 
287.366882 198.124771 
144.957062 354.162292 
247.075500 177.787308 
119.859894 347.173370 
233.482452 335.916534 
512.616333 268.227478 
512.920471 268.299927 
416.711823 193.745270 
487.824249 229.451370 
492.143829 193.491501 
480.709290 256.877594 
314.033081 279.997681 
152.880661 228.374283 
480.591888 244.550018 
491.950867 268.080566 
491.947266 231.499207 
478.454865 231.517487 
485.265594 194.785385 
263.407043 351.104950 
168.934311 358.105103 
169.384827 358.093140 
98.161324 316.961182 
156.323822 256.482849 
451.627289 182.800873 
472.496033 238.946793 
337.145081 324.055054 
264.181122 232.427567 
294.072021 253.359009 
115.265945 347.821259 
422.419647 213.563156 
419.711548 201.916061 
282.158936 164.509048 
323.271057 322.871704 
332.347473 206.930939 
469.046783 193.166885 
158.360550 227.694397 
248.617050 164.803467 
287.359192 213.404556 
230.889572 337.555359 
266.319733 143.737717 
474.284607 227.762741 
462.495209 187.076187 
482.965668 204.144958 
498.542267 299.490753 
111.264595 358.983551 
134.846756 337.541229 
307.286835 341.231964 
454.216064 202.652359 
302.302216 198.653412 
472.051117 269.949310 
360.658356 251.461624 
350.660736 218.050522 
248.618805 179.863693 
309.510864 180.676666 
388.214417 248.434021 
222.061600 203.756821 
214.753464 207.627533 
416.237305 261.594849 
343.155396 242.046066 
262.757385 348.520966 
290.698181 173.847443 
230.992279 228.521759 
248.577560 164.029572 
266.322754 229.384552 
160.453491 226.985352 
506.897339 316.366211 
453.532776 219.568619 
426.187927 267.344818 
437.614716 186.050339 
244.765274 226.597412 
156.706116 225.918671 
460.400543 224.241867 
475.863342 253.342041 
256.950317 148.536880 
203.508667 191.379761 
284.763519 157.767471 
423.488770 190.728790 
200.725677 190.824982 
201.351746 190.961014 
452.242096 180.824448 
427.357513 267.696564 
283.415741 335.672760 
267.652130 136.707382 
145.217224 246.788361 
204.949081 192.177109 
340.748169 206.664093 
257.836914 149.130630 
286.379883 307.200012 
256.544312 221.066711 
340.629303 239.338165 
511.643127 241.435455 
360.613831 215.802948 
471.290375 273.976135 
422.766235 270.293579 
247.564331 178.685577 
339.992523 238.847870 
208.493225 190.537430 
424.107605 388.581940 
303.150879 202.586456 
509.031677 208.939148 
283.830902 336.298309 
221.606827 181.985123 
460.045197 256.502319 
315.344543 216.925217 
454.286255 253.191605 
262.176422 209.362427 
321.559296 179.136185 
285.875458 215.350189 
224.376175 182.746857 
477.390442 227.550339 
374.269623 252.218948 
472.706482 219.916321 
483.461273 190.355270 
314.019531 217.237885 
447.103516 193.067688 
424.011810 269.842285 
341.082001 237.221695 
485.245789 248.577927 
405.927979 207.468094 
469.019379 211.364059 
303.078644 183.588104 
154.457703 349.265045 
313.109528 227.775177 
222.881027 182.005325 
477.616577 200.449936 
292.332245 308.354889 
454.966095 201.647659 
502.595276 214.078186 
409.789520 256.887695 
409.823242 257.302277 
475.441101 245.267715 
336.647644 210.054214 
95.085289 324.914062 
138.847809 219.540527 
476.635162 239.344788 
511.662964 242.092026 
422.377289 195.807526 
436.332794 226.580765 
388.642853 375.124908 
175.119980 357.206207 
424.241974 192.043777 
252.947998 148.655426 
479.827209 253.257080 
422.429169 188.994843 
522.839355 205.858078 
477.733826 228.211914 
212.991806 206.734222 
472.887054 175.807159 
487.472534 199.996902 
482.200562 208.129578 
488.659576 197.813354 
144.913086 222.805923 
499.867218 298.485077 
387.227631 248.498947 
429.767059 202.466522 
469.155701 214.632385 
484.324890 255.572250 
322.777039 177.062225 
266.267609 139.225967 
338.360077 211.904373 
505.231506 298.982269 
496.137543 184.266739 
363.554626 219.903809 
241.950378 190.879517 
436.197662 185.156250 
318.804321 362.654358 
472.971191 192.587036 
229.090988 193.150406 
416.836914 261.113037 
77.436989 319.977417 
480.371521 260.497803 
509.712402 256.410950 
505.428192 239.228439 
291.807770 211.285492 
