500
455.535919 271.767548 
483.977997 288.412872 
477.488159 281.835327 
456.352173 272.946808 
488.252533 306.069672 
488.252533 306.069672 
449.462555 295.127991 
474.592285 279.536865 
316.694061 261.318176 
230.719055 292.619202 
410.248718 275.968689 
392.523926 305.582306 
450.032471 292.556458 
392.523926 305.582306 
447.025635 321.268890 
459.320526 305.466370 
254.177795 155.192627 
254.177795 155.192627 
171.395691 156.527664 
316.694061 261.318176 
455.535919 271.767548 
167.966721 154.397736 
167.966721 154.397736 
491.026886 308.005341 
444.421173 265.592163 
284.318909 246.726929 
274.077850 195.234314 
431.822754 311.521667 
256.601318 195.082687 
250.053635 154.199142 
430.896545 284.727997 
459.320526 305.466370 
283.204926 247.067078 
131.478806 252.766724 
230.719055 292.619202 
466.815460 311.995697 
413.865875 339.400391 
87.495682 242.284302 
427.385773 286.064270 
316.140625 191.557205 
296.550720 261.290863 
247.581009 285.160065 
413.277649 265.017639 
315.171906 183.849716 
87.495682 242.284302 
317.262238 193.150574 
442.993195 282.171417 
483.534973 307.025757 
433.718079 304.542572 
499.020905 306.547241 
170.577896 144.527481 
411.766205 278.631714 
176.407135 153.051636 
481.758636 337.322906 
331.016327 160.087509 
453.557709 290.691071 
474.875946 273.640076 
439.668823 288.617676 
329.904419 230.576736 
422.869598 279.176727 
413.277649 265.017639 
450.751678 293.405792 
355.235779 224.959610 
499.070160 316.782410 
74.084358 322.622559 
215.304382 282.431427 
283.991333 246.098633 
465.213776 280.697937 
242.272842 288.402649 
435.950073 284.777954 
435.950073 284.777954 
489.045105 284.532440 
499.020905 306.547241 
444.421173 265.592163 
452.231781 308.091370 
433.718079 304.542572 
171.342682 146.767242 
449.276978 263.919128 
128.174927 265.537598 
299.021027 192.438766 
499.070160 316.782410 
413.865875 339.400391 
449.276978 263.919128 
215.304382 282.431427 
449.350800 292.006958 
74.084358 322.622559 
450.278961 326.516785 
335.935486 163.702133 
460.297699 306.243683 
274.077850 195.234314 
358.354889 229.711304 
422.869598 279.176727 
263.765259 153.571136 
288.398346 169.416046 
481.758636 337.322906 
288.398346 169.416046 
254.883347 143.090851 
298.854370 188.738464 
449.318481 316.388245 
330.358337 159.941498 
447.800903 328.731079 
445.122223 265.351807 
449.350800 292.006958 
422.271057 252.064560 
264.465607 153.441513 
489.045105 284.532440 
325.327759 245.818436 
462.509460 308.595917 
296.550720 261.290863 
445.402283 269.942627 
440.530792 274.655487 
370.688110 142.405212 
254.883347 143.090851 
242.272842 288.402649 
264.465607 153.441513 
442.993195 282.171417 
422.869598 279.176727 
164.041733 161.739426 
477.620087 295.496002 
435.950073 284.777954 
76.965622 202.854950 
273.430023 139.878067 
382.631165 297.327393 
250.053635 154.199142 
433.718079 304.542572 
479.754059 275.528137 
435.669586 292.656891 
435.669586 292.656891 
429.713776 301.780487 
358.354889 229.711304 
332.222382 157.170044 
272.077209 307.290039 
415.693176 311.063599 
415.693176 311.063599 
430.183990 275.468414 
344.203674 185.903763 
442.993195 282.171417 
460.724884 319.847931 
412.737823 303.045624 
456.649506 300.046631 
288.398346 169.416046 
449.081146 279.332703 
499.020905 306.547241 
485.874298 277.573883 
406.424438 272.072174 
262.113953 395.792145 
411.086426 278.216583 
411.086426 278.216583 
426.510101 334.523468 
255.909149 201.106293 
285.336853 155.941666 
485.874298 277.573883 
479.754059 275.528137 
442.977539 275.230652 
418.331329 260.399048 
429.623627 318.255493 
484.623627 336.202515 
238.740097 179.385880 
412.800812 283.471100 
92.519333 309.455170 
92.519333 309.455170 
137.698425 264.584106 
321.695984 179.801315 
285.336853 155.941666 
452.196411 290.496246 
426.510101 334.523468 
284.514923 455.313141 
452.288940 245.065094 
420.105255 258.192444 
447.926880 247.551453 
456.649506 300.046631 
340.752991 249.520065 
321.695984 179.801315 
307.119934 404.971191 
237.639191 177.159485 
435.669586 292.656891 
475.322723 323.226288 
142.618149 267.787506 
416.491669 246.356308 
285.336853 155.941666 
447.404999 312.179626 
74.936981 218.214066 
231.778152 301.791168 
472.181061 317.892426 
226.967087 193.287384 
226.967087 193.287384 
410.248718 275.968689 
128.174927 265.537598 
128.174927 265.537598 
463.088989 267.646790 
423.734650 292.677917 
477.883667 274.933807 
249.406601 150.250824 
237.639191 177.159485 
163.233704 162.070663 
356.593262 283.734161 
416.992676 299.554199 
312.434143 187.227814 
283.991333 246.098633 
426.510101 334.523468 
426.510101 334.523468 
92.976967 232.848221 
317.262238 193.150574 
453.855164 334.426971 
307.573059 405.473602 
165.221664 158.947525 
452.196411 290.496246 
339.624634 262.188446 
323.121521 270.540771 
455.995850 247.927094 
438.499115 294.374481 
447.404999 312.179626 
413.335297 286.494049 
252.692627 161.607025 
411.086426 278.216583 
501.065704 279.026337 
486.660645 332.028900 
348.447845 218.797501 
450.283600 329.397369 
249.406601 150.250824 
451.751221 265.205933 
307.946564 198.530243 
453.708557 263.069153 
338.192932 248.735397 
400.657379 282.074158 
70.104713 187.122604 
434.863007 252.325623 
321.695984 179.801315 
453.214233 298.839966 
453.214233 298.839966 
358.123260 225.679520 
92.519333 309.455170 
453.214233 298.839966 
358.123260 225.679520 
262.113953 395.792145 
452.196411 290.496246 
74.084358 322.622559 
251.070862 143.123627 
92.872002 233.596222 
477.883667 274.933807 
323.932373 125.137688 
343.968964 184.528748 
237.137466 176.969879 
447.926880 247.551453 
260.477570 155.367325 
434.863007 252.325623 
451.751221 265.205933 
254.177795 155.192627 
243.883408 140.154999 
329.993683 165.195663 
455.317719 317.514557 
423.734650 292.677917 
439.711914 297.817108 
195.130646 276.774323 
422.271057 252.064560 
351.357025 223.791077 
337.570129 186.155609 
274.077850 195.234314 
313.382385 198.141159 
456.920044 269.341888 
87.495682 242.284302 
482.574951 292.335266 
324.018799 413.606018 
74.936981 218.214066 
435.332367 248.695923 
335.935486 163.702133 
447.800903 328.731079 
339.624634 262.188446 
438.309845 310.485870 
137.441162 250.422333 
86.484261 194.952072 
422.869598 279.176727 
435.598633 294.837524 
239.550827 354.952057 
364.615417 240.682053 
453.708557 263.069153 
431.586945 295.219238 
250.053635 154.199142 
422.869598 279.176727 
262.113953 395.792145 
486.106201 292.824860 
262.113953 395.792145 
72.416374 213.022110 
72.416374 213.022110 
176.407135 153.051636 
327.252472 245.058502 
283.309479 245.305649 
349.392365 220.945938 
366.581635 93.723503 
475.322723 323.226288 
327.252472 245.058502 
213.476273 283.981873 
453.214233 298.839966 
329.822266 151.004517 
258.219543 331.778076 
329.993683 165.195663 
312.434143 187.227814 
258.575378 195.359650 
337.477386 247.484955 
479.754059 275.528137 
316.694061 261.318176 
445.855774 296.755768 
463.401306 254.445084 
323.121521 270.540771 
462.413788 296.632019 
244.926147 159.394302 
262.113953 395.792145 
278.392639 144.090103 
293.553864 268.891144 
425.885071 295.433533 
352.403564 187.323914 
431.586945 295.219238 
252.692627 161.607025 
473.984528 288.815552 
482.574951 292.335266 
86.484261 194.952072 
86.484261 194.952072 
250.053635 154.199142 
431.586945 295.219238 
452.196411 290.496246 
422.869598 279.176727 
170.577896 144.527481 
73.021255 234.062622 
412.737823 303.045624 
284.438507 144.151123 
284.438507 144.151123 
286.274109 151.223953 
453.557709 290.691071 
260.594147 175.228973 
297.414673 268.906738 
176.383408 279.060638 
408.748047 282.227936 
484.623627 336.202515 
449.350800 292.006958 
490.117798 276.428406 
245.170471 285.198273 
451.769958 307.475342 
258.575378 195.359650 
264.465607 153.441513 
256.234924 174.951965 
325.120697 154.968643 
245.170471 285.198273 
439.711914 297.817108 
22.795576 308.417572 
445.920502 287.706024 
22.795576 308.417572 
464.626007 253.546967 
265.659546 305.795746 
258.575378 195.359650 
440.530792 274.655487 
321.060608 227.381332 
417.744476 264.700989 
243.883408 140.154999 
288.398346 169.416046 
416.491669 246.356308 
337.570129 186.155609 
335.935486 163.702133 
307.946564 198.530243 
485.203278 292.400421 
327.252472 245.058502 
312.531219 236.102524 
458.373444 314.405212 
464.313568 331.515015 
431.586945 295.219238 
167.251358 146.647690 
463.758820 257.948517 
436.646362 340.870819 
323.749634 198.248459 
436.646362 340.870819 
97.797691 229.279541 
433.718079 304.542572 
163.717560 150.468155 
163.717560 150.468155 
422.181885 270.816437 
436.646362 340.870819 
435.669586 292.656891 
258.575378 195.359650 
273.790771 154.865158 
241.863037 180.869720 
337.570129 186.155609 
241.863037 180.869720 
73.041405 223.904816 
297.414673 268.906738 
258.575378 195.359650 
241.264542 180.756607 
75.627380 246.699173 
439.711914 297.817108 
439.711914 297.817108 
422.181885 270.816437 
316.694061 261.318176 
327.139069 132.079285 
421.559601 273.721069 
92.976967 232.848221 
482.075775 269.322601 
492.052612 301.852905 
473.984528 288.815552 
257.908966 188.837921 
128.174927 265.537598 
316.694061 261.318176 
122.865654 264.317413 
337.570129 186.155609 
258.575378 195.359650 
262.113953 395.792145 
184.739624 151.237747 
474.683990 291.720825 
86.503502 213.673050 
455.317719 317.514557 
370.688110 142.405212 
358.078430 234.039383 
231.778152 301.791168 
287.299377 458.527985 
186.397141 148.611603 
323.121521 270.540771 
415.201324 252.113052 
445.855774 296.755768 
312.434143 187.227814 
285.336853 155.941666 
450.032471 292.556458 
413.404663 346.901337 
483.197510 268.450775 
121.296341 259.243683 
411.086426 278.216583 
316.229828 178.039093 
92.976967 232.848221 
241.863037 180.869720 
262.113953 395.792145 
178.363693 147.094116 
329.993683 165.195663 
275.465668 205.227539 
313.382385 198.141159 
429.713776 301.780487 
250.280624 143.097916 
449.350800 292.006958 
92.519333 309.455170 
139.855209 195.105408 
284.438507 144.151123 
418.626953 303.434662 
481.110718 335.427277 
307.227814 126.214195 
236.272583 173.494431 
474.683990 291.720825 
78.247620 216.469131 
365.405548 235.938385 
447.926880 247.551453 
435.669586 292.656891 
182.710770 148.137222 
87.297791 241.280777 
297.414673 268.906738 
418.626953 303.434662 
349.392365 220.945938 
256.234924 174.951965 
474.683990 291.720825 
264.465607 153.441513 
317.873749 132.309402 
285.336853 155.941666 
143.421310 260.162506 
339.624634 262.188446 
242.563507 138.540695 
188.953262 149.814743 
339.582489 179.317902 
338.936768 255.311249 
262.113953 395.792145 
241.863037 180.869720 
328.376007 162.489059 
273.790771 154.865158 
266.812836 326.730621 
293.553864 268.891144 
460.126770 247.791855 
256.601318 195.082687 
385.392426 354.632538 
426.510101 334.523468 
83.240471 186.364288 
287.299377 458.527985 
307.119934 404.971191 
418.881409 335.922974 
86.503502 213.673050 
463.346130 283.820465 
431.766785 338.921692 
240.013245 300.792389 
337.570129 186.155609 
165.231583 156.918930 
439.936218 326.489319 
46.722565 243.397949 
309.974457 123.875954 
447.926880 247.551453 
157.962158 250.108582 
445.927765 304.830414 
467.610840 340.372650 
80.474091 239.009262 
253.036453 134.582108 
172.658386 131.236191 
348.447845 218.797501 
277.850189 150.076340 
445.927765 304.830414 
172.658386 131.236191 
492.052612 301.852905 
423.673431 252.409653 
257.908966 188.837921 
257.908966 188.837921 
284.716644 184.351822 
