500
389.758667 322.469269 
389.758667 322.469269 
389.758667 322.469269 
380.262848 320.604065 
411.856171 339.190674 
355.052612 251.328201 
359.017548 262.003693 
434.192261 351.048767 
429.685394 359.841339 
412.314636 344.481659 
374.376617 310.220551 
295.708099 226.322998 
432.501923 359.477173 
205.607193 224.540924 
397.872772 331.397552 
137.051727 162.739243 
402.382294 331.203827 
236.929504 392.757355 
381.087128 357.886719 
374.376617 310.220551 
140.832581 165.833847 
285.974640 253.341263 
396.884033 369.400848 
396.884033 369.400848 
257.643616 183.605347 
347.782776 378.832672 
419.121735 344.399811 
296.113342 226.794678 
420.126099 325.690948 
389.758667 322.469269 
420.126099 325.690948 
207.755127 224.555771 
405.839691 358.098267 
411.967712 345.002838 
420.126099 325.690948 
353.948334 245.514862 
424.775146 328.053925 
343.734619 189.325653 
285.853699 227.795792 
377.621826 326.707672 
213.115295 250.026764 
285.957520 228.921539 
437.453400 371.817963 
437.453400 371.817963 
366.350067 177.563065 
148.421310 152.797028 
369.536926 151.966354 
285.974640 253.341263 
195.403809 224.212906 
229.397598 242.364838 
139.690414 83.771950 
139.690414 83.771950 
407.554352 330.637177 
328.433044 140.834976 
404.503418 352.951630 
432.501923 359.477173 
117.353508 96.286964 
285.429443 226.067337 
333.511017 187.671417 
353.948334 245.514862 
399.391602 341.705719 
285.429443 226.067337 
358.240417 263.069519 
310.981049 137.391983 
399.391602 341.705719 
399.391602 341.705719 
127.847824 144.735107 
424.775146 328.053925 
239.259918 92.841515 
234.309174 92.652657 
385.819244 357.562775 
420.126099 325.690948 
239.259918 92.841515 
366.003387 180.138794 
300.081421 133.893509 
302.949615 136.693069 
365.445862 374.841797 
328.433044 140.834976 
117.390709 125.465744 
396.476562 359.273254 
398.988861 391.030884 
113.265121 107.116615 
228.696945 284.908905 
322.902832 241.267685 
374.376617 310.220551 
285.974640 253.341263 
389.758667 322.469269 
325.421448 131.089386 
402.951385 330.907318 
105.250397 102.428329 
406.599487 351.313629 
419.121735 344.399811 
221.601196 250.628937 
334.920074 146.379303 
297.644104 139.764465 
297.637451 152.061356 
118.761963 98.306732 
401.704773 352.098328 
414.915710 359.490509 
334.049469 147.110138 
226.159119 377.054199 
207.755127 224.555771 
288.723389 170.770294 
385.819244 357.562775 
419.121735 344.399811 
395.096527 343.913208 
386.845764 356.355194 
150.304184 156.711929 
421.674927 335.588287 
405.839691 358.098267 
433.573578 355.979584 
365.445862 374.841797 
426.695374 362.480957 
426.695374 362.480957 
233.080353 291.140381 
368.666046 316.458496 
349.789581 346.641876 
420.126099 325.690948 
153.125793 152.636063 
336.236694 215.880905 
226.159119 377.054199 
328.433044 140.834976 
349.598328 187.802521 
328.901154 148.089325 
127.048683 120.167801 
148.421310 152.797028 
405.839691 358.098267 
334.049469 147.110138 
440.529541 350.642670 
396.884033 369.400848 
408.717865 389.138885 
335.719269 289.689606 
330.551270 198.326736 
370.516266 156.435623 
79.816422 212.771774 
363.979523 138.477798 
117.448692 125.526443 
112.517700 133.281174 
193.243271 299.452209 
297.644104 139.764465 
426.695374 362.480957 
388.466461 350.242432 
118.740425 92.983521 
118.740425 92.983521 
443.823151 363.083649 
148.421310 152.797028 
322.015350 142.272873 
139.690414 83.771950 
402.951385 330.907318 
437.453400 371.817963 
328.433044 140.834976 
379.874939 319.327484 
418.330872 315.736664 
322.015350 142.272873 
152.576309 175.652679 
330.551270 198.326736 
349.598328 187.802521 
391.251221 319.978638 
300.081421 133.893509 
297.637451 152.061356 
229.054016 85.345764 
229.054016 85.345764 
146.451721 173.446121 
136.823105 105.686974 
419.121735 344.399811 
376.523987 338.035614 
440.130127 345.523712 
388.852264 343.341003 
304.481110 131.313782 
438.626099 348.621918 
322.015350 142.272873 
366.003387 180.138794 
434.192261 351.048767 
357.697723 372.444427 
373.616486 149.502899 
326.987274 161.858505 
438.103455 345.027557 
357.697723 372.444427 
236.929504 392.757355 
382.117157 324.068817 
114.999962 115.860977 
414.153625 332.869263 
370.516266 156.435623 
139.019913 156.082489 
375.852661 321.058777 
375.852661 321.058777 
236.929504 392.757355 
437.538574 351.550934 
375.852661 321.058777 
375.852661 321.058777 
377.621826 326.707672 
326.867126 147.664276 
125.799805 126.551071 
289.752991 246.295303 
361.190063 259.280182 
142.508575 155.591599 
142.508575 155.591599 
191.647964 345.955872 
397.872772 331.397552 
397.872772 331.397552 
349.598328 187.802521 
437.538574 351.550934 
369.536926 151.966354 
395.373199 386.113403 
229.397598 242.364838 
414.153625 332.869263 
199.360245 253.140472 
378.417694 359.047241 
391.251221 319.978638 
297.644104 139.764465 
405.839691 358.098267 
420.511261 337.224335 
368.666046 316.458496 
327.484467 229.658829 
372.704163 145.997070 
332.639984 258.543335 
409.077820 389.731232 
329.348389 129.616653 
328.433044 140.834976 
298.864838 187.545547 
391.251221 319.978638 
391.251221 319.978638 
139.019913 156.082489 
372.188934 174.714584 
359.017548 262.003693 
400.416168 364.955139 
437.334717 368.855896 
388.652222 308.834106 
395.373199 386.113403 
246.675323 88.568649 
426.695374 362.480957 
151.434006 166.817474 
397.872772 331.397552 
193.243271 299.452209 
326.987274 161.858505 
369.823975 180.719208 
435.399445 354.901947 
369.567444 333.255432 
367.700134 381.220703 
140.832581 165.833847 
140.832581 165.833847 
421.252441 356.084167 
287.547516 169.434509 
235.926056 316.305939 
402.951385 330.907318 
437.297516 316.588776 
231.859390 88.591698 
231.859390 88.591698 
411.856171 339.190674 
273.095032 147.406601 
281.237335 141.427734 
279.803223 144.236816 
395.390045 389.798645 
220.583435 252.842148 
337.463715 221.888123 
421.252441 356.084167 
226.159119 377.054199 
401.704773 352.098328 
379.874939 319.327484 
128.034302 130.651886 
374.393250 340.075867 
289.752991 246.295303 
439.719849 387.551880 
349.459198 139.540802 
250.478622 86.558441 
399.189667 351.416016 
399.189667 351.416016 
369.280670 341.048462 
337.463715 221.888123 
411.156677 398.910217 
392.435120 390.807098 
437.538574 351.550934 
285.974640 253.341263 
128.399933 42.188568 
415.057037 324.439270 
326.987274 161.858505 
229.368790 102.029404 
432.501923 359.477173 
355.052612 251.328201 
291.079498 164.909027 
79.816422 212.771774 
440.876068 387.240662 
209.564835 295.784973 
279.803223 144.236816 
108.927666 111.416138 
250.478622 86.558441 
287.547516 169.434509 
426.018524 348.579529 
439.718933 350.579712 
349.033844 236.072845 
79.816422 212.771774 
349.033844 236.072845 
224.150040 94.765724 
243.698517 85.586601 
434.192261 351.048767 
333.511017 187.671417 
367.044342 380.408142 
367.044342 380.408142 
123.241547 119.061127 
357.697723 372.444427 
308.207520 121.463676 
281.545807 149.890121 
192.733002 208.482559 
288.723389 170.770294 
62.286465 40.419556 
400.287781 364.450897 
400.287781 364.450897 
269.481537 141.999741 
167.642426 159.977997 
217.579803 291.903198 
281.545807 149.890121 
340.690338 190.469986 
381.772369 310.876221 
388.852264 343.341003 
380.035156 311.270050 
117.448692 125.526443 
404.503418 352.951630 
330.551270 198.326736 
247.048569 91.772453 
369.823975 180.719208 
316.229980 198.671539 
343.302734 419.006744 
136.823105 105.686974 
350.527313 345.260773 
224.150040 94.765724 
269.481537 141.999741 
359.017548 262.003693 
372.704163 145.997070 
295.708099 226.322998 
349.459198 139.540802 
374.393250 340.075867 
304.018066 115.525452 
361.878906 202.833725 
379.941101 149.920151 
421.674927 335.588287 
303.630707 113.389191 
395.261566 313.079926 
281.237335 141.427734 
288.723389 170.770294 
411.698883 403.241486 
323.025635 242.011078 
138.154709 157.667877 
281.545807 149.890121 
300.081421 133.893509 
389.758667 322.469269 
204.919357 402.974060 
298.864838 187.545547 
199.136490 251.058060 
288.723389 170.770294 
148.421310 152.797028 
115.104088 61.969852 
166.691620 378.165680 
298.864838 187.545547 
368.740479 175.606613 
389.345612 388.951599 
411.124023 375.303741 
327.500458 249.922256 
395.075714 306.766083 
364.072052 136.837311 
372.704163 145.997070 
330.551270 198.326736 
438.997070 335.159027 
348.647766 335.824188 
326.007538 135.074646 
384.365723 393.608063 
228.696945 284.908905 
395.261566 313.079926 
281.237335 141.427734 
399.189667 351.416016 
80.174324 104.623756 
300.943970 154.179306 
392.041687 419.761719 
229.368790 102.029404 
367.378540 197.407410 
281.545807 149.890121 
383.875641 347.868225 
326.987274 161.858505 
343.302734 419.006744 
245.967361 90.575569 
349.950012 248.580780 
236.929504 392.757355 
375.696777 169.924103 
366.350067 177.563065 
361.163666 183.681580 
246.590897 72.267822 
426.018524 348.579529 
151.832047 153.262146 
401.704773 352.098328 
386.526611 380.923096 
322.369720 126.873306 
283.709351 155.748672 
366.003387 180.138794 
296.113342 226.794678 
415.057037 324.439270 
204.919357 402.974060 
346.574524 289.796722 
251.383301 96.293716 
385.563324 381.255890 
372.532227 203.606064 
296.113342 226.794678 
366.350067 177.563065 
404.503418 352.951630 
433.558228 136.671631 
207.541351 223.704712 
361.163666 183.681580 
361.163666 183.681580 
146.451721 173.446121 
302.478485 122.679314 
446.032166 362.762360 
302.478485 122.679314 
340.276825 195.676804 
419.718262 337.130188 
148.421310 152.797028 
288.723389 170.770294 
446.836304 374.996857 
436.778076 324.469452 
122.575111 32.167759 
395.075714 306.766083 
336.268036 146.538712 
452.089539 341.066254 
415.057037 324.439270 
191.647964 345.955872 
336.268036 146.538712 
303.630707 113.389191 
202.440598 251.968399 
291.079498 164.909027 
291.079498 164.909027 
400.416168 364.955139 
236.929504 392.757355 
204.919357 402.974060 
368.133514 205.415131 
389.758667 322.469269 
271.382965 148.476028 
191.647964 345.955872 
297.637451 152.061356 
422.550415 391.054321 
291.079498 164.909027 
191.647964 345.955872 
287.547516 169.434509 
139.690414 83.771950 
224.387787 283.511108 
366.350067 177.563065 
237.680450 290.293365 
136.823105 105.686974 
378.396210 370.512970 
282.701782 251.857071 
438.997070 335.159027 
233.080353 291.140381 
433.905975 384.495850 
428.481567 402.877960 
220.813629 255.824066 
191.779007 208.955780 
219.063126 255.050064 
437.538574 351.550934 
193.618958 113.316811 
337.709747 256.987244 
434.988708 368.191071 
362.534698 197.962921 
80.174324 104.623756 
242.781616 95.378822 
65.883583 188.715607 
337.616730 144.252823 
412.793335 380.041870 
416.455017 301.615723 
220.813629 255.824066 
282.701782 251.857071 
392.041687 419.761719 
389.758667 322.469269 
363.979523 138.477798 
122.575111 32.167759 
355.052612 251.328201 
422.550415 391.054321 
281.237335 141.427734 
298.864838 187.545547 
436.778076 324.469452 
372.676086 339.875153 
307.139069 268.053101 
307.139069 268.053101 
328.007233 197.111938 
336.855377 219.498276 
281.545807 149.890121 
416.317352 303.941589 
368.133514 205.415131 
383.875641 347.868225 
240.067444 91.517815 
443.997467 358.028473 
350.527313 345.260773 
410.559662 305.325958 
285.974640 253.341263 
303.630707 113.389191 
118.056374 125.095535 
374.536102 178.567612 
139.019913 156.082489 
413.844543 385.443359 
271.382965 148.476028 
398.624390 374.756287 
257.643616 183.605347 
334.035858 236.625397 
412.754700 393.893555 
137.299164 72.707283 
