972
457.649261 296.311310 
519.925659 313.018250 
505.602020 307.128174 
501.574402 307.142792 
469.846680 284.688721 
454.196472 293.172577 
469.846680 284.688721 
469.846680 284.688721 
436.216797 310.157318 
449.980438 302.408936 
454.639618 290.326019 
454.639618 290.326019 
438.868378 310.879272 
325.564331 302.985992 
183.207062 402.882050 
457.834717 381.888336 
457.834717 381.888336 
457.834717 381.888336 
457.649261 296.311310 
181.934555 399.371063 
181.934555 399.371063 
447.139160 298.301514 
491.254852 322.746887 
275.588806 407.475372 
295.850220 409.331818 
489.040863 344.455719 
480.596497 331.610474 
178.682846 409.317932 
432.678131 312.675476 
489.040863 344.455719 
280.578705 409.896027 
293.261108 426.178894 
435.379547 288.223602 
466.250244 281.035522 
501.574402 307.142792 
295.850220 409.331818 
181.505844 404.543274 
485.836182 314.664551 
186.343674 399.939056 
281.043030 417.368866 
274.942902 412.864929 
411.936859 344.854584 
280.578705 409.896027 
320.578644 322.369263 
503.858887 309.480316 
427.635193 315.258728 
429.771423 305.692291 
293.552765 425.331360 
303.594421 425.288391 
182.364670 402.301392 
290.016327 428.034454 
287.844543 409.700378 
287.844543 409.700378 
287.844543 409.700378 
453.040619 293.353821 
271.338806 288.970123 
290.016327 428.034454 
477.864716 302.315399 
477.864716 302.315399 
188.276321 412.012329 
281.609161 425.964569 
438.868378 310.879272 
433.633698 338.820099 
317.182312 308.072357 
315.526428 314.362885 
315.526428 314.362885 
281.609161 425.964569 
281.609161 425.964569 
314.467804 320.533295 
466.250244 281.035522 
295.850220 409.331818 
196.846100 393.479401 
433.966400 293.944244 
370.093018 293.341125 
480.178101 299.653015 
191.406357 404.704895 
183.414841 390.493317 
197.538208 393.073059 
485.836182 314.664551 
315.526428 314.362885 
411.936859 344.854584 
138.218857 427.740845 
428.834320 299.081665 
477.864716 302.315399 
300.722931 347.842529 
274.237213 347.070892 
300.722931 347.842529 
390.292755 310.047058 
257.446045 285.396912 
257.830383 274.696320 
458.682007 339.898956 
191.406357 404.704895 
438.868378 310.879272 
274.299408 346.294922 
427.635193 315.258728 
136.640121 424.644653 
136.640121 424.644653 
477.864716 302.315399 
182.364670 402.301392 
298.142120 410.994324 
232.253250 339.233246 
299.552490 389.701508 
464.393768 332.513916 
232.253250 339.233246 
285.135468 351.703857 
299.733856 408.468658 
183.414841 390.493317 
303.693420 261.069733 
311.338318 429.739136 
178.766312 344.722809 
456.172028 380.269379 
181.505844 404.543274 
324.110229 302.989532 
434.276764 281.328979 
175.414886 417.593323 
190.666351 388.240906 
303.201660 431.352692 
441.092102 294.440796 
213.786514 433.097351 
213.786514 433.097351 
317.889008 324.402008 
202.776688 340.996674 
313.362946 409.825043 
296.113678 309.165405 
441.092102 294.440796 
257.446045 285.396912 
530.772156 320.102325 
530.772156 320.102325 
477.864716 302.315399 
277.673889 285.713379 
254.608063 288.805725 
192.923538 394.740387 
264.261047 413.807953 
292.710754 408.863861 
311.338318 429.739136 
300.632080 428.486450 
192.923538 394.740387 
410.354950 347.498474 
298.142120 410.994324 
307.547638 427.596039 
530.772156 320.102325 
519.942566 313.636322 
315.740662 378.958191 
319.026123 287.781799 
194.674911 390.182129 
290.016327 428.034454 
485.836182 314.664551 
314.467804 320.533295 
464.393768 332.513916 
264.774994 353.011871 
254.384415 280.702759 
323.226501 317.998627 
453.025818 379.492432 
144.724838 435.748138 
200.779404 342.614838 
182.200302 348.613434 
257.446045 285.396912 
175.414886 417.593323 
315.154633 325.515472 
192.923538 394.740387 
188.110077 403.976471 
290.192627 407.065216 
189.990662 410.347260 
189.305283 340.055054 
298.793152 357.638153 
315.841888 397.153870 
308.160614 305.731995 
200.168900 365.846527 
201.875595 345.144287 
273.549133 356.034607 
203.949661 348.620819 
290.491364 303.569092 
313.758728 426.133789 
245.990204 282.308258 
298.793152 357.638153 
304.628906 369.741394 
516.328857 385.845703 
298.314301 351.890808 
311.338318 429.739136 
311.338318 429.739136 
201.884338 350.354523 
181.376312 349.167358 
201.875595 345.144287 
188.127365 384.339935 
438.159180 279.143646 
519.942566 313.636322 
290.491364 303.569092 
185.864227 371.028748 
181.897324 397.257690 
198.480957 384.692657 
316.336426 423.805603 
525.893921 310.396545 
464.393768 332.513916 
208.193222 404.392334 
272.709412 351.338196 
66.640465 418.559784 
323.226501 317.998627 
190.666351 388.240906 
192.923538 394.740387 
457.649261 296.311310 
184.835938 350.439697 
479.742035 330.638184 
304.651062 319.379883 
177.189041 385.407654 
441.092102 294.440796 
286.765991 416.409546 
294.677795 343.056274 
199.535461 318.759003 
304.051086 319.183167 
244.784927 282.506287 
309.988190 408.733673 
202.288116 367.680084 
318.135376 220.983246 
275.087311 424.247955 
275.087311 424.247955 
534.297363 321.933044 
208.193222 404.392334 
381.862946 360.987762 
184.835938 350.439697 
322.414001 300.164307 
197.025681 322.028992 
291.450684 358.749908 
280.578705 409.896027 
322.414001 300.164307 
486.671265 274.941101 
298.022064 363.659363 
390.289703 308.560211 
183.519272 289.145569 
204.974075 325.210175 
187.630432 302.876404 
205.499039 320.321472 
248.537292 285.436401 
424.889679 430.386780 
290.652954 291.369965 
297.191254 340.498383 
185.194641 404.372864 
454.223297 306.931976 
178.790802 352.748260 
467.744781 306.759979 
202.288116 367.680084 
150.007217 404.767822 
497.672607 311.904114 
490.440033 347.133453 
490.440033 347.133453 
165.030029 300.424500 
200.779404 342.614838 
304.253906 422.890320 
477.864716 302.315399 
315.526428 314.362885 
183.125427 386.937042 
485.836182 314.664551 
485.836182 314.664551 
441.092102 294.440796 
178.790802 352.748260 
161.283569 381.547455 
208.962814 273.611084 
475.004059 329.201355 
308.160614 305.731995 
199.906311 306.298645 
167.339630 383.080017 
503.858887 309.480316 
304.253906 422.890320 
334.736053 299.935883 
317.889008 324.402008 
289.403687 433.098602 
464.390472 304.434265 
295.679565 364.486420 
183.032791 344.768616 
265.229126 294.319305 
198.138382 354.153168 
315.332855 225.084747 
521.433167 314.175537 
281.609161 425.964569 
461.223480 331.753937 
206.619492 257.473633 
190.287521 400.418427 
171.722656 302.826813 
269.083435 284.066437 
323.226501 317.998627 
261.360168 339.030975 
188.110077 403.976471 
303.201660 431.352692 
428.062134 438.284088 
271.338806 288.970123 
435.445862 436.427551 
204.974075 325.210175 
301.414246 303.224792 
301.414246 303.224792 
264.261047 413.807953 
291.473053 390.133148 
231.505585 341.820190 
176.581192 306.449707 
438.868378 310.879272 
198.987579 413.574829 
229.686188 335.592743 
150.007217 404.767822 
488.026917 298.258575 
295.322327 344.473297 
313.700195 280.625031 
454.196472 293.172577 
176.581192 306.449707 
273.549133 356.034607 
190.287521 400.418427 
438.868378 310.879272 
291.998322 412.579010 
462.770660 271.344086 
291.473053 390.133148 
204.974075 325.210175 
293.244385 286.995789 
298.198914 373.219330 
317.866638 398.344971 
182.480209 430.502808 
485.836182 314.664551 
198.541962 299.013214 
328.160248 289.707581 
441.018799 381.963470 
360.271729 308.377563 
398.254456 304.147491 
316.356293 390.024567 
265.602966 404.497131 
512.687073 381.350769 
525.893921 310.396545 
326.479614 411.308502 
292.628357 376.378479 
293.197815 281.637482 
273.475616 289.834015 
171.722656 302.826813 
297.191254 340.498383 
474.907623 319.214020 
454.639618 290.326019 
196.527344 310.007538 
198.987579 413.574829 
398.667297 294.704681 
515.675598 311.351410 
265.229126 294.319305 
454.639618 290.326019 
454.639618 290.326019 
305.555725 302.478119 
276.750000 341.669861 
524.137756 372.500793 
285.089142 410.559570 
298.022064 363.659363 
210.025177 310.580475 
166.985764 346.841644 
213.786514 433.097351 
480.008331 306.032288 
429.312408 287.859680 
147.386185 427.000244 
309.988190 408.733673 
260.165314 294.948669 
310.106079 267.614136 
229.686188 335.592743 
477.701965 302.939362 
431.128540 437.449585 
469.720795 284.106384 
316.356293 390.024567 
467.744781 306.759979 
525.329468 327.079895 
292.935760 386.303070 
266.299469 402.425995 
172.383743 309.017578 
176.061340 387.764862 
458.722748 383.661285 
199.552505 331.828613 
293.244385 286.995789 
327.992096 376.669922 
168.354904 362.927856 
307.540588 266.148010 
317.373688 394.925751 
398.254456 304.147491 
529.696533 295.886444 
276.269653 389.990479 
183.125427 386.937042 
207.612701 372.654510 
455.850830 284.248596 
226.326141 276.046661 
427.635193 315.258728 
298.101746 369.514069 
297.191254 340.498383 
198.635315 422.142090 
204.442047 300.697449 
429.478088 439.788544 
196.527344 310.007538 
330.556641 216.657730 
313.792938 218.596680 
471.407227 396.561890 
453.025818 379.492432 
214.938171 425.901337 
437.111877 342.513580 
379.902466 300.270752 
159.841232 306.284912 
310.498047 267.299438 
498.556519 307.114960 
347.060394 206.984894 
231.760818 342.618622 
276.180115 269.926636 
525.329468 327.079895 
300.632080 428.486450 
261.360168 339.030975 
437.502075 371.035065 
289.945587 253.077301 
334.394165 355.934906 
368.162903 305.450775 
485.836182 314.664551 
276.945862 386.957794 
295.862518 317.258087 
317.182312 308.072357 
164.877396 372.687164 
273.203003 335.052521 
178.361557 278.252777 
337.397552 221.361115 
328.160248 289.707581 
441.018799 381.963470 
178.766312 344.722809 
178.766312 344.722809 
368.162903 305.450775 
270.863190 426.455566 
532.094543 343.690674 
214.938171 425.901337 
214.938171 425.901337 
292.935760 386.303070 
304.651062 319.379883 
270.863190 426.455566 
204.603226 297.091431 
204.603226 297.091431 
174.792313 419.490997 
254.384415 280.702759 
200.937637 380.919403 
317.245361 245.246338 
159.230957 436.813263 
315.751343 406.056519 
141.021515 417.702454 
273.904968 335.175293 
137.816147 420.325623 
512.687073 381.350769 
209.126297 262.689667 
284.772369 308.570221 
195.890884 428.056671 
310.035339 341.081573 
261.360168 339.030975 
282.130341 271.919434 
273.549133 356.034607 
196.527344 310.007538 
528.014038 385.260803 
276.945862 386.957794 
400.322144 308.417297 
164.877396 372.687164 
337.819397 364.052582 
295.850220 409.331818 
513.694641 391.821960 
190.658829 314.592865 
190.658829 314.592865 
310.498047 267.299438 
184.167816 351.412231 
286.765991 416.409546 
176.415894 345.677521 
296.247620 314.370758 
296.247620 314.370758 
325.564331 302.985992 
137.806747 413.534607 
294.440002 367.612305 
471.218170 301.778259 
112.897705 408.088531 
259.607849 341.087280 
280.019379 299.324127 
298.869263 377.749115 
521.433167 314.175537 
471.218170 301.778259 
326.881165 286.769623 
387.221558 311.273987 
337.819397 364.052582 
300.632080 428.486450 
141.021515 417.702454 
502.679810 399.398621 
307.020447 301.787659 
199.200912 350.134613 
398.254456 304.147491 
321.819489 238.278229 
159.230957 436.813263 
199.906311 306.298645 
190.264923 374.249451 
172.372681 374.724304 
447.139160 298.301514 
278.313080 275.153473 
201.525665 293.393219 
454.196472 293.172577 
487.508179 346.811554 
144.012314 413.188171 
293.698608 397.564026 
471.407227 396.561890 
278.313080 275.153473 
432.776489 421.109039 
210.025177 310.580475 
201.595581 307.749512 
337.819397 364.052582 
129.864243 211.899094 
220.593567 413.632202 
249.111328 335.453369 
398.667297 294.704681 
143.135330 414.667389 
322.656403 228.093002 
164.336716 441.538269 
477.701965 302.939362 
213.328629 395.188446 
143.135330 414.667389 
143.135330 414.667389 
176.061340 387.764862 
307.020447 301.787659 
310.498047 267.299438 
310.498047 267.299438 
173.063080 374.673889 
484.733917 309.420807 
274.811707 296.139404 
293.244385 286.995789 
293.552765 425.331360 
293.552765 425.331360 
322.656403 228.093002 
444.069458 297.097687 
475.523590 409.790649 
455.434601 284.379242 
190.270676 398.464905 
438.868378 310.879272 
192.725052 291.191101 
530.772156 320.102325 
297.379669 418.115082 
201.464340 298.342865 
297.379669 418.115082 
275.087311 424.247955 
201.078094 292.499725 
307.052338 387.664581 
508.849762 397.453339 
447.139160 298.301514 
529.162598 300.592682 
161.332916 441.475494 
455.089935 392.124725 
347.510223 282.416443 
292.688232 298.705261 
311.582123 289.647614 
254.608063 288.805725 
137.806747 413.534607 
421.667206 301.115051 
90.545616 420.026276 
485.836182 314.664551 
276.180115 269.926636 
322.282471 220.271652 
444.069458 297.097687 
541.296265 315.874023 
290.192627 407.065216 
178.790802 352.748260 
470.304718 391.464233 
283.660370 294.916229 
177.935928 341.310333 
525.893921 310.396545 
323.226501 317.998627 
201.457428 333.328033 
461.917542 314.302826 
422.881317 296.003418 
438.868378 310.879272 
302.926117 301.442444 
293.244385 286.995789 
205.165527 328.098389 
252.732544 298.258667 
309.838593 284.749390 
289.945587 253.077301 
483.521881 330.561188 
318.978363 218.117859 
347.775116 214.060669 
331.840027 238.492126 
331.840027 238.492126 
464.393768 332.513916 
461.917542 314.302826 
505.958832 327.916534 
400.322144 308.417297 
400.322144 308.417297 
449.980438 302.408936 
286.765991 416.409546 
296.549530 422.050720 
161.332916 441.475494 
461.917542 314.302826 
294.677795 343.056274 
310.498047 267.299438 
438.868378 310.879272 
315.029236 265.328156 
503.858887 309.480316 
340.257172 353.230194 
399.736145 308.523224 
198.138382 354.153168 
187.630432 302.876404 
262.608459 298.119141 
437.111877 342.513580 
317.459595 232.578781 
176.581192 306.449707 
454.196472 293.172577 
393.720459 311.332336 
455.089935 392.124725 
389.396790 353.956390 
440.453827 281.649597 
327.394592 222.555389 
317.805481 258.378632 
131.371368 439.223572 
186.609909 341.979523 
103.660202 437.251434 
302.689850 402.785919 
197.143997 291.449615 
261.837677 308.595947 
167.844894 333.579742 
310.498047 267.299438 
328.160248 289.707581 
457.834717 381.888336 
261.147736 359.495667 
261.147736 359.495667 
239.758133 270.856262 
485.836182 314.664551 
162.053986 439.446045 
226.326141 276.046661 
150.092239 438.582458 
162.053986 439.446045 
310.658203 417.517242 
193.281235 348.709534 
193.281235 348.709534 
276.237335 288.453766 
309.838593 284.749390 
276.180115 269.926636 
246.691895 324.909271 
295.862518 317.258087 
195.674896 440.740570 
259.077332 349.725220 
550.900818 348.086182 
441.092102 294.440796 
320.578644 322.369263 
484.733917 309.420807 
496.177246 311.500793 
318.135376 220.983246 
194.872742 280.412628 
194.872742 280.412628 
159.230957 436.813263 
302.689850 402.785919 
397.897552 316.168121 
140.092178 438.317657 
493.066315 317.463776 
273.904968 335.175293 
335.867126 220.745697 
119.813461 211.737183 
331.840027 238.492126 
376.047150 302.522614 
72.145050 415.083893 
454.639618 290.326019 
454.639618 290.326019 
283.660370 294.916229 
180.386337 316.035309 
484.733917 309.420807 
533.128967 317.478607 
102.968918 437.556427 
185.970978 331.953461 
411.252014 348.490295 
237.380661 343.229950 
285.498566 390.425262 
270.863190 426.455566 
180.300812 289.755432 
170.925430 333.960999 
180.442978 281.758484 
255.721878 331.855927 
458.538147 391.469879 
293.086090 274.220856 
283.540131 404.687897 
200.168900 365.846527 
359.902832 354.351044 
390.289703 308.560211 
138.610245 422.321228 
157.456543 436.091949 
180.386337 316.035309 
237.380661 343.229950 
457.045685 297.351196 
525.893921 310.396545 
468.190979 298.427612 
164.937851 386.311737 
521.433167 314.175537 
315.029236 265.328156 
315.029236 265.328156 
199.589127 302.291473 
434.276764 281.328979 
210.025177 310.580475 
496.177246 311.500793 
278.313080 275.153473 
300.722931 347.842529 
484.733917 309.420807 
292.935760 386.303070 
185.970978 331.953461 
530.772156 320.102325 
251.227219 293.541046 
524.616150 345.741821 
505.958832 327.916534 
274.811707 296.139404 
274.811707 296.139404 
360.271729 308.377563 
182.480209 430.502808 
510.655579 425.530304 
164.937851 386.311737 
550.900818 348.086182 
487.829773 299.154663 
198.483276 290.776184 
530.772156 320.102325 
191.713348 439.418945 
271.879242 388.459595 
368.362701 95.049324 
239.900894 313.452972 
503.858887 309.480316 
276.339844 297.040009 
293.197815 281.637482 
471.218170 301.778259 
454.196472 293.172577 
490.030151 334.304626 
485.836182 314.664551 
334.908936 361.984955 
477.864716 302.315399 
343.108398 352.297577 
454.639618 290.326019 
192.725052 291.191101 
309.903992 207.843048 
477.701965 302.939362 
199.090515 441.823944 
484.733917 309.420807 
484.733917 309.420807 
474.907623 319.214020 
293.698608 397.564026 
268.821228 408.146454 
106.565445 210.942032 
515.675598 311.351410 
191.713348 439.418945 
301.459503 282.779846 
453.040619 293.353821 
320.773499 283.662201 
209.968643 264.329865 
248.682419 318.554749 
263.889252 386.443848 
202.441330 446.399139 
330.844482 365.744873 
462.951416 230.214066 
427.446320 315.817780 
140.092178 438.317657 
211.535233 269.617798 
309.720917 300.918579 
312.324005 372.769836 
159.481613 414.829407 
359.574768 355.231750 
199.090515 441.823944 
257.199554 297.850006 
199.589127 302.291473 
170.925430 333.960999 
429.239288 310.973877 
304.253906 422.890320 
320.773499 283.662201 
175.472733 367.560303 
436.517395 383.409119 
494.386322 425.429657 
198.483276 290.776184 
190.387909 322.749359 
475.523590 409.790649 
136.484238 431.739563 
490.030151 334.304626 
448.252197 302.627380 
448.252197 302.627380 
304.628906 369.741394 
461.917542 314.302826 
461.917542 314.302826 
201.531601 306.248230 
493.822205 310.132874 
192.672272 281.667969 
486.671265 274.941101 
493.066315 317.463776 
172.383743 309.017578 
178.361557 278.252777 
334.394165 355.934906 
376.047150 302.522614 
286.376404 410.172546 
190.248596 281.105530 
198.483276 290.776184 
192.672272 281.667969 
165.096710 442.008575 
293.556366 396.309906 
203.470535 369.328033 
440.722137 320.299286 
322.656403 228.093002 
448.252197 302.627380 
398.667297 294.704681 
213.786514 433.097351 
330.145172 408.547760 
484.733917 309.420807 
328.533905 225.916550 
171.345291 432.096680 
309.065796 266.968994 
178.682846 409.317932 
301.299561 318.320190 
169.161133 316.036072 
192.725052 291.191101 
200.937637 380.919403 
270.192108 276.768280 
172.383743 309.017578 
322.656403 228.093002 
292.026703 275.489563 
494.127533 289.163513 
278.313080 275.153473 
441.018799 381.963470 
441.018799 381.963470 
364.473907 308.072571 
461.690521 297.662201 
461.690521 297.662201 
296.113678 309.165405 
315.332855 225.084747 
541.599548 369.196442 
487.684570 305.163696 
234.612823 345.640656 
473.417175 322.469055 
537.814575 326.582672 
294.440002 367.612305 
421.535706 297.224792 
309.016113 409.175812 
161.547531 299.922821 
245.653580 329.223236 
245.653580 329.223236 
269.874420 316.162323 
279.136353 337.100189 
442.247375 285.921722 
372.983459 300.446930 
190.487915 283.196014 
485.836182 314.664551 
348.331512 346.451569 
234.612823 345.640656 
210.686722 300.069092 
283.660370 294.916229 
349.450531 342.928253 
285.089142 410.559570 
253.928482 331.223236 
298.687561 395.932953 
163.998856 385.959473 
433.633698 338.820099 
275.175842 271.591095 
317.245361 245.246338 
312.283142 208.379501 
329.812042 341.149078 
329.812042 341.149078 
347.775116 214.060669 
299.224335 351.295258 
333.413300 300.460175 
429.312408 287.859680 
330.892975 301.113281 
194.872742 280.412628 
461.917542 314.302826 
165.146088 435.466339 
473.417175 322.469055 
264.739899 378.853607 
334.394165 355.934906 
277.178497 298.411041 
244.784927 282.506287 
442.723877 317.449493 
503.858887 309.480316 
212.816574 408.261078 
183.663086 438.295105 
264.774994 353.011871 
257.870209 312.113953 
247.354385 317.126648 
222.292755 273.264435 
343.108398 352.297577 
426.249023 291.377411 
493.822205 310.132874 
338.854279 347.995300 
192.672272 281.667969 
436.517395 383.409119 
436.517395 383.409119 
301.414246 303.224792 
162.854416 302.372101 
496.177246 311.500793 
171.506241 441.103271 
182.480209 430.502808 
451.575928 346.654846 
312.324005 372.769836 
338.854279 347.995300 
340.848785 356.674713 
319.026123 287.781799 
302.120972 386.155029 
484.733917 309.420807 
302.795288 254.373276 
273.904968 335.175293 
273.904968 335.175293 
264.739899 378.853607 
519.833069 376.129669 
271.879242 388.459595 
271.879242 388.459595 
295.862518 317.258087 
484.733917 309.420807 
384.124664 296.281738 
103.660202 437.251434 
208.193222 404.392334 
493.822205 310.132874 
277.178497 298.411041 
189.491302 379.531158 
447.139160 298.301514 
322.318237 392.379456 
473.417175 322.469055 
159.230957 436.813263 
334.394165 355.934906 
271.662048 383.179810 
193.281235 348.709534 
525.893921 310.396545 
278.946228 394.880951 
524.616150 345.741821 
524.616150 345.741821 
297.379669 418.115082 
375.103912 296.326080 
266.461517 291.824432 
266.461517 291.824432 
197.101089 338.774170 
469.748260 371.413727 
325.564331 302.985992 
322.282471 220.271652 
375.358978 296.987549 
292.688232 298.705261 
351.267822 359.751526 
493.066315 317.463776 
439.966858 310.677948 
470.888855 275.952637 
313.362946 409.825043 
164.336716 441.538269 
181.845840 442.854248 
375.103912 296.326080 
463.859192 447.149048 
316.757324 268.282227 
292.935760 386.303070 
171.717667 420.957886 
492.259033 269.438873 
496.177246 311.500793 
444.739594 315.109009 
368.162903 305.450775 
359.367615 310.453003 
245.653580 329.223236 
511.160400 327.678802 
184.835938 350.439697 
533.796082 375.813232 
497.189270 320.156525 
272.709412 351.338196 
211.535233 269.617798 
292.026703 275.489563 
480.090027 419.908752 
314.136902 424.234894 
480.090027 419.908752 
387.221558 311.273987 
493.822205 310.132874 
315.937988 215.450745 
254.384415 280.702759 
294.020233 315.883392 
458.722748 383.661285 
183.570786 391.466003 
248.682419 318.554749 
297.191254 340.498383 
163.206711 447.131653 
324.476624 285.989410 
308.671234 380.621735 
245.653580 329.223236 
137.816147 420.325623 
461.001312 280.686249 
441.092102 294.440796 
205.499039 320.321472 
236.437012 340.423981 
231.760818 342.618622 
318.332642 262.883362 
461.001312 280.686249 
290.192627 407.065216 
485.881348 231.691269 
287.435364 286.223633 
298.869263 377.749115 
352.423676 367.408997 
304.032104 248.066269 
