500
347.521667 214.713257 
277.358643 318.034393 
277.954132 316.842102 
322.303009 341.533569 
420.224854 228.400513 
160.369324 344.687012 
92.858292 341.317688 
93.249245 340.766693 
275.489380 206.318069 
359.670715 218.735321 
418.733673 228.432098 
162.009460 359.982849 
95.352943 344.733612 
241.297592 266.091553 
227.957962 197.168549 
142.237366 247.400330 
452.556030 247.821045 
424.614136 234.329758 
233.482452 335.916534 
294.897858 201.270309 
218.060318 203.691299 
293.835876 265.149780 
277.118378 319.964813 
288.355774 194.537415 
296.922455 254.368729 
279.952209 208.148148 
459.509827 220.808990 
146.605087 251.137436 
289.776459 168.517517 
342.228333 213.336273 
293.072998 265.480408 
280.938660 202.224579 
313.912750 364.059143 
444.916168 284.736786 
238.871078 327.525055 
146.427399 253.477539 
290.602478 264.308136 
421.994202 232.669220 
326.548431 341.158569 
454.447449 243.365128 
159.069122 344.441101 
455.071899 242.241531 
488.975403 194.954147 
452.379303 210.324860 
514.719055 217.582260 
266.319733 143.737717 
455.690308 243.086426 
478.496979 207.500641 
277.151093 321.404083 
342.628479 214.159790 
479.391998 207.700485 
289.884949 264.094757 
251.569397 330.376740 
217.597763 201.334381 
343.081940 219.674149 
163.547180 348.080933 
100.939125 353.330231 
245.896713 231.918381 
248.242371 331.843353 
94.124992 358.003601 
268.198914 146.101501 
340.748169 206.664093 
460.160126 269.354584 
145.664688 241.999344 
146.209671 242.334015 
311.756226 322.241821 
112.247520 331.191132 
110.230438 355.415344 
149.909515 241.834595 
267.910004 144.536240 
236.434601 178.818359 
275.502258 337.885132 
125.238510 351.726929 
228.482346 229.328751 
174.563416 330.416473 
322.310822 238.937820 
483.046143 210.592773 
249.066437 184.639572 
167.856125 339.465454 
448.348572 216.112732 
509.031677 208.939148 
175.119980 357.206207 
157.871841 343.858063 
234.052368 186.844788 
456.580750 212.277695 
453.532776 219.568619 
219.839111 206.212524 
141.847855 232.789413 
499.006378 212.602310 
499.224030 213.309479 
315.023590 229.914536 
246.267273 187.612473 
291.470215 170.573074 
465.590759 224.269592 
234.962738 186.864227 
141.853683 357.794373 
464.767517 224.417969 
97.904732 344.235321 
156.720322 248.124557 
153.054504 237.520538 
494.158020 238.724655 
140.668793 240.606125 
140.515274 241.248611 
232.099487 176.402374 
287.366882 198.124771 
460.109894 223.441711 
224.495041 238.912521 
238.754730 183.500412 
495.019745 238.501221 
280.849182 331.136444 
174.743668 347.517303 
270.992432 332.340576 
438.820221 223.463730 
462.194031 233.512207 
119.344109 367.901917 
248.387451 184.722076 
507.156189 241.176178 
297.782135 254.489594 
476.443207 210.209229 
140.137543 235.660950 
118.771545 360.176239 
269.776886 153.949295 
336.647644 210.054214 
482.200562 208.129578 
251.949646 196.152786 
457.462158 212.850571 
492.143829 193.491501 
148.502716 355.251404 
433.092773 216.191467 
314.637177 277.512238 
455.625458 219.855743 
454.286255 253.191605 
264.771454 210.830200 
90.325943 309.339233 
229.880875 334.217041 
238.560867 182.934814 
118.079704 360.485474 
216.781448 246.309509 
217.147476 245.951736 
105.462227 358.172729 
282.265472 334.434967 
472.706482 219.916321 
491.574768 247.817764 
475.863342 253.342041 
253.056992 329.753937 
228.370865 181.848770 
174.991211 351.859558 
221.067032 207.892120 
334.189667 207.894043 
292.807129 200.391083 
144.072876 234.656677 
257.983459 224.956467 
174.709518 325.050964 
443.379181 221.279144 
443.335907 220.590134 
475.633148 254.822800 
273.790741 155.310440 
329.268341 242.898239 
315.625214 276.738953 
278.889557 208.209000 
237.224060 182.103546 
295.694794 169.280807 
271.115631 330.809509 
288.636597 165.905716 
145.217224 246.788361 
294.505798 190.120422 
246.188156 181.979462 
483.702820 229.438843 
484.797760 193.085327 
511.643127 241.435455 
418.688660 232.780334 
419.208984 232.677444 
290.416107 188.581863 
143.413666 229.467377 
356.598206 219.583649 
297.370148 166.683060 
265.331665 230.575470 
453.839996 277.710266 
267.652130 136.707382 
460.244781 269.729584 
482.965668 204.144958 
296.289185 198.740112 
476.635162 239.344788 
478.454865 231.517487 
514.521362 215.660385 
306.978546 214.078522 
154.274841 239.087433 
291.116333 186.837341 
460.400543 224.241867 
455.863495 279.359741 
432.838196 223.042953 
304.817841 182.851562 
244.765274 226.597412 
266.267609 139.225967 
35.530678 303.808472 
284.763519 157.767471 
158.394821 248.543594 
473.876984 226.937515 
447.103516 193.067688 
437.175903 191.928864 
271.679596 154.417725 
289.654449 165.507187 
475.469971 194.861237 
416.611938 192.561844 
167.148773 358.505463 
480.698212 198.632751 
158.360550 227.694397 
306.162170 185.647842 
486.680603 261.664093 
476.886200 185.914627 
422.377289 195.807526 
445.319153 214.910843 
117.246025 350.705475 
248.577560 164.029572 
234.803787 175.577850 
450.317719 186.563080 
248.617050 164.803467 
422.419647 213.563156 
487.824249 229.451370 
213.125015 189.625305 
287.565002 212.162613 
476.079529 184.352997 
243.263123 327.784302 
471.862610 210.279297 
491.947266 231.499207 
433.457458 240.750488 
444.037384 192.521576 
321.234406 336.869720 
153.644501 228.653061 
385.506989 388.852295 
256.544312 221.066711 
416.711823 193.745270 
144.957062 354.162292 
157.158630 355.677551 
303.812622 183.273132 
474.284607 227.762741 
487.734802 230.163132 
465.665558 270.771729 
465.853638 271.246643 
426.391754 218.945129 
471.837097 238.041641 
238.150620 326.893646 
287.359192 213.404556 
475.378906 211.698151 
322.777039 177.062225 
37.193771 303.816101 
472.622803 248.342728 
338.360077 211.904373 
224.234619 228.316132 
283.415741 335.672760 
265.369873 211.902954 
241.950378 190.879517 
283.830902 336.298309 
291.507111 189.882538 
291.383606 162.534088 
467.175232 239.234482 
501.057495 237.635727 
417.463348 229.224258 
341.082001 237.221695 
224.722977 228.605118 
119.859894 347.173370 
469.286804 270.763550 
266.322754 229.384552 
304.736542 322.001526 
423.488770 190.728790 
502.595276 214.078186 
476.164917 183.115250 
152.880661 228.374283 
486.983704 253.691315 
477.420166 250.447815 
180.871384 352.947479 
429.767059 202.466522 
428.048187 186.232880 
453.380463 231.897324 
264.181122 232.427567 
440.333740 200.796509 
309.510864 180.676666 
469.780518 233.442810 
350.660736 218.050522 
245.524445 227.177521 
480.709290 256.877594 
294.072021 253.359009 
77.436989 319.977417 
487.472534 199.996902 
90.430161 336.858978 
124.073280 358.581329 
454.004517 197.295837 
223.787094 229.705475 
290.698181 173.847443 
479.827209 253.257080 
415.594452 209.087570 
429.653961 221.737976 
430.991577 222.423874 
482.839203 191.689438 
438.998138 200.919327 
472.971191 192.587036 
160.453491 226.985352 
415.893463 206.184464 
313.109528 227.775177 
479.454834 204.965393 
454.216064 202.652359 
258.032715 226.228745 
495.669281 216.525818 
444.152191 217.529251 
472.496033 238.946793 
468.920044 233.207108 
468.996887 233.351181 
215.821045 208.454163 
299.771942 169.073502 
268.537170 135.985901 
248.618805 179.863693 
314.452362 221.494812 
156.777344 244.678955 
346.210571 209.843353 
51.253273 306.947327 
469.046783 193.166885 
374.269623 252.218948 
303.078644 183.588104 
454.443939 274.576538 
222.061600 203.756821 
512.616333 268.227478 
512.920471 268.299927 
441.131744 198.994675 
484.324890 255.572250 
254.931595 151.082367 
94.874336 317.723511 
94.989006 317.818146 
452.242096 180.824448 
455.405304 200.519882 
436.332794 226.580765 
506.246124 213.313507 
429.029053 222.890533 
311.098297 278.970520 
200.725677 190.824982 
201.351746 190.961014 
155.033661 227.395874 
363.554626 219.903809 
155.845978 353.763550 
162.336136 228.539398 
299.982300 200.260117 
485.245789 248.577927 
412.948944 222.443085 
392.253265 390.279602 
267.437561 155.548752 
401.303070 220.344070 
322.834015 336.758362 
309.479492 341.615753 
280.945648 155.612823 
159.760101 231.792145 
433.909882 243.415894 
466.145966 207.142761 
136.680145 217.683456 
487.452209 253.028503 
215.882553 188.698410 
460.693756 221.403214 
460.952057 221.133881 
409.789520 256.887695 
409.823242 257.302277 
452.859650 178.872452 
256.686829 195.607056 
281.572968 155.270935 
471.390228 217.741226 
452.510681 184.218277 
141.576950 220.898956 
256.873901 197.485184 
39.872059 303.350739 
473.226471 191.528610 
457.034637 252.933212 
291.807770 211.285492 
471.290375 273.976135 
158.321884 244.900146 
348.103546 250.020752 
416.611420 212.894913 
462.495209 187.076187 
491.950867 268.080566 
472.887054 175.807159 
454.966095 201.647659 
169.854462 358.218079 
388.642853 375.124908 
327.444763 242.615799 
282.158936 164.509048 
509.712402 256.410950 
349.027679 250.185608 
213.835129 236.299408 
477.390442 227.550339 
450.449097 228.160751 
450.497864 227.566467 
483.461273 190.355270 
449.728516 207.182205 
407.924438 201.230774 
247.564331 178.685577 
445.156433 195.985825 
451.627289 182.800873 
156.980957 348.603424 
157.308762 349.244690 
444.737213 196.528961 
247.427948 235.573318 
99.478806 340.212189 
440.862640 201.382996 
496.405548 234.997147 
213.095200 236.570175 
338.268005 266.947113 
338.097382 267.024475 
469.825623 224.688889 
521.098816 436.673004 
213.933197 225.113586 
413.144165 285.468048 
141.856400 221.528839 
346.718689 208.824356 
141.537201 229.929520 
328.930328 241.075256 
269.529907 147.077652 
153.580780 341.965363 
215.607285 191.404312 
315.087311 220.671036 
469.019379 211.364059 
440.574432 311.511627 
313.609283 181.475815 
360.613831 215.802948 
412.924469 229.103012 
148.430161 228.970596 
446.061829 239.059998 
415.355957 212.548492 
94.999809 317.161133 
222.386185 209.696655 
162.561829 344.678345 
439.715118 206.709900 
463.117126 220.887161 
442.756683 209.873672 
438.124786 218.982147 
473.853546 176.087723 
427.357513 267.696564 
217.042404 224.995911 
210.084167 235.284134 
417.569427 195.231064 
447.424133 196.111877 
448.063782 223.600327 
440.225250 235.719254 
252.947998 148.655426 
487.964142 233.269318 
329.787415 241.477295 
268.575195 299.846069 
453.614594 285.089844 
127.435326 347.889587 
213.365311 227.407654 
477.733826 228.211914 
477.616577 200.449936 
424.107605 388.581940 
472.969604 189.549072 
342.974915 248.351608 
480.371521 260.497803 
282.849762 224.349167 
426.187927 267.344818 
502.442902 276.652527 
331.556335 271.256195 
506.897339 316.366211 
469.155701 214.632385 
313.334686 180.378937 
314.303589 222.371414 
111.264595 358.983551 
272.611298 140.057938 
436.563263 178.632843 
505.428192 239.228439 
459.515350 255.202072 
485.265594 194.785385 
519.484314 249.740601 
331.941010 271.884399 
247.075500 177.787308 
248.764053 236.464432 
499.867218 298.485077 
498.888885 270.644104 
424.241974 192.043777 
269.632599 301.751648 
334.703094 253.291885 
405.927979 207.468094 
348.100433 245.838837 
460.045197 256.502319 
473.180206 233.610489 
253.284683 144.549728 
217.751556 227.601089 
422.766235 270.293579 
265.538574 236.212158 
309.483643 345.343719 
447.259308 224.446945 
154.815536 357.406891 
438.222473 312.612915 
160.762009 233.471954 
424.011810 269.842285 
460.489410 206.868530 
324.450684 176.054520 
505.231506 298.982269 
247.157379 326.726929 
377.041534 242.548264 
122.618179 346.934601 
232.588531 349.782196 
522.760193 233.210480 
436.453400 252.579132 
159.728729 234.869476 
156.706116 225.918671 
365.034271 221.492889 
