500
337.295013 325.944153 
337.295013 325.944153 
375.377930 301.057098 
266.998932 422.022614 
193.278595 353.597748 
264.168335 423.999664 
275.597626 311.321259 
264.438995 242.287643 
315.127502 275.727478 
336.104706 198.194107 
310.698059 266.254791 
187.509979 358.571503 
265.642670 225.119797 
313.916382 277.022461 
275.401093 433.498657 
193.647919 359.696228 
221.692123 202.791855 
312.383881 276.634674 
271.582733 218.489746 
271.582733 218.489746 
221.315598 266.208252 
217.785034 276.767609 
338.362305 329.331757 
340.416992 311.453247 
187.126007 353.231445 
187.126007 353.231445 
200.191650 353.297150 
426.901520 161.101395 
250.553223 204.924896 
202.029648 356.032898 
268.418976 240.980362 
338.362305 329.331757 
312.383881 276.634674 
263.270020 424.400604 
266.963654 420.514954 
262.314728 419.306000 
190.149841 350.769226 
214.856964 276.288422 
392.505371 168.122177 
453.554260 98.058807 
324.009796 353.133667 
408.477936 159.831314 
343.813690 336.499512 
219.090897 252.580383 
219.090897 252.580383 
424.026489 154.827194 
315.399902 358.968384 
324.812042 355.388489 
179.512314 352.741791 
202.029648 356.032898 
369.290436 299.067657 
423.070892 153.626801 
340.416992 311.453247 
183.274094 356.171173 
183.274094 356.171173 
427.116699 152.897964 
348.975952 343.410767 
394.424622 338.850494 
263.270020 424.400604 
375.377930 301.057098 
451.220276 127.114197 
284.408142 422.595978 
179.154922 347.674133 
256.531036 281.618622 
189.140198 344.999573 
445.474579 172.295746 
419.239532 96.604416 
242.538864 451.153656 
338.578979 342.332550 
227.871841 247.196976 
421.965149 124.759033 
367.155731 307.757202 
410.777344 138.500504 
193.647919 359.696228 
313.172699 201.796371 
421.274200 135.360931 
243.347214 290.358734 
229.353027 243.365784 
409.627258 188.470322 
253.096130 205.133087 
421.274200 135.360931 
266.258057 403.470917 
464.849823 115.755661 
429.087524 139.143051 
454.945679 135.907196 
277.446350 417.941589 
181.399063 348.092377 
222.354355 213.894073 
218.634857 277.871552 
401.396545 145.080750 
401.396545 145.080750 
350.392700 248.533417 
221.139679 248.703308 
224.847092 206.579102 
420.901489 112.433220 
310.698059 266.254791 
421.445496 92.401222 
398.916260 143.045044 
429.087524 139.143051 
429.087524 139.143051 
242.609436 459.153534 
389.815430 148.309525 
399.495667 151.564621 
202.403885 361.897308 
275.975220 205.314590 
207.306335 278.091339 
405.441772 131.292389 
424.137634 143.748306 
245.322510 300.268921 
310.185974 205.681137 
410.777344 138.500504 
267.589630 229.351212 
220.861435 196.816971 
444.157227 94.559166 
242.335648 459.285034 
195.547409 365.028320 
343.813690 336.499512 
429.594391 161.681183 
338.912476 271.266022 
229.353027 243.365784 
380.192230 183.320663 
396.363403 147.427811 
188.230591 440.028717 
321.021484 236.976410 
308.937561 234.759216 
243.969543 458.354034 
221.139679 248.703308 
405.441772 131.292389 
223.261810 276.736450 
229.001205 204.851303 
324.009796 353.133667 
280.708069 419.518219 
211.156555 247.160797 
275.975220 205.314590 
202.029648 356.032898 
244.532028 311.280273 
244.532028 311.280273 
464.932648 121.278976 
233.434326 463.216461 
425.455719 103.940529 
451.068634 140.449112 
256.221375 254.388702 
213.338638 197.485809 
372.657562 154.695999 
225.123276 241.253784 
338.578979 342.332550 
269.862396 426.272278 
253.035126 201.177841 
447.658203 151.130051 
260.920166 440.338562 
338.912476 271.266022 
386.267883 292.856934 
434.959442 127.788116 
446.086151 182.560532 
350.392700 248.533417 
253.852798 198.920456 
268.418976 240.980362 
412.256561 97.062782 
191.446732 358.285248 
263.606201 219.739197 
189.140198 344.999573 
207.306335 278.091339 
210.242538 463.229767 
210.242538 463.229767 
451.220276 127.114197 
448.217957 148.427612 
272.421295 269.234955 
265.897675 219.537354 
218.294846 282.878113 
202.403885 361.897308 
343.813690 336.499512 
293.183411 228.516693 
264.320923 217.845612 
445.474579 172.295746 
330.989380 199.705597 
325.753265 365.652985 
248.051422 203.117935 
267.421967 429.393463 
267.421967 429.393463 
251.071198 281.275665 
369.290436 299.067657 
215.630554 462.631195 
453.554260 98.058807 
399.495667 151.564621 
221.139679 248.703308 
259.756683 426.434723 
428.770203 131.288849 
211.156555 247.160797 
408.251068 137.476425 
448.103394 182.589813 
413.527313 106.075706 
248.051422 203.117935 
229.001205 204.851303 
460.339539 149.740799 
362.896576 141.658432 
216.081635 228.296539 
436.471191 130.931030 
216.081635 228.296539 
434.237457 141.618027 
451.068634 140.449112 
188.286484 334.273285 
239.896957 199.778000 
367.924500 203.159470 
213.338638 197.485809 
275.194977 429.078583 
177.079269 345.006042 
268.666260 432.773193 
308.148590 206.504913 
272.421295 269.234955 
202.029648 356.032898 
446.326691 347.908264 
387.352448 122.070747 
227.756348 249.381805 
425.455719 103.940529 
451.068634 140.449112 
235.044785 454.656586 
379.591614 168.305847 
367.924500 203.159470 
378.784576 153.796219 
205.892532 270.907654 
416.090851 143.353470 
446.326691 347.908264 
195.547409 365.028320 
387.359131 123.145905 
428.770203 131.288849 
281.432159 189.391434 
186.528442 337.651337 
263.606201 219.739197 
315.399902 358.968384 
369.628937 140.016617 
451.440063 168.233109 
451.440063 168.233109 
213.338638 197.485809 
362.896576 141.658432 
276.781769 237.136215 
415.845886 141.306808 
237.680008 293.379547 
439.829651 148.399933 
237.680008 293.379547 
183.559860 338.282349 
434.237457 141.618027 
437.620728 126.670448 
412.743011 132.878159 
366.236694 133.819046 
235.620041 451.017242 
406.967255 167.293762 
244.637405 200.087631 
293.724731 397.706879 
237.680008 293.379547 
310.698059 266.254791 
446.326691 347.908264 
454.880280 165.550613 
315.399902 358.968384 
340.416992 311.453247 
222.354355 213.894073 
251.071198 281.275665 
275.975220 205.314590 
272.045563 270.079163 
441.792206 124.254570 
218.294846 282.878113 
409.252167 104.925499 
285.026611 415.855957 
276.239960 239.399826 
398.229584 125.289696 
401.780212 95.546021 
253.096130 205.133087 
415.845886 141.306808 
328.857452 227.999802 
222.354355 213.894073 
404.739929 105.999825 
389.192139 138.087952 
400.481415 354.717072 
400.481415 354.717072 
380.873566 321.365234 
409.252167 104.925499 
222.354355 213.894073 
269.967865 200.782303 
406.704803 193.712723 
410.746246 120.269211 
190.289688 332.010040 
253.852798 198.920456 
353.305145 334.774658 
353.305145 334.774658 
190.289688 332.010040 
558.437927 284.231598 
190.074020 336.735535 
366.114258 216.084198 
446.326691 347.908264 
446.326691 347.908264 
338.912476 271.266022 
394.802673 142.581100 
454.194031 146.751785 
340.416992 311.453247 
448.217957 148.427612 
267.421967 429.393463 
183.559860 338.282349 
217.638809 272.575470 
440.522949 142.782715 
371.541168 152.439636 
298.790100 230.544281 
257.232635 208.909485 
362.926178 313.641876 
268.666260 432.773193 
197.788864 444.222809 
197.788864 444.222809 
446.326691 347.908264 
429.571320 131.159668 
446.326691 347.908264 
406.967255 167.293762 
415.845886 141.306808 
241.819550 206.087311 
365.949432 170.977036 
425.687500 103.389915 
445.669220 185.499527 
171.528549 340.043427 
415.845886 141.306808 
465.109802 135.443420 
428.495056 139.494522 
284.408142 422.595978 
437.090302 176.871124 
395.106903 136.404785 
225.123276 241.253784 
336.104706 198.194107 
446.326691 347.908264 
180.897003 341.751984 
224.847092 206.579102 
517.454468 304.809692 
338.532379 225.048630 
205.892532 270.907654 
415.845886 141.306808 
196.748993 278.814331 
196.748993 278.814331 
237.125244 199.045364 
517.454468 304.809692 
431.553833 162.176880 
328.857452 227.999802 
167.267761 341.221100 
409.252167 104.925499 
517.454468 304.809692 
237.125244 199.045364 
276.781769 237.136215 
460.339539 149.740799 
384.624664 167.262680 
443.905945 97.172234 
415.845886 141.306808 
446.326691 347.908264 
485.063568 295.381592 
256.531036 281.618622 
406.203796 85.768433 
409.252167 104.925499 
395.375336 168.376221 
308.937561 234.759216 
447.334808 127.453995 
412.743011 132.878159 
279.750092 250.701553 
351.331787 249.422272 
379.591614 168.305847 
351.331787 249.422272 
429.087524 139.143051 
408.251068 137.476425 
171.528549 340.043427 
435.472595 143.014191 
435.472595 143.014191 
449.812744 217.520065 
429.087524 139.143051 
276.289703 198.200897 
394.802673 142.581100 
229.246246 298.446625 
428.495056 139.494522 
429.571320 131.159668 
409.252167 104.925499 
444.157227 94.559166 
408.200195 117.372154 
446.326691 347.908264 
205.892532 270.907654 
399.412445 194.656052 
438.971710 109.334953 
200.330551 447.453583 
223.261810 276.736450 
225.123276 241.253784 
298.790100 230.544281 
414.291229 84.817299 
241.465256 445.796783 
414.736908 108.046539 
407.913300 137.820587 
419.499634 191.893311 
613.668335 269.958374 
613.668335 269.958374 
403.222443 165.597168 
197.788864 444.222809 
367.476562 120.329056 
408.477936 159.831314 
416.063080 135.180206 
416.063080 135.180206 
430.952637 91.804192 
238.563736 303.724823 
419.499634 191.893311 
408.200195 117.372154 
408.200195 117.372154 
408.200195 117.372154 
215.187149 459.075256 
231.011215 294.528931 
375.938629 160.598953 
256.531036 281.618622 
613.668335 269.958374 
613.668335 269.958374 
554.611572 286.178131 
446.326691 347.908264 
331.265930 195.943512 
494.776459 169.112167 
471.064362 308.420593 
238.563736 303.724823 
232.281311 296.594055 
362.896576 141.658432 
416.063080 135.180206 
366.236694 133.819046 
276.289703 198.200897 
458.337616 186.234039 
429.087524 139.143051 
328.334747 203.165817 
400.481415 354.717072 
386.583313 131.935074 
298.790100 230.544281 
497.207794 188.068253 
274.844849 272.070709 
429.087524 139.143051 
318.903900 205.195557 
388.451813 166.525528 
311.561951 265.512054 
232.310684 306.806183 
410.777344 138.500504 
281.432159 189.391434 
415.845886 141.306808 
386.583313 131.935074 
379.225616 166.775482 
412.743011 132.878159 
383.656616 157.435410 
396.711578 92.309097 
218.294846 282.878113 
436.671844 99.489845 
323.069122 353.505981 
451.303101 222.144592 
392.055695 156.201843 
276.781769 237.136215 
281.538147 191.561340 
500.143066 166.479233 
446.326691 347.908264 
358.099213 221.875931 
394.945465 154.699280 
555.686035 282.832733 
311.561951 265.512054 
494.146881 190.467300 
232.281311 296.594055 
225.123276 241.253784 
554.611572 286.178131 
431.540283 145.123352 
185.539124 338.832672 
392.505371 168.122177 
284.408142 422.595978 
284.408142 422.595978 
492.215820 185.995926 
190.884781 341.000214 
465.109802 135.443420 
206.856216 464.220673 
331.891266 227.909332 
218.829025 193.570877 
396.711578 92.309097 
554.611572 286.178131 
406.203796 85.768433 
256.013184 284.359558 
339.074463 233.012344 
494.776459 169.112167 
454.194031 146.751785 
323.599396 208.973160 
336.104706 198.194107 
369.628937 140.016617 
190.884781 341.000214 
430.952637 91.804192 
447.658203 151.130051 
344.873108 225.011932 
218.634857 277.871552 
362.543579 206.911423 
406.887726 144.083801 
465.109802 135.443420 
465.109802 135.443420 
401.780212 95.546021 
327.175598 381.787537 
256.531036 281.618622 
219.325043 239.218384 
219.325043 239.218384 
500.143066 166.479233 
342.019928 242.549423 
454.945679 135.907196 
391.273407 132.188385 
201.007172 277.154205 
337.909882 274.730164 
167.267761 341.221100 
200.330551 447.453583 
395.375336 168.376221 
439.560486 104.447144 
