972
300.938019 285.794006 
335.573303 310.125824 
278.127197 391.002258 
336.248169 308.972778 
324.906189 396.183594 
276.464691 395.940552 
296.716064 309.901398 
329.788635 286.653412 
294.104309 284.930115 
318.323761 307.485199 
277.507690 395.894714 
277.541168 395.987305 
275.432770 270.946014 
203.131088 341.229279 
202.160141 341.720398 
299.484833 304.955994 
325.016083 314.775299 
334.538696 285.122284 
185.250427 402.430756 
336.378296 339.963715 
323.714813 307.286469 
295.843689 308.087433 
315.614746 305.908264 
270.766876 293.853149 
279.181030 416.155853 
338.879822 283.013702 
342.083923 284.974365 
299.316589 368.779327 
519.693420 227.801132 
195.103592 337.777863 
341.416077 285.511444 
318.590576 315.461304 
331.034241 298.845367 
296.718994 312.426849 
287.513031 295.920502 
201.333313 350.262390 
333.923065 396.482208 
344.329742 283.733551 
336.112396 308.052612 
291.455963 360.577271 
254.847610 296.306915 
256.227417 297.765015 
338.792053 343.192169 
339.403900 343.459076 
255.614761 296.702026 
297.931244 303.176758 
339.602570 283.951569 
282.516541 296.248260 
303.361328 310.436554 
332.384644 289.370941 
333.202362 338.368774 
247.809860 284.667419 
324.541473 318.341675 
334.167511 395.467773 
306.139313 298.609467 
325.176361 403.829773 
325.687042 396.964935 
327.201660 402.569733 
329.048981 319.536926 
291.860840 360.849792 
312.221191 320.433014 
341.144257 345.584106 
278.087311 316.308167 
298.963501 286.793091 
194.913788 338.580383 
300.168640 280.416443 
184.167877 411.283752 
270.054138 358.831879 
328.318420 320.452087 
212.796768 337.627930 
542.795898 290.435638 
252.657013 300.647614 
318.805817 293.049866 
336.803467 285.472076 
231.127396 343.648102 
514.054932 227.733063 
200.052658 351.488525 
361.604187 298.144928 
517.793884 338.445709 
315.178711 375.852173 
545.198608 292.697449 
237.477509 344.592163 
298.501953 369.856262 
333.026062 299.644409 
180.897537 400.162384 
183.076126 414.700531 
300.393951 298.153351 
539.145569 289.658173 
484.659363 278.271454 
183.265244 414.157593 
335.603729 339.201294 
340.965759 282.172211 
309.545044 303.414734 
181.080353 400.959503 
270.057617 293.641144 
359.747345 301.226715 
196.267441 342.129486 
314.462036 396.258484 
538.613098 288.811890 
334.004181 397.562134 
333.297272 321.982758 
280.642456 351.040771 
283.104462 288.106934 
306.040985 315.974823 
308.792206 303.338867 
299.879425 372.439148 
300.291931 372.402863 
153.759003 421.916504 
272.700836 393.736053 
290.254761 294.281189 
289.577972 293.997711 
506.643402 334.260437 
180.610840 396.054596 
300.640015 437.047546 
287.962921 291.435059 
364.870575 300.100403 
160.496109 423.018097 
161.850586 423.576324 
282.461273 268.174042 
284.879242 343.579193 
179.912018 393.532990 
108.060860 419.468475 
325.512695 315.523987 
326.242249 316.422302 
357.898376 297.795990 
319.072845 298.921082 
283.558105 284.576019 
198.365494 354.511353 
161.971680 207.934555 
172.903305 362.880463 
326.765198 308.527771 
280.869049 315.357422 
300.393433 315.210693 
300.185455 314.636719 
305.077972 279.073853 
506.321259 333.776276 
158.829666 396.187866 
355.642365 298.747711 
296.899780 300.271332 
131.222778 422.834167 
321.548218 265.474213 
338.953064 276.607666 
185.385498 303.293243 
327.231140 406.795563 
159.221039 395.460907 
298.734955 290.688538 
280.509460 338.538574 
270.645325 386.012085 
297.749908 288.017303 
286.087311 266.874176 
312.700165 303.132477 
254.870300 292.937744 
299.096100 273.526428 
555.299744 330.196533 
558.245239 305.731476 
518.677429 324.513702 
315.235016 304.772766 
318.668182 266.085480 
288.995392 361.093323 
334.658691 275.710297 
317.201508 362.203949 
197.552124 359.992523 
334.575165 303.030029 
465.081177 296.840515 
329.905396 272.227448 
340.388184 298.247711 
290.874329 362.101471 
470.155945 304.150879 
318.946686 301.150879 
280.627563 350.480499 
317.283112 295.867432 
105.562988 419.477081 
308.165558 428.338593 
308.396729 296.834686 
307.688324 296.655243 
274.810974 282.573364 
349.158173 282.171204 
267.323853 297.677490 
202.460617 345.597168 
273.669037 365.256897 
307.844879 396.917419 
310.074982 319.879822 
280.744598 269.350098 
224.274246 211.492310 
181.750580 410.411835 
296.039551 295.662750 
233.517059 344.282227 
233.599380 344.953156 
307.856873 384.944977 
314.880890 303.536316 
272.557587 365.186829 
338.148834 288.419647 
298.025024 291.132935 
196.845337 359.792511 
259.648285 213.720947 
470.068878 304.825745 
305.330627 428.214142 
522.477966 330.620667 
355.474487 357.197388 
201.786728 336.422485 
183.013611 407.979828 
269.946106 297.108307 
160.345123 395.225372 
300.866455 393.436462 
201.888580 354.233765 
567.878845 328.529175 
340.016388 289.117523 
459.156311 312.292664 
341.334961 298.448334 
316.690887 263.143433 
351.567932 358.119110 
287.359589 272.832703 
317.833679 263.717682 
366.407532 360.356171 
568.023193 313.103760 
465.602142 296.245972 
470.643188 388.053162 
333.802643 319.556976 
315.694305 325.307129 
299.007294 363.505493 
454.903717 285.698639 
284.593933 339.160004 
429.533539 356.810760 
178.558807 403.528168 
278.040833 364.255859 
322.290588 267.944305 
335.870148 302.912903 
352.022339 284.967987 
470.158081 303.190948 
279.805389 327.650818 
483.467194 407.291840 
171.487595 304.300354 
168.018875 303.080902 
337.815979 293.660034 
249.225815 213.345612 
467.381409 301.939606 
311.329010 250.316498 
483.776428 297.085144 
459.466431 297.095734 
182.874222 355.016663 
296.259430 275.213440 
312.144257 405.406982 
322.543762 267.215881 
299.652802 401.885590 
345.556000 331.604950 
561.728699 322.653961 
451.189453 314.228241 
522.541870 332.069672 
129.780853 429.785614 
200.080215 346.461395 
186.583939 393.278198 
311.649292 257.457672 
542.838684 229.676620 
524.078674 283.131042 
448.873016 307.497253 
268.417328 290.666290 
509.460083 268.605713 
294.409698 272.432098 
541.819519 388.480530 
189.001144 396.599426 
289.050446 272.606934 
271.851074 403.388794 
275.723419 316.765076 
176.060760 364.254974 
469.763977 388.262512 
490.830627 309.933472 
548.110596 312.541138 
331.843506 405.944702 
518.357117 294.367889 
456.320587 311.359680 
293.037628 291.239899 
332.800995 313.102264 
325.532410 265.411133 
326.221619 265.149933 
180.891205 420.268738 
200.285370 356.698517 
280.643250 329.541107 
283.431061 276.322113 
182.870926 300.263428 
183.632339 355.054443 
271.309570 290.744659 
450.235565 309.449524 
244.902573 326.653412 
478.164337 292.183441 
298.678955 397.948364 
514.224548 280.379608 
509.953796 333.327087 
456.565735 295.529541 
186.060150 351.417023 
470.403229 296.697723 
472.288635 341.331757 
338.851715 275.907074 
448.672821 311.609650 
449.022522 311.919434 
535.632324 307.560699 
300.663452 271.707458 
469.319275 388.326233 
474.036407 304.229034 
316.489563 402.763977 
181.158264 389.984711 
548.755554 313.117950 
164.204681 325.160828 
180.779221 413.167084 
594.905029 232.519562 
479.054901 292.332031 
512.185120 398.725433 
570.059265 310.555939 
297.834412 398.476624 
320.533051 288.709808 
324.038208 219.097580 
546.609192 302.119934 
494.503082 308.622070 
543.391968 385.752625 
273.199127 387.691528 
180.018692 412.772247 
453.886230 313.093323 
156.752762 388.181458 
322.488281 278.398254 
477.754333 288.252106 
477.999786 287.720093 
456.180206 296.611328 
439.632355 333.567688 
440.370941 334.175507 
559.704834 321.954803 
201.526642 429.741425 
286.797485 332.866150 
287.248627 333.433868 
280.700745 342.307861 
452.572968 306.987457 
271.337677 410.932343 
216.849991 420.563690 
202.059738 346.940918 
285.117981 391.818054 
318.933502 283.452820 
285.558502 340.716431 
480.406738 282.743805 
312.036591 302.144135 
179.179214 408.544830 
280.467377 325.902008 
190.838470 342.802856 
537.761108 309.063141 
547.377747 286.696747 
481.520447 407.042542 
281.569550 416.167755 
279.599792 338.320068 
446.377167 312.300629 
447.995270 314.875092 
530.694336 407.496643 
89.038635 423.762604 
565.744873 324.374298 
493.738495 282.562714 
462.408356 314.443207 
273.645569 287.812927 
493.226562 282.593628 
540.956482 389.334015 
322.743042 211.819534 
525.289490 329.960663 
307.823242 418.414825 
69.326477 423.874847 
490.087280 278.698853 
498.572784 403.195923 
286.118561 340.096344 
86.982155 423.640289 
302.068024 280.379822 
536.987244 307.300537 
193.027039 313.052979 
269.477570 290.306305 
493.691772 282.230225 
169.977524 350.174988 
369.899017 309.798309 
474.121368 295.375366 
52.177017 422.717560 
538.814575 392.784027 
473.899048 301.085358 
186.152847 414.383911 
517.132935 396.834839 
280.795898 277.492279 
477.996124 282.977570 
478.343048 282.956635 
58.211487 427.140320 
533.523865 307.657440 
480.614899 295.508026 
172.527283 303.393860 
248.969269 320.864990 
462.100830 294.873108 
366.679352 300.662170 
303.494263 392.783783 
353.535706 301.870026 
304.897644 343.454559 
194.149384 417.139954 
447.289856 317.134735 
157.012070 387.452881 
559.052917 300.534943 
185.172913 350.618103 
349.900452 329.187286 
569.143860 327.323059 
317.330719 289.493164 
333.841858 267.898621 
179.355804 410.265076 
186.762543 350.413666 
293.401062 419.695557 
292.507416 420.022369 
292.733673 420.201721 
178.578644 414.625488 
163.341278 432.757294 
543.422668 390.355499 
455.068207 342.446716 
357.122040 302.020660 
464.487915 284.557831 
314.277802 299.474457 
314.277557 298.756317 
532.497559 307.673096 
553.408020 316.637115 
217.695389 273.435364 
299.128632 395.387878 
501.183105 359.122498 
84.458191 426.572479 
319.110931 376.751648 
501.032990 332.473358 
495.552032 367.083832 
269.561829 385.259186 
454.161621 293.757721 
333.719757 403.121338 
177.418442 360.858734 
282.042450 287.074371 
217.423248 422.810547 
85.910782 426.558014 
222.645645 271.619843 
552.641724 316.244537 
288.815277 339.099548 
259.981110 314.193939 
353.924622 301.404663 
521.277893 287.738129 
550.574463 314.404694 
367.594421 362.792145 
461.989990 283.880219 
177.674316 414.385742 
367.265503 365.385193 
510.572418 333.098267 
278.514832 324.918182 
361.704102 295.636841 
288.122437 342.362915 
494.224548 299.526001 
256.842041 326.984558 
60.389015 427.787811 
300.546661 424.079376 
572.083191 300.782593 
303.198242 319.352295 
247.969376 292.863983 
301.795898 405.706451 
92.865646 203.878372 
282.542969 413.592377 
299.300690 244.741486 
540.970825 345.080536 
474.766357 351.184387 
265.282379 294.911743 
283.915314 272.726471 
68.517189 426.991577 
504.424225 354.603973 
306.122528 383.709808 
449.789673 367.648254 
155.944214 388.196075 
283.196686 324.972687 
177.207626 279.599579 
253.330185 293.602478 
316.524017 251.600220 
300.743073 404.350800 
93.765846 204.160385 
499.319489 323.631927 
513.681946 315.752075 
57.039146 201.771988 
173.795746 302.537537 
461.645782 311.371552 
506.327393 359.865295 
350.525635 340.306061 
170.986099 300.907043 
581.368042 231.676773 
222.123428 270.703125 
288.611359 386.222809 
172.496490 307.581970 
265.952911 288.692596 
195.243118 386.197174 
502.771088 359.404449 
316.581818 253.033966 
565.120789 309.982361 
276.867004 343.953705 
548.859497 383.947235 
509.629150 266.972565 
202.110046 332.266571 
351.944427 336.038147 
316.424469 321.664734 
277.000549 288.033264 
557.380615 313.975159 
343.619202 363.161041 
288.401184 269.503784 
457.026154 276.129120 
219.295700 272.840454 
537.020874 405.409760 
558.116577 322.292480 
448.397797 298.738068 
178.155548 360.511444 
481.418854 394.304474 
320.927490 223.781845 
160.151596 387.487640 
467.869904 279.556061 
294.294678 426.527710 
538.579956 314.598175 
176.212692 356.503204 
287.667053 385.653503 
316.740570 254.210892 
358.511627 307.708588 
457.051300 330.355560 
474.367645 387.665833 
495.305328 405.371582 
305.865784 344.582703 
285.704681 325.407593 
251.082581 326.407837 
300.044861 408.341003 
571.662415 319.818909 
457.449005 374.951508 
506.393677 407.255524 
505.535278 406.349091 
297.562469 379.483734 
256.128601 271.143188 
306.757263 404.297516 
289.377197 324.677979 
453.488281 280.163544 
582.161682 355.458771 
304.134399 419.058960 
549.998108 382.531158 
473.831451 387.493683 
498.406921 328.166870 
467.018433 286.964874 
297.108429 439.637421 
276.523895 323.383179 
495.326324 366.771606 
344.553162 362.916016 
202.793594 430.201752 
509.277832 348.205536 
452.334412 286.276825 
258.802368 288.270966 
550.396667 349.237976 
174.700607 302.315521 
138.638763 206.981781 
352.013794 337.010742 
198.793396 302.439758 
553.304443 356.538239 
583.147644 354.114716 
479.330475 327.188324 
167.637939 319.117279 
468.205139 313.451752 
485.610596 300.746155 
278.073425 317.581116 
489.402588 303.076050 
192.155014 377.958923 
104.836060 205.032104 
179.295364 312.059967 
464.935486 315.241455 
171.230103 300.073730 
169.273087 353.420441 
462.534180 346.868927 
443.885986 294.760956 
335.962524 220.662109 
355.965546 283.133972 
191.778580 310.178650 
547.741821 328.474060 
488.698273 304.384155 
287.635406 397.298431 
164.335724 318.672668 
163.884628 258.304474 
545.264709 389.454437 
473.922363 320.152893 
515.809387 349.456818 
195.296082 294.608124 
451.870667 430.174744 
515.024719 333.234497 
518.837036 349.679932 
519.077759 350.295258 
186.687515 410.716522 
502.686035 324.949341 
477.312103 322.228333 
311.676239 427.949097 
273.768005 308.895020 
556.884705 317.222900 
556.989563 316.592377 
344.213196 346.998291 
344.089203 346.533356 
284.692566 314.142059 
194.855255 310.794128 
347.929352 356.941254 
184.246231 311.142273 
528.551208 337.200348 
178.483704 417.453949 
317.450134 356.291168 
502.249542 323.968506 
188.708755 286.641052 
265.733582 300.721344 
190.591644 354.470978 
191.100616 354.087341 
258.066895 334.563934 
449.739746 285.839966 
251.833633 319.251709 
326.057587 213.358978 
260.424469 283.575470 
352.763885 340.862732 
336.479279 268.384705 
170.522186 424.290710 
316.083160 300.957153 
197.434952 298.728546 
332.650146 335.412720 
509.889465 348.201660 
489.460846 297.373260 
200.850998 297.995422 
329.812714 389.488434 
285.931610 360.696991 
278.091370 424.946960 
177.996399 391.154114 
506.692047 315.524017 
261.916199 297.711670 
562.428528 344.024872 
192.294357 351.590057 
405.336914 310.626434 
192.884583 387.481995 
582.487061 356.526642 
437.551666 293.932922 
277.255371 336.856079 
454.228973 342.563385 
315.921814 301.940887 
342.172607 215.648468 
179.347992 390.358124 
260.090973 282.115143 
256.188110 283.999512 
544.868530 345.077454 
515.455200 312.822479 
514.935181 312.957581 
543.028442 311.349976 
55.771786 427.951019 
521.813843 325.134918 
197.991074 404.327301 
330.842377 210.714706 
491.339050 298.349640 
500.909607 322.078278 
364.197937 301.652039 
513.533142 318.491119 
321.889679 225.185989 
351.029694 215.364517 
125.999420 205.937637 
199.487564 306.960999 
241.622116 424.119293 
347.209900 303.445312 
319.141602 264.443420 
319.487976 264.189209 
196.119431 423.509308 
515.067871 349.304108 
187.551010 344.203644 
299.587769 422.400269 
527.580688 306.266083 
478.061768 324.213776 
484.477295 400.278473 
354.296661 212.637711 
477.561066 400.109558 
253.275955 338.047882 
228.039963 331.726410 
214.700989 417.165466 
168.572586 376.126648 
190.361221 388.850861 
301.284180 343.066772 
501.032593 299.844025 
562.259949 344.792511 
202.395096 255.003830 
162.862640 330.169159 
285.359375 311.830750 
383.222839 292.896729 
295.667358 249.619949 
487.249115 394.700409 
180.187637 313.814545 
515.264465 354.914703 
514.676697 355.265228 
485.729736 315.459747 
179.221786 359.498108 
178.083603 312.661591 
502.266144 299.929718 
484.635132 335.609222 
259.535156 283.253143 
190.028885 393.956909 
341.851868 207.041611 
196.409622 289.873962 
251.261902 317.620911 
198.588745 434.691010 
515.906799 310.612762 
460.279541 280.140533 
572.695068 324.107269 
297.507965 248.573486 
164.959274 317.300446 
350.875671 292.019562 
303.160095 418.323761 
490.291565 324.301453 
190.904541 380.460022 
353.163574 216.410904 
332.380981 387.636566 
218.196823 443.106750 
195.595612 386.532471 
197.357285 423.126007 
524.361450 228.061569 
164.502243 291.950409 
164.746063 292.101074 
243.709457 428.983643 
516.849426 310.924561 
163.079575 319.059357 
242.444809 310.861572 
269.088470 300.470184 
140.821381 439.412903 
499.619965 320.581146 
528.193359 308.473206 
283.124390 272.459534 
354.470123 214.270065 
354.078949 213.683594 
197.124451 289.713379 
286.161072 311.822052 
369.677795 301.170593 
306.089355 422.377563 
259.356995 330.986877 
303.321503 416.022552 
441.251495 323.943268 
278.660339 356.914581 
496.788574 291.432190 
358.067352 304.412567 
200.768799 292.602478 
560.752747 296.053986 
501.470917 404.573090 
270.320007 400.945648 
181.054855 288.486237 
290.680328 215.710876 
395.852631 426.621613 
337.622833 214.512451 
288.076385 324.305969 
175.628174 420.355255 
505.661285 227.629257 
268.057770 420.631348 
190.906509 290.360291 
436.691467 364.147919 
362.307587 283.370697 
185.373810 348.322510 
361.970825 282.961395 
464.430786 319.227570 
322.549072 418.510040 
256.949768 336.164368 
203.727066 297.429047 
204.296188 296.565155 
540.975342 329.908325 
545.897400 315.361938 
327.132996 210.787033 
326.896515 211.342407 
474.436798 321.238678 
270.986267 272.576752 
504.859497 298.310822 
291.584259 215.609833 
327.376007 254.848663 
267.931366 349.788330 
481.346436 390.984283 
480.584259 390.971680 
317.401337 212.106766 
343.986664 300.711975 
474.885437 353.741058 
190.731461 290.881409 
480.328644 390.466766 
190.885788 368.159210 
487.581360 398.584991 
427.386353 350.943481 
196.032974 370.930084 
187.433075 294.535614 
479.876190 399.671783 
358.923584 304.983704 
485.098236 334.633820 
463.545105 335.878387 
204.533768 330.653076 
263.872406 354.684052 
373.778168 310.286774 
331.777313 197.267883 
299.643005 412.126221 
346.152222 28.241970 
333.402435 387.110504 
439.892944 296.409180 
470.793762 353.647064 
471.264404 354.164520 
193.816223 354.726898 
324.530609 375.047974 
306.155304 420.896729 
554.465637 293.059845 
206.387863 333.105774 
275.041779 339.700165 
274.996063 340.355743 
453.839203 322.093750 
325.406158 223.706680 
500.384827 362.626465 
304.839050 376.757233 
462.701599 389.266815 
466.472961 316.522003 
345.879333 299.866882 
197.933212 309.423950 
305.166443 432.201111 
304.506470 432.102997 
300.488037 418.526428 
378.868011 312.022156 
179.002838 364.950348 
266.361328 353.260071 
578.995056 333.696899 
534.361267 330.081726 
345.467621 364.647125 
307.341370 380.114960 
195.042206 401.890198 
167.135605 299.416718 
475.254456 386.338928 
286.906677 419.195740 
308.032196 377.103027 
180.794983 350.023132 
440.066193 301.285950 
293.947510 416.522369 
520.358765 306.772552 
323.115265 369.442474 
322.460449 419.033508 
524.711243 307.460297 
562.974426 346.941772 
504.141541 298.975586 
206.395432 329.689331 
287.861908 269.294342 
324.572845 200.061707 
313.951141 418.392609 
272.170898 338.729584 
308.748901 352.003510 
309.285614 352.340820 
477.282532 386.552673 
163.755371 256.605042 
287.326416 436.012299 
162.623062 352.046753 
325.435455 327.725830 
192.883636 378.137146 
494.741730 272.743286 
192.148315 354.137360 
201.131287 307.597595 
195.989532 304.487701 
262.618469 330.879578 
583.949524 353.008942 
340.107178 234.716385 
339.540833 234.727570 
470.635681 323.566223 
195.587753 304.932343 
145.994873 442.248138 
447.992340 345.598450 
146.080673 441.549683 
477.752960 263.266876 
199.626495 373.185028 
298.222137 416.374298 
350.036591 266.602905 
171.983551 429.995758 
494.784760 299.830414 
299.521271 411.254211 
305.038849 435.010437 
318.627380 387.509827 
491.515015 401.419373 
306.863464 379.436829 
328.174866 211.111954 
324.948212 414.927826 
321.844513 376.183136 
290.569397 272.320526 
375.662415 312.359009 
571.215515 340.807800 
318.460144 418.401428 
286.966370 243.705841 
520.489319 312.060913 
375.654205 289.328247 
539.075989 269.316986 
539.075989 269.316986 
287.781464 427.240143 
322.991180 370.034760 
494.467926 399.976746 
197.639999 453.521667 
526.260803 331.862030 
318.806793 387.304352 
179.408066 353.061859 
303.551971 382.685303 
511.768127 304.803101 
350.554260 351.879486 
293.838654 356.901581 
320.555603 207.879929 
287.227783 419.822113 
160.485764 309.705933 
321.726318 206.732849 
263.450470 328.985168 
498.584503 311.097015 
325.141174 322.011932 
512.198730 302.841400 
191.929260 397.405365 
504.228912 450.715515 
504.253448 450.749115 
302.966125 384.556915 
448.539886 382.464722 
181.040848 440.055664 
327.740875 213.126343 
507.034668 301.998077 
515.873230 307.686890 
219.338440 428.151581 
320.858948 214.290421 
534.549194 329.336273 
500.619720 305.240814 
261.532257 343.937225 
331.186981 231.562454 
434.849060 362.149506 
348.333771 373.165161 
175.661209 430.268555 
357.260345 292.783173 
290.576538 402.364929 
299.435486 433.082214 
190.253860 378.764740 
299.498810 432.951935 
503.416656 302.529114 
502.801239 303.006897 
531.125000 335.378967 
498.468292 313.247833 
261.752747 272.448212 
209.802780 259.489807 
322.535797 378.815613 
595.875427 349.113007 
197.490845 311.685486 
492.382843 401.500732 
325.157227 322.733185 
554.730469 229.782669 
499.761566 451.954346 
326.033142 327.218719 
280.780121 408.997803 
189.923172 209.850204 
523.782837 326.378265 
380.791443 306.295807 
257.946320 290.608185 
261.825073 338.208771 
304.062836 370.836365 
329.478790 281.102905 
160.827820 381.101807 
548.977905 346.747040 
482.918396 386.171448 
315.977844 207.372055 
525.413696 337.508789 
218.081909 430.222931 
70.799347 430.210571 
486.332153 328.304382 
175.502731 381.847687 
276.387390 273.106323 
188.836716 280.745972 
303.061859 374.894043 
351.703003 279.681244 
325.583679 385.537292 
372.267120 313.454681 
356.650055 360.784973 
298.278625 247.830750 
198.509735 284.473358 
171.383240 431.339722 
316.055908 24.558363 
196.662842 310.776093 
71.133209 433.812592 
345.852386 360.523743 
254.765427 321.425476 
285.012909 402.313507 
135.565109 458.443176 
281.542999 422.324280 
374.988953 303.758087 
245.111816 315.276611 
264.688568 358.433502 
279.753693 424.281036 
309.073151 202.467117 
242.151306 314.855194 
559.481934 296.630829 
169.848358 313.273499 
