356
204.866516 260.814728 
167.142471 142.804123 
204.866516 260.814728 
247.810165 376.752960 
247.810165 376.752960 
192.828110 253.976227 
165.671249 160.614929 
165.671249 160.614929 
165.671249 160.614929 
167.142471 142.804123 
153.841034 378.219574 
160.365646 372.431854 
162.663239 75.201920 
166.273361 252.346924 
162.663239 75.201920 
169.897018 262.833527 
190.411850 258.732788 
209.556030 264.260132 
167.969513 146.780472 
161.794769 376.003723 
151.957504 355.971100 
153.841034 378.219574 
209.556030 264.260132 
167.969513 146.780472 
190.411850 258.732788 
157.975479 365.328186 
195.833694 249.627319 
190.411850 258.732788 
145.202194 363.502106 
190.411850 258.732788 
229.034683 377.381744 
162.663239 75.201920 
198.930222 320.178467 
190.857346 80.279907 
151.957504 355.971100 
180.774155 73.470329 
157.975479 365.328186 
195.219177 229.605789 
162.497772 158.375366 
179.650864 275.927551 
195.219177 229.605789 
195.219177 229.605789 
162.497772 158.375366 
206.003937 270.883148 
200.021973 320.423218 
172.365494 310.632111 
193.716110 249.673309 
172.365494 310.632111 
179.650864 275.927551 
169.897018 262.833527 
134.882385 369.796906 
201.561615 310.165100 
178.312607 326.723083 
201.561615 310.165100 
157.975479 365.328186 
195.219177 229.605789 
145.202194 363.502106 
164.387802 299.313782 
181.640167 331.204071 
164.387802 299.313782 
214.354645 261.128845 
181.640167 331.204071 
160.365646 372.431854 
201.561615 310.165100 
190.857346 80.279907 
184.298904 234.767044 
193.716110 249.673309 
165.436951 303.044678 
214.144943 278.139526 
215.504013 296.009979 
170.548279 140.057739 
179.480484 250.322723 
183.770462 265.710999 
189.591187 225.457596 
200.888916 292.895111 
224.366623 284.056305 
200.888916 292.895111 
215.504013 296.009979 
195.219177 229.605789 
174.994720 251.352982 
189.690231 255.758652 
191.161621 258.743652 
202.233231 220.084610 
200.888916 292.895111 
162.663239 75.201920 
161.908325 372.823395 
202.916336 233.074707 
200.888916 292.895111 
162.595093 375.903687 
145.202194 363.502106 
232.541077 247.026398 
145.202194 363.502106 
215.585876 288.877747 
195.833694 249.627319 
195.833694 249.627319 
207.570572 290.634247 
166.273361 252.346924 
191.865936 227.632095 
159.735199 194.269547 
169.160309 142.526932 
214.464371 271.257080 
164.387802 299.313782 
227.808090 108.040688 
251.329590 255.565048 
251.329590 255.565048 
251.853867 378.920258 
172.791550 306.071136 
186.215179 259.704468 
164.046799 100.517258 
180.553818 355.545715 
172.791550 306.071136 
156.203644 260.566010 
179.480484 250.322723 
215.585876 288.877747 
154.928299 298.002045 
166.537247 75.272575 
178.312607 326.723083 
181.465546 256.256653 
158.607651 76.436394 
227.453125 374.765625 
202.916336 233.074707 
251.329590 255.565048 
180.060822 170.436447 
237.664383 115.759468 
162.663239 75.201920 
196.205246 298.150116 
242.882385 380.322693 
215.585876 288.877747 
208.506332 237.192749 
148.688034 357.154877 
168.608917 303.489471 
155.514587 286.767487 
142.037231 367.455383 
196.205246 298.150116 
178.312607 326.723083 
169.927734 353.398804 
215.585876 288.877747 
171.161026 304.233490 
178.312607 326.723083 
139.494354 83.868385 
186.405014 155.538376 
236.233047 118.162071 
252.311218 270.552032 
241.970123 256.321167 
183.136703 339.446198 
227.070343 361.450043 
227.070343 361.450043 
208.335342 237.878128 
208.335342 237.878128 
204.764282 308.850525 
213.988052 279.921295 
158.607651 76.436394 
236.571594 255.475189 
240.067490 367.412354 
202.233231 220.084610 
145.202194 363.502106 
162.460220 153.688019 
169.927734 353.398804 
227.070343 361.450043 
142.037231 367.455383 
142.037231 367.455383 
151.707886 354.880066 
153.135498 143.970978 
175.144791 58.632919 
218.725647 358.361603 
222.687653 361.661713 
162.663239 75.201920 
153.841034 378.219574 
180.002548 248.361847 
181.465546 256.256653 
241.490845 364.420959 
241.490845 364.420959 
210.357941 364.612823 
240.067490 367.412354 
146.747940 130.743561 
158.883347 266.923584 
134.882385 369.796906 
179.932831 251.361633 
152.300308 64.971115 
224.366623 284.056305 
156.058640 289.240479 
240.067490 367.412354 
148.008301 134.450470 
251.143967 275.427704 
251.329590 255.565048 
134.882385 369.796906 
162.460220 153.688019 
162.460220 153.688019 
154.976593 85.528610 
214.990204 369.466797 
209.199097 359.301056 
153.135498 143.970978 
164.046799 100.517258 
246.923828 253.887772 
227.070343 361.450043 
204.125854 347.361847 
154.976593 85.528610 
230.052246 255.711761 
216.091980 213.520401 
200.888916 292.895111 
148.849548 112.576340 
251.143967 275.427704 
240.067490 367.412354 
241.126297 362.901917 
143.933151 76.935440 
156.264694 90.081017 
182.357300 263.686096 
162.460220 153.688019 
153.135498 143.970978 
183.608429 274.112488 
156.264694 90.081017 
241.490845 364.420959 
210.407639 232.609512 
169.509933 339.412628 
240.067490 367.412354 
162.460220 153.688019 
156.305969 82.695656 
157.975479 365.328186 
154.976593 85.528610 
142.037231 367.455383 
197.785126 264.225800 
156.305969 82.695656 
240.067490 367.412354 
240.067490 367.412354 
222.929550 136.739609 
165.436951 303.044678 
154.928299 298.002045 
202.125687 307.442108 
226.239563 287.271790 
227.453125 374.765625 
164.046799 100.517258 
164.046799 100.517258 
224.366623 284.056305 
205.403702 228.309906 
148.008301 134.450470 
247.810165 376.752960 
239.985352 255.202652 
174.568527 306.144165 
186.405014 155.538376 
152.175400 361.144287 
152.175400 361.144287 
176.580170 133.480560 
164.387802 299.313782 
205.403702 228.309906 
233.005402 248.630386 
240.067490 367.412354 
186.405014 155.538376 
157.583191 314.005585 
226.239563 287.271790 
230.052246 255.711761 
155.212845 277.921692 
155.143799 227.669128 
153.135498 143.970978 
115.637794 252.967468 
174.057465 149.606735 
210.177719 215.972427 
157.583191 314.005585 
162.460220 153.688019 
227.070343 361.450043 
227.208694 132.080338 
148.008301 134.450470 
146.747940 130.743561 
247.307068 366.316284 
202.125687 307.442108 
180.553818 355.545715 
240.067490 367.412354 
156.058640 289.240479 
242.188065 346.610382 
157.975479 365.328186 
227.654388 253.799408 
154.928299 298.002045 
233.995270 125.689316 
162.497772 158.375366 
166.692886 100.755104 
202.408875 126.589821 
181.842651 383.891479 
229.690720 254.389252 
177.155350 134.777863 
227.208694 132.080338 
190.696838 245.929153 
153.841034 378.219574 
168.818024 359.986084 
239.985352 255.202652 
157.583191 314.005585 
174.057465 149.606735 
208.506332 237.192749 
229.017120 282.891327 
237.131149 368.248596 
164.046799 100.517258 
186.405014 155.538376 
186.405014 155.538376 
204.125854 347.361847 
242.188065 346.610382 
158.600677 104.693596 
227.208694 132.080338 
240.067490 367.412354 
215.585876 288.877747 
248.634857 356.526337 
157.006943 223.923874 
225.794815 368.287292 
184.193710 280.607178 
201.787262 294.165009 
236.233047 118.162071 
247.200928 350.405396 
153.233429 159.944977 
153.233429 159.944977 
210.177719 215.972427 
156.058640 289.240479 
188.999191 378.849335 
153.827164 293.214294 
157.583191 314.005585 
220.371674 193.645294 
153.841034 378.219574 
139.818390 104.879692 
148.849548 112.576340 
143.510971 387.664764 
165.343872 60.207146 
238.322983 391.566620 
227.208694 132.080338 
240.067490 367.412354 
186.405014 155.538376 
186.405014 155.538376 
166.692886 100.755104 
222.383514 315.513855 
164.046799 100.517258 
154.976593 85.528610 
227.208694 132.080338 
250.697235 362.786957 
145.754257 160.935898 
148.849548 112.576340 
180.553818 355.545715 
172.053040 122.174187 
168.818024 359.986084 
226.239563 287.271790 
247.307068 366.316284 
157.583191 314.005585 
152.281097 150.391632 
231.534714 125.818665 
111.509735 363.110962 
219.252182 383.873505 
215.585876 288.877747 
251.329590 255.565048 
269.954254 273.935120 
153.233429 159.944977 
158.607651 76.436394 
242.188065 346.610382 
242.188065 346.610382 
240.067490 367.412354 
255.643982 260.344238 
227.208694 132.080338 
251.199402 360.747192 
159.631226 98.509750 
121.178284 102.709106 
237.167526 124.506538 
226.862946 125.094742 
264.434296 385.973999 
