500
364.438629 400.355347 
412.779724 244.454956 
435.970154 305.394562 
420.524658 245.519684 
349.827850 214.650803 
93.411018 317.404602 
261.318634 320.083557 
147.759140 329.590881 
294.258789 249.217484 
84.625259 275.836670 
84.625259 275.836670 
234.904984 317.424164 
261.318634 320.083557 
143.060242 330.353607 
227.612549 325.483185 
171.473068 305.034668 
140.614914 319.985260 
140.614914 319.985260 
451.646606 229.102280 
430.052551 241.075027 
141.929565 313.974182 
308.287201 274.631897 
288.643250 258.534790 
447.842499 249.788345 
447.842499 249.788345 
84.625259 275.836670 
234.432312 174.767151 
430.052551 241.075027 
238.867691 316.472473 
438.433685 256.077087 
287.746826 259.150604 
282.580200 333.192230 
303.368317 276.786163 
302.020050 164.141861 
234.491516 174.036041 
418.398224 244.986862 
123.468437 325.865021 
282.580200 333.192230 
278.503540 301.495819 
248.019226 340.158997 
167.727005 303.714996 
151.225388 216.036057 
215.525879 317.484436 
423.591217 251.848236 
455.273682 233.347778 
147.454605 312.162964 
447.112976 219.571152 
225.648468 182.887283 
307.157654 335.646271 
364.802063 399.937286 
247.504669 176.350998 
220.887634 206.757553 
482.812653 232.755569 
460.100677 236.773956 
303.910858 276.525330 
224.865158 311.464508 
445.952148 221.483139 
139.236053 325.075592 
287.895386 195.569351 
294.258789 249.217484 
349.827850 214.650803 
305.323792 266.826782 
146.303467 316.382629 
430.052551 241.075027 
97.539635 330.092621 
401.356049 250.147049 
76.550911 316.066498 
82.571335 303.199188 
157.538895 305.396332 
455.575195 265.015747 
444.563507 308.234222 
413.760986 238.527908 
405.557220 246.025299 
426.077332 238.170807 
236.397095 180.726791 
460.100677 236.773956 
460.702087 245.086166 
460.702087 245.086166 
266.120636 184.338089 
84.723190 313.488525 
306.805359 315.723145 
224.865158 311.464508 
141.929565 313.974182 
246.111908 170.852676 
307.925110 339.101196 
155.296600 224.398895 
352.515778 219.218735 
143.439926 315.796051 
218.718567 177.761871 
464.273682 216.696259 
442.488861 300.807159 
308.287201 274.631897 
445.932098 300.160034 
435.571106 254.178421 
296.772400 190.023056 
78.935631 303.079346 
307.157654 335.646271 
419.192261 249.516754 
123.180817 305.977936 
158.070358 200.480927 
417.105499 275.670288 
250.174057 170.327438 
292.233551 358.998444 
37.083080 291.156860 
482.812653 232.755569 
433.728546 242.366394 
278.503540 301.495819 
264.418274 318.313385 
303.934326 166.447647 
517.376038 245.902634 
56.136990 283.393951 
140.614914 319.985260 
304.501404 339.361450 
361.655121 225.118378 
295.326965 182.624329 
449.673218 310.957886 
452.324219 292.065216 
155.296600 224.398895 
244.074127 161.343246 
225.770111 186.553024 
102.101486 321.708130 
459.524323 224.920761 
450.187042 236.868011 
102.101486 321.708130 
254.626343 320.083466 
237.580627 174.478531 
260.354492 184.461273 
155.330658 207.322098 
346.244995 217.086334 
246.111908 170.852676 
457.060242 209.512604 
236.011169 315.940277 
250.174057 170.327438 
147.872086 315.780670 
332.970123 266.502655 
444.127228 259.919769 
449.642944 268.988037 
452.433990 263.329224 
155.296600 224.398895 
236.654419 251.561829 
152.205902 210.411926 
194.951614 324.964722 
431.492554 262.249756 
332.970123 266.502655 
305.323792 266.826782 
442.808929 227.438873 
361.333282 223.776947 
303.297821 172.377487 
147.546051 197.821045 
450.251953 265.483459 
322.959320 238.641876 
474.676636 236.586990 
162.404251 326.387634 
491.306030 268.191711 
334.437653 239.137817 
447.012573 302.124939 
79.397224 298.377319 
79.397224 298.377319 
258.238312 170.054794 
284.814056 145.691345 
279.387207 149.138901 
247.198944 219.240051 
417.926971 249.692764 
417.926971 249.692764 
218.718567 177.761871 
261.270050 213.659576 
222.638794 190.534973 
474.676636 236.586990 
139.236053 325.075592 
255.094772 174.261154 
493.509827 224.170197 
317.086914 228.086487 
431.680603 259.728119 
288.170044 257.625214 
266.120636 184.338089 
282.530121 199.657074 
464.179993 284.952850 
445.320740 231.258331 
452.147247 218.386322 
157.408508 325.257294 
102.407043 311.665100 
298.904297 183.771881 
157.538895 305.396332 
306.805359 315.723145 
448.898346 225.204666 
459.473389 244.398071 
453.307129 254.705856 
246.744293 176.018234 
277.041138 150.308182 
285.640076 141.334122 
452.147247 218.386322 
254.626343 320.083466 
226.088058 211.950668 
258.238312 170.054794 
308.881104 162.973526 
448.898346 225.204666 
466.591736 257.992889 
466.591736 257.992889 
306.967499 320.338898 
445.399353 238.527206 
445.399353 238.527206 
482.150726 225.562332 
271.061737 141.491425 
300.839691 183.009842 
79.683235 287.885101 
17.937607 303.048187 
487.382446 275.807678 
493.255463 263.739777 
170.433090 318.385742 
108.322670 316.579468 
283.254608 137.374084 
416.352875 231.074127 
99.649559 294.316864 
450.187042 236.868011 
258.238312 170.054794 
429.195679 278.972473 
466.591736 257.992889 
440.667236 212.983505 
44.742111 259.783661 
286.280731 146.214417 
229.864761 189.667068 
439.229889 244.099228 
464.179993 284.952850 
346.244995 217.086334 
514.875305 251.182022 
501.445496 243.611404 
315.514954 180.371429 
465.666443 250.323090 
482.812653 232.755569 
460.822693 257.775696 
300.839691 183.009842 
146.999557 219.653778 
504.059784 274.486267 
48.567146 284.804657 
482.364044 280.634094 
501.445496 243.611404 
501.445496 243.611404 
288.151825 210.771622 
266.120636 184.338089 
460.702087 245.086166 
480.749115 217.742935 
491.306030 268.191711 
265.559052 308.233643 
229.864761 189.667068 
283.254608 137.374084 
452.011871 292.526367 
490.565277 232.895325 
419.549225 225.593567 
158.070358 200.480927 
446.171478 296.209229 
142.040482 209.913376 
142.040482 209.913376 
468.868835 231.613251 
482.480072 257.373322 
306.999023 163.911423 
265.559052 308.233643 
470.547516 279.542664 
239.967239 165.985779 
275.318817 147.463242 
450.187042 236.868011 
138.755692 313.976868 
483.478149 278.068054 
462.076477 280.526886 
335.773926 238.736511 
498.475525 268.686676 
315.514954 180.371429 
483.078247 235.602753 
221.997803 187.041382 
240.035797 174.769867 
452.147247 218.386322 
458.644714 220.378815 
250.174057 170.327438 
144.006821 225.228745 
246.744293 176.018234 
406.310364 244.849136 
136.000244 325.915436 
266.344360 222.971405 
48.567146 284.804657 
220.887634 206.757553 
483.078247 235.602753 
446.552002 220.782318 
288.170044 257.625214 
246.179688 312.109650 
112.693275 316.855682 
422.609131 209.539154 
434.791321 239.128326 
155.296600 224.398895 
339.750763 210.175842 
465.666443 250.323090 
155.330658 207.322098 
275.318817 147.463242 
489.864502 221.398163 
459.473389 244.398071 
416.352875 231.074127 
379.564545 253.156921 
458.563477 207.308334 
469.545135 260.084076 
244.074127 161.343246 
319.138275 406.407379 
401.881927 230.917175 
231.800873 314.471039 
216.888245 207.984818 
305.527832 188.980743 
305.527832 188.980743 
131.130737 323.878174 
479.222778 289.838409 
465.666443 250.323090 
473.783173 252.559601 
216.565765 227.533020 
216.565765 227.533020 
409.631134 229.246689 
378.851868 252.869736 
194.951614 324.964722 
226.088058 211.950668 
221.219879 173.299103 
294.851685 205.118103 
226.088058 211.950668 
146.999557 219.653778 
330.552643 342.122772 
406.310364 244.849136 
449.243744 213.899521 
464.179993 284.952850 
288.446533 148.156555 
107.401894 305.657654 
446.552002 220.782318 
261.270050 213.659576 
294.520508 192.395386 
125.943581 323.423096 
258.225769 165.211441 
103.577774 311.465485 
215.525879 317.484436 
313.228729 86.538414 
313.228729 86.538414 
422.609131 209.539154 
486.935852 259.040192 
500.290894 222.180206 
508.613464 260.715179 
303.910858 276.525330 
158.070358 200.480927 
476.810028 271.436432 
447.329956 231.027328 
489.830231 260.161591 
128.183594 387.547028 
480.749115 217.742935 
246.408569 339.509644 
147.759140 329.590881 
147.759140 329.590881 
84.980659 277.692505 
155.296600 224.398895 
458.563477 207.308334 
446.552002 220.782318 
322.136536 324.660767 
266.344360 222.971405 
294.258789 249.217484 
98.452515 309.401367 
424.418427 229.460388 
424.482178 218.915848 
295.472076 158.509995 
306.967499 320.338898 
338.213715 208.992203 
443.797546 253.665176 
163.158173 199.763443 
262.310547 152.643768 
294.851685 205.118103 
214.073181 323.410187 
282.307434 136.044647 
473.783173 252.559601 
469.142639 210.070038 
490.565277 232.895325 
486.498413 329.069458 
93.108162 318.238434 
123.180817 305.977936 
289.687805 337.506897 
448.898346 225.204666 
308.921265 195.657852 
464.299316 293.808105 
357.419434 258.018860 
354.792023 220.398880 
258.042480 168.207840 
318.134216 176.544601 
383.933716 255.589157 
229.013733 182.545807 
221.997803 187.041382 
383.029755 401.712616 
341.964355 245.127670 
246.755539 336.066284 
303.934326 166.447647 
233.122162 214.076614 
262.310547 152.643768 
266.990906 222.861450 
163.158173 199.763443 
490.162048 346.070770 
465.666443 250.323090 
420.830780 285.642731 
446.193604 205.720383 
243.996231 213.316452 
156.595215 198.933105 
459.473389 244.398071 
470.368774 280.406830 
272.642151 139.414734 
214.083893 172.021698 
299.108734 150.644379 
430.571686 207.507080 
211.201706 170.271317 
211.201706 170.271317 
460.064301 204.473923 
420.830780 285.642731 
267.984802 325.986267 
284.537445 131.157822 
146.372833 219.492401 
214.083893 172.021698 
346.977386 212.074081 
272.642151 139.414734 
278.503540 301.495819 
261.270050 213.659576 
339.916321 241.970825 
508.255768 271.091400 
361.191254 220.660843 
451.358093 275.395172 
420.140259 284.285767 
258.225769 165.211441 
339.916321 241.970825 
215.095428 172.808914 
482.150726 225.562332 
308.882324 199.555740 
510.585815 242.650208 
267.984802 325.986267 
233.066254 165.033951 
464.179993 284.952850 
317.482758 215.374756 
449.590393 275.848602 
270.107025 200.622620 
332.451569 179.338745 
289.959503 207.012115 
234.549042 165.394028 
473.783173 252.559601 
367.396698 259.658936 
473.517792 246.012787 
483.300598 213.539597 
317.482758 215.374756 
449.243744 213.899521 
420.830780 285.642731 
343.297089 241.933594 
409.801849 251.762238 
407.053192 222.122971 
434.791321 239.128326 
315.514954 180.371429 
140.614914 319.985260 
317.086914 228.086487 
234.549042 165.394028 
480.685577 221.297699 
278.503540 301.495819 
448.898346 225.204666 
501.445496 243.611404 
405.058502 271.499756 
405.058502 271.499756 
468.062836 266.779602 
341.140686 211.832367 
83.023186 285.334991 
144.598465 188.368942 
473.562805 266.308075 
507.523346 274.648529 
428.463623 212.431946 
435.571106 254.178421 
374.518188 389.309387 
156.879944 330.849792 
428.463623 212.431946 
271.061737 141.491425 
473.219360 279.577972 
429.703125 206.342911 
525.788269 242.973282 
473.783173 252.559601 
221.997803 187.041382 
479.374054 202.666260 
490.565277 232.895325 
492.239746 238.973221 
480.685577 221.297699 
150.015915 192.008392 
486.498413 329.069458 
383.933716 255.589157 
419.729279 245.424454 
474.676636 236.586990 
478.334961 282.876526 
332.451569 179.338745 
284.537445 131.157822 
346.244995 217.086334 
492.307892 330.718597 
503.357971 214.630997 
361.655121 225.118378 
247.504669 176.350998 
443.985138 205.122955 
306.141876 362.677032 
478.706970 224.181747 
234.432312 174.767151 
383.029755 401.712616 
64.293030 276.839783 
116.727821 402.200836 
479.222778 289.838409 
498.475525 268.686676 
294.851685 205.118103 
