500
499.006378 212.602310 
499.224030 213.309479 
220.875183 200.060715 
221.469376 200.330612 
502.595276 214.078186 
487.472534 199.996902 
168.934311 358.105103 
169.384827 358.093140 
277.358643 318.034393 
185.139893 330.367493 
277.954132 316.842102 
460.109894 223.441711 
183.070358 329.747833 
117.246025 350.705475 
471.837097 238.041641 
217.597763 201.334381 
424.614136 234.329758 
245.896713 231.918381 
145.664688 241.999344 
146.209671 242.334015 
237.705139 214.002701 
514.521362 215.660385 
347.521667 214.713257 
417.463348 229.224258 
253.056992 329.753937 
163.547180 348.080933 
251.569397 330.376740 
514.719055 217.582260 
460.400543 224.241867 
310.490570 269.410095 
452.556030 247.821045 
180.871384 352.947479 
402.649292 259.199219 
474.284607 227.762741 
105.602036 366.053406 
487.734802 230.163132 
475.469971 194.861237 
241.297592 266.091553 
154.629547 249.807922 
218.060318 203.691299 
274.593597 330.095123 
495.019745 238.501221 
418.733673 228.432098 
258.718750 195.151413 
295.694794 169.280807 
321.012512 318.175751 
270.992432 332.340576 
125.238510 351.726929 
296.922455 254.368729 
468.920044 233.207108 
468.996887 233.351181 
473.876984 226.937515 
483.702820 229.438843 
469.780518 233.442810 
85.591255 314.312164 
459.509827 220.808990 
327.860138 261.077789 
266.267609 139.225967 
257.983459 224.956467 
327.712433 262.063629 
311.756226 322.241821 
342.628479 214.159790 
434.975006 260.079742 
171.678482 340.813751 
262.176422 209.362427 
488.975403 194.954147 
275.502258 337.885132 
346.210571 209.843353 
473.180206 233.610489 
484.797760 193.085327 
276.389801 329.970612 
174.991211 351.859558 
229.187378 193.955307 
233.482452 335.916534 
313.609283 181.475815 
495.669281 216.525818 
304.699463 175.289307 
438.998138 200.919327 
494.158020 238.724655 
472.496033 238.946793 
217.751556 227.601089 
338.360077 211.904373 
309.960236 270.835297 
505.428192 239.228439 
297.782135 254.489594 
155.918762 253.701309 
416.237305 261.594849 
288.355774 194.537415 
412.924469 229.103012 
290.416107 188.581863 
304.278687 172.631882 
229.090988 193.150406 
346.718689 208.824356 
440.333740 200.796509 
256.686829 195.607056 
507.156189 241.176178 
491.574768 247.817764 
219.839111 206.212524 
115.265945 347.821259 
162.009460 359.982849 
146.605087 251.137436 
336.621826 242.453476 
441.384216 247.557892 
251.949646 196.152786 
248.387451 184.722076 
210.673325 196.873795 
169.854462 358.218079 
480.698212 198.632751 
313.334686 180.378937 
264.181122 232.427567 
336.521332 236.765503 
249.066437 184.639572 
229.199844 195.374512 
292.807129 200.391083 
291.116333 186.837341 
479.454834 204.965393 
412.948944 222.443085 
416.836914 261.113037 
265.331665 230.575470 
159.728729 234.869476 
266.319733 143.737717 
326.548431 341.158569 
119.344109 367.901917 
485.245789 248.577927 
294.897858 201.270309 
438.124786 218.982147 
467.175232 239.234482 
271.115631 330.809509 
415.159454 199.998611 
328.930328 241.075256 
291.507111 189.882538 
212.306519 197.018814 
329.787415 241.477295 
483.046143 210.592773 
496.405548 234.997147 
487.452209 253.028503 
435.014587 183.570938 
227.807236 177.758682 
333.953064 236.952393 
444.152191 217.529251 
256.873901 197.485184 
222.885727 206.522629 
321.454498 318.971313 
475.378906 211.698151 
279.422089 327.707245 
450.449097 228.160751 
450.497864 227.566467 
215.821045 208.454163 
96.997047 337.415680 
157.871841 343.858063 
283.830902 336.298309 
455.863495 279.359741 
471.862610 210.279297 
477.390442 227.550339 
454.447449 243.365128 
473.226471 191.528610 
327.444763 242.615799 
341.082001 237.221695 
280.938660 202.224579 
486.680603 261.664093 
97.632317 337.033020 
457.462158 212.850571 
213.933197 225.113586 
403.990906 201.044083 
297.370148 166.683060 
511.643127 241.435455 
292.345306 176.609634 
119.859894 347.173370 
454.286255 253.191605 
455.071899 242.241531 
448.348572 216.112732 
436.332794 226.580765 
480.066711 231.884491 
141.853683 357.794373 
491.947266 231.499207 
243.263123 327.784302 
456.580750 212.277695 
217.042404 224.995911 
501.057495 237.635727 
415.893463 206.184464 
258.032715 226.228745 
359.670715 218.735321 
309.510864 180.676666 
336.647644 210.054214 
160.369324 344.687012 
90.779564 329.365723 
329.268341 242.898239 
514.523560 245.769791 
159.069122 344.441101 
477.733826 228.211914 
303.755005 172.485596 
298.064026 193.100067 
297.512817 193.124481 
187.810043 343.291260 
342.228333 213.336273 
486.983704 253.691315 
284.763519 157.767471 
442.756683 209.873672 
401.303070 220.344070 
440.915924 189.734283 
476.886200 185.914627 
277.151093 321.404083 
148.502716 355.251404 
453.839996 277.710266 
438.664948 254.334351 
482.965668 204.144958 
438.886658 253.850357 
475.863342 253.342041 
248.618805 179.863693 
465.665558 270.771729 
465.853638 271.246643 
349.027679 250.185608 
479.391998 207.700485 
322.310242 322.555450 
293.725952 207.161118 
472.969604 189.549072 
247.564331 178.685577 
438.820221 223.463730 
160.762009 233.471954 
247.075500 177.787308 
216.781448 246.309509 
217.147476 245.951736 
291.446747 267.140533 
110.230438 355.415344 
246.308411 239.274460 
469.046783 193.166885 
283.415741 335.672760 
455.690308 243.086426 
230.992279 228.521759 
356.598206 219.583649 
246.188156 181.979462 
475.441101 245.267715 
436.197662 185.156250 
283.500732 126.528732 
223.130936 201.081848 
476.443207 210.209229 
472.971191 192.587036 
278.460114 209.986755 
167.856125 339.465454 
444.916168 284.736786 
248.242371 331.843353 
204.949081 192.177109 
156.980957 348.603424 
157.308762 349.244690 
478.496979 207.500641 
289.776459 168.517517 
445.319153 214.910843 
156.323822 256.482849 
214.061234 222.645111 
415.594452 209.087570 
323.271057 322.871704 
272.611298 140.057938 
408.675995 257.622620 
105.462227 358.172729 
405.495544 200.001221 
116.228767 346.046112 
260.980621 154.895264 
433.092773 216.191467 
441.131744 198.994675 
167.148773 358.505463 
459.326447 192.087021 
281.572968 155.270935 
174.563416 330.416473 
407.924438 201.230774 
332.179413 238.464096 
122.618179 346.934601 
238.754730 183.500412 
429.653961 221.737976 
460.244781 269.729584 
290.698181 173.847443 
229.880875 334.217041 
483.461273 190.355270 
482.839203 191.689438 
440.862640 201.382996 
418.688660 232.780334 
419.208984 232.677444 
175.119980 357.206207 
480.591888 244.550018 
454.004517 197.295837 
430.991577 222.423874 
455.405304 200.519882 
311.918945 241.095154 
154.168671 254.417450 
385.506989 388.852295 
243.310181 174.943420 
242.838516 174.708389 
273.790741 155.310440 
512.354248 245.743256 
453.380463 231.897324 
287.359192 213.404556 
155.960251 348.822083 
443.379181 221.279144 
443.335907 220.590134 
449.728516 207.182205 
343.081940 219.674149 
422.377289 195.807526 
506.246124 213.313507 
429.029053 222.890533 
491.950867 268.080566 
469.825623 224.688889 
267.910004 144.536240 
452.379303 210.324860 
446.061829 239.059998 
479.827209 253.257080 
330.808289 213.296997 
339.481628 217.398972 
344.335663 240.859207 
469.757233 260.276428 
322.303009 341.533569 
271.679596 154.417725 
146.427399 253.477539 
460.160126 269.354584 
460.489410 206.868530 
203.508667 191.379761 
471.290375 273.976135 
214.794708 222.964828 
432.838196 223.042953 
416.721466 199.691833 
140.668793 240.606125 
140.515274 241.248611 
280.945648 155.612823 
236.753830 213.997253 
423.488770 190.728790 
238.560867 182.934814 
436.563263 178.632843 
348.103546 250.020752 
158.360550 227.694397 
111.264595 358.983551 
311.549316 177.664429 
232.870010 213.045731 
256.544312 221.066711 
287.565002 212.162613 
466.145966 207.142761 
213.365311 227.407654 
440.169189 177.531525 
159.760101 231.792145 
153.580780 341.965363 
463.117126 220.887161 
422.766235 270.293579 
476.635162 239.344788 
162.029678 340.988892 
477.616577 200.449936 
294.632996 205.969742 
460.693756 221.403214 
460.952057 221.133881 
469.286804 270.763550 
233.639801 219.498215 
212.991806 206.734222 
359.480835 213.171799 
373.795227 256.703033 
271.826233 137.158813 
452.510681 184.218277 
469.019379 211.364059 
337.145081 324.055054 
454.216064 202.652359 
424.809631 183.752151 
424.241974 192.043777 
143.413666 229.467377 
452.242096 180.824448 
318.804321 362.654358 
476.079529 184.352997 
480.709290 256.877594 
478.454865 231.517487 
267.437561 155.548752 
294.626099 208.357193 
296.289185 198.740112 
415.355957 212.548492 
228.370865 181.848770 
451.627289 182.800873 
256.433777 192.976257 
426.586975 244.672531 
269.776886 153.949295 
469.155701 214.632385 
207.356964 193.788300 
252.013290 210.896667 
277.118378 319.964813 
344.504150 244.966599 
303.150879 202.586456 
475.633148 254.822800 
429.767059 202.466522 
269.632599 301.751648 
127.435326 347.889587 
255.303757 180.536850 
509.031677 208.939148 
268.198914 146.101501 
267.652130 136.707382 
420.224854 228.400513 
224.376175 182.746857 
350.093262 251.765533 
171.922699 332.584015 
146.237244 223.127777 
416.611420 212.894913 
266.322754 229.384552 
360.331085 204.406891 
299.771942 169.073502 
433.909882 243.415894 
308.236206 172.560974 
239.961395 170.336060 
282.265472 334.434967 
244.765274 226.597412 
286.990967 214.646515 
504.181641 296.532776 
353.350647 244.621735 
142.237366 247.400330 
222.061600 203.756821 
247.427948 235.573318 
252.255768 144.357269 
424.011810 269.842285 
205.847992 344.573761 
454.966095 201.647659 
443.766174 179.342789 
462.919373 254.995239 
123.327278 345.838806 
245.524445 227.177521 
221.067032 207.892120 
329.489227 264.886566 
214.753464 207.627533 
512.616333 268.227478 
512.920471 268.299927 
265.538574 236.212158 
292.332245 308.354889 
485.265594 194.785385 
353.828461 244.020630 
268.575195 299.846069 
426.187927 267.344818 
421.994202 232.669220 
156.706116 225.918671 
365.518433 346.673218 
294.072021 253.359009 
287.038086 201.001633 
321.559296 179.136185 
444.737213 196.528961 
439.715118 206.709900 
153.642807 224.463074 
170.521820 336.389587 
248.240860 227.563034 
156.084076 236.719162 
150.424469 245.650299 
459.515350 255.202072 
203.799118 346.088409 
202.362289 186.995270 
447.424133 196.111877 
222.881027 182.005325 
426.391754 218.945129 
521.098816 436.673004 
309.479492 341.615753 
324.450684 176.054520 
509.712402 256.410950 
304.817841 182.851562 
424.107605 388.581940 
498.888885 270.644104 
322.834015 336.758362 
392.253265 390.279602 
453.532776 219.568619 
232.978027 219.450806 
433.529907 183.404251 
450.317719 186.563080 
433.728546 179.700241 
472.622803 248.342728 
237.224060 182.103546 
421.939453 258.685944 
477.420166 250.447815 
212.176910 257.702484 
406.017578 226.780914 
331.441345 231.310364 
258.733765 155.791290 
438.222473 312.612915 
457.034637 252.933212 
253.284683 144.549728 
291.383606 162.534088 
272.273346 301.133636 
511.662964 242.092026 
409.789520 256.887695 
409.823242 257.302277 
287.656708 201.396912 
210.084167 235.284134 
472.706482 219.916321 
154.457703 349.265045 
492.143829 193.491501 
291.470215 170.573074 
447.259308 224.446945 
408.516357 227.614761 
448.063782 223.600327 
445.156433 195.985825 
449.409027 281.476318 
162.561829 344.678345 
88.472443 306.106110 
417.569427 195.231064 
303.812622 183.273132 
454.443939 274.576538 
141.652298 291.536804 
487.824249 229.451370 
427.357513 267.696564 
247.861328 226.352798 
440.225250 235.719254 
482.200562 208.129578 
428.754822 181.767380 
162.336136 228.539398 
374.269623 252.218948 
232.246918 190.523453 
