972
278.785126 372.574951 
576.398865 132.096939 
576.398865 132.096939 
578.711853 246.526428 
576.398865 132.096939 
576.398865 132.096939 
281.994904 373.678162 
278.785126 372.574951 
380.319214 304.154602 
251.527847 241.312210 
407.707550 305.078613 
407.707550 305.078613 
380.319214 304.154602 
384.433502 288.360687 
406.326050 304.443024 
578.711853 246.526428 
397.867737 357.078766 
255.411209 356.664795 
254.596420 331.132446 
273.098572 299.827057 
278.785126 372.574951 
380.319214 304.154602 
271.537537 373.235992 
578.711853 246.526428 
386.609924 310.924225 
376.877441 318.992523 
576.398865 132.096939 
306.328064 300.572418 
386.609924 310.924225 
385.900299 306.217102 
415.255951 307.201294 
281.994904 373.678162 
404.562012 306.480225 
386.609924 310.924225 
385.900299 306.217102 
271.059937 379.323608 
586.127808 414.402954 
271.059937 379.323608 
407.707550 305.078613 
290.371613 284.102570 
384.433502 288.360687 
385.900299 306.217102 
265.730713 363.618958 
271.059937 379.323608 
365.827972 292.174438 
385.900299 306.217102 
306.328064 300.572418 
407.707550 305.078613 
578.711853 246.526428 
578.711853 246.526428 
252.607132 281.032928 
179.568924 349.156403 
374.975891 287.049652 
388.270752 299.598450 
267.820679 372.439484 
365.827972 292.174438 
267.399994 368.344543 
385.900299 306.217102 
289.344299 301.554749 
385.900299 306.217102 
586.127808 414.402954 
586.127808 414.402954 
377.972198 296.275879 
277.458893 276.564392 
324.179565 294.671051 
324.179565 294.671051 
252.840897 281.622620 
287.956970 300.974243 
287.956970 300.974243 
420.059784 326.717529 
267.820679 372.439484 
199.598923 363.522095 
202.087891 349.743195 
280.282593 291.676544 
201.348846 344.063202 
288.303406 325.510406 
267.219543 293.514557 
464.260468 251.498535 
380.319214 304.154602 
271.059937 379.323608 
282.039398 302.170502 
267.820679 372.439484 
435.604034 298.814941 
394.055267 299.590912 
419.839355 314.383881 
252.710251 358.714661 
376.877441 318.992523 
401.687836 317.037567 
421.204834 312.347473 
210.281952 346.664642 
385.900299 306.217102 
292.126434 287.447571 
254.746460 359.303558 
254.746460 359.303558 
369.404358 300.851959 
401.687836 317.037567 
202.328690 358.762543 
306.328064 300.572418 
428.094513 312.024231 
292.023224 290.553009 
287.072113 292.896149 
199.598923 363.522095 
578.711853 246.526428 
202.087891 349.743195 
396.279480 282.391815 
401.687836 317.037567 
377.972198 296.275879 
578.711853 246.526428 
284.520782 88.352257 
576.398865 132.096939 
256.273041 306.786621 
386.609924 310.924225 
371.470520 300.454498 
576.398865 132.096939 
576.398865 132.096939 
380.319214 304.154602 
415.255951 307.201294 
428.094513 312.024231 
404.562012 306.480225 
576.398865 132.096939 
369.404358 300.851959 
379.460602 336.803650 
289.344299 301.554749 
276.868286 276.371246 
404.562012 306.480225 
371.470520 300.454498 
295.591339 248.176559 
372.489624 300.829437 
203.342926 358.915039 
371.470520 300.454498 
388.270752 299.598450 
399.231445 292.744598 
193.176208 367.325348 
366.574524 354.133331 
366.574524 354.133331 
419.839355 314.383881 
203.342926 358.915039 
386.609924 310.924225 
251.527847 241.312210 
399.231445 292.744598 
217.966782 320.567749 
576.398865 132.096939 
380.319214 304.154602 
578.711853 246.526428 
225.518219 323.812408 
203.342926 358.915039 
369.404358 300.851959 
576.398865 132.096939 
276.787720 279.536316 
199.598923 363.522095 
324.805328 294.810425 
228.232681 339.203430 
384.433502 288.360687 
201.109253 398.406891 
278.785126 372.574951 
274.685303 299.096191 
576.398865 132.096939 
394.055267 299.590912 
289.344299 301.554749 
384.433502 288.360687 
367.694611 330.598877 
288.550537 250.506241 
288.550537 250.506241 
201.658310 344.671875 
428.094513 312.024231 
296.543915 246.914856 
188.702377 356.648621 
197.266418 307.351471 
280.282593 291.676544 
276.787720 279.536316 
576.398865 132.096939 
267.399994 368.344543 
203.342926 358.915039 
227.879776 279.006592 
251.527847 241.312210 
385.900299 306.217102 
267.219543 293.514557 
428.094513 312.024231 
196.892868 364.401001 
371.470520 300.454498 
576.398865 132.096939 
380.319214 304.154602 
304.442719 338.983459 
278.507294 267.414581 
193.176208 367.325348 
254.596420 331.132446 
369.404358 300.851959 
284.520782 88.352257 
404.562012 306.480225 
262.553375 373.466217 
401.687836 317.037567 
262.553375 373.466217 
262.553375 373.466217 
217.966782 320.567749 
282.304810 297.811676 
288.550537 250.506241 
271.537537 373.235992 
282.605286 309.682526 
274.685303 299.096191 
576.398865 132.096939 
576.398865 132.096939 
576.398865 132.096939 
415.255951 307.201294 
293.121948 326.922913 
385.900299 306.217102 
384.433502 288.360687 
271.537537 373.235992 
287.956970 300.974243 
395.550629 313.719238 
179.568924 349.156403 
228.232681 339.203430 
228.232681 339.203430 
578.711853 246.526428 
202.290375 375.210815 
396.279480 282.391815 
384.433502 288.360687 
415.255951 307.201294 
282.886719 352.229828 
273.705994 286.717346 
377.972198 296.275879 
396.279480 282.391815 
201.606689 326.828247 
401.687836 317.037567 
399.231445 292.744598 
385.900299 306.217102 
280.282593 291.676544 
401.687836 317.037567 
280.282593 291.676544 
287.956970 300.974243 
396.279480 282.391815 
267.399994 368.344543 
371.470520 300.454498 
420.059784 326.717529 
287.197754 354.988159 
265.730713 363.618958 
194.205948 363.252228 
401.687836 317.037567 
299.695953 245.279099 
288.550537 250.506241 
371.470520 300.454498 
193.176208 367.325348 
576.398865 132.096939 
394.055267 299.590912 
295.591339 248.176559 
199.598923 363.522095 
188.918350 328.068054 
377.053741 308.509766 
201.658310 344.671875 
395.550629 313.719238 
280.282593 291.676544 
274.685303 299.096191 
275.053131 238.010605 
243.247375 279.958435 
296.585815 342.044159 
280.282593 291.676544 
288.528931 234.456238 
288.528931 234.456238 
288.528931 234.456238 
267.820679 372.439484 
576.398865 132.096939 
280.282593 291.676544 
273.705994 286.717346 
284.075378 360.590607 
230.896378 330.479675 
202.290375 375.210815 
384.433502 288.360687 
296.543915 246.914856 
413.076111 356.814636 
259.301849 373.575958 
360.406616 324.568359 
360.406616 324.568359 
280.282593 291.676544 
284.520782 88.352257 
382.263031 338.670898 
388.270752 299.598450 
377.972198 296.275879 
556.524292 110.439026 
401.687836 317.037567 
396.279480 282.391815 
382.263031 338.670898 
269.528015 286.545776 
274.383942 311.625153 
192.292786 332.779694 
382.263031 338.670898 
200.006714 288.808228 
580.999634 359.866150 
275.053131 238.010605 
225.518219 323.812408 
279.155029 306.232178 
279.155029 306.232178 
274.813049 385.566345 
371.470520 300.454498 
371.470520 300.454498 
365.827972 292.174438 
267.505127 357.864594 
290.371613 284.102570 
428.094513 312.024231 
284.075378 360.590607 
267.734589 364.773865 
230.896378 330.479675 
576.398865 132.096939 
259.052917 308.855713 
367.694611 330.598877 
217.966782 320.567749 
166.835648 401.333069 
277.569550 271.143250 
275.053131 238.010605 
369.533417 311.059509 
369.533417 311.059509 
297.347931 340.561920 
194.605316 354.796356 
280.369934 387.257568 
375.623718 277.235687 
242.427521 288.457428 
586.127808 414.402954 
392.639099 363.770905 
284.520782 88.352257 
199.081665 364.434204 
385.900299 306.217102 
382.263031 338.670898 
371.470520 300.454498 
267.820679 372.439484 
270.257355 382.465912 
287.956970 300.974243 
166.835648 401.333069 
367.694611 330.598877 
258.069397 323.683472 
271.537537 373.235992 
362.950867 306.053345 
192.292786 332.779694 
401.476135 312.152679 
586.127808 414.402954 
369.404358 300.851959 
167.531219 387.263062 
473.761963 251.776443 
269.528015 286.545776 
249.191254 293.305115 
273.098572 299.827057 
371.470520 300.454498 
371.470520 300.454498 
262.523560 281.350525 
280.282593 291.676544 
179.568924 349.156403 
248.497299 293.005066 
280.282593 291.676544 
271.537537 373.235992 
256.150146 305.809570 
289.344299 301.554749 
188.918350 328.068054 
297.347931 340.561920 
274.685303 299.096191 
199.598923 363.522095 
269.528015 286.545776 
597.866028 395.491577 
597.866028 395.491577 
377.972198 296.275879 
271.537537 373.235992 
279.155029 306.232178 
558.951660 246.427460 
281.994904 373.678162 
276.787720 279.536316 
284.520782 88.352257 
267.399994 368.344543 
275.633606 381.256805 
384.433502 288.360687 
570.389221 413.434845 
276.787720 279.536316 
159.534500 386.237396 
429.128998 316.405457 
374.975891 287.049652 
410.902771 302.339172 
376.042694 351.176758 
248.497299 293.005066 
278.785126 372.574951 
188.918350 328.068054 
380.319214 304.154602 
424.562103 297.905121 
274.685303 299.096191 
371.470520 300.454498 
201.348846 344.063202 
576.398865 132.096939 
271.537537 373.235992 
421.204834 312.347473 
372.876251 278.585236 
275.633606 381.256805 
292.126434 287.447571 
194.605316 354.796356 
270.302246 299.218140 
570.389221 413.434845 
304.442719 338.983459 
111.858627 381.217560 
280.282593 291.676544 
272.212860 311.437042 
384.433502 288.360687 
395.550629 313.719238 
369.533417 311.059509 
250.259293 353.327362 
193.176208 367.325348 
284.075378 360.590607 
428.094513 312.024231 
267.820679 372.439484 
374.762726 317.393280 
304.442719 338.983459 
201.658310 344.671875 
386.609924 310.924225 
299.738434 246.651062 
266.281677 360.148499 
198.159073 371.983551 
281.411865 314.496826 
288.550537 250.506241 
194.205948 363.252228 
188.918350 328.068054 
231.042419 325.961914 
267.734589 364.773865 
410.902771 302.339172 
410.902771 302.339172 
279.155029 306.232178 
384.433502 288.360687 
402.599823 317.721863 
377.972198 296.275879 
402.599823 317.721863 
276.787720 279.536316 
271.537537 373.235992 
194.605316 354.796356 
267.734589 364.773865 
290.546539 325.910919 
280.282593 291.676544 
269.528015 286.545776 
586.127808 414.402954 
348.030579 396.241425 
274.685303 299.096191 
271.537537 373.235992 
262.553375 373.466217 
270.257355 382.465912 
380.319214 304.154602 
198.159073 371.983551 
399.231445 292.744598 
399.231445 292.744598 
368.720795 331.197571 
296.356689 299.770691 
267.820679 372.439484 
267.734589 364.773865 
304.442719 338.983459 
267.820679 372.439484 
267.820679 372.439484 
199.708282 355.315613 
580.999634 359.866150 
24.043739 384.147919 
217.966782 320.567749 
186.959915 382.195374 
369.533417 311.059509 
201.606689 326.828247 
293.138641 304.109680 
280.369934 387.257568 
280.369934 387.257568 
385.900299 306.217102 
385.900299 306.217102 
256.273041 306.786621 
580.999634 359.866150 
259.246033 281.609467 
287.956970 300.974243 
264.258911 370.203369 
296.543915 246.914856 
271.537537 373.235992 
280.282593 291.676544 
362.791382 306.674744 
280.282593 291.676544 
274.383942 311.625153 
580.999634 359.866150 
298.735626 324.097931 
280.282593 291.676544 
277.061615 360.557159 
404.562012 306.480225 
404.562012 306.480225 
287.956970 300.974243 
402.599823 317.721863 
254.596420 331.132446 
280.282593 291.676544 
281.908813 251.850449 
198.159073 371.983551 
381.527588 362.417297 
251.527847 241.312210 
374.762726 317.393280 
266.575165 299.076721 
280.282593 291.676544 
273.098572 299.827057 
428.094513 312.024231 
221.125977 339.287964 
244.539474 310.873535 
280.282593 291.676544 
183.362442 370.597961 
199.708282 355.315613 
120.899757 383.693054 
404.562012 306.480225 
284.520782 88.352257 
287.076050 288.619629 
576.398865 132.096939 
297.347931 340.561920 
267.734589 364.773865 
375.523743 288.871490 
388.270752 299.598450 
269.528015 286.545776 
188.702377 356.648621 
278.507294 267.414581 
278.507294 267.414581 
275.957489 302.434021 
384.433502 288.360687 
264.556152 305.684601 
282.816223 285.212585 
373.984406 333.645905 
377.972198 296.275879 
404.562012 306.480225 
33.998009 380.423126 
298.260712 288.843048 
194.643311 389.590088 
395.550629 313.719238 
282.039398 302.170502 
280.282593 291.676544 
273.098572 299.827057 
289.344299 301.554749 
382.384552 298.235718 
276.787720 279.536316 
276.787720 279.536316 
323.569214 342.302094 
267.399994 368.344543 
267.219543 293.514557 
282.039398 302.170502 
371.470520 300.454498 
287.072113 292.896149 
287.072113 292.896149 
222.180328 328.693665 
586.127808 414.402954 
280.282593 291.676544 
299.695953 245.279099 
201.348846 344.063202 
252.578964 312.408020 
299.121490 318.838501 
369.533417 311.059509 
221.125977 339.287964 
402.599823 317.721863 
270.192352 297.844818 
399.231445 292.744598 
262.553375 373.466217 
246.321854 296.820618 
274.685303 299.096191 
278.785126 372.574951 
399.231445 292.744598 
382.384552 298.235718 
295.591339 248.176559 
383.586395 277.862091 
280.282593 291.676544 
410.902771 302.339172 
269.528015 286.545776 
369.533417 311.059509 
576.398865 132.096939 
193.128036 304.192566 
293.138641 304.109680 
382.384552 298.235718 
296.356689 299.770691 
275.633606 381.256805 
282.605286 309.682526 
202.290375 375.210815 
231.042419 325.961914 
289.293518 278.723999 
377.972198 296.275879 
249.191254 293.305115 
173.707031 392.793091 
399.231445 292.744598 
254.596420 331.132446 
371.470520 300.454498 
386.609924 310.924225 
299.738434 246.651062 
199.598923 363.522095 
278.938599 277.361877 
382.263031 338.670898 
278.785126 372.574951 
277.565918 330.287659 
188.702377 356.648621 
305.472839 298.792450 
267.734589 364.773865 
276.036041 348.519135 
276.787720 279.536316 
252.840897 281.622620 
382.384552 298.235718 
271.537537 373.235992 
380.319214 304.154602 
281.994904 373.678162 
367.694611 330.598877 
39.163445 369.468811 
294.876129 248.377930 
367.694611 330.598877 
410.902771 302.339172 
293.138641 304.109680 
231.042419 325.961914 
231.042419 325.961914 
268.668243 286.703278 
280.282593 291.676544 
297.347931 340.561920 
280.282593 291.676544 
244.539474 310.873535 
244.539474 310.873535 
110.801208 379.958893 
225.518219 323.812408 
274.685303 299.096191 
271.537537 373.235992 
362.791382 306.674744 
576.398865 132.096939 
576.398865 132.096939 
201.606689 326.828247 
576.398865 132.096939 
376.042694 351.176758 
293.138641 304.109680 
293.138641 304.109680 
271.004852 305.126526 
367.694611 330.598877 
367.694611 330.598877 
386.609924 310.924225 
433.048767 100.433250 
287.956970 300.974243 
429.128998 316.405457 
580.999634 359.866150 
312.566132 303.089172 
273.705994 286.717346 
267.399994 368.344543 
402.599823 317.721863 
279.155029 306.232178 
311.705597 338.028564 
280.282593 291.676544 
160.651855 382.659760 
244.516647 332.416992 
386.609924 310.924225 
269.528015 286.545776 
256.273041 306.786621 
267.399994 368.344543 
287.956970 300.974243 
369.404358 300.851959 
188.702377 356.648621 
188.702377 356.648621 
274.383942 311.625153 
276.787720 279.536316 
225.518219 323.812408 
273.794556 387.039093 
426.916565 287.336792 
188.918350 328.068054 
287.915405 305.878906 
287.915405 305.878906 
237.490112 316.037323 
404.562012 306.480225 
243.448593 297.569244 
272.212860 311.437042 
264.258911 370.203369 
280.282593 291.676544 
290.093964 306.392273 
290.093964 306.392273 
174.525299 372.584045 
172.991989 367.485138 
289.344299 301.554749 
586.127808 414.402954 
202.290375 375.210815 
381.527588 362.417297 
280.282593 291.676544 
287.956970 300.974243 
207.398483 323.436829 
188.918350 328.068054 
200.006714 288.808228 
576.398865 132.096939 
385.900299 306.217102 
289.344299 301.554749 
252.840897 281.622620 
224.971329 321.212006 
274.685303 299.096191 
377.972198 296.275879 
280.282593 291.676544 
202.290375 375.210815 
284.520782 88.352257 
273.098572 299.827057 
272.212860 311.437042 
316.229218 286.329315 
268.421600 382.421997 
296.543915 246.914856 
266.575165 299.076721 
217.966782 320.567749 
252.578964 312.408020 
367.694611 330.598877 
556.524292 110.439026 
277.569550 271.143250 
280.369934 387.257568 
280.282593 291.676544 
278.507294 267.414581 
113.618752 381.527924 
298.260712 288.843048 
270.257355 382.465912 
404.562012 306.480225 
373.984406 333.645905 
576.398865 132.096939 
288.788727 280.951935 
428.094513 312.024231 
428.094513 312.024231 
267.399994 368.344543 
267.820679 372.439484 
271.537537 373.235992 
167.832825 399.617188 
238.963501 295.318970 
188.918350 328.068054 
380.319214 304.154602 
373.984406 333.645905 
202.290375 375.210815 
246.321854 296.820618 
380.319214 304.154602 
287.956970 300.974243 
402.599823 317.721863 
273.098572 299.827057 
202.290375 375.210815 
287.072113 292.896149 
316.229218 286.329315 
269.528015 286.545776 
269.528015 286.545776 
373.984406 333.645905 
373.984406 333.645905 
91.434204 430.356415 
91.434204 430.356415 
204.013596 348.633453 
280.282593 291.676544 
274.813049 385.566345 
273.098572 299.827057 
270.164001 333.290283 
369.404358 300.851959 
377.053741 308.509766 
266.927399 349.324219 
404.562012 306.480225 
380.319214 304.154602 
369.404358 300.851959 
371.470520 300.454498 
278.938599 277.361877 
433.048767 100.433250 
296.543915 246.914856 
167.531219 387.263062 
426.916565 287.336792 
278.785126 372.574951 
270.302246 299.218140 
402.001770 312.307983 
199.081665 364.434204 
293.797363 299.762115 
382.263031 338.670898 
382.384460 319.326599 
382.384460 319.326599 
244.516647 332.416992 
281.908813 251.850449 
242.491974 293.939148 
298.260712 288.843048 
376.877441 318.992523 
277.426117 270.305542 
289.344299 301.554749 
273.794556 387.039093 
287.930328 99.569046 
194.605316 354.796356 
201.348846 344.063202 
371.470520 300.454498 
402.001770 312.307983 
371.470520 300.454498 
183.362442 370.597961 
160.651855 382.659760 
293.138641 304.109680 
178.866058 386.397522 
267.820679 372.439484 
282.025391 281.238129 
225.518219 323.812408 
280.282593 291.676544 
290.371613 284.102570 
377.053741 308.509766 
395.550629 313.719238 
374.975891 287.049652 
280.282593 291.676544 
576.398865 132.096939 
278.507294 267.414581 
196.892868 364.401001 
286.874390 321.701660 
401.687836 317.037567 
377.972198 296.275879 
289.344299 301.554749 
277.426117 270.305542 
377.972198 296.275879 
267.820679 372.439484 
282.304810 297.811676 
289.344299 301.554749 
268.668243 286.703278 
311.705597 338.028564 
271.537537 373.235992 
273.794556 387.039093 
376.877441 318.992523 
277.426117 270.305542 
297.347931 340.561920 
264.258911 370.203369 
188.918350 328.068054 
271.537537 373.235992 
278.819977 315.387360 
373.984406 333.645905 
252.782990 334.428040 
275.053131 238.010605 
369.533417 311.059509 
244.516647 332.416992 
267.399994 368.344543 
187.588165 397.067902 
274.685303 299.096191 
274.685303 299.096191 
167.531219 387.263062 
167.531219 387.263062 
383.586395 277.862091 
199.081665 364.434204 
404.562012 306.480225 
273.098572 299.827057 
388.917084 374.226654 
399.231445 292.744598 
260.687653 281.842407 
382.263031 338.670898 
386.609924 310.924225 
199.708282 355.315613 
199.708282 355.315613 
270.257355 382.465912 
287.863312 305.148468 
206.683975 294.855194 
413.341858 326.417816 
289.344299 301.554749 
284.520782 88.352257 
274.685303 299.096191 
271.004852 305.126526 
269.528015 286.545776 
201.348846 344.063202 
304.442719 338.983459 
267.266876 290.703430 
280.282593 291.676544 
377.972198 296.275879 
271.537537 373.235992 
282.816223 285.212585 
269.528015 286.545776 
199.598923 363.522095 
281.908813 251.850449 
578.711853 246.526428 
396.279480 282.391815 
254.596420 331.132446 
266.575165 299.076721 
282.304810 297.811676 
271.537537 373.235992 
249.191254 293.305115 
196.892868 364.401001 
576.398865 132.096939 
199.081665 364.434204 
385.900299 306.217102 
234.362869 310.306610 
250.259293 353.327362 
206.683975 294.855194 
206.683975 294.855194 
96.329308 421.049072 
354.833466 301.300568 
354.833466 301.300568 
288.528931 234.456238 
386.688019 317.890717 
399.231445 292.744598 
284.520782 88.352257 
371.470520 300.454498 
288.550537 250.506241 
304.442719 338.983459 
259.977692 352.331116 
301.684448 296.895569 
274.813049 385.566345 
280.282593 291.676544 
284.520782 88.352257 
206.683975 294.855194 
27.920078 355.593781 
274.813049 385.566345 
281.908813 251.850449 
223.168747 319.627106 
274.685303 299.096191 
371.470520 300.454498 
276.787720 279.536316 
281.908813 251.850449 
404.562012 306.480225 
369.533417 311.059509 
288.550537 250.506241 
304.442719 338.983459 
290.371613 284.102570 
409.159119 272.035522 
280.045807 378.314545 
207.398483 323.436829 
217.966782 320.567749 
280.282593 291.676544 
276.868286 276.371246 
280.282593 291.676544 
252.607132 281.032928 
267.820679 372.439484 
196.892868 364.401001 
578.711853 246.526428 
586.127808 414.402954 
376.877441 318.992523 
287.956970 300.974243 
196.892868 364.401001 
267.820679 372.439484 
280.282593 291.676544 
175.013855 377.401520 
194.605316 354.796356 
198.159073 371.983551 
209.426956 312.494537 
194.893616 370.127838 
304.442719 338.983459 
284.520782 88.352257 
284.520782 88.352257 
270.257355 382.465912 
238.963501 295.318970 
266.575165 299.076721 
262.553375 373.466217 
401.687836 317.037567 
194.605316 354.796356 
278.785126 372.574951 
278.785126 372.574951 
383.586395 277.862091 
267.820679 372.439484 
201.658310 344.671875 
280.369934 387.257568 
183.618515 345.601532 
273.378357 237.522995 
225.518219 323.812408 
204.013596 348.633453 
369.404358 300.851959 
267.266876 290.703430 
279.155029 306.232178 
293.477936 330.849762 
207.398483 323.436829 
217.966782 320.567749 
369.181427 308.486084 
293.634308 244.501175 
188.702377 356.648621 
280.369934 387.257568 
271.059937 379.323608 
288.550537 250.506241 
194.643311 389.590088 
286.866608 238.385178 
371.470520 300.454498 
267.219543 293.514557 
277.458893 276.564392 
415.959595 397.188629 
201.430344 386.625031 
203.342926 358.915039 
278.785126 372.574951 
570.389221 413.434845 
274.685303 299.096191 
415.959595 397.188629 
276.868286 276.371246 
198.159073 371.983551 
221.996582 330.356689 
281.908813 251.850449 
225.518219 323.812408 
206.683975 294.855194 
287.956970 300.974243 
296.356689 299.770691 
194.643311 389.590088 
296.356689 299.770691 
197.138077 317.086456 
243.259476 328.605896 
375.623718 277.235687 
351.129028 306.642059 
271.738434 237.634323 
277.569550 271.143250 
113.618752 381.527924 
270.164001 333.290283 
284.520782 88.352257 
280.282593 291.676544 
225.518219 323.812408 
296.543915 246.914856 
256.150146 305.809570 
250.340027 363.328979 
265.688690 347.767548 
187.518982 290.437317 
