500
167.148773 358.505463 
162.009460 359.982849 
154.815536 357.406891 
275.502258 337.885132 
150.424469 245.650299 
145.217224 246.788361 
227.957962 197.168549 
277.118378 319.964813 
145.664688 241.999344 
146.209671 242.334015 
125.238510 351.726929 
105.602036 366.053406 
347.521667 214.713257 
342.228333 213.336273 
277.151093 321.404083 
220.875183 200.060715 
221.469376 200.330612 
229.187378 193.955307 
277.358643 318.034393 
177.526367 346.066376 
277.954132 316.842102 
424.614136 234.329758 
257.983459 224.956467 
160.369324 344.687012 
350.660736 218.050522 
248.387451 184.722076 
412.924469 229.103012 
237.705139 214.002701 
256.686829 195.607056 
229.090988 193.150406 
321.454498 318.971313 
155.918762 253.701309 
455.690308 243.086426 
436.631714 234.182556 
144.961624 256.759308 
143.413666 229.467377 
323.271057 322.871704 
418.733673 228.432098 
309.960236 270.835297 
342.628479 214.159790 
164.439911 344.420197 
119.344109 367.901917 
359.670715 218.735321 
276.389801 329.970612 
483.702820 229.438843 
440.225250 235.719254 
462.919373 254.995239 
488.975403 194.954147 
289.776459 168.517517 
455.071899 242.241531 
162.029678 340.988892 
222.885727 206.522629 
217.597763 201.334381 
262.176422 209.362427 
229.199844 195.374512 
162.561829 344.678345 
154.629547 249.807922 
248.242371 331.843353 
487.734802 230.163132 
280.849182 331.136444 
452.556030 247.821045 
270.992432 332.340576 
157.158630 355.677551 
251.949646 196.152786 
289.978851 308.051697 
288.355774 194.537415 
402.895203 236.330093 
278.460114 209.986755 
222.061600 203.756821 
459.509827 220.808990 
251.569397 330.376740 
336.621826 242.453476 
279.422089 327.707245 
264.771454 210.830200 
454.447449 243.365128 
249.066437 184.639572 
505.428192 239.228439 
180.871384 352.947479 
460.109894 223.441711 
321.012512 318.175751 
499.006378 212.602310 
499.224030 213.309479 
218.060318 203.691299 
258.718750 195.151413 
460.400543 224.241867 
449.409027 281.476318 
224.495041 238.912521 
256.873901 197.485184 
514.719055 217.582260 
494.158020 238.724655 
438.820221 223.463730 
245.896713 231.918381 
280.938660 202.224579 
129.971649 350.693451 
480.066711 231.884491 
298.064026 193.100067 
297.512817 193.124481 
266.267609 139.225967 
271.115631 330.809509 
100.939125 353.330231 
329.268341 242.898239 
310.490570 269.410095 
446.061829 239.059998 
333.953064 236.952393 
286.095032 188.703186 
140.668793 240.606125 
140.515274 241.248611 
167.856125 339.465454 
141.853683 357.794373 
227.807236 177.758682 
294.897858 201.270309 
221.067032 207.892120 
105.462227 358.172729 
296.922455 254.368729 
322.310242 322.555450 
356.598206 219.583649 
159.069122 344.441101 
293.725952 207.161118 
338.360077 211.904373 
148.502716 355.251404 
290.416107 188.581863 
433.909882 243.415894 
110.230438 355.415344 
292.807129 200.391083 
506.246124 213.313507 
174.991211 351.859558 
163.547180 348.080933 
444.916168 284.736786 
346.718689 208.824356 
217.751556 227.601089 
442.756683 209.873672 
241.297592 266.091553 
329.787415 241.477295 
477.733826 228.211914 
258.032715 226.228745 
455.863495 279.359741 
438.124786 218.982147 
436.332794 226.580765 
336.647644 210.054214 
283.415741 335.672760 
340.629303 239.338165 
484.797760 193.085327 
434.975006 260.079742 
469.757233 260.276428 
471.837097 238.041641 
346.210571 209.843353 
246.267273 187.612473 
155.845978 353.763550 
479.391998 207.700485 
292.345306 176.609634 
473.876984 226.937515 
282.265472 334.434967 
448.348572 216.112732 
232.099487 176.402374 
477.390442 227.550339 
273.790741 155.310440 
219.839111 206.212524 
171.678482 340.813751 
280.485474 314.904236 
146.605087 251.137436 
156.323822 256.482849 
429.653961 221.737976 
290.013855 307.430389 
472.496033 238.946793 
210.673325 196.873795 
472.051117 269.949310 
433.457458 240.750488 
438.664948 254.334351 
438.886658 253.850357 
119.859894 347.173370 
412.948944 222.443085 
285.440918 326.812775 
492.143829 193.491501 
462.194031 233.512207 
429.029053 222.890533 
291.507111 189.882538 
495.019745 238.501221 
253.056992 329.753937 
415.893463 206.184464 
474.284607 227.762741 
424.809631 183.752151 
236.434601 178.818359 
332.179413 238.464096 
246.188156 181.979462 
265.331665 230.575470 
291.116333 186.837341 
328.930328 241.075256 
297.782135 254.489594 
426.391754 218.945129 
238.754730 183.500412 
444.152191 217.529251 
212.306519 197.018814 
430.991577 222.423874 
316.308960 238.374298 
316.306244 237.709457 
491.574768 247.817764 
283.500732 126.528732 
311.756226 322.241821 
478.496979 207.500641 
343.155396 242.046066 
468.920044 233.207108 
468.996887 233.351181 
243.263123 327.784302 
157.871841 343.858063 
283.885529 217.539230 
296.289185 198.740112 
460.244781 269.729584 
443.379181 221.279144 
443.335907 220.590134 
415.594452 209.087570 
269.776886 153.949295 
487.452209 253.028503 
457.462158 212.850571 
230.992279 228.521759 
214.753464 207.627533 
274.593597 330.095123 
271.679596 154.417725 
246.308411 239.274460 
200.725677 190.824982 
201.351746 190.961014 
453.839996 277.710266 
482.965668 204.144958 
268.198914 146.101501 
465.665558 270.771729 
465.853638 271.246643 
514.521362 215.660385 
339.992523 238.847870 
244.765274 226.597412 
292.332245 308.354889 
308.614655 185.569000 
454.286255 253.191605 
507.156189 241.176178 
154.168671 254.417450 
469.780518 233.442810 
487.472534 199.996902 
295.694794 169.280807 
484.324890 255.572250 
330.808289 213.296997 
238.560867 182.934814 
306.998871 178.043091 
263.127136 157.795364 
310.835724 216.364716 
117.246025 350.705475 
456.580750 212.277695 
216.781448 246.309509 
217.147476 245.951736 
322.310822 238.937820 
245.524445 227.177521 
265.369873 211.902954 
335.565430 203.847122 
175.119980 357.206207 
421.939453 258.685944 
313.609283 181.475815 
406.017578 226.780914 
447.259308 224.446945 
204.949081 192.177109 
460.160126 269.354584 
294.632996 205.969742 
238.871078 327.525055 
267.910004 144.536240 
304.278687 172.631882 
309.284515 185.201736 
433.728546 179.700241 
146.427399 253.477539 
228.370865 181.848770 
402.649292 259.199219 
428.048187 186.232880 
486.983704 253.691315 
450.449097 228.160751 
450.497864 227.566467 
480.698212 198.632751 
284.763519 157.767471 
454.443939 274.576538 
283.830902 336.298309 
479.454834 204.965393 
471.862610 210.279297 
297.370148 166.683060 
502.595276 214.078186 
336.521332 236.765503 
313.334686 180.378937 
344.335663 240.859207 
291.446747 267.140533 
475.378906 211.698151 
501.057495 237.635727 
444.037384 192.521576 
294.626099 208.357193 
223.130936 201.081848 
437.175903 191.928864 
476.443207 210.209229 
146.051941 256.534210 
264.181122 232.427567 
467.175232 239.234482 
440.915924 189.734283 
267.437561 155.548752 
485.245789 248.577927 
480.591888 244.550018 
234.962738 186.864227 
486.680603 261.664093 
445.319153 214.910843 
483.046143 210.592773 
272.611298 140.057938 
459.326447 192.087021 
359.480835 213.171799 
440.333740 200.796509 
327.444763 242.615799 
476.886200 185.914627 
432.838196 223.042953 
248.618805 179.863693 
311.918945 241.095154 
159.760101 231.792145 
237.224060 182.103546 
422.419647 213.563156 
422.377289 195.807526 
475.469971 194.861237 
438.998138 200.919327 
122.618179 346.934601 
153.642807 224.463074 
324.199127 177.871887 
433.529907 183.404251 
476.079529 184.352997 
217.042404 224.995911 
263.372101 158.847198 
512.354248 245.743256 
436.197662 185.156250 
203.508667 191.379761 
423.488770 190.728790 
385.506989 388.852295 
304.699463 175.289307 
417.463348 229.224258 
401.303070 220.344070 
266.322754 229.384552 
153.580780 341.965363 
248.240860 227.563034 
360.658356 251.461624 
428.754822 181.767380 
158.360550 227.694397 
452.510681 184.218277 
405.495544 200.001221 
407.924438 201.230774 
142.237366 247.400330 
303.150879 202.586456 
160.453491 226.985352 
469.286804 270.763550 
450.317719 186.563080 
234.052368 186.844788 
348.100433 245.838837 
469.046783 193.166885 
214.794708 222.964828 
337.145081 324.055054 
311.350708 187.079361 
96.997047 337.415680 
97.632317 337.033020 
348.103546 250.020752 
459.515350 255.202072 
272.651001 143.708038 
221.606827 181.985123 
451.627289 182.800873 
452.242096 180.824448 
321.559296 179.136185 
336.078064 263.015656 
480.709290 256.877594 
213.365311 227.407654 
214.061234 222.645111 
156.084076 236.719162 
111.264595 358.983551 
218.976822 235.717819 
291.383606 162.534088 
463.117126 220.887161 
314.452362 221.494812 
267.652130 136.707382 
435.014587 183.570938 
303.755005 172.485596 
156.706116 225.918671 
337.942261 204.963791 
287.038086 201.001633 
234.803787 175.577850 
485.523224 177.531418 
454.004517 197.295837 
236.753830 213.997253 
337.865631 260.231842 
247.564331 178.685577 
455.405304 200.519882 
462.495209 187.076187 
232.246918 190.523453 
154.279572 259.523224 
247.427948 235.573318 
460.693756 221.403214 
460.952057 221.133881 
213.933197 225.113586 
287.359192 213.404556 
168.934311 358.105103 
169.384827 358.093140 
505.231506 298.982269 
476.635162 239.344788 
212.991806 206.734222 
443.766174 179.342789 
294.072021 253.359009 
341.082001 237.221695 
349.027679 250.185608 
302.302216 198.653412 
123.327278 345.838806 
409.789520 256.887695 
409.823242 257.302277 
418.688660 232.780334 
419.208984 232.677444 
449.728516 207.182205 
269.529907 147.077652 
436.563263 178.632843 
284.338959 220.687485 
224.376175 182.746857 
350.093262 251.765533 
374.269623 252.218948 
447.103516 193.067688 
256.544312 221.066711 
382.352875 243.046265 
482.839203 191.689438 
247.075500 177.787308 
363.554626 219.903809 
156.980957 348.603424 
157.308762 349.244690 
453.380463 231.897324 
265.538574 236.212158 
315.344543 216.925217 
222.386185 209.696655 
266.319733 143.737717 
466.145966 207.142761 
314.019531 217.237885 
392.253265 390.279602 
225.340073 191.089798 
469.019379 211.364059 
472.971191 192.587036 
514.523560 245.769791 
287.565002 212.162613 
315.087311 220.671036 
338.268005 266.947113 
338.097382 267.024475 
174.563416 330.416473 
452.859650 178.872452 
457.034637 252.933212 
342.974915 248.351608 
155.960251 348.822083 
207.356964 193.788300 
473.180206 233.610489 
438.222473 312.612915 
129.744049 349.987610 
202.568741 183.517029 
424.107605 388.581940 
210.084167 235.284134 
469.155701 214.632385 
271.826233 137.158813 
388.214417 248.434021 
476.164917 183.115250 
473.226471 191.528610 
287.656708 201.396912 
290.698181 173.847443 
444.661041 176.707947 
241.950378 190.879517 
225.096817 208.164368 
507.211823 297.588684 
387.227631 248.498947 
162.336136 228.539398 
256.433777 192.976257 
491.950867 268.080566 
454.216064 202.652359 
429.767059 202.466522 
460.489410 206.868530 
511.643127 241.435455 
444.737213 196.528961 
495.669281 216.525818 
445.156433 195.985825 
452.379303 210.324860 
424.241974 192.043777 
509.712402 256.410950 
477.420166 250.447815 
486.049286 176.907928 
243.310181 174.943420 
242.838516 174.708389 
299.982300 200.260117 
260.980621 154.895264 
441.131744 198.994675 
472.969604 189.549072 
486.379242 306.525238 
440.862640 201.382996 
311.549316 177.664429 
215.821045 208.454163 
248.764053 236.464432 
314.303589 222.371414 
491.947266 231.499207 
336.958557 320.503540 
344.504150 244.966599 
485.265594 194.785385 
334.189667 207.894043 
409.130341 226.773300 
365.518433 346.673218 
337.346588 264.702881 
247.861328 226.352798 
286.379883 307.200012 
169.854462 358.218079 
170.376114 336.207764 
127.435326 347.889587 
