500
482.965668 204.144958 
482.200562 208.129578 
480.698212 198.632751 
495.669281 216.525818 
479.391998 207.700485 
228.482346 229.328751 
277.954132 316.842102 
479.454834 204.965393 
473.180206 233.610489 
487.472534 199.996902 
477.616577 200.449936 
477.390442 227.550339 
474.284607 227.762741 
472.051117 269.949310 
477.733826 228.211914 
277.358643 318.034393 
464.767517 224.417969 
483.046143 210.592773 
224.234619 228.316132 
405.927979 207.468094 
460.109894 223.441711 
473.876984 226.937515 
506.246124 213.313507 
478.496979 207.500641 
223.787094 229.705475 
224.722977 228.605118 
465.590759 224.269592 
262.176422 209.362427 
499.006378 212.602310 
499.224030 213.309479 
522.760193 233.210480 
430.991577 222.423874 
471.837097 238.041641 
488.975403 194.954147 
214.753464 207.627533 
509.031677 208.939148 
215.821045 208.454163 
297.370148 166.683060 
433.092773 216.191467 
466.145966 207.142761 
328.930328 241.075256 
228.619629 220.204239 
429.653961 221.737976 
327.860138 261.077789 
478.454865 231.517487 
455.690308 243.086426 
475.863342 253.342041 
421.994202 232.669220 
418.688660 232.780334 
419.208984 232.677444 
439.715118 206.709900 
502.595276 214.078186 
226.979614 225.443069 
453.380463 231.897324 
424.614136 234.329758 
432.838196 223.042953 
480.066711 231.884491 
287.366882 198.124771 
248.617050 164.803467 
525.083252 236.773621 
264.771454 210.830200 
248.577560 164.029572 
225.096817 208.164368 
185.139893 330.367493 
436.332794 226.580765 
460.400543 224.241867 
234.803787 175.577850 
251.949646 196.152786 
228.171692 222.640411 
300.392975 338.348663 
294.897858 201.270309 
140.854721 309.947510 
140.876541 309.769440 
224.527985 225.067307 
225.126419 225.204132 
459.509827 220.808990 
329.787415 241.477295 
327.712433 262.063629 
496.405548 234.997147 
277.118378 319.964813 
401.303070 220.344070 
233.639801 219.498215 
300.208954 338.536713 
222.885727 206.522629 
269.056030 149.507660 
141.652298 291.536804 
232.978027 219.450806 
212.991806 206.734222 
142.919678 183.854813 
485.245789 248.577927 
245.896713 231.918381 
356.598206 219.583649 
448.348572 216.112732 
521.098816 436.673004 
514.523560 245.769791 
256.433777 192.976257 
244.765274 226.597412 
418.733673 228.432098 
214.453979 204.319733 
245.524445 227.177521 
232.099487 176.402374 
330.993652 259.761566 
294.505798 190.120422 
346.718689 208.824356 
429.767059 202.466522 
280.849182 331.136444 
511.643127 241.435455 
457.462158 212.850571 
441.131744 198.994675 
333.953064 236.952393 
277.151093 321.404083 
514.719055 217.582260 
460.693756 221.403214 
460.952057 221.133881 
147.688766 183.587692 
346.210571 209.843353 
322.310822 238.937820 
426.391754 218.945129 
216.781448 246.309509 
217.147476 245.951736 
217.042404 224.995911 
429.029053 222.890533 
438.124786 218.982147 
475.469971 194.861237 
402.699066 208.518265 
456.580750 212.277695 
469.780518 233.442810 
325.691650 259.767059 
420.224854 228.400513 
455.625458 219.855743 
435.014587 183.570938 
476.443207 210.209229 
329.268341 242.898239 
469.825623 224.688889 
472.496033 238.946793 
412.948944 222.443085 
440.862640 201.382996 
514.521362 215.660385 
469.155701 214.632385 
180.871384 352.947479 
454.004517 197.295837 
298.077087 336.358917 
162.029678 340.988892 
336.078064 263.015656 
511.662964 242.092026 
469.286804 270.763550 
417.463348 229.224258 
149.352554 183.643234 
475.633148 254.822800 
174.991211 351.859558 
265.369873 211.902954 
488.659576 197.813354 
289.978851 308.051697 
311.098297 278.970520 
288.658173 221.073166 
217.751556 227.601089 
334.703094 253.291885 
237.116135 236.096756 
290.013855 307.430389 
236.753830 213.997253 
412.924469 229.103012 
422.419647 213.563156 
454.286255 253.191605 
321.012512 318.175751 
438.820221 223.463730 
453.532776 219.568619 
291.507111 189.882538 
224.616959 346.472870 
449.409027 281.476318 
314.033081 279.997681 
460.489410 206.868530 
275.489380 206.318069 
465.665558 270.771729 
465.853638 271.246643 
142.273865 183.857239 
222.386185 209.696655 
302.302216 198.653412 
221.067032 207.892120 
331.441345 231.310364 
438.998138 200.919327 
246.188156 181.979462 
487.734802 230.163132 
457.034637 252.933212 
436.563263 178.632843 
392.253265 390.279602 
286.379883 307.200012 
290.416107 188.581863 
311.194824 213.866119 
274.851593 187.899124 
440.333740 200.796509 
219.839111 206.212524 
401.723145 209.547394 
342.228333 213.336273 
327.444763 242.615799 
416.611420 212.894913 
237.731598 236.824539 
501.057495 237.635727 
468.920044 233.207108 
468.996887 233.351181 
322.834015 336.758362 
138.865860 287.339478 
249.066437 184.639572 
310.554474 263.249756 
244.444305 224.728958 
147.502335 183.423813 
241.950378 190.879517 
472.971191 192.587036 
450.449097 228.160751 
450.497864 227.566467 
232.588531 349.782196 
213.365311 227.407654 
248.387451 184.722076 
217.597763 201.334381 
444.916168 284.736786 
287.359192 213.404556 
424.241974 192.043777 
286.095032 188.703186 
287.565002 212.162613 
443.766174 179.342789 
139.824249 306.077972 
204.949081 192.177109 
163.547180 348.080933 
315.625214 276.738953 
229.466095 220.663040 
278.191437 204.248642 
232.246918 190.523453 
278.889557 208.209000 
329.489227 264.886566 
350.660736 218.050522 
334.575378 250.391586 
145.829193 188.398727 
279.952209 208.148148 
255.216522 236.286880 
480.977509 362.270782 
246.267273 187.612473 
162.561829 344.678345 
315.344543 216.925217 
212.306519 197.018814 
241.297592 266.091553 
247.427948 235.573318 
442.756683 209.873672 
448.063782 223.600327 
310.490570 269.410095 
512.354248 245.743256 
144.300552 290.026062 
405.923157 214.109802 
385.506989 388.852295 
164.439911 344.420197 
213.933197 225.113586 
373.184052 242.045959 
449.728516 207.182205 
295.694794 169.280807 
511.354248 245.172775 
484.797760 193.085327 
141.816086 304.102295 
498.888885 270.644104 
406.017578 226.780914 
343.155396 242.046066 
286.990967 214.646515 
405.495544 200.001221 
227.957962 197.168549 
407.555786 229.525131 
227.807236 177.758682 
344.335663 240.859207 
230.992279 228.521759 
415.594452 209.087570 
485.265594 194.785385 
209.241455 186.891525 
314.637177 277.512238 
203.508667 191.379761 
247.564331 178.685577 
256.719116 229.286301 
415.355957 212.548492 
307.286835 341.231964 
313.149841 261.221497 
137.134506 304.950195 
187.810043 343.291260 
149.716370 183.011795 
235.760849 192.030594 
447.259308 224.446945 
348.103546 250.020752 
223.160675 210.506958 
237.628998 189.552307 
160.369324 344.687012 
293.725952 207.161118 
475.441101 245.267715 
246.308411 239.274460 
436.197662 185.156250 
258.032715 226.228745 
210.673325 196.873795 
419.711548 201.916061 
469.757233 260.276428 
238.754730 183.500412 
146.427399 253.477539 
327.921539 258.200897 
313.609283 181.475815 
146.678329 188.414856 
408.516357 227.614761 
271.115631 330.809509 
137.697983 307.589325 
461.142151 288.183105 
310.100525 280.176117 
440.915924 189.734283 
136.856613 293.629425 
238.560867 182.934814 
136.163483 291.380768 
276.665527 206.636459 
321.234406 336.869720 
491.950867 268.080566 
454.216064 202.652359 
476.635162 239.344788 
255.229416 208.354950 
254.694489 207.872330 
493.707550 182.000778 
443.379181 221.279144 
443.335907 220.590134 
247.861328 226.352798 
247.075500 177.787308 
491.574768 247.817764 
437.614716 186.050339 
311.918945 241.095154 
270.992432 332.340576 
324.199127 177.871887 
296.289185 198.740112 
299.771942 169.073502 
140.137543 235.660950 
294.626099 208.357193 
437.175903 191.928864 
473.226471 191.528610 
234.052368 186.844788 
340.748169 206.664093 
338.412262 268.123260 
342.974915 248.351608 
522.839355 205.858078 
305.221619 224.773392 
336.521332 236.765503 
248.803665 210.165375 
405.744080 231.668915 
480.591888 244.550018 
294.632996 205.969742 
445.319153 214.910843 
310.917328 258.336853 
507.156189 241.176178 
266.794281 139.591690 
256.176941 229.112793 
229.187378 193.955307 
336.621826 242.453476 
454.966095 201.647659 
236.434601 178.818359 
237.476105 189.229248 
349.419922 337.304108 
214.794708 222.964828 
156.859680 235.825073 
136.771866 302.987122 
234.962738 186.864227 
455.405304 200.519882 
337.346588 264.702881 
248.240860 227.563034 
167.856125 339.465454 
486.680603 261.664093 
463.117126 220.887161 
257.983459 224.956467 
359.670715 218.735321 
416.836914 261.113037 
440.169189 177.531525 
509.712402 256.410950 
338.268005 266.947113 
338.097382 267.024475 
145.280746 185.281174 
455.071899 242.241531 
409.130341 226.773300 
232.959488 236.529205 
214.061234 222.645111 
252.013290 210.896667 
459.326447 192.087021 
482.839203 191.689438 
256.544312 221.066711 
340.629303 239.338165 
151.887634 186.806808 
453.614594 285.089844 
452.379303 210.324860 
454.447449 243.365128 
471.862610 210.279297 
280.485474 314.904236 
438.664948 254.334351 
438.886658 253.850357 
495.019745 238.501221 
451.627289 182.800873 
271.470917 185.878220 
483.461273 190.355270 
156.084076 236.719162 
424.107605 388.581940 
349.027679 250.185608 
246.270279 212.751312 
388.642853 375.124908 
175.119980 357.206207 
237.224060 182.103546 
446.061829 239.059998 
444.152191 217.529251 
280.938660 202.224579 
339.992523 238.847870 
229.199844 195.374512 
226.424377 235.928513 
337.865631 260.231842 
333.177124 248.299347 
229.090988 193.150406 
225.340073 191.089798 
264.606079 220.402100 
382.352875 243.046265 
409.789520 256.887695 
409.823242 257.302277 
220.663010 230.949524 
467.175232 239.234482 
322.641510 203.830673 
322.778442 204.449371 
447.103516 193.067688 
505.428192 239.228439 
225.314331 199.376740 
300.678711 208.521011 
477.420166 250.447815 
344.504150 244.966599 
416.237305 261.594849 
243.324478 268.911346 
162.009460 359.982849 
452.242096 180.824448 
213.125015 189.625305 
512.616333 268.227478 
512.920471 268.299927 
136.121979 288.102936 
264.769409 183.477646 
281.169403 196.869278 
323.271057 322.871704 
341.082001 237.221695 
131.289047 352.136749 
176.130936 356.870575 
248.764053 236.464432 
268.431244 181.917816 
480.709290 256.877594 
332.832550 218.665146 
272.651001 143.708038 
292.605042 305.492279 
321.454498 318.971313 
318.189758 247.388580 
291.848999 299.483032 
444.037384 192.521576 
154.274841 239.087433 
232.409409 236.586685 
261.913788 183.216858 
271.828430 310.610199 
444.737213 196.528961 
371.782623 241.855392 
412.983643 365.710175 
475.378906 211.698151 
267.515167 219.687775 
129.971649 350.693451 
248.242371 331.843353 
296.066162 303.153595 
483.702820 229.438843 
135.155243 313.360687 
469.046783 193.166885 
207.885635 236.283218 
221.606827 181.985123 
309.960236 270.835297 
460.045197 256.502319 
339.481628 217.398972 
491.947266 231.499207 
445.156433 195.985825 
310.561890 342.239441 
153.644501 228.653061 
313.334686 180.378937 
311.484467 256.930176 
476.079529 184.352997 
309.510864 180.676666 
267.437561 155.548752 
229.387512 340.233215 
428.048187 186.232880 
244.346237 339.794830 
230.889572 337.555359 
402.895203 236.330093 
302.728149 274.028900 
204.629028 228.302414 
318.804321 362.654358 
476.164917 183.115250 
233.652771 228.438461 
363.554626 219.903809 
314.670593 254.929611 
220.875183 200.060715 
221.469376 200.330612 
492.143829 193.491501 
288.166290 254.901367 
249.569305 172.178528 
159.760101 231.792145 
144.116425 308.677673 
152.880661 228.374283 
137.835052 298.412201 
268.935791 294.051697 
459.515350 255.202072 
305.317810 248.554703 
144.964645 295.085327 
296.615295 302.392792 
