500
275.561371 79.644646 
351.356750 221.465225 
221.601761 235.013138 
352.253174 220.849396 
221.601761 235.013138 
351.829956 222.374802 
227.220291 235.545044 
492.240845 150.409134 
351.829956 222.374802 
502.147247 217.501526 
498.070435 166.025818 
405.095062 162.575836 
398.190430 280.747955 
555.535767 201.634705 
555.535767 201.634705 
392.888580 138.679657 
509.143250 203.095322 
509.143250 203.095322 
392.888580 138.679657 
451.313049 157.199768 
537.898499 158.291885 
352.253174 220.849396 
551.885376 151.383087 
489.503601 150.956223 
489.503601 150.956223 
414.553558 258.188141 
234.442795 233.974701 
194.047867 258.516846 
311.102936 236.437012 
221.601761 235.013138 
555.374756 204.163315 
159.314423 258.702301 
163.377548 260.915253 
209.947464 238.924973 
194.047867 258.516846 
175.726318 263.303741 
343.227600 289.976959 
508.869263 156.121826 
477.292297 153.087662 
376.844177 168.026321 
188.353409 250.897720 
425.926788 156.589813 
209.947464 238.924973 
498.070435 166.025818 
311.122314 237.790192 
415.134857 168.535492 
361.496460 178.504181 
413.911926 268.049316 
192.670059 248.972672 
233.689636 235.150848 
298.035645 234.872330 
275.197937 80.062706 
307.029877 213.497360 
418.422089 157.018677 
525.773193 169.149307 
311.122314 237.790192 
537.898499 158.291885 
451.313049 157.199768 
234.442795 233.974701 
226.239029 241.472092 
488.774628 263.963928 
378.729950 266.340424 
480.440704 273.824890 
484.669342 272.677887 
293.755005 262.913666 
374.440948 171.766342 
369.915283 152.775467 
503.935852 211.089783 
222.073029 230.307236 
222.073029 230.307236 
197.191071 252.561127 
401.132324 163.527542 
156.921753 244.397247 
157.187363 247.244431 
414.098938 308.887970 
500.763947 154.924393 
469.566895 161.614243 
233.689636 235.150848 
350.161255 221.325760 
287.484222 260.781281 
301.163361 238.913452 
546.093018 157.592865 
389.825928 309.672577 
392.801056 260.759949 
340.431763 284.242859 
216.408768 228.151764 
205.208664 240.871674 
503.999756 154.084564 
508.741547 203.704010 
147.760254 241.026779 
233.689636 235.150848 
378.729950 266.340424 
301.163361 238.913452 
307.029877 213.497360 
372.015198 154.013748 
402.392365 302.063965 
495.401520 291.631042 
382.305389 207.159424 
301.442261 230.333725 
344.673035 297.375671 
367.578064 336.039398 
367.578064 336.039398 
157.187363 247.244431 
391.980774 139.841003 
197.778839 244.946167 
413.911926 268.049316 
527.306702 163.144333 
402.392365 302.063965 
556.608948 182.902252 
307.029877 213.497360 
307.029877 213.497360 
557.699463 170.895859 
374.440948 171.766342 
278.344879 254.881622 
489.503601 150.956223 
311.122314 237.790192 
483.414734 259.355835 
204.925674 245.633423 
378.729950 266.340424 
305.367584 239.485947 
197.778839 244.946167 
389.825928 309.672577 
385.373657 159.916534 
487.794098 269.588074 
355.637207 278.907745 
382.573486 151.851135 
194.047867 258.516846 
294.944336 226.130600 
345.741211 230.782516 
399.964203 305.230133 
357.469879 280.342926 
223.929733 192.657288 
194.047867 258.516846 
378.729950 266.340424 
413.911926 268.049316 
527.306702 163.144333 
190.756256 266.100494 
557.699463 170.895859 
336.641144 358.764679 
190.756256 266.100494 
484.703400 255.601074 
357.419800 146.807770 
307.029877 213.497360 
482.591492 154.742722 
385.373657 159.916534 
423.434235 252.466980 
423.434235 252.466980 
546.891846 161.761551 
404.580261 164.482941 
233.689636 235.150848 
378.681366 159.916443 
157.849274 254.437668 
484.703400 255.601074 
190.756256 266.100494 
484.086029 313.870605 
382.305389 207.159424 
405.770691 150.739578 
377.873108 295.381714 
157.187363 247.244431 
163.377548 260.915253 
484.086029 313.870605 
190.756256 266.100494 
513.800049 159.781387 
392.174713 315.895935 
496.939758 149.646408 
188.641907 204.604828 
374.440948 171.766342 
327.557007 241.664200 
317.040680 241.358124 
483.414734 259.355835 
220.807724 230.483246 
480.440704 273.824890 
377.873108 295.381714 
502.147247 217.501526 
509.143250 203.095322 
393.255707 303.981781 
492.127899 164.219330 
163.377548 260.915253 
346.639709 140.392059 
527.306702 163.144333 
355.185944 334.308655 
296.713654 235.007614 
357.419800 146.807770 
157.187363 247.244431 
333.721710 144.614410 
197.778839 244.946167 
326.639160 139.633270 
138.554504 236.388596 
190.756256 266.100494 
309.143127 221.275146 
351.829956 222.374802 
393.888092 309.147308 
240.600372 229.860397 
240.600372 229.860397 
557.428650 176.800797 
122.623947 234.097366 
560.316772 192.114899 
189.281784 228.563309 
384.905243 305.738861 
426.493469 263.464996 
294.944336 226.130600 
500.708618 155.539886 
351.848175 269.228363 
413.911926 268.049316 
483.404785 281.066895 
333.210144 320.724915 
554.350769 179.192474 
508.741547 203.704010 
378.681366 159.916443 
477.292297 153.087662 
424.474152 162.515579 
355.637207 278.907745 
419.112366 273.242462 
424.474152 162.515579 
357.419800 146.807770 
472.273010 176.285004 
361.496460 178.504181 
333.721710 144.614410 
375.581726 161.686615 
483.404785 281.066895 
368.938263 338.508575 
405.508484 305.963959 
351.553467 331.843445 
335.498596 140.638550 
394.998199 307.231659 
278.666718 256.223053 
546.093018 157.592865 
417.563416 269.296722 
275.197937 80.062706 
555.276794 166.511490 
374.440948 171.766342 
206.113754 258.501709 
382.305389 207.159424 
397.382355 318.058136 
404.633881 299.204102 
381.761688 309.945190 
307.029877 213.497360 
158.254669 252.692566 
477.292297 153.087662 
540.112366 185.625900 
417.361176 289.465027 
394.998199 307.231659 
227.973557 200.482971 
351.553467 331.843445 
158.254669 252.692566 
315.882965 298.650909 
224.312653 160.406799 
410.986267 297.454193 
410.986267 297.454193 
381.761688 309.945190 
309.143127 221.275146 
156.801163 269.021912 
556.608948 182.902252 
483.414734 259.355835 
217.390869 270.460846 
418.422089 157.018677 
197.167603 149.099503 
393.255707 303.981781 
493.696533 163.617386 
501.270386 165.941483 
480.769226 326.124237 
223.929733 192.657288 
402.419373 305.521454 
492.403198 284.293457 
322.913086 251.913513 
305.367584 239.485947 
397.382355 318.058136 
541.547485 170.598694 
351.829956 222.374802 
156.699417 266.460419 
404.580261 164.482941 
502.147247 217.501526 
215.517822 261.084137 
179.249924 277.488678 
218.697861 263.575043 
425.916107 307.978302 
314.010925 253.289459 
171.131165 248.386749 
227.973557 200.482971 
224.312653 160.406799 
370.502350 159.670486 
514.056396 156.576904 
296.713654 235.007614 
402.392365 302.063965 
492.127899 164.219330 
219.822006 256.383057 
193.333176 270.016724 
205.208664 240.871674 
426.493469 263.464996 
508.741547 203.704010 
408.446716 310.550293 
146.490173 255.829819 
498.802307 159.104691 
498.802307 159.104691 
389.825928 309.672577 
347.766449 121.001556 
334.472168 291.019257 
334.472168 291.019257 
419.112366 273.242462 
345.479492 287.604614 
199.332764 267.016510 
224.312653 160.406799 
238.643951 229.852951 
357.469879 280.342926 
209.997726 238.045395 
483.404785 281.066895 
415.134857 168.535492 
301.442261 230.333725 
346.199463 230.482834 
423.111755 272.015198 
307.029877 213.497360 
417.361176 289.465027 
345.148315 274.881897 
480.769226 326.124237 
328.891846 317.383392 
153.501587 150.930557 
374.911133 156.073502 
260.435455 226.843079 
410.135254 290.332947 
500.708618 155.539886 
146.490173 255.829819 
217.390869 270.460846 
364.681183 332.536774 
406.877838 265.923401 
234.941513 208.500229 
234.941513 208.500229 
307.029877 213.497360 
316.395294 300.670288 
354.359924 338.665863 
197.778839 244.946167 
352.104614 284.430664 
340.891296 329.355621 
343.141754 141.020065 
422.817657 304.456818 
484.086029 313.870605 
339.160278 296.990143 
417.361176 289.465027 
495.401520 291.631042 
367.580841 244.348984 
307.029877 213.497360 
541.547485 170.598694 
367.580841 244.348984 
406.877838 265.923401 
421.149536 302.216217 
480.769226 326.124237 
480.440704 273.824890 
461.291138 200.642975 
546.588989 162.595398 
157.849274 254.437668 
181.154236 229.879272 
148.311920 250.615860 
149.085312 152.265564 
236.637543 249.268021 
537.898499 158.291885 
492.127899 164.219330 
367.580841 244.348984 
374.516144 155.255508 
261.148132 227.130264 
350.533997 343.750336 
480.440704 273.824890 
206.314728 205.926865 
206.314728 205.926865 
349.008270 159.064972 
546.588989 162.595398 
268.954407 229.193649 
354.359924 338.665863 
434.019135 264.440643 
392.801056 260.759949 
160.121613 261.633881 
483.414734 259.355835 
350.312164 142.493118 
414.673004 268.660400 
189.812973 243.131989 
476.841827 280.236572 
560.756653 165.602829 
342.041962 119.589668 
402.419373 305.521454 
234.358231 208.204987 
317.863464 155.339233 
324.485046 299.628571 
189.812973 243.131989 
191.101639 254.795334 
480.769226 326.124237 
373.655640 257.028595 
156.801163 269.021912 
191.101639 254.795334 
150.135498 258.601837 
197.778839 244.946167 
197.778839 244.946167 
350.312164 142.493118 
160.121613 261.633881 
393.522675 267.953094 
555.019348 202.307480 
342.158081 152.078781 
153.501587 150.930557 
191.101639 254.795334 
135.940201 205.513733 
555.784302 197.825134 
341.588348 160.091766 
424.904572 307.191071 
355.637207 278.907745 
298.859314 268.167633 
181.154236 229.879272 
495.401520 291.631042 
392.801056 260.759949 
324.485046 299.628571 
127.952934 234.371033 
484.086029 313.870605 
480.769226 326.124237 
312.149658 235.767227 
483.119537 286.302490 
561.937805 214.466934 
156.699417 266.460419 
484.703400 255.601074 
361.496460 178.504181 
340.891296 329.355621 
184.235184 228.718201 
184.235184 228.718201 
406.877838 265.923401 
175.312378 215.529755 
422.252716 305.213623 
367.357849 340.585266 
404.633881 299.204102 
484.086029 313.870605 
331.078735 284.342133 
410.986267 297.454193 
483.414734 259.355835 
352.104614 284.430664 
181.154236 229.879272 
211.536392 267.568054 
193.333176 270.016724 
375.581726 161.686615 
385.821716 317.858002 
385.821716 317.858002 
181.154236 229.879272 
196.014862 274.877045 
169.238052 219.867737 
193.447998 259.217682 
492.127899 164.219330 
287.484222 260.781281 
308.376587 215.516678 
548.205383 184.914978 
324.485046 299.628571 
367.357849 340.585266 
378.729950 266.340424 
406.877838 265.923401 
355.637207 278.907745 
236.637543 249.268021 
377.689453 327.356232 
386.481354 304.586823 
174.333557 229.676910 
159.250885 262.257050 
347.726013 273.700043 
254.295731 220.134216 
236.637543 249.268021 
508.741547 203.704010 
398.190430 280.747955 
500.393066 163.814117 
322.913086 251.913513 
476.841827 280.236572 
392.801056 260.759949 
189.812973 243.131989 
395.181641 260.678009 
197.778839 244.946167 
540.112366 185.625900 
398.190430 280.747955 
373.879364 295.661926 
357.692566 343.955353 
480.440704 273.824890 
294.749115 243.499741 
321.865784 303.455414 
307.087677 197.843826 
331.117676 280.444244 
412.027893 139.705994 
355.637207 278.907745 
122.623947 234.097366 
209.428314 272.492920 
378.729950 266.340424 
318.793610 158.162323 
218.697861 263.575043 
482.461090 174.603653 
297.240326 272.734497 
241.678650 207.450439 
159.402039 139.444427 
480.769226 326.124237 
419.112366 273.242462 
324.485046 299.628571 
322.517242 264.625244 
381.957520 311.792175 
193.828537 183.790756 
422.903442 294.658813 
392.801056 260.759949 
555.784302 197.825134 
224.312653 160.406799 
483.404785 281.066895 
170.857361 269.929962 
397.382355 318.058136 
278.808746 259.339172 
426.493469 263.464996 
419.112366 273.242462 
