972
562.259949 344.792511 
553.304443 356.538239 
562.428528 344.024872 
537.761108 309.063141 
562.974426 346.941772 
547.377747 286.696747 
535.632324 307.560699 
501.032990 332.473358 
536.987244 307.300537 
559.704834 321.954803 
470.155945 304.150879 
183.013611 407.979828 
319.049316 417.923615 
533.523865 307.657440 
312.221191 320.433014 
183.265244 414.157593 
467.381409 301.939606 
183.076126 414.700531 
488.023163 334.553619 
325.016083 314.775299 
181.750580 410.411835 
325.512695 315.523987 
326.242249 316.422302 
470.068878 304.825745 
474.036407 304.229034 
318.460144 418.401428 
314.523956 321.339874 
466.472961 316.522003 
293.401062 419.695557 
292.507416 420.022369 
292.733673 420.201721 
489.460846 297.373260 
538.579956 314.598175 
456.320587 311.359680 
298.734955 290.688538 
464.935486 315.241455 
541.819519 388.480530 
180.018692 412.772247 
243.246964 268.896545 
305.865784 344.582703 
328.357910 326.275146 
302.809814 346.797028 
179.355804 410.265076 
190.253860 378.764740 
322.549072 418.510040 
302.918884 434.837677 
462.408356 314.443207 
318.805817 293.049866 
565.744873 324.374298 
561.728699 322.653961 
559.052917 300.534943 
190.101868 418.956146 
179.179214 408.544830 
454.161621 293.757721 
178.578644 414.625488 
317.529205 438.264343 
468.205139 313.451752 
190.329208 416.857941 
502.266144 299.929718 
185.250427 402.430756 
517.132935 396.834839 
302.863983 348.238770 
325.157227 322.733185 
186.152847 414.383911 
506.321259 333.776276 
459.156311 312.292664 
477.282532 386.552673 
501.032593 299.844025 
331.470612 324.679108 
503.416656 302.529114 
502.801239 303.006897 
186.687515 410.716522 
543.391968 385.752625 
304.897644 343.454559 
305.038849 435.010437 
329.788635 286.653412 
197.991074 404.327301 
124.696465 446.110168 
316.424469 321.664734 
175.661209 430.268555 
180.779221 413.167084 
326.765198 308.527771 
312.144257 405.406982 
557.380615 313.975159 
322.533386 433.059357 
197.357285 423.126007 
325.141174 322.011932 
532.497559 307.673096 
189.568466 414.966766 
299.643005 412.126221 
325.687042 396.964935 
565.120789 309.982361 
455.068207 342.446716 
350.640625 362.420654 
297.931244 303.176758 
202.460617 345.597168 
491.339050 298.349640 
177.674316 414.385742 
178.558807 403.528168 
324.541473 318.341675 
305.330627 428.214142 
299.521271 411.254211 
206.758530 323.946045 
190.831665 405.755981 
322.460449 419.033508 
324.906189 396.183594 
464.706879 336.633240 
202.110046 332.266571 
316.489563 402.763977 
195.504593 322.834503 
494.784760 299.830414 
350.554260 351.879486 
300.044861 408.341003 
333.802643 319.556976 
175.628174 420.355255 
207.012894 381.209381 
198.803955 391.750549 
297.749908 288.017303 
534.361267 330.081726 
288.122437 342.362915 
499.791748 299.755981 
265.952911 288.692596 
329.905396 272.227448 
200.080215 346.461395 
269.946106 297.108307 
178.483704 417.453949 
301.795898 405.706451 
512.198730 302.841400 
306.653809 348.085876 
332.801910 411.054047 
446.377167 312.300629 
453.886230 313.093323 
457.787231 276.459534 
199.626495 373.185028 
553.408020 316.637115 
196.119431 423.509308 
202.059738 346.940918 
192.063553 403.168976 
328.846313 326.847015 
206.795792 324.584229 
511.768127 304.803101 
298.963501 286.793091 
201.333313 350.262390 
233.517059 344.282227 
198.365494 354.511353 
494.224548 299.526001 
328.318420 320.452087 
296.255585 430.913391 
332.944672 411.514008 
195.042206 401.890198 
318.668182 266.085480 
317.330719 289.493164 
196.845337 359.792511 
316.690887 263.143433 
256.842041 326.984558 
332.800995 313.102264 
467.869904 279.556061 
280.301025 434.077515 
280.064575 434.242889 
362.622894 358.991852 
303.361328 310.436554 
204.743103 322.364441 
200.052658 351.488525 
299.435486 433.082214 
299.498810 432.951935 
189.001144 396.599426 
351.024994 358.242798 
279.599792 338.320068 
461.645782 311.371552 
318.361938 443.041138 
190.028885 393.956909 
194.364914 426.563934 
176.212692 356.503204 
318.806793 387.304352 
191.929260 397.405365 
277.255371 336.856079 
195.587753 304.932343 
352.240753 362.022766 
204.595459 327.896881 
325.583679 385.537292 
305.166443 432.201111 
304.506470 432.102997 
191.343353 404.540039 
317.833679 263.717682 
323.714813 307.286469 
513.681946 315.752075 
192.358047 401.524689 
329.048981 319.536926 
181.158264 389.984711 
181.080353 400.959503 
510.776062 271.176941 
322.290588 267.944305 
345.556000 331.604950 
463.545105 335.878387 
299.007294 363.505493 
194.149384 417.139954 
186.583939 393.278198 
332.402893 414.422760 
197.933212 309.423950 
333.297272 321.982758 
513.533142 318.491119 
234.022186 342.148743 
319.141602 264.443420 
319.487976 264.189209 
464.430786 319.227570 
494.467926 399.976746 
299.484833 304.955994 
269.088470 300.470184 
460.522552 278.664246 
286.906677 419.195740 
93.765846 204.160385 
351.567932 358.119110 
108.060860 419.468475 
518.677429 324.513702 
464.487915 284.557831 
515.264465 354.914703 
514.676697 355.265228 
209.108170 414.135101 
270.057617 293.641144 
373.778168 310.286774 
198.793396 302.439758 
512.967896 369.261597 
322.710938 435.169525 
514.224548 280.379608 
359.727631 198.760193 
307.844879 396.917419 
524.711243 307.460297 
485.729736 315.459747 
456.180206 296.611328 
233.599380 344.953156 
195.273880 398.559998 
287.227783 419.822113 
340.388184 298.247711 
180.897537 400.162384 
54.224319 428.158142 
506.643402 334.260437 
528.193359 308.473206 
230.064377 337.742462 
493.691772 282.230225 
478.061768 324.213776 
299.096100 273.526428 
279.181030 416.155853 
324.948212 414.927826 
527.580688 306.266083 
473.922363 320.152893 
523.782837 326.378265 
543.028442 311.349976 
287.141510 445.435425 
200.850998 297.995422 
89.038635 423.762604 
515.906799 310.612762 
236.068588 349.220398 
349.918671 368.981873 
200.768799 292.602478 
208.599670 414.559601 
85.910782 426.558014 
278.873627 436.069122 
278.287842 320.781952 
230.974533 337.805359 
86.982155 423.640289 
506.692047 315.524017 
322.543762 267.215881 
515.873230 307.686890 
490.087280 278.698853 
197.552124 359.992523 
303.321503 416.022552 
201.888580 354.233765 
195.989532 304.487701 
502.249542 323.968506 
514.551636 305.240082 
305.476257 357.522644 
308.165558 428.338593 
212.796768 337.627930 
535.370117 267.639801 
362.495544 359.894104 
343.619202 363.161041 
516.271729 307.000885 
345.852386 360.523743 
296.899780 300.271332 
325.656281 262.011627 
325.406158 223.706680 
502.771088 359.404449 
333.923065 396.482208 
321.548218 265.474213 
202.429230 384.633728 
515.455200 312.822479 
514.935181 312.957581 
282.542969 413.592377 
201.282669 375.245148 
325.532410 265.411133 
326.221619 265.149933 
470.403229 296.697723 
474.436798 321.238678 
185.970062 422.804779 
344.553162 362.916016 
346.521332 213.693893 
493.226562 282.593628 
477.754333 288.252106 
477.999786 287.720093 
345.308441 367.593567 
447.992340 345.598450 
295.843689 308.087433 
160.423859 380.283936 
351.944427 336.038147 
350.525635 340.306061 
556.884705 317.222900 
556.989563 316.592377 
284.593933 339.160004 
303.160095 418.323761 
311.329010 250.316498 
239.005432 343.229034 
300.546661 424.079376 
270.766876 293.853149 
282.516541 296.248260 
477.561066 400.109558 
200.285370 356.698517 
352.013794 337.010742 
210.760025 261.463196 
548.110596 312.541138 
477.996124 282.977570 
478.343048 282.956635 
277.507690 395.894714 
277.541168 395.987305 
274.810974 282.573364 
480.328644 390.466766 
521.813843 325.134918 
500.619720 305.240814 
470.893616 272.218872 
233.511414 336.349121 
485.610596 300.746155 
234.508698 341.201355 
185.385498 303.293243 
169.958832 376.653381 
300.900787 436.496155 
518.357117 294.367889 
283.104462 288.106934 
502.686035 324.949341 
207.616882 425.186951 
257.946320 290.608185 
448.672821 311.609650 
449.022522 311.919434 
278.087311 316.308167 
550.574463 314.404694 
306.089355 422.377563 
146.688889 445.676025 
338.792053 343.192169 
339.403900 343.459076 
200.305283 320.946747 
209.050186 409.428192 
486.332153 328.304382 
479.876190 399.671783 
188.026352 411.415131 
350.263855 213.816696 
349.033691 371.150726 
546.609192 302.119934 
169.977524 350.174988 
398.661224 309.829163 
545.897400 315.361938 
313.951141 418.392609 
467.018433 286.964874 
541.723694 399.872711 
493.738495 282.562714 
277.680267 321.823822 
318.627380 387.509827 
199.487564 306.960999 
188.409927 408.074860 
300.743073 404.350800 
534.549194 329.336273 
288.815277 339.099548 
306.757263 404.297516 
303.198242 319.352295 
491.515015 401.419373 
332.384644 289.370941 
297.834412 398.476624 
306.155304 420.896729 
298.025024 291.132935 
433.343628 361.052307 
356.470459 279.721924 
192.884583 387.481995 
345.467621 364.647125 
201.526642 429.741425 
312.700165 303.132477 
278.690887 437.451965 
548.755554 313.117950 
289.791473 319.039124 
200.517227 291.422241 
485.098236 334.633820 
296.259430 275.213440 
231.127396 343.648102 
280.509460 338.538574 
304.134399 419.058960 
199.712631 286.979919 
477.312103 322.228333 
334.575165 303.030029 
456.565735 295.529541 
183.632339 355.054443 
495.326324 366.771606 
451.189453 314.228241 
550.396667 349.237976 
364.124420 355.942017 
538.814575 392.784027 
475.254456 386.338928 
347.870667 368.923981 
201.955811 430.920227 
264.321228 345.092468 
487.581360 398.584991 
494.503082 308.622070 
490.830627 309.933472 
193.027039 313.052979 
195.296082 294.608124 
490.291565 324.301453 
298.678955 397.948364 
341.912323 301.132904 
237.318100 349.167419 
276.631592 362.031372 
484.635132 335.609222 
267.323853 297.677490 
193.315857 334.868958 
194.855255 310.794128 
179.221786 359.498108 
418.495087 445.073639 
158.829666 396.187866 
203.727066 297.429047 
204.296188 296.565155 
321.889679 225.185989 
330.148621 220.912628 
495.552032 367.083832 
163.245468 391.380615 
332.557800 327.896240 
434.849060 362.149506 
202.676834 375.157257 
341.144257 345.584106 
499.319489 323.631927 
518.410645 314.693176 
486.193085 404.450989 
251.755737 283.319183 
447.289856 317.134735 
312.036591 302.144135 
293.037628 291.239899 
553.520081 391.185333 
520.358765 306.772552 
506.327393 359.865295 
202.160141 341.720398 
306.631317 439.629333 
290.413452 413.067474 
540.970825 345.080536 
245.003082 342.021240 
454.903717 285.698639 
504.424225 354.603973 
299.652802 401.885590 
237.477509 344.592163 
360.245911 350.353241 
196.267441 342.129486 
278.073425 317.581116 
155.944214 388.196075 
261.532257 343.937225 
327.231140 406.795563 
559.481934 296.630829 
525.289490 329.960663 
470.158081 303.190948 
233.742355 337.589813 
180.610840 396.054596 
473.899048 301.085358 
516.849426 310.924561 
528.551208 337.200348 
492.382843 401.500732 
504.141541 298.975586 
484.659363 278.271454 
526.260803 331.862030 
287.861908 269.294342 
263.450470 328.985168 
197.490845 311.685486 
198.509735 284.473358 
301.284180 343.066772 
184.167877 411.283752 
473.831451 387.493683 
293.947510 416.522369 
474.367645 387.665833 
289.100006 316.685425 
213.443314 393.506622 
501.183105 359.122498 
287.962921 291.435059 
499.619965 320.581146 
184.602325 346.087341 
300.938019 285.794006 
263.045868 324.102814 
201.786728 336.422485 
265.282379 294.911743 
202.793594 430.201752 
341.334961 298.448334 
279.363434 358.855042 
517.467224 320.901947 
554.465637 293.059845 
300.663452 271.707458 
278.660339 356.914581 
310.981720 436.636597 
263.444702 348.855011 
300.802002 244.704971 
306.587921 355.731323 
534.635559 337.099609 
204.225266 300.773621 
352.015350 287.576263 
214.958603 414.549103 
164.655273 379.780823 
290.545807 438.077393 
291.392151 438.457886 
264.644531 344.390686 
277.227539 437.621033 
171.983551 429.995758 
465.081177 296.840515 
325.176361 403.829773 
500.909607 322.078278 
507.034668 301.998077 
548.977905 346.747040 
196.662842 310.776093 
308.067291 439.754364 
285.704681 325.407593 
555.471252 290.700012 
484.477295 400.278473 
179.408066 353.061859 
182.874222 355.016663 
332.484070 221.821442 
480.406738 282.743805 
160.827820 381.101807 
195.103592 337.777863 
327.201660 402.569733 
264.395050 320.882385 
276.464691 395.940552 
307.341370 380.114960 
447.995270 314.875092 
495.305328 405.371582 
478.164337 292.183441 
240.172684 347.092285 
355.474487 357.197388 
316.055908 24.558363 
195.595612 386.532471 
393.007385 303.476349 
509.460083 268.605713 
181.218597 451.789825 
241.189438 347.787079 
517.793884 338.445709 
307.823242 418.414825 
374.995972 305.305145 
196.032974 370.930084 
179.912018 393.532990 
462.619904 269.344116 
496.638458 292.655731 
462.534180 346.868927 
355.101898 348.633484 
180.187637 313.814545 
278.040833 364.255859 
482.353210 342.935394 
358.511627 307.708588 
154.732407 458.406097 
161.850586 423.576324 
284.659607 422.416382 
500.384827 362.626465 
531.125000 335.378967 
282.059631 322.392487 
514.530396 297.815033 
94.140450 449.884033 
201.131287 307.597595 
519.201660 314.002838 
552.641724 316.244537 
318.933502 283.452820 
209.303375 322.240479 
347.209900 303.445312 
450.235565 309.449524 
311.649292 257.457672 
474.121368 295.375366 
560.752747 296.053986 
209.802780 259.489807 
498.584503 311.097015 
276.017365 436.552277 
469.763214 270.156525 
461.989990 283.880219 
171.383240 431.339722 
294.943176 420.505280 
135.565109 458.443176 
194.913788 338.580383 
309.545044 303.414734 
197.124451 289.713379 
333.835602 222.560410 
269.022369 422.017822 
154.032928 452.455444 
544.868530 345.077454 
176.354538 451.998199 
390.567841 302.569794 
541.859009 395.301849 
285.012909 402.313507 
189.270386 457.684204 
300.640015 437.047546 
315.637695 445.681427 
318.590576 315.461304 
481.346436 390.984283 
480.584259 390.971680 
251.082581 326.407837 
84.458191 426.572479 
290.576538 402.364929 
180.523422 443.229828 
280.780121 408.997803 
93.227867 450.101532 
92.865646 203.878372 
303.061859 374.894043 
172.903305 362.880463 
177.418442 360.858734 
321.310455 218.747070 
372.608826 307.062927 
482.510895 343.609894 
153.607513 451.019928 
190.191635 457.876984 
315.977844 207.372055 
310.074982 319.879822 
306.463654 372.563263 
308.748901 352.003510 
309.285614 352.340820 
179.295364 312.059967 
472.288635 341.331757 
275.200653 275.455475 
311.676239 427.949097 
443.885986 294.760956 
322.991180 370.034760 
460.824005 390.926025 
461.089996 390.836792 
330.842377 210.714706 
198.588745 434.691010 
334.167511 395.467773 
294.104309 284.930115 
569.143860 327.323059 
521.277893 287.738129 
515.067871 349.304108 
323.115265 369.442474 
248.263855 324.232971 
324.038208 219.097580 
351.029694 215.364517 
310.793060 442.004639 
496.788574 291.432190 
306.040985 315.974823 
315.235016 304.772766 
509.953796 333.327087 
276.387390 273.106323 
308.792206 303.338867 
181.161804 451.166168 
362.846741 345.860687 
375.515900 354.004272 
452.334412 286.276825 
479.054901 292.332031 
261.825073 338.208771 
520.489319 312.060913 
320.927490 223.781845 
312.575348 433.108093 
498.468292 313.247833 
360.646637 203.801315 
469.319275 388.326233 
522.541870 332.069672 
372.111298 361.187378 
372.425903 360.632446 
283.915314 272.726471 
171.577621 379.685272 
275.134735 410.469666 
146.652222 434.571686 
351.424866 278.286407 
515.024719 333.234497 
285.931610 360.696991 
375.662415 312.359009 
300.168640 280.416443 
498.528412 314.649719 
157.080597 455.055969 
510.572418 333.098267 
515.809387 349.456818 
273.645569 287.812927 
151.960083 340.786377 
288.076385 324.305969 
525.413696 337.508789 
265.410492 311.660065 
278.127197 391.002258 
479.330475 327.188324 
191.778580 310.178650 
549.998108 382.531158 
365.188324 349.694000 
372.349457 311.989685 
320.555603 207.879929 
416.077576 311.044952 
469.763977 388.262512 
282.230713 397.554718 
470.635681 323.566223 
214.700989 417.165466 
157.384445 453.637024 
522.477966 330.620667 
360.451385 342.087830 
316.740570 254.210892 
323.928558 437.169678 
193.816223 354.726898 
188.894333 452.977692 
283.558105 284.576019 
389.728180 305.172546 
487.249115 394.700409 
372.248596 360.488098 
348.333771 373.165161 
184.347397 313.526428 
377.578766 306.781616 
485.893829 267.233704 
543.422668 390.355499 
156.365860 457.857086 
197.639999 453.521667 
189.035736 408.461060 
275.432770 270.946014 
289.377197 324.677979 
498.406921 328.166870 
303.551971 382.685303 
302.068024 280.379822 
287.513031 295.920502 
329.833466 238.316071 
294.294678 426.527710 
374.988953 303.758087 
358.067352 304.412567 
99.179321 449.021729 
261.916199 297.711670 
333.879333 225.136627 
337.815979 293.660034 
449.628967 448.825134 
538.613098 288.811890 
148.703903 441.921143 
176.932510 351.835083 
295.667358 249.619949 
498.572784 403.195923 
439.892944 296.409180 
341.315002 416.208923 
167.727600 445.641113 
167.503632 445.629700 
258.066895 334.563934 
352.763885 340.862732 
170.505875 438.476440 
206.539841 253.316330 
178.083603 312.661591 
189.923172 209.850204 
320.858948 214.290421 
283.196686 324.972687 
561.933228 378.480377 
137.051910 453.875793 
104.836060 205.032104 
296.039551 295.662750 
280.395844 429.618896 
280.056976 430.137604 
330.208221 200.824249 
287.359589 272.832703 
322.502716 438.021240 
322.502716 438.021240 
341.416077 285.511444 
256.500214 346.893402 
296.716064 309.901398 
502.966858 431.458344 
275.723419 316.765076 
494.741730 272.743286 
561.391541 380.204620 
163.341278 432.757294 
299.587769 422.400269 
470.643188 388.053162 
474.885437 353.741058 
152.417679 450.531830 
136.782425 453.367249 
281.569550 416.167755 
198.082031 455.196442 
547.741821 328.474060 
194.831802 454.308136 
168.572586 376.126648 
442.583282 23.108503 
290.254761 294.281189 
289.577972 293.997711 
345.289551 290.407501 
279.805389 327.650818 
258.802368 288.270966 
146.147766 427.650787 
312.642639 433.740997 
309.836761 440.233490 
152.760437 450.591675 
266.750610 364.840179 
264.100067 340.882568 
177.039337 351.302063 
459.466431 297.095734 
344.329742 283.733551 
260.424469 283.575470 
568.023193 313.103760 
489.402588 303.076050 
196.869995 287.657501 
555.299744 330.196533 
193.090088 278.128113 
192.577454 277.673584 
297.323822 250.413651 
558.245239 305.731476 
176.902069 288.586578 
451.870667 430.174744 
306.863464 379.436829 
345.671051 286.572815 
300.393951 298.153351 
315.614746 305.908264 
350.875671 292.019562 
424.142883 291.927063 
272.557587 365.186829 
209.532883 311.584442 
266.361328 353.260071 
207.379562 453.290710 
495.103516 450.103210 
329.975708 411.493195 
255.464050 333.635895 
532.026062 332.387939 
259.356995 330.986877 
176.060760 364.254974 
124.641273 444.148254 
380.791443 306.295807 
335.962524 220.662109 
160.338257 460.304047 
346.152222 28.241970 
303.494263 392.783783 
495.964203 450.213196 
284.879242 343.579193 
449.739746 285.839966 
175.502731 381.847687 
457.051300 330.355560 
204.533768 330.653076 
144.908279 452.366669 
179.347992 390.358124 
446.712769 449.767426 
302.943085 462.293671 
493.195679 335.871918 
346.714569 289.639496 
329.812714 389.488434 
180.997238 380.169769 
567.878845 328.529175 
392.093048 351.228912 
162.623062 352.046753 
541.346802 461.301361 
560.171204 380.292999 
540.975342 329.908325 
280.795898 277.492279 
287.781464 427.240143 
174.182266 376.029114 
362.448975 202.785675 
290.680328 215.710876 
138.920944 449.252869 
163.909729 369.471100 
211.249359 277.259979 
278.514832 324.918182 
309.073151 202.467117 
299.128632 395.387878 
331.843506 405.944702 
201.580658 307.229980 
276.523895 323.383179 
594.905029 232.519562 
308.708984 247.495895 
311.385437 391.512451 
247.809860 284.667419 
572.695068 324.107269 
168.035019 446.536926 
474.766357 351.184387 
286.797485 332.866150 
287.248627 333.433868 
243.709457 428.983643 
299.476471 236.651917 
518.837036 349.679932 
519.077759 350.295258 
145.074570 414.606354 
160.485764 309.705933 
172.262192 319.043030 
179.541855 457.022156 
183.804382 377.802979 
287.326416 436.012299 
370.556061 436.892212 
167.135605 299.416718 
275.041779 339.700165 
274.996063 340.355743 
262.618469 330.879578 
266.347992 329.140106 
504.859497 298.310822 
322.488281 278.398254 
305.077972 279.073853 
386.040833 291.023132 
342.083923 284.974365 
441.052887 324.908142 
169.070511 440.941589 
211.033752 309.578125 
509.889465 348.201660 
287.635406 397.298431 
181.054855 288.486237 
333.202362 338.368774 
335.870148 302.912903 
306.924774 201.599106 
211.739410 265.708649 
187.551010 344.203644 
285.558502 340.716431 
336.803467 285.472076 
257.060120 318.877289 
349.900452 329.187286 
365.663605 350.466187 
266.398834 342.569641 
259.535156 283.253143 
201.476227 461.209015 
521.654175 348.042450 
214.372223 451.883362 
488.698273 304.384155 
242.151306 314.855194 
296.718994 312.426849 
325.536438 433.773712 
315.178711 375.852173 
292.317657 269.009277 
283.124390 272.459534 
273.669037 365.256897 
481.517792 331.256134 
316.581818 253.033966 
291.584259 215.609833 
442.943817 325.905212 
274.223297 359.796112 
308.347778 369.033844 
286.568573 314.347229 
298.222137 416.374298 
277.000549 288.033264 
197.434952 298.728546 
314.880890 303.536316 
344.213196 346.998291 
344.089203 346.533356 
309.006927 460.477753 
259.648285 213.720947 
571.385620 375.599854 
284.692566 314.142059 
265.733582 300.721344 
324.572845 200.061707 
170.522186 424.290710 
213.447525 454.295135 
454.228973 342.563385 
453.224670 387.675110 
69.326477 423.874847 
307.537415 355.250427 
334.538696 285.122284 
256.227417 297.765015 
429.193329 21.030390 
465.602142 296.245972 
269.801544 408.481781 
184.246231 311.142273 
123.926315 445.857819 
180.883301 381.634216 
540.270752 461.561432 
340.016388 289.117523 
528.584778 333.499786 
122.519402 445.117096 
293.556274 392.784668 
305.816620 202.085938 
127.122894 443.101166 
126.588799 442.993439 
189.785736 452.387726 
107.780365 415.767090 
357.898376 297.795990 
482.918396 386.171448 
164.502243 291.950409 
164.746063 292.101074 
259.981110 314.193939 
183.479706 343.360809 
378.128754 307.943878 
441.576202 325.631622 
263.872406 354.684052 
190.904541 380.460022 
210.014740 321.551453 
280.467377 325.902008 
177.996399 391.154114 
196.438385 461.595886 
152.534454 340.631714 
251.833633 319.251709 
353.163574 216.410904 
249.146561 280.756287 
388.021851 308.236481 
335.603729 339.201294 
570.937500 377.076233 
570.937500 377.076233 
