500
475.469971 194.861237 
453.380463 231.897324 
472.496033 238.946793 
471.837097 238.041641 
480.698212 198.632751 
429.653961 221.737976 
429.029053 222.890533 
456.580750 212.277695 
460.400543 224.241867 
459.509827 220.808990 
460.489410 206.868530 
436.332794 226.580765 
441.131744 198.994675 
471.862610 210.279297 
477.616577 200.449936 
430.991577 222.423874 
457.462158 212.850571 
460.109894 223.441711 
469.155701 214.632385 
509.712402 256.410950 
491.950867 268.080566 
336.078064 263.015656 
438.124786 218.982147 
469.019379 211.364059 
445.156433 195.985825 
212.306519 197.018814 
444.737213 196.528961 
438.820221 223.463730 
296.922455 254.368729 
289.776459 168.517517 
420.224854 228.400513 
452.556030 247.821045 
487.452209 253.028503 
417.463348 229.224258 
337.346588 264.702881 
228.619629 220.204239 
487.472534 199.996902 
475.378906 211.698151 
418.688660 232.780334 
419.208984 232.677444 
245.896713 231.918381 
440.862640 201.382996 
385.506989 388.852295 
297.782135 254.489594 
449.728516 207.182205 
409.130341 226.773300 
485.245789 248.577927 
462.919373 254.995239 
486.983704 253.691315 
447.424133 196.111877 
467.175232 239.234482 
291.470215 170.573074 
443.379181 221.279144 
443.335907 220.590134 
455.690308 243.086426 
450.449097 228.160751 
450.497864 227.566467 
408.516357 227.614761 
322.310242 322.555450 
444.152191 217.529251 
521.098816 436.673004 
485.265594 194.785385 
426.391754 218.945129 
437.175903 191.928864 
446.061829 239.059998 
454.447449 243.365128 
356.598206 219.583649 
210.673325 196.873795 
469.046783 193.166885 
482.200562 208.129578 
418.733673 228.432098 
480.066711 231.884491 
455.071899 242.241531 
432.838196 223.042953 
244.346237 339.794830 
442.756683 209.873672 
457.034637 252.933212 
453.532776 219.568619 
421.939453 258.685944 
228.370865 181.848770 
455.405304 200.519882 
482.839203 191.689438 
232.978027 219.450806 
237.476105 189.229248 
238.754730 183.500412 
455.863495 279.359741 
454.443939 274.576538 
472.971191 192.587036 
237.628998 189.552307 
476.443207 210.209229 
454.216064 202.652359 
455.625458 219.855743 
287.359192 213.404556 
412.924469 229.103012 
238.560867 182.934814 
448.348572 216.112732 
499.006378 212.602310 
499.224030 213.309479 
145.664688 241.999344 
146.209671 242.334015 
229.466095 220.663040 
439.715118 206.709900 
314.637177 277.512238 
290.698181 173.847443 
429.767059 202.466522 
454.004517 197.295837 
480.709290 256.877594 
154.457703 349.265045 
440.225250 235.719254 
323.271057 322.871704 
315.023590 229.914536 
459.326447 192.087021 
290.013855 307.430389 
224.701218 190.437866 
477.420166 250.447815 
322.303009 341.533569 
277.118378 319.964813 
288.355774 194.537415 
217.751556 227.601089 
436.631714 234.182556 
469.780518 233.442810 
412.948944 222.443085 
473.180206 233.610489 
433.909882 243.415894 
453.839996 277.710266 
343.081940 219.674149 
241.297592 266.091553 
502.595276 214.078186 
287.565002 212.162613 
246.267273 187.612473 
293.835876 265.149780 
488.659576 197.813354 
459.515350 255.202072 
444.037384 192.521576 
514.523560 245.769791 
315.625214 276.738953 
157.871841 343.858063 
309.479492 341.615753 
476.635162 239.344788 
342.228333 213.336273 
218.976822 235.717819 
474.284607 227.762741 
471.290375 273.976135 
293.072998 265.480408 
227.957962 197.168549 
461.142151 288.183105 
464.767517 224.417969 
233.639801 219.498215 
427.357513 267.696564 
421.994202 232.669220 
227.082504 189.261261 
156.980957 348.603424 
157.308762 349.244690 
162.561829 344.678345 
438.998138 200.919327 
407.555786 229.525131 
468.920044 233.207108 
468.996887 233.351181 
204.949081 192.177109 
454.286255 253.191605 
287.881500 161.794983 
478.454865 231.517487 
225.340073 191.089798 
424.107605 388.581940 
433.092773 216.191467 
279.422089 327.707245 
213.365311 227.407654 
495.669281 216.525818 
440.333740 200.796509 
153.644501 228.653061 
444.916168 284.736786 
454.966095 201.647659 
462.495209 187.076187 
498.888885 270.644104 
235.760849 192.030594 
159.069122 344.441101 
311.350708 187.079361 
506.246124 213.313507 
160.369324 344.687012 
284.763519 157.767471 
268.575195 299.846069 
460.160126 269.354584 
164.439911 344.420197 
246.188156 181.979462 
287.366882 198.124771 
213.125015 189.625305 
475.441101 245.267715 
494.158020 238.724655 
215.882553 188.698410 
174.991211 351.859558 
149.909515 241.834595 
447.259308 224.446945 
408.675995 257.622620 
215.607285 191.404312 
213.933197 225.113586 
248.387451 184.722076 
424.614136 234.329758 
469.825623 224.688889 
482.965668 204.144958 
486.680603 261.664093 
347.521667 214.713257 
491.574768 247.817764 
263.127136 157.795364 
483.046143 210.592773 
469.757233 260.276428 
426.187927 267.344818 
298.064026 193.100067 
297.512817 193.124481 
392.253265 390.279602 
466.145966 207.142761 
141.847855 232.789413 
452.379303 210.324860 
416.611420 212.894913 
465.590759 224.269592 
286.990967 214.646515 
289.978851 308.051697 
217.597763 201.334381 
292.345306 176.609634 
311.098297 278.970520 
477.390442 227.550339 
484.797760 193.085327 
154.279572 259.523224 
271.679596 154.417725 
422.766235 270.293579 
336.647644 210.054214 
237.224060 182.103546 
269.632599 301.751648 
268.198914 146.101501 
325.141846 227.763016 
342.628479 214.159790 
448.063782 223.600327 
288.636597 165.905716 
163.547180 348.080933 
267.910004 144.536240 
460.693756 221.403214 
460.952057 221.133881 
269.056030 149.507660 
465.665558 270.771729 
465.853638 271.246643 
228.482346 229.328751 
473.226471 191.528610 
154.629547 249.807922 
295.071320 272.213715 
244.765274 226.597412 
309.483643 345.343719 
316.308960 238.374298 
316.306244 237.709457 
374.269623 252.218948 
218.060318 203.691299 
140.668793 240.606125 
140.515274 241.248611 
155.033661 227.395874 
323.316376 234.207138 
460.244781 269.729584 
388.642853 375.124908 
257.983459 224.956467 
224.234619 228.316132 
338.360077 211.904373 
292.807129 200.391083 
290.602478 264.308136 
155.960251 348.822083 
488.975403 194.954147 
249.066437 184.639572 
478.496979 207.500641 
263.372101 158.847198 
217.042404 224.995911 
154.168671 254.417450 
297.323303 272.483673 
512.354248 245.743256 
424.011810 269.842285 
268.935791 294.051697 
270.873993 305.055786 
445.319153 214.910843 
502.442902 276.652527 
422.419647 213.563156 
475.863342 253.342041 
501.057495 237.635727 
289.654449 165.507187 
473.876984 226.937515 
321.454498 318.971313 
333.953064 236.952393 
209.241455 186.891525 
360.613831 215.802948 
479.454834 204.965393 
453.614594 285.089844 
416.237305 261.594849 
241.950378 190.879517 
246.308411 239.274460 
224.722977 228.605118 
254.931595 151.082367 
222.061600 203.756821 
472.622803 248.342728 
310.490570 269.410095 
203.508667 191.379761 
247.427948 235.573318 
162.029678 340.988892 
463.117126 220.887161 
310.561890 342.239441 
241.428619 251.939346 
359.670715 218.735321 
433.457458 240.750488 
480.591888 244.550018 
479.827209 253.257080 
479.391998 207.700485 
336.521332 236.765503 
272.273346 301.133636 
223.787094 229.705475 
415.355957 212.548492 
291.116333 186.837341 
234.962738 186.864227 
483.702820 229.438843 
141.853683 357.794373 
153.054504 237.520538 
290.416107 188.581863 
150.424469 245.650299 
247.861328 226.352798 
236.434601 178.818359 
289.884949 264.094757 
519.484314 249.740601 
415.834503 280.617767 
308.614655 185.569000 
462.194031 233.512207 
228.171692 222.640411 
447.103516 193.067688 
176.130936 356.870575 
336.621826 242.453476 
318.804321 362.654358 
281.572968 155.270935 
258.032715 226.228745 
151.637482 258.556854 
310.917328 258.336853 
495.019745 238.501221 
327.444763 242.615799 
244.444305 224.728958 
273.790741 155.310440 
146.605087 251.137436 
253.056992 329.753937 
219.839111 206.212524 
477.733826 228.211914 
416.836914 261.113037 
151.889145 259.686157 
248.240860 227.563034 
291.507111 189.882538 
256.686829 195.607056 
382.352875 243.046265 
409.789520 256.887695 
409.823242 257.302277 
369.201813 345.954285 
262.176422 209.362427 
269.776886 153.949295 
208.493225 190.537430 
237.731598 236.824539 
291.807770 211.285492 
272.933868 301.257568 
299.441650 275.080017 
505.428192 239.228439 
318.189758 247.388580 
327.921539 258.200897 
313.334686 180.378937 
416.721466 199.691833 
349.419922 337.304108 
245.524445 227.177521 
232.099487 176.402374 
266.267609 139.225967 
436.167358 251.901321 
522.760193 233.210480 
313.609283 181.475815 
155.918762 253.701309 
326.548431 341.158569 
298.077087 336.358917 
158.945023 280.095947 
233.652771 228.438461 
415.893463 206.184464 
405.923157 214.109802 
237.116135 236.096756 
280.945648 155.612823 
247.564331 178.685577 
472.706482 219.916321 
311.549316 177.664429 
152.880661 228.374283 
225.314331 199.376740 
256.873901 197.485184 
266.660736 315.534149 
321.012512 318.175751 
311.484467 256.930176 
309.284515 185.201736 
299.567780 272.226105 
436.453400 252.579132 
136.771866 302.987122 
247.075500 177.787308 
305.221619 224.773392 
234.052368 186.844788 
449.409027 281.476318 
518.380188 200.094986 
307.286835 341.231964 
125.238510 351.726929 
265.331665 230.575470 
475.633148 254.822800 
143.413666 229.467377 
276.389801 329.970612 
329.268341 242.898239 
511.643127 241.435455 
248.764053 236.464432 
321.234406 336.869720 
286.379883 307.200012 
253.284683 144.549728 
460.045197 256.502319 
212.176910 257.702484 
153.580780 341.965363 
277.151093 321.404083 
413.144165 285.468048 
328.930328 241.075256 
248.618805 179.863693 
483.461273 190.355270 
350.660736 218.050522 
266.598022 314.231323 
346.210571 209.843353 
141.537201 229.929520 
309.960236 270.835297 
440.915924 189.734283 
277.954132 316.842102 
266.319733 143.737717 
274.593597 330.095123 
487.734802 230.163132 
476.886200 185.914627 
471.390228 217.741226 
224.616959 346.472870 
443.860321 250.403015 
251.949646 196.152786 
238.678558 250.087555 
407.924438 201.230774 
415.159454 199.998611 
512.616333 268.227478 
512.920471 268.299927 
294.897858 201.270309 
277.358643 318.034393 
268.431244 181.917816 
472.887054 175.807159 
294.072021 253.359009 
322.834015 336.758362 
258.989166 328.356873 
270.992432 332.340576 
309.510864 180.676666 
201.546738 196.004898 
419.711548 201.916061 
214.061234 222.645111 
331.556335 271.256195 
271.828430 310.610199 
286.648590 109.533501 
251.569397 330.376740 
300.392975 338.348663 
226.979614 225.443069 
480.371521 260.497803 
339.892700 230.810593 
402.895203 236.330093 
313.912750 364.059143 
238.871078 327.525055 
266.580780 316.853577 
422.377289 195.807526 
426.586975 244.672531 
269.529846 308.077057 
157.158630 355.677551 
146.427399 253.477539 
129.971649 350.693451 
230.992279 228.521759 
472.969604 189.549072 
363.554626 219.903809 
331.941010 271.884399 
309.620239 224.061386 
234.803787 175.577850 
329.787415 241.477295 
424.241974 192.043777 
380.840485 242.874969 
293.188599 211.943695 
252.979111 319.339264 
269.474304 217.908569 
511.662964 242.092026 
280.849182 331.136444 
106.913246 353.428986 
285.351044 316.693176 
296.289185 198.740112 
272.651001 143.708038 
264.181122 232.427567 
469.286804 270.763550 
154.274841 239.087433 
240.949280 303.037537 
51.317047 311.106567 
118.079704 360.485474 
148.430161 228.970596 
244.178864 294.440521 
266.322754 229.384552 
365.034271 221.492889 
183.070358 329.747833 
276.728882 282.550598 
306.978546 214.078522 
287.064056 90.533890 
287.086761 90.585007 
229.880875 334.217041 
310.100525 280.176117 
224.527985 225.067307 
