500
198.668961 224.346451 
198.668961 224.346451 
214.258133 219.646652 
198.668961 224.346451 
207.304764 221.163467 
214.258133 219.646652 
225.258438 213.517792 
196.297501 231.722580 
225.258438 213.517792 
225.258438 213.517792 
159.535690 216.835602 
193.597733 206.732071 
196.297501 231.722580 
198.668961 224.346451 
205.423950 224.220657 
226.171204 234.907379 
161.752838 233.571579 
340.942352 207.022507 
198.668961 224.346451 
196.297501 231.722580 
384.234039 330.582031 
407.166412 284.661011 
196.297501 231.722580 
340.942352 207.022507 
178.340088 196.195740 
384.234039 330.582031 
155.594467 212.656387 
132.398361 204.521545 
389.770691 293.468689 
198.668961 224.346451 
198.668961 224.346451 
507.095978 242.915894 
193.597733 206.732071 
407.166412 284.661011 
178.340088 196.195740 
353.296326 226.721512 
178.340088 196.195740 
212.038803 219.768127 
158.138214 218.811798 
178.630447 205.068069 
548.959412 197.417023 
353.296326 226.721512 
311.723572 210.733582 
161.752838 233.571579 
297.902039 231.662766 
158.138214 218.811798 
407.985809 306.720490 
233.208527 212.612839 
147.607788 202.458710 
161.752838 233.571579 
339.647400 213.924164 
300.510620 234.625656 
507.095978 242.915894 
312.066559 295.465057 
139.799622 208.778671 
225.258438 213.517792 
225.258438 213.517792 
407.985809 306.720490 
157.838989 234.360199 
400.868530 304.998230 
186.268021 206.216949 
353.296326 226.721512 
297.902039 231.662766 
407.985809 306.720490 
157.838989 234.360199 
388.185303 272.746765 
300.510620 234.625656 
407.166412 284.661011 
207.304764 221.163467 
178.630447 205.068069 
352.809265 217.429901 
407.166412 284.661011 
465.709747 350.691162 
158.138214 218.811798 
178.630447 205.068069 
297.902039 231.662766 
501.947998 181.561691 
169.066956 224.931122 
142.907288 205.477890 
392.488678 312.591187 
480.786743 188.604324 
308.264709 232.329575 
158.122360 229.917908 
407.166412 284.661011 
214.912888 129.178040 
556.055969 203.324539 
312.066559 295.465057 
178.808578 204.235916 
196.297501 231.722580 
178.630447 205.068069 
389.770691 293.468689 
407.166412 284.661011 
167.904953 243.903488 
352.809265 217.429901 
486.582672 309.091248 
407.166412 284.661011 
398.386932 289.489655 
371.345428 186.478775 
380.928650 321.090912 
208.444412 217.580261 
352.809265 217.429901 
311.929291 210.371277 
352.809265 217.429901 
192.311081 204.059082 
400.868530 304.998230 
354.926239 228.217514 
198.668961 224.346451 
161.256805 228.248032 
192.311081 204.059082 
132.398361 204.521545 
186.268021 206.216949 
401.892456 281.178009 
352.809265 217.429901 
198.668961 224.346451 
506.693054 242.095932 
506.693054 242.095932 
465.709747 350.691162 
208.444412 217.580261 
398.386932 289.489655 
311.929291 210.371277 
193.597733 206.732071 
311.929291 210.371277 
311.929291 210.371277 
138.186142 186.754135 
138.186142 186.754135 
392.848419 319.336426 
472.086945 301.138702 
354.926239 228.217514 
384.234039 330.582031 
154.622543 237.684204 
507.484497 196.586288 
217.595703 233.889267 
311.871948 236.281906 
196.297501 231.722580 
205.521103 162.727524 
311.929291 210.371277 
139.799622 208.778671 
317.483887 317.846436 
380.928650 321.090912 
205.521103 162.727524 
173.860947 238.222351 
476.534760 300.717865 
407.166412 284.661011 
407.166412 284.661011 
224.034470 218.288361 
186.551712 214.701431 
371.345428 186.478775 
341.349548 337.750946 
173.860947 238.222351 
501.947998 181.561691 
501.947998 181.561691 
387.992065 179.713974 
340.942352 207.022507 
236.459915 219.980743 
278.742615 249.897141 
362.782745 287.265778 
390.246155 279.380463 
196.297501 231.722580 
482.004211 292.679596 
173.224777 187.211105 
196.297501 231.722580 
407.985809 306.720490 
311.871948 236.281906 
507.095978 242.915894 
507.095978 242.915894 
338.920074 278.832001 
400.868530 304.998230 
307.629761 237.156540 
215.512268 232.009598 
366.688660 304.560791 
507.484497 196.586288 
224.002686 244.787354 
562.650330 256.852661 
354.123047 227.462479 
224.002686 244.787354 
306.628845 229.601929 
479.407959 283.908569 
157.838989 234.360199 
555.137634 198.855743 
159.535690 216.835602 
318.347839 321.569489 
305.398346 297.357635 
342.896576 288.850372 
334.869263 336.532684 
186.321747 175.358917 
472.086945 301.138702 
297.902039 231.662766 
512.239380 236.616150 
408.246826 284.759277 
556.055969 203.324539 
464.630432 181.531036 
339.647400 213.924164 
157.838989 234.360199 
230.654587 188.157288 
290.523712 257.846436 
325.355377 292.537354 
325.355377 292.537354 
311.723572 210.733582 
362.782745 287.265778 
339.647400 213.924164 
407.166412 284.661011 
532.166199 125.382591 
506.693054 242.095932 
395.826904 163.524536 
196.118073 245.355667 
312.497711 220.373413 
387.992065 179.713974 
312.497711 220.373413 
175.207596 251.520721 
230.654587 188.157288 
205.521103 162.727524 
380.928650 321.090912 
313.322327 233.889481 
346.966858 235.001083 
334.650238 300.498077 
409.462738 310.833252 
133.153458 208.689209 
317.324097 241.059097 
472.086945 301.138702 
198.668961 224.346451 
387.733398 171.903214 
139.799622 208.778671 
362.782745 287.265778 
234.769501 170.821091 
479.407959 283.908569 
178.630447 205.068069 
366.688660 304.560791 
424.082092 290.466614 
312.066559 295.465057 
159.535690 216.835602 
311.929291 210.371277 
334.869263 336.532684 
305.642487 298.936523 
400.868530 304.998230 
236.459915 219.980743 
495.886108 172.832458 
400.868530 304.998230 
472.940674 312.220123 
398.386932 289.489655 
486.582672 309.091248 
495.886108 172.832458 
165.202103 209.798462 
157.754425 226.180756 
317.324097 241.059097 
480.914795 296.628143 
352.809265 217.429901 
388.185303 272.746765 
556.055969 203.324539 
410.947144 285.626495 
366.688660 304.560791 
330.602753 350.595093 
166.002258 173.790405 
284.489624 255.634445 
236.459915 219.980743 
410.947144 285.626495 
306.628845 229.601929 
193.597733 206.732071 
170.620544 220.230972 
473.396179 308.421600 
236.459915 219.980743 
178.630447 205.068069 
404.697266 149.634705 
479.407959 283.908569 
338.920074 278.832001 
464.630432 181.531036 
205.521103 162.727524 
377.053619 321.350922 
389.770691 293.468689 
387.303314 218.045944 
167.242096 216.665039 
311.929291 210.371277 
351.217041 346.178070 
399.618439 312.309875 
399.618439 312.309875 
299.863098 231.606552 
178.340088 196.195740 
407.166412 284.661011 
407.166412 284.661011 
408.099487 153.902115 
389.770691 293.468689 
495.886108 172.832458 
227.193054 247.879456 
388.185303 272.746765 
387.278442 277.656372 
186.268021 206.216949 
186.268021 206.216949 
357.542450 172.921722 
382.254852 316.586853 
512.549072 188.005814 
428.120239 171.471954 
334.869263 336.532684 
346.966858 235.001083 
174.040512 194.021896 
287.541901 260.858887 
563.978577 203.005157 
487.085693 294.500824 
472.940674 312.220123 
312.066559 295.465057 
387.733398 171.903214 
236.459915 219.980743 
495.097717 184.434799 
356.820526 157.462280 
362.782745 287.265778 
472.940674 312.220123 
389.770691 293.468689 
389.770691 293.468689 
473.396179 308.421600 
408.099487 153.902115 
407.985809 306.720490 
389.770691 293.468689 
472.086945 301.138702 
157.305679 232.113327 
563.978577 203.005157 
357.542450 172.921722 
387.278442 277.656372 
159.535690 216.835602 
342.896576 288.850372 
317.324097 241.059097 
138.250565 215.382126 
398.386932 289.489655 
372.418762 315.968445 
556.055969 203.324539 
495.886108 172.832458 
548.959412 197.417023 
395.872009 275.328278 
196.543869 182.128433 
193.597733 206.732071 
224.002686 244.787354 
205.521103 162.727524 
387.733398 171.903214 
297.902039 231.662766 
312.066559 295.465057 
377.053619 321.350922 
507.095978 242.915894 
392.488678 312.591187 
321.561310 232.933502 
398.769196 172.622314 
387.303314 218.045944 
398.386932 289.489655 
196.297501 231.722580 
134.082626 231.997864 
290.523712 257.846436 
196.992340 207.406647 
487.489777 316.581879 
311.723572 210.733582 
366.688660 304.560791 
369.202423 319.824585 
507.095978 242.915894 
178.340088 196.195740 
275.994904 251.782578 
236.185333 185.070847 
388.656006 292.928314 
388.185303 272.746765 
213.382507 201.127701 
390.246155 279.380463 
324.249146 317.710999 
472.086945 301.138702 
306.628845 229.601929 
505.226166 252.715118 
234.769501 170.821091 
486.582672 309.091248 
387.992065 179.713974 
386.917755 163.862701 
343.445770 334.562714 
398.386932 289.489655 
213.837631 237.022110 
311.936005 239.413986 
170.523300 190.731293 
592.978149 244.957428 
162.301254 174.843140 
387.278442 277.656372 
384.234039 330.582031 
389.770691 293.468689 
330.998230 299.106476 
403.929504 312.743408 
513.205139 182.902008 
318.340179 264.948181 
362.782745 287.265778 
388.229126 179.185883 
327.803741 242.600067 
543.400757 203.803497 
484.220001 205.942734 
389.770691 293.468689 
389.770691 293.468689 
401.892456 281.178009 
515.600037 182.537598 
362.782745 287.265778 
556.055969 203.324539 
207.304764 221.163467 
224.002686 244.787354 
243.225098 216.312775 
243.225098 216.312775 
162.301254 174.843140 
311.723572 210.733582 
263.378906 216.697235 
408.246826 284.759277 
484.211578 321.256805 
313.275330 213.957840 
148.970261 229.457733 
387.733398 171.903214 
405.459747 323.140350 
322.309326 263.446869 
509.055542 143.920685 
387.303314 218.045944 
369.202423 319.824585 
323.388672 325.293457 
275.845123 248.278168 
213.582550 242.497589 
311.871948 236.281906 
166.509506 124.323730 
408.203522 326.048370 
346.966858 235.001083 
311.723572 210.733582 
314.518890 299.544464 
276.835052 212.477554 
389.770691 293.468689 
175.433777 205.022934 
336.024750 353.906860 
330.815735 286.269623 
354.123047 227.462479 
507.095978 242.915894 
387.278442 277.656372 
140.922867 225.770248 
236.185333 185.070847 
410.947144 285.626495 
232.788025 235.163818 
354.123047 227.462479 
411.660645 313.647888 
166.509506 124.323730 
155.077881 239.053848 
410.947144 285.626495 
401.892456 281.178009 
297.902039 231.662766 
312.066559 295.465057 
297.815216 219.690475 
377.320465 326.739075 
215.212891 230.572784 
387.278442 277.656372 
405.459747 323.140350 
346.966858 235.001083 
386.207245 163.589279 
398.386932 289.489655 
176.264221 177.738678 
398.769196 172.622314 
410.033447 322.251465 
170.620544 220.230972 
236.459915 219.980743 
542.017944 133.964401 
425.741180 172.198914 
344.822876 337.049347 
174.040512 194.021896 
174.040512 194.021896 
389.770691 293.468689 
479.407959 283.908569 
243.225098 216.312775 
400.868530 304.998230 
408.246826 284.759277 
217.352982 245.938965 
469.239136 341.602203 
352.338409 144.731552 
511.838104 198.330017 
324.249146 317.710999 
472.687683 307.032318 
352.601257 349.581390 
354.123047 227.462479 
208.444412 217.580261 
485.679199 314.615417 
236.185333 185.070847 
212.038803 219.768127 
326.153687 287.094025 
318.340179 264.948181 
505.226166 252.715118 
311.929291 210.371277 
377.053619 321.350922 
523.644165 108.534081 
198.668961 224.346451 
407.166412 284.661011 
390.212494 315.241211 
326.153687 287.094025 
567.945679 250.597839 
335.778564 127.608040 
483.829803 308.217255 
231.317032 242.059860 
230.654587 188.157288 
311.936005 239.413986 
165.202103 209.798462 
390.212494 315.241211 
505.226166 252.715118 
306.628845 229.601929 
211.352966 69.410362 
372.344482 328.789612 
372.344482 328.789612 
385.533264 326.822510 
311.280975 303.095856 
407.166412 284.661011 
213.582550 242.497589 
228.536911 177.321823 
362.782745 287.265778 
487.489777 316.581879 
408.246826 284.759277 
