972
425.214722 308.324341 
428.687805 310.192047 
392.590424 300.506500 
428.687805 310.192047 
424.087250 307.979523 
284.621124 319.378693 
301.619873 349.207947 
289.430786 316.883728 
381.795471 292.802277 
382.841766 304.093781 
448.358490 305.500031 
297.831970 244.976471 
290.265320 294.007690 
390.008789 290.436462 
396.642059 300.519836 
247.767487 382.835938 
248.494080 374.143433 
428.687805 310.192047 
276.890686 394.652710 
276.890686 394.652710 
247.767487 382.835938 
425.214722 308.324341 
412.382507 281.049896 
412.541077 305.078247 
301.619873 349.207947 
286.202728 314.380524 
286.202728 314.380524 
286.202728 314.380524 
289.430786 316.883728 
444.560242 315.915680 
300.533203 290.174377 
396.642059 300.519836 
444.560242 315.915680 
428.687805 310.192047 
301.619873 349.207947 
412.382507 281.049896 
289.430786 316.883728 
410.921326 312.547302 
286.202728 314.380524 
303.110260 344.992706 
300.533203 290.174377 
284.621124 319.378693 
302.289948 252.772552 
302.289948 252.772552 
385.916077 289.797455 
400.523621 321.119141 
292.173004 312.130005 
204.029343 355.466034 
303.110260 344.992706 
386.591278 302.983124 
283.668335 368.403076 
266.300598 382.193237 
386.591278 302.983124 
297.831970 244.976471 
189.913757 373.194427 
208.012421 327.864990 
242.170715 237.515488 
188.488373 376.723724 
396.191895 307.485107 
381.795471 292.802277 
371.571472 300.490051 
444.560242 315.915680 
396.191895 307.485107 
284.621124 319.378693 
425.214722 308.324341 
580.579285 98.413895 
428.027252 331.796021 
371.265747 298.397675 
295.695862 388.330811 
188.488373 376.723724 
428.687805 310.192047 
412.541077 305.078247 
284.621124 319.378693 
189.525604 363.104095 
302.289948 252.772552 
444.560242 315.915680 
268.083679 387.067566 
292.269104 372.280945 
247.515030 377.357910 
267.327881 294.928680 
190.715912 376.574951 
257.670197 292.964874 
189.525604 363.104095 
266.300598 382.193237 
410.921326 312.547302 
386.591278 302.983124 
252.457504 384.593567 
424.087250 307.979523 
386.591278 302.983124 
268.032776 300.594818 
410.921326 312.547302 
395.302002 303.386963 
399.391663 341.320038 
259.879486 344.088715 
190.715912 376.574951 
408.624176 374.977692 
184.530319 376.385681 
425.214722 308.324341 
262.595703 385.309875 
380.649445 313.025543 
253.776642 366.080566 
410.921326 312.547302 
249.928787 378.081207 
269.321503 395.219879 
269.321503 395.219879 
185.372360 372.598358 
289.814728 246.688965 
391.194122 360.592377 
424.087250 307.979523 
424.087250 307.979523 
414.783997 335.678284 
414.783997 335.678284 
412.541077 305.078247 
268.551117 384.245270 
275.722504 319.893677 
252.487305 368.616852 
380.649445 313.025543 
276.890686 394.652710 
375.630493 304.133148 
191.778732 365.911224 
382.841766 304.093781 
408.624176 374.977692 
262.595703 385.309875 
445.041779 316.788086 
395.302002 303.386963 
424.087250 307.979523 
273.043213 392.079834 
414.783997 335.678284 
252.457504 384.593567 
194.192078 286.838898 
194.192078 286.838898 
188.488373 376.723724 
184.530319 376.385681 
185.609619 376.110168 
299.855011 302.267029 
382.002380 337.913330 
394.371368 297.566956 
283.668335 368.403076 
391.194122 360.592377 
196.428970 306.143860 
396.191895 307.485107 
395.302002 303.386963 
258.711243 385.027435 
396.191895 307.485107 
286.274963 70.426949 
263.947510 380.913818 
392.590424 300.506500 
262.595703 385.309875 
260.233490 369.553131 
424.087250 307.979523 
386.591278 302.983124 
189.525604 363.104095 
384.789978 349.904358 
380.649445 313.025543 
382.002380 337.913330 
386.591278 302.983124 
382.841766 304.093781 
386.591278 302.983124 
382.841766 304.093781 
303.110260 344.992706 
191.778732 365.911224 
193.806183 295.512421 
435.508514 311.965454 
412.541077 305.078247 
195.677429 391.584991 
386.591278 302.983124 
396.191895 307.485107 
435.508514 311.965454 
390.398651 320.174072 
382.002380 337.913330 
382.002380 337.913330 
396.191895 307.485107 
373.073669 330.669739 
373.073669 330.669739 
400.311523 290.568481 
395.666534 319.726898 
268.396118 292.393372 
263.947510 380.913818 
190.715912 376.574951 
392.590424 300.506500 
310.544495 302.041656 
276.198547 315.903259 
395.302002 303.386963 
267.852173 379.730530 
392.691864 321.017639 
281.962646 401.268768 
281.962646 401.268768 
400.311523 290.568481 
310.544495 302.041656 
292.269104 372.280945 
286.274963 70.426949 
184.530319 376.385681 
283.738159 395.548218 
401.921204 342.330292 
283.397797 400.145844 
442.632843 331.544159 
395.302002 303.386963 
280.925110 384.030731 
280.925110 384.030731 
280.925110 384.030731 
291.814178 304.179565 
246.254807 299.885223 
268.396118 292.393372 
293.826050 305.125153 
445.547546 298.852997 
286.274963 70.426949 
198.760269 298.118591 
395.302002 303.386963 
396.642059 300.519836 
410.921326 312.547302 
276.198547 315.903259 
293.826050 305.125153 
185.609619 376.110168 
268.032776 300.594818 
302.234436 242.238373 
421.284088 323.647217 
303.110260 344.992706 
382.002380 337.913330 
283.033173 246.329712 
390.277832 325.536835 
197.849030 405.880829 
267.852173 379.730530 
197.849030 405.880829 
433.397614 410.927582 
424.087250 307.979523 
276.198547 315.903259 
263.947510 380.913818 
282.467529 244.568878 
392.590424 300.506500 
281.811218 394.758514 
182.443054 353.161377 
399.391663 341.320038 
395.302002 303.386963 
392.691864 321.017639 
444.994019 302.095520 
191.009354 376.040039 
396.642059 300.519836 
392.590424 300.506500 
392.590424 300.506500 
266.300598 382.193237 
298.351624 302.763214 
392.590424 300.506500 
280.771637 246.794312 
200.152740 297.077789 
200.152740 297.077789 
435.508514 311.965454 
435.508514 311.965454 
304.190857 326.033447 
386.591278 302.983124 
270.714172 311.349152 
412.964081 305.717529 
382.002380 337.913330 
310.544495 302.041656 
248.857391 382.613556 
271.323181 299.966278 
435.508514 311.965454 
278.013184 301.517303 
398.173737 346.669159 
382.002380 337.913330 
308.516418 307.961090 
382.841766 304.093781 
390.008789 290.436462 
395.302002 303.386963 
390.008789 290.436462 
421.284088 323.647217 
190.637024 310.572449 
195.536179 285.417664 
384.789978 349.904358 
268.551117 384.245270 
184.530319 376.385681 
410.921326 312.547302 
253.776642 366.080566 
253.776642 366.080566 
392.590424 300.506500 
410.921326 312.547302 
289.360077 292.847168 
189.913757 373.194427 
200.589691 329.757202 
276.198547 315.903259 
252.601562 387.122131 
263.947510 380.913818 
268.396118 292.393372 
394.371368 297.566956 
396.642059 300.519836 
263.947510 380.913818 
191.778732 365.911224 
196.428970 306.143860 
395.302002 303.386963 
269.321503 395.219879 
178.932373 352.008789 
400.523621 321.119141 
276.198547 315.903259 
174.460449 419.921082 
278.951630 276.288818 
169.712006 359.018585 
303.110260 344.992706 
303.110260 344.992706 
382.002380 337.913330 
246.947021 299.812592 
386.256470 318.251801 
242.170715 237.515488 
274.493805 399.485046 
192.894409 354.121704 
392.590424 300.506500 
388.870056 323.945557 
395.302002 303.386963 
286.274963 70.426949 
189.525604 363.104095 
263.947510 380.913818 
407.208527 300.400360 
278.937866 398.756500 
302.234436 242.238373 
260.612549 297.585480 
260.372803 353.071075 
410.921326 312.547302 
259.879486 344.088715 
281.811218 394.758514 
395.302002 303.386963 
391.742432 285.622345 
174.460449 419.921082 
278.937866 398.756500 
392.590424 300.506500 
283.033173 246.329712 
375.630493 304.133148 
396.191895 307.485107 
268.756165 375.210144 
398.173737 346.669159 
398.173737 346.669159 
196.428970 306.143860 
386.256470 318.251801 
399.391663 341.320038 
421.284088 323.647217 
184.530319 376.385681 
262.595703 385.309875 
271.685547 360.049225 
272.043671 301.616333 
174.460449 419.921082 
391.194122 360.592377 
287.975311 320.353577 
276.198547 315.903259 
410.921326 312.547302 
297.952454 333.506165 
278.951630 276.288818 
269.321503 395.219879 
396.642059 300.519836 
252.521927 327.499451 
298.361298 323.078308 
252.521927 327.499451 
386.591278 302.983124 
184.530319 376.385681 
293.903412 284.921326 
268.218475 351.298035 
289.430786 316.883728 
386.591278 302.983124 
407.208527 300.400360 
445.203003 87.173309 
268.083679 387.067566 
268.083679 387.067566 
410.921326 312.547302 
369.168488 297.992401 
272.270325 386.512634 
200.464905 332.124329 
211.237167 235.544037 
268.756165 375.210144 
297.831970 244.976471 
290.675568 315.074097 
294.189392 309.672485 
190.715912 376.574951 
196.428970 306.143860 
278.937866 398.756500 
260.612549 297.585480 
263.903351 400.220612 
282.114685 290.742615 
260.612549 297.585480 
279.187012 316.943054 
216.873993 336.400299 
184.507156 288.269989 
268.218475 351.298035 
391.194122 360.592377 
398.429260 288.093506 
390.008789 290.436462 
278.951630 276.288818 
284.621124 319.378693 
246.103409 343.012054 
434.146210 310.875793 
392.590424 300.506500 
200.589691 329.757202 
200.905670 355.047028 
398.173737 346.669159 
269.021973 333.933563 
280.915771 302.030640 
291.268158 363.721436 
398.173737 346.669159 
386.591278 302.983124 
261.117096 282.249634 
395.302002 303.386963 
434.146210 310.875793 
282.178772 390.472504 
219.224182 325.129913 
280.552551 237.282684 
254.114685 392.812378 
254.114685 392.812378 
286.406555 370.580933 
260.612549 297.585480 
386.591278 302.983124 
255.645096 382.951294 
310.544495 302.041656 
281.497742 310.655243 
278.937866 398.756500 
410.921326 312.547302 
260.233490 369.553131 
407.208527 300.400360 
244.589737 345.065643 
262.595703 385.309875 
294.450165 332.229065 
273.142303 286.233734 
274.493805 399.485046 
385.916077 289.797455 
286.274963 70.426949 
385.916077 289.797455 
223.126877 332.408447 
278.013184 301.517303 
310.505005 337.296600 
227.076447 336.675293 
286.830658 298.064209 
266.201294 284.834839 
270.248688 339.949219 
246.103409 343.012054 
268.551117 384.245270 
388.959503 362.176575 
388.959503 362.176575 
174.283630 322.151031 
278.951630 276.288818 
268.032776 300.594818 
268.218475 351.298035 
203.789978 283.689178 
294.960144 82.419586 
294.960144 82.419586 
178.932373 352.008789 
283.033173 246.329712 
283.033173 246.329712 
268.717072 263.586212 
407.208527 300.400360 
268.551117 384.245270 
303.877014 242.350403 
384.789978 349.904358 
191.778732 365.911224 
281.962646 401.268768 
384.789978 349.904358 
197.553391 295.364807 
395.302002 303.386963 
197.553391 295.364807 
377.637421 303.088715 
400.311523 290.568481 
172.336929 305.433899 
269.436798 359.000244 
270.198486 281.682434 
268.083679 387.067566 
388.959503 362.176575 
200.589691 329.757202 
382.841766 304.093781 
279.062897 279.214539 
193.806183 295.512421 
293.903412 284.921326 
375.704803 309.995850 
284.632660 287.195312 
249.928787 378.081207 
180.025742 384.821777 
268.756165 375.210144 
185.372360 372.598358 
185.609619 376.110168 
206.826660 352.048401 
271.004395 303.260162 
169.712006 359.018585 
395.302002 303.386963 
410.921326 312.547302 
239.115524 295.474792 
260.612549 297.585480 
392.691864 321.017639 
263.947510 380.913818 
414.783997 335.678284 
414.783997 335.678284 
414.783997 335.678284 
278.013184 301.517303 
273.142303 286.233734 
260.372803 353.071075 
408.853363 304.347687 
280.925110 384.030731 
282.114685 290.742615 
399.391663 341.320038 
246.254807 299.885223 
193.819443 330.339569 
185.372360 372.598358 
390.008789 290.436462 
248.946808 347.140167 
415.642395 322.423828 
294.189392 309.672485 
192.817154 400.658142 
278.013184 301.517303 
189.350540 380.932892 
428.027252 331.796021 
380.649445 313.025543 
246.258438 339.870697 
382.002380 337.913330 
193.806183 295.512421 
278.951630 276.288818 
278.951630 276.288818 
197.553391 295.364807 
279.062897 279.214539 
418.271210 290.397583 
260.612549 297.585480 
280.915771 302.030640 
394.776978 287.236450 
247.864410 295.496033 
292.430328 329.666382 
292.430328 329.666382 
345.954315 305.696869 
267.852173 379.730530 
198.182236 338.855804 
279.530121 357.069244 
196.791061 358.258820 
187.952164 377.657806 
280.771637 246.794312 
191.778732 365.911224 
388.959503 362.176575 
271.323181 299.966278 
283.903900 385.453461 
263.947510 380.913818 
253.364563 312.403046 
184.507156 288.269989 
227.076447 336.675293 
282.586548 293.683868 
260.530548 396.566101 
414.783997 335.678284 
382.841766 304.093781 
198.760269 298.118591 
278.074707 305.745728 
259.367676 313.272583 
186.161179 355.173553 
448.358490 305.500031 
399.391663 341.320038 
185.372360 372.598358 
193.819443 330.339569 
292.015320 308.273468 
301.768829 243.960892 
281.497742 310.655243 
409.919525 338.797729 
409.919525 338.797729 
262.595703 385.309875 
266.300598 382.193237 
390.008789 290.436462 
278.951630 276.288818 
248.857391 382.613556 
286.274963 70.426949 
401.853271 373.898804 
281.962646 401.268768 
242.170715 237.515488 
301.768829 243.960892 
301.768829 243.960892 
396.298828 372.091644 
412.900299 282.672974 
273.788239 315.578613 
259.464386 281.852600 
373.664093 405.981384 
278.951630 276.288818 
193.848923 414.298279 
281.497742 310.655243 
281.497742 310.655243 
371.792236 406.643311 
263.947510 380.913818 
278.013184 301.517303 
396.191895 307.485107 
309.826080 240.504227 
275.737793 369.284973 
392.590424 300.506500 
392.691864 321.017639 
294.960144 82.419586 
277.124237 303.030884 
279.062897 279.214539 
179.747803 335.036438 
278.013184 301.517303 
280.552551 237.282684 
392.109833 312.311188 
139.445496 392.314392 
101.791199 393.162750 
290.655365 301.654724 
292.015320 308.273468 
390.008789 290.436462 
580.263245 120.030708 
391.194122 360.592377 
606.543457 268.614288 
190.644897 333.315399 
244.164734 302.160248 
219.224182 325.129913 
280.915771 302.030640 
185.372360 372.598358 
345.954315 305.696869 
242.170715 237.515488 
267.327881 294.928680 
382.002380 337.913330 
198.182236 338.855804 
279.062897 279.214539 
264.939850 302.443451 
280.915771 302.030640 
185.372360 372.598358 
242.661942 339.540405 
282.399811 277.766510 
193.819443 330.339569 
268.396118 292.393372 
396.191895 307.485107 
93.101570 392.136475 
260.981506 346.384644 
260.981506 346.384644 
304.170319 325.454468 
298.648621 279.455902 
392.691864 321.017639 
263.542969 305.211304 
411.868286 326.230957 
282.778900 315.698608 
410.921326 312.547302 
430.060272 323.577698 
301.619873 349.207947 
271.004395 303.260162 
278.951630 276.288818 
395.302002 303.386963 
268.551117 384.245270 
269.800110 353.995270 
349.683563 305.284576 
276.198547 315.903259 
382.531097 338.254578 
155.666397 380.742737 
259.464386 281.852600 
189.653442 384.683533 
283.397797 400.145844 
294.960144 82.419586 
391.742432 285.622345 
253.364563 312.403046 
276.089691 301.730164 
174.460449 419.921082 
193.072693 336.925385 
200.152740 297.077789 
290.655365 301.654724 
246.103409 343.012054 
263.947510 380.913818 
185.486542 375.284027 
386.591278 302.983124 
161.695389 409.087677 
184.507156 288.269989 
394.371368 297.566956 
276.089691 301.730164 
382.841766 304.093781 
193.819443 330.339569 
294.189392 309.672485 
294.189392 309.672485 
192.894409 354.121704 
198.182236 338.855804 
259.367676 313.272583 
293.692841 331.153198 
445.203003 87.173309 
263.947510 380.913818 
433.397614 410.927582 
270.179352 287.638519 
283.903900 385.453461 
281.497742 310.655243 
163.357483 389.116638 
272.043671 301.616333 
268.551117 384.245270 
292.015320 308.273468 
396.191895 307.485107 
274.830353 302.446869 
271.004395 303.260162 
280.552551 237.282684 
390.277832 325.536835 
278.937866 398.756500 
292.430328 329.666382 
262.763184 282.028076 
433.397614 410.927582 
268.396118 292.393372 
442.100464 316.992340 
189.350540 380.932892 
276.089691 301.730164 
276.089691 301.730164 
193.072693 336.925385 
268.396118 292.393372 
395.037994 409.808990 
292.430328 329.666382 
267.327881 294.928680 
202.232407 403.783325 
396.642059 300.519836 
165.237213 409.473816 
369.168488 297.992401 
203.947815 321.796234 
400.311523 290.568481 
173.981750 420.609589 
292.536926 279.091980 
257.545685 291.156342 
286.274963 70.426949 
223.126877 332.408447 
292.015320 308.273468 
185.372360 372.598358 
265.874115 314.651245 
445.547546 298.852997 
284.632660 287.195312 
391.194122 360.592377 
386.591278 302.983124 
257.660736 330.231995 
269.021973 333.933563 
303.110260 344.992706 
174.460449 419.921082 
268.032776 300.594818 
293.826050 305.125153 
301.619873 349.207947 
400.523621 321.119141 
268.396118 292.393372 
280.552551 237.282684 
191.778732 365.911224 
398.096680 354.419556 
294.960144 82.419586 
278.937866 398.756500 
186.161179 355.173553 
297.952454 333.506165 
257.670197 292.964874 
189.525604 363.104095 
433.603149 307.825470 
400.409424 371.498047 
400.409424 371.498047 
401.921204 342.330292 
290.104858 290.278534 
301.768829 243.960892 
256.106628 298.134277 
365.188293 303.753448 
292.015320 308.273468 
399.391663 341.320038 
284.632660 287.195312 
185.323624 362.189117 
294.450165 332.229065 
294.450165 332.229065 
252.521927 327.499451 
261.066833 373.913849 
278.013184 301.517303 
219.224182 325.129913 
292.430328 329.666382 
200.089676 326.399780 
395.302002 303.386963 
391.194122 360.592377 
388.870056 323.945557 
269.321503 395.219879 
269.321503 395.219879 
385.401245 304.107819 
380.649445 313.025543 
260.612549 297.585480 
239.115524 295.474792 
371.571472 300.490051 
248.946808 347.140167 
280.552551 237.282684 
310.097229 236.718674 
195.135498 278.762848 
395.302002 303.386963 
397.962402 284.884155 
420.546906 374.689819 
278.074707 305.745728 
283.033173 246.329712 
239.115524 295.474792 
244.589737 345.065643 
192.817154 400.658142 
259.462982 361.534393 
179.747803 335.036438 
268.551117 384.245270 
191.009354 376.040039 
185.486542 375.284027 
192.817154 400.658142 
262.595703 385.309875 
268.396118 292.393372 
260.233490 369.553131 
278.951630 276.288818 
278.951630 276.288818 
176.964127 382.784241 
263.947510 380.913818 
192.071609 289.520782 
287.137299 316.846100 
260.530548 396.566101 
260.530548 396.566101 
188.378418 360.214264 
223.126877 332.408447 
193.072693 336.925385 
258.225647 282.320862 
265.013733 381.388733 
280.552551 237.282684 
460.248138 348.803558 
189.350540 380.932892 
260.530548 396.566101 
404.345459 323.808411 
152.557190 396.487640 
364.625275 457.939606 
113.341789 392.732452 
266.300598 382.193237 
395.302002 303.386963 
460.248138 348.803558 
292.430328 329.666382 
278.074707 305.745728 
298.648621 279.455902 
282.114685 290.742615 
445.547546 298.852997 
403.757782 386.713593 
248.946808 347.140167 
192.817154 400.658142 
290.265320 294.007690 
587.732239 400.380463 
282.114685 290.742615 
448.358490 305.500031 
284.632660 287.195312 
252.521927 327.499451 
270.643921 331.187103 
270.643921 331.187103 
191.778732 365.911224 
267.852173 379.730530 
390.302094 319.114441 
431.738525 409.684540 
265.013733 381.388733 
167.924057 401.030121 
415.642395 322.423828 
280.552551 237.282684 
219.224182 325.129913 
260.233490 369.553131 
392.691864 321.017639 
272.013306 396.138550 
436.934662 337.153503 
331.940399 306.269379 
180.025742 384.821777 
185.372360 372.598358 
268.396118 292.393372 
260.612549 297.585480 
182.974503 334.786621 
278.074707 305.745728 
298.648621 279.455902 
260.612549 297.585480 
310.351562 330.967987 
260.612549 297.585480 
392.590424 300.506500 
289.085999 380.580933 
279.062897 279.214539 
606.543457 268.614288 
318.545319 410.452362 
189.525604 363.104095 
145.802856 401.217865 
188.378418 360.214264 
200.089676 326.399780 
263.947510 380.913818 
279.062897 279.214539 
403.797668 302.209839 
175.746750 405.686951 
161.915878 402.965088 
288.127716 292.964905 
401.921204 342.330292 
219.224182 325.129913 
399.391663 341.320038 
276.198547 315.903259 
281.497742 310.655243 
265.253143 401.783875 
434.146210 310.875793 
371.571472 300.490051 
268.551117 384.245270 
283.903900 385.453461 
373.664093 405.981384 
308.400360 298.373474 
292.015320 308.273468 
266.300598 382.193237 
202.232407 403.783325 
239.115524 295.474792 
269.321503 395.219879 
395.302002 303.386963 
398.096680 354.419556 
267.852173 379.730530 
200.089676 326.399780 
163.860596 390.819885 
220.553986 337.739685 
268.551117 384.245270 
269.542816 333.533600 
461.581573 345.049500 
232.789246 342.202545 
185.372360 372.598358 
190.715912 376.574951 
190.715912 376.574951 
411.868286 326.230957 
279.062897 279.214539 
279.062897 279.214539 
430.060272 323.577698 
257.670197 292.964874 
293.826050 305.125153 
363.406494 346.638428 
280.771637 246.794312 
167.924057 401.030121 
205.358688 274.769867 
397.962402 284.884155 
269.542816 333.533600 
262.595703 385.309875 
269.542816 333.533600 
262.595703 385.309875 
310.097229 236.718674 
309.124603 346.640198 
265.013733 381.388733 
265.013733 381.388733 
161.915878 402.965088 
268.218475 351.298035 
192.817154 400.658142 
274.830353 302.446869 
349.683563 305.284576 
182.443054 353.161377 
101.791199 393.162750 
400.311523 290.568481 
402.184601 370.426147 
178.660507 356.504700 
275.285248 288.359955 
278.937866 398.756500 
284.632660 287.195312 
231.927261 318.580078 
396.191895 307.485107 
280.771637 246.794312 
279.062897 279.214539 
223.126877 332.408447 
174.460449 419.921082 
278.951630 276.288818 
433.397614 410.927582 
391.742432 285.622345 
263.731995 291.175873 
280.043762 358.606537 
383.524353 361.476257 
152.557190 396.487640 
572.256165 401.779694 
286.274963 70.426949 
187.952164 377.657806 
247.864410 295.496033 
247.864410 295.496033 
281.497742 310.655243 
294.960144 82.419586 
297.831970 244.976471 
248.946808 347.140167 
263.947510 380.913818 
265.013733 381.388733 
267.852173 379.730530 
286.274963 70.426949 
189.525604 363.104095 
280.552551 237.282684 
279.530121 357.069244 
280.915771 302.030640 
284.298309 338.841949 
263.947510 380.913818 
266.300598 382.193237 
152.217896 388.954773 
260.233490 369.553131 
278.013184 301.517303 
268.396118 292.393372 
167.924057 401.030121 
270.389099 308.841278 
280.552551 237.282684 
262.595703 385.309875 
278.013184 301.517303 
196.428970 306.143860 
188.378418 360.214264 
282.829712 314.650360 
378.924133 363.781952 
284.632660 287.195312 
281.497742 310.655243 
239.115524 295.474792 
192.291718 379.643494 
185.323624 362.189117 
396.642059 300.519836 
403.797668 302.209839 
265.013733 381.388733 
241.390640 296.563446 
382.841766 304.093781 
364.625275 457.939606 
