972
322.460449 419.033508 
477.754333 288.252106 
477.999786 287.720093 
498.584503 311.097015 
477.996124 282.977570 
478.343048 282.956635 
322.549072 418.510040 
319.049316 417.923615 
494.784760 299.830414 
92.865646 203.878372 
515.455200 312.822479 
514.935181 312.957581 
499.791748 299.755981 
490.087280 278.698853 
553.408020 316.637115 
498.468292 313.247833 
512.185120 398.725433 
278.127197 391.002258 
300.938019 285.794006 
251.755737 283.319183 
318.460144 418.401428 
494.224548 299.526001 
312.144257 405.406982 
500.619720 305.240814 
448.873016 307.497253 
534.361267 330.081726 
480.406738 282.743805 
353.535706 301.870026 
485.729736 315.459747 
470.155945 304.150879 
532.497559 307.673096 
324.948212 414.927826 
515.906799 310.612762 
290.576538 402.364929 
461.645782 311.371552 
305.166443 432.201111 
569.143860 327.323059 
304.506470 432.102997 
513.681946 315.752075 
334.658691 275.710297 
484.659363 278.271454 
506.692047 315.524017 
299.652802 401.885590 
305.038849 435.010437 
449.739746 285.839966 
470.068878 304.825745 
353.924622 301.404663 
516.849426 310.924561 
490.830627 309.933472 
293.947510 416.522369 
275.432770 270.946014 
251.833633 319.251709 
454.903717 285.698639 
513.533142 318.491119 
303.321503 416.022552 
452.334412 286.276825 
307.844879 396.917419 
451.189453 314.228241 
298.963501 286.793091 
459.156311 312.292664 
556.884705 317.222900 
556.989563 316.592377 
514.224548 280.379608 
298.025024 291.132935 
389.754944 296.323914 
391.458282 296.668640 
288.401184 269.503784 
308.748901 352.003510 
309.285614 352.340820 
550.396667 349.237976 
303.160095 418.323761 
188.026352 411.415131 
195.595612 386.532471 
247.809860 284.667419 
192.883636 378.137146 
282.516541 296.248260 
296.039551 295.662750 
581.368042 231.676773 
182.874222 355.016663 
302.918884 434.837677 
307.537415 355.250427 
300.546661 424.079376 
575.864685 307.943573 
512.198730 302.841400 
516.271729 307.000885 
276.464691 395.940552 
532.026062 332.387939 
522.541870 332.069672 
520.358765 306.772552 
207.012894 381.209381 
462.408356 314.443207 
338.879822 283.013702 
277.507690 395.894714 
277.541168 395.987305 
297.834412 398.476624 
528.551208 337.200348 
191.929260 397.405365 
357.122040 302.020660 
557.380615 313.975159 
332.384644 289.370941 
329.788635 286.653412 
188.409927 408.074860 
498.528412 314.649719 
195.243118 386.197174 
318.590576 315.461304 
534.549194 329.336273 
515.873230 307.686890 
521.714905 370.648193 
518.410645 314.693176 
478.164337 292.183441 
305.077972 279.073853 
500.384827 362.626465 
494.741730 272.743286 
503.416656 302.529114 
502.801239 303.006897 
183.632339 355.054443 
527.580688 306.266083 
499.619965 320.581146 
562.974426 346.941772 
496.788574 291.432190 
298.678955 397.948364 
290.413452 413.067474 
298.734955 290.688538 
294.104309 284.930115 
562.259949 344.792511 
464.706879 336.633240 
333.879333 225.136627 
474.036407 304.229034 
191.343353 404.540039 
323.714813 307.286469 
501.183105 359.122498 
308.792206 303.338867 
190.028885 393.956909 
460.824005 390.926025 
461.089996 390.836792 
514.551636 305.240082 
192.063553 403.168976 
464.935486 315.241455 
467.381409 301.939606 
309.545044 303.414734 
316.581818 253.033966 
506.327393 359.865295 
316.489563 402.763977 
494.503082 308.622070 
233.511414 336.349121 
192.358047 401.524689 
266.361328 353.260071 
286.906677 419.195740 
322.290588 267.944305 
186.687515 410.716522 
389.912567 294.489380 
287.513031 295.920502 
493.691772 282.230225 
469.259705 269.627106 
311.676239 427.949097 
175.502731 381.847687 
125.999420 205.937637 
514.530396 297.815033 
297.749908 288.017303 
493.226562 282.593628 
481.418854 394.304474 
352.240753 362.022766 
330.148621 220.912628 
199.626495 373.185028 
558.245239 305.731476 
414.178711 298.396362 
192.294357 351.590057 
188.795029 315.960602 
305.865784 344.582703 
318.668182 266.085480 
496.638458 292.655731 
355.101898 348.633484 
190.831665 405.755981 
235.315353 268.818359 
485.610596 300.746155 
464.430786 319.227570 
350.525635 340.306061 
499.319489 323.631927 
263.045868 324.102814 
177.039337 351.302063 
287.227783 419.822113 
504.424225 354.603973 
283.104462 288.106934 
287.962921 291.435059 
189.001144 396.599426 
352.013794 337.010742 
267.931366 349.788330 
519.201660 314.002838 
562.428528 344.024872 
293.401062 419.695557 
546.609192 302.119934 
292.507416 420.022369 
292.733673 420.201721 
316.740570 254.210892 
331.034241 298.845367 
350.640625 362.420654 
299.587769 422.400269 
269.946106 297.108307 
257.060120 318.877289 
279.181030 416.155853 
472.288635 341.331757 
477.312103 322.228333 
524.711243 307.460297 
341.144257 345.584106 
453.886230 313.093323 
464.487915 284.557831 
294.943176 420.505280 
261.825073 338.208771 
312.700165 303.132477 
254.765427 321.425476 
290.254761 294.281189 
289.577972 293.997711 
470.158081 303.190948 
135.565109 458.443176 
510.776062 271.176941 
493.738495 282.562714 
528.193359 308.473206 
302.068024 280.379822 
299.096100 273.526428 
501.032593 299.844025 
327.201660 402.569733 
288.122437 342.362915 
525.289490 329.960663 
325.016083 314.775299 
176.212692 356.503204 
356.650055 360.784973 
534.635559 337.099609 
306.653809 348.085876 
302.809814 346.797028 
325.176361 403.829773 
306.757263 404.297516 
180.794983 350.023132 
548.977905 346.747040 
329.812714 389.488434 
282.230713 397.554718 
305.330627 428.214142 
526.260803 331.862030 
265.952911 288.692596 
332.484070 221.821442 
302.863983 348.238770 
308.165558 428.338593 
507.034668 301.998077 
511.768127 304.803101 
333.835602 222.560410 
189.035736 408.461060 
211.739471 280.157379 
470.635681 323.566223 
196.032974 370.930084 
312.221191 320.433014 
289.050446 272.606934 
190.876373 326.326599 
198.793396 302.439758 
256.128601 271.143188 
348.333771 373.165161 
287.359589 272.832703 
339.352386 195.888489 
338.844299 195.943146 
338.983459 195.592117 
304.134399 419.058960 
504.141541 298.975586 
320.533051 288.709808 
317.330719 289.493164 
324.906189 396.183594 
237.318100 349.167419 
350.554260 351.879486 
260.846649 331.516693 
372.349457 311.989685 
541.649414 397.372406 
284.659607 422.416382 
439.632355 333.567688 
440.370941 334.175507 
304.897644 343.454559 
520.489319 312.060913 
518.357117 294.367889 
502.771088 359.404449 
502.266144 299.929718 
482.510895 343.609894 
522.477966 330.620667 
327.231140 406.795563 
498.406921 328.166870 
174.739868 317.561951 
269.088470 300.470184 
300.866455 393.436462 
285.012909 402.313507 
185.385498 303.293243 
538.613098 288.811890 
196.845337 359.792511 
233.742355 337.589813 
263.562897 352.746063 
263.559875 353.434570 
310.981720 436.636597 
315.235016 304.772766 
307.823242 418.414825 
460.522552 278.664246 
169.273087 353.420441 
338.953064 276.607666 
500.909607 322.078278 
325.687042 396.964935 
299.128632 395.387878 
236.068588 349.220398 
490.291565 324.301453 
350.875671 292.019562 
478.061768 324.213776 
216.024338 341.983063 
276.017365 436.552277 
287.635406 397.298431 
180.997238 380.169769 
448.672821 311.609650 
449.022522 311.919434 
300.663452 271.707458 
283.431061 276.322113 
323.928558 437.169678 
457.026154 276.129120 
256.188110 283.999512 
506.643402 334.260437 
495.385071 408.076538 
518.677429 324.513702 
264.395050 320.882385 
456.320587 311.359680 
473.899048 301.085358 
463.545105 335.878387 
287.781464 427.240143 
429.193329 21.030390 
334.575165 303.030029 
277.227539 437.621033 
506.321259 333.776276 
288.815277 339.099548 
272.195892 338.123199 
448.397797 298.738068 
303.494263 392.783783 
251.082581 326.407837 
558.116577 322.292480 
346.521332 213.693893 
287.326416 436.012299 
281.569550 416.167755 
306.155304 420.896729 
283.558105 284.576019 
194.149384 417.139954 
275.041779 339.700165 
274.996063 340.355743 
280.795898 277.492279 
324.038208 219.097580 
193.816223 354.726898 
270.766876 293.853149 
321.889679 225.185989 
306.089355 422.377563 
347.209900 303.445312 
264.321228 345.092468 
340.118256 371.281097 
345.308441 367.593567 
179.347992 390.358124 
186.152847 414.383911 
177.489014 318.160339 
539.075989 269.316986 
539.075989 269.316986 
474.121368 295.375366 
272.170898 338.729584 
305.476257 357.522644 
470.403229 296.697723 
280.780121 408.997803 
293.037628 291.239899 
543.028442 311.349976 
324.572845 200.061707 
312.575348 433.108093 
467.869904 279.556061 
555.299744 330.196533 
316.690887 263.143433 
346.341217 357.913788 
462.534180 346.868927 
258.066895 334.563934 
274.349762 432.101837 
474.367645 387.665833 
300.168640 280.416443 
313.951141 418.392609 
213.480103 281.819000 
294.294678 426.527710 
568.023193 313.103760 
177.996399 391.154114 
315.614746 305.908264 
188.708755 286.641052 
452.572968 306.987457 
256.842041 326.984558 
517.793884 338.445709 
452.687103 279.085419 
312.642639 433.740997 
340.965759 282.172211 
289.791473 319.039124 
249.146561 280.756287 
447.992340 345.598450 
349.918671 368.981873 
462.659210 272.822968 
345.852386 360.523743 
311.385437 391.512451 
461.989990 283.880219 
318.805817 293.049866 
370.556061 436.892212 
269.561829 385.259186 
186.583939 393.278198 
330.208221 200.824249 
502.249542 323.968506 
314.462036 396.258484 
359.676270 192.366440 
349.033691 371.150726 
201.282669 375.245148 
512.967896 369.261597 
377.578766 306.781616 
285.117981 391.818054 
180.523422 443.229828 
325.435455 327.725830 
351.024994 358.242798 
300.488037 418.526428 
211.637604 280.851013 
237.477509 344.592163 
300.743073 404.350800 
280.301025 434.077515 
280.064575 434.242889 
257.946320 290.608185 
180.883301 381.634216 
457.051300 330.355560 
179.221786 359.498108 
481.349854 331.716522 
317.833679 263.717682 
200.850998 297.995422 
289.100006 316.685425 
293.556274 392.784668 
318.933502 283.452820 
299.484833 304.955994 
172.262192 319.043030 
455.068207 342.446716 
531.125000 335.378967 
312.858368 390.075867 
352.763885 340.862732 
288.076385 324.305969 
351.424866 278.286407 
301.795898 405.706451 
322.533386 433.059357 
325.512695 315.523987 
326.242249 316.422302 
572.711060 383.930969 
341.912323 301.132904 
304.062836 370.836365 
259.535156 283.253143 
296.259430 275.213440 
280.395844 429.618896 
280.056976 430.137604 
300.640015 437.047546 
495.552032 367.083832 
313.689453 244.082825 
316.524017 251.600220 
334.538696 285.122284 
372.859070 438.753754 
181.040848 440.055664 
321.548218 265.474213 
322.502716 438.021240 
322.502716 438.021240 
447.995270 314.875092 
318.323761 307.485199 
181.054855 288.486237 
550.574463 314.404694 
278.087311 316.308167 
301.284180 343.066772 
200.768799 292.602478 
372.608826 307.062927 
160.151596 387.487640 
190.731461 290.881409 
176.932510 351.835083 
326.057587 213.358978 
278.660339 356.914581 
547.377747 286.696747 
351.567932 358.119110 
320.927490 223.781845 
170.522186 424.290710 
354.470123 214.270065 
354.078949 213.683594 
273.645569 287.812927 
481.517792 331.256134 
351.944427 336.038147 
297.931244 303.176758 
191.887314 322.429291 
322.710938 435.169525 
345.036255 216.884323 
189.923172 209.850204 
540.975342 329.908325 
197.933212 309.423950 
315.977844 207.372055 
168.572586 376.126648 
538.579956 314.598175 
307.341370 380.114960 
176.902069 288.586578 
307.856873 384.944977 
286.568573 314.347229 
300.900787 436.496155 
341.900513 212.382431 
567.878845 328.529175 
176.060760 364.254974 
330.057495 282.062592 
495.326324 366.771606 
336.112396 308.052612 
260.090973 282.115143 
259.356995 330.986877 
179.408066 353.061859 
308.347778 369.033844 
159.652527 445.071136 
164.502243 291.950409 
164.746063 292.101074 
197.434952 298.728546 
326.765198 308.527771 
311.649292 257.457672 
164.472290 457.756927 
474.766357 351.184387 
517.467224 320.901947 
515.809387 349.456818 
270.057617 293.641144 
352.015350 287.576263 
175.775696 263.662720 
312.036591 302.144135 
260.424469 283.575470 
359.952972 363.615723 
293.838654 356.901581 
264.644531 344.390686 
184.602325 346.087341 
319.141602 264.443420 
319.487976 264.189209 
385.153229 364.441833 
366.679352 300.662170 
355.474487 357.197388 
186.276199 380.225006 
202.460617 345.597168 
246.056702 312.575562 
245.832169 313.174805 
231.127396 343.648102 
552.641724 316.244537 
160.827820 381.101807 
369.899017 309.798309 
190.906509 290.360291 
346.714569 289.639496 
349.900452 329.187286 
371.199036 439.426300 
306.863464 379.436829 
482.074890 332.348633 
300.393951 298.153351 
485.893829 267.233704 
289.377197 324.677979 
341.416077 285.511444 
188.557144 325.170624 
495.103516 450.103210 
528.584778 333.499786 
187.551010 344.203644 
372.267120 313.454681 
316.424469 321.664734 
343.619202 363.161041 
525.413696 337.508789 
263.872406 354.684052 
450.235565 309.449524 
259.648285 213.720947 
336.803467 285.472076 
322.543762 267.215881 
195.296082 294.608124 
345.879333 299.866882 
296.255585 430.913391 
331.470612 324.679108 
134.146698 450.464935 
239.005432 343.229034 
333.841858 267.898621 
544.868530 345.077454 
265.282379 294.911743 
369.899292 314.651886 
324.541473 318.341675 
345.556000 331.604950 
202.059738 346.940918 
466.472961 316.522003 
378.128754 307.943878 
280.643250 329.541107 
194.364914 426.563934 
553.304443 356.538239 
495.964203 450.213196 
340.388184 298.247711 
192.148315 354.137360 
343.986664 300.711975 
300.044861 408.341003 
313.848724 380.366699 
137.051910 453.875793 
290.569397 272.320526 
202.676834 375.157257 
306.587921 355.731323 
278.514832 324.918182 
282.542969 413.592377 
487.249115 394.700409 
319.110931 376.751648 
335.962524 220.662109 
418.495087 445.073639 
278.873627 436.069122 
349.657867 300.880798 
242.479416 339.853943 
241.550705 340.290710 
330.842377 210.714706 
296.716064 309.901398 
347.870667 368.923981 
325.980560 207.990463 
299.435486 433.082214 
299.498810 432.951935 
457.787231 276.459534 
325.656281 262.011627 
190.885788 368.159210 
298.222137 416.374298 
174.476807 349.716766 
515.264465 354.914703 
514.676697 355.265228 
183.804382 377.802979 
509.889465 348.201660 
473.831451 387.493683 
325.532410 265.411133 
326.221619 265.149933 
173.089111 396.060486 
481.346436 390.984283 
480.584259 390.971680 
468.205139 313.451752 
181.218597 451.789825 
264.100067 340.882568 
502.686035 324.949341 
548.755554 313.117950 
336.378296 339.963715 
325.583679 385.537292 
369.677795 301.170593 
523.782837 326.378265 
271.309570 290.744659 
253.330185 293.602478 
282.042450 287.074371 
318.959839 344.137604 
320.858948 214.290421 
202.110046 332.266571 
171.908295 318.420959 
187.433075 294.535614 
364.870575 300.100403 
266.398834 342.569641 
350.263855 213.816696 
190.591644 354.470978 
191.100616 354.087341 
279.363434 358.855042 
136.782425 453.367249 
191.778259 281.724396 
295.768707 443.233765 
556.684082 281.576904 
199.712631 286.979919 
486.992340 263.576508 
486.719543 264.110687 
345.671051 286.572815 
353.163574 216.410904 
340.016388 289.117523 
254.870300 292.937744 
200.517227 291.422241 
322.743042 211.819534 
344.213196 346.998291 
344.089203 346.533356 
178.558807 403.528168 
287.861908 269.294342 
177.674316 414.385742 
482.918396 386.171448 
265.410492 311.660065 
495.305328 405.371582 
274.810974 282.573364 
308.708984 247.495895 
200.080215 346.461395 
138.920944 449.252869 
182.870926 300.263428 
474.436798 321.238678 
467.018433 286.964874 
179.355804 410.265076 
142.401337 417.441559 
228.039963 331.726410 
189.755585 324.101044 
521.813843 325.134918 
325.406158 223.706680 
134.699310 452.405731 
489.460846 297.373260 
248.969269 320.864990 
273.669037 365.256897 
516.309753 261.452545 
164.504288 456.894653 
413.722015 295.974823 
195.587753 304.932343 
213.827927 341.977936 
345.289551 290.407501 
480.328644 390.466766 
542.795898 290.435638 
259.981110 314.193939 
185.313248 453.114319 
321.726318 206.732849 
192.155014 377.958923 
342.172607 215.648468 
352.022339 284.967987 
211.130768 285.344818 
354.296661 212.637711 
474.885437 353.741058 
504.859497 298.310822 
336.479279 268.384705 
518.837036 349.679932 
519.077759 350.295258 
186.935898 335.294678 
319.072845 298.921082 
179.002838 364.950348 
278.690887 437.451965 
320.853699 440.602478 
489.997284 458.662506 
501.032990 332.473358 
509.953796 333.327087 
160.338257 460.304047 
342.083923 284.974365 
266.347992 329.140106 
175.661209 430.268555 
479.330475 327.188324 
254.718658 277.716675 
134.924637 449.987000 
322.488281 278.398254 
160.348312 456.107391 
307.359253 370.434509 
192.884583 387.481995 
470.793762 353.647064 
471.264404 354.164520 
314.277802 299.474457 
314.277557 298.756317 
188.894333 452.977692 
375.654205 289.328247 
317.529205 438.264343 
251.261902 317.620911 
276.387390 273.106323 
509.629150 266.972565 
454.228973 342.563385 
306.122528 383.709808 
515.067871 349.304108 
291.584259 215.609833 
330.071442 204.361420 
276.867004 343.953705 
242.444809 310.861572 
181.161804 451.166168 
373.778168 310.286774 
283.819061 437.899200 
520.114258 266.452606 
177.418442 360.858734 
247.915955 280.966248 
454.161621 293.757721 
321.310455 218.747070 
288.995392 361.093323 
299.521271 411.254211 
199.487564 306.960999 
201.131287 307.597595 
263.444702 348.855011 
196.662842 310.776093 
161.907791 395.606842 
339.602570 283.951569 
484.635132 335.609222 
360.451385 342.087830 
179.179214 408.544830 
318.361938 443.041138 
190.191635 457.876984 
306.463654 372.563263 
195.391769 281.940857 
173.712006 345.247986 
578.995056 333.696899 
174.419403 345.434204 
284.692566 314.142059 
248.263855 324.232971 
350.527496 301.390778 
151.939880 445.151947 
196.267441 342.129486 
329.905396 272.227448 
230.974533 337.805359 
408.947693 312.161957 
318.946686 301.150879 
447.289856 317.134735 
299.007294 363.505493 
256.949768 336.164368 
314.344727 206.209061 
138.638763 206.981781 
167.135605 299.416718 
185.250427 402.430756 
332.650146 335.412720 
486.332153 328.304382 
262.618469 330.879578 
178.483704 417.453949 
258.802368 288.270966 
524.078674 283.131042 
181.080353 400.959503 
277.000549 288.033264 
175.628174 420.355255 
329.827332 210.920563 
333.719757 403.121338 
286.118561 340.096344 
310.793060 442.004639 
485.098236 334.633820 
261.916199 297.711670 
358.511627 307.708588 
314.880890 303.536316 
198.509735 284.473358 
196.409622 289.873962 
326.033142 327.218719 
510.572418 333.098267 
327.740875 213.126343 
284.879242 343.579193 
446.377167 312.300629 
317.450134 356.291168 
360.245911 350.353241 
310.074982 319.879822 
327.132996 210.787033 
326.896515 211.342407 
290.545807 438.077393 
291.392151 438.457886 
314.523956 321.339874 
196.869995 287.657501 
559.704834 321.954803 
169.958832 376.653381 
131.512405 439.821442 
124.641273 444.148254 
275.200653 275.455475 
299.643005 412.126221 
473.922363 320.152893 
193.090088 278.128113 
192.577454 277.673584 
212.271072 284.331146 
285.931610 360.696991 
233.436493 349.649384 
540.970825 345.080536 
178.578644 414.625488 
536.987244 307.300537 
303.361328 310.436554 
172.895874 399.676056 
474.362030 427.629395 
215.470749 285.193512 
318.806793 387.304352 
191.980347 446.543701 
190.904541 380.460022 
453.839203 322.093750 
197.124451 289.713379 
329.478790 281.102905 
472.587494 428.354614 
279.805389 327.650818 
319.299957 219.564270 
548.859497 383.947235 
509.460083 268.605713 
341.334961 298.448334 
195.989532 304.487701 
333.026062 299.644409 
285.558502 340.716431 
502.966858 431.458344 
280.642456 351.040771 
509.277832 348.205536 
280.627563 350.480499 
172.903305 362.880463 
242.151306 314.855194 
270.645325 386.012085 
495.181183 422.376129 
494.925964 422.034729 
331.350677 200.344299 
308.396729 296.834686 
307.688324 296.655243 
213.447525 454.295135 
85.910782 426.558014 
122.519402 445.117096 
545.198608 292.697449 
351.029694 215.364517 
179.295364 312.059967 
344.553162 362.916016 
376.877411 289.553253 
355.642365 298.747711 
298.061005 439.338196 
294.409698 272.432098 
491.339050 298.349640 
496.235260 422.498718 
218.196823 443.106750 
297.108429 439.637421 
197.490845 311.685486 
249.159256 355.311340 
167.028854 374.535309 
456.180206 296.611328 
163.245468 391.380615 
196.027237 321.232452 
565.744873 324.374298 
548.110596 312.541138 
180.187637 313.814545 
345.467621 364.647125 
316.083160 300.957153 
349.798553 217.763321 
150.732254 446.603638 
201.888580 354.233765 
322.991180 370.034760 
306.139313 298.609467 
163.884628 258.304474 
376.813293 288.641510 
286.087311 266.874176 
180.897537 400.162384 
204.225266 300.773621 
465.081177 296.840515 
572.695068 324.107269 
493.195679 335.871918 
180.018692 412.772247 
183.013611 407.979828 
202.160141 341.720398 
326.782715 208.350510 
280.700745 342.307861 
381.627441 306.150391 
171.487595 304.300354 
204.743103 322.364441 
171.577621 379.685272 
318.627380 387.509827 
279.599792 338.320068 
545.897400 315.361938 
320.534332 200.507141 
322.232208 439.788818 
361.704102 295.636841 
285.704681 325.407593 
515.024719 333.234497 
380.791443 306.295807 
203.727066 297.429047 
204.296188 296.565155 
469.763214 270.156525 
148.703903 441.921143 
144.908279 452.366669 
306.631317 439.629333 
362.495544 359.894104 
309.073151 202.467117 
234.508698 341.201355 
189.270386 457.684204 
359.733185 210.484207 
159.221039 395.460907 
281.733368 393.495026 
288.611359 386.222809 
200.052658 351.488525 
215.953949 345.015656 
470.893616 272.218872 
276.631592 362.031372 
258.179169 278.554871 
308.067291 439.754364 
203.172989 380.504730 
178.083603 312.661591 
356.470459 279.721924 
342.279175 268.302673 
201.333313 350.262390 
265.871216 310.962708 
327.376007 254.848663 
541.346802 461.301361 
194.831802 454.308136 
195.273880 398.559998 
146.688889 445.676025 
523.796631 312.501801 
265.733582 300.721344 
540.270752 461.561432 
163.755371 256.605042 
185.970062 422.804779 
233.599380 344.953156 
244.852631 280.144897 
234.022186 342.148743 
493.244659 422.250061 
309.391724 362.486847 
336.248169 308.972778 
338.148834 288.419647 
335.573303 310.125824 
328.258698 254.854202 
246.151337 342.947052 
453.488281 280.163544 
270.320007 400.945648 
214.372223 451.883362 
171.230103 300.073730 
433.728424 305.781677 
275.723419 316.765076 
537.761108 309.063141 
289.929901 249.223770 
238.305923 337.960663 
374.995972 305.305145 
304.272308 259.718628 
347.929352 356.941254 
296.899780 300.271332 
164.497787 284.645691 
