500
426.595947 76.868202 
209.409378 374.832611 
209.409378 374.832611 
408.731506 137.986511 
315.457642 267.017975 
224.719681 290.177704 
224.719681 290.177704 
337.290527 267.085785 
223.843338 374.763428 
245.722824 217.460587 
316.279388 425.525208 
268.873962 227.126572 
343.716553 350.899231 
268.873962 227.126572 
336.318481 266.234314 
379.279327 289.153015 
394.971588 121.183685 
211.841019 372.023590 
393.433044 81.510033 
311.772247 433.252930 
407.233978 139.673203 
277.893341 239.180725 
215.745163 379.832550 
426.595947 76.868202 
395.320282 120.418762 
320.579468 277.495331 
240.820801 213.463028 
201.489029 375.502350 
320.579468 277.495331 
388.524017 83.327934 
279.434784 443.198059 
396.050018 86.951233 
365.812286 337.496124 
222.629501 294.026031 
407.537781 138.026718 
419.436798 104.890877 
382.407745 130.806717 
390.174255 123.735771 
224.929504 279.591888 
394.971588 121.183685 
390.293793 146.138519 
298.427948 420.958954 
357.982117 334.328674 
225.197876 294.520844 
215.646408 297.201599 
231.126984 292.646759 
343.716553 350.899231 
410.050568 142.286301 
268.314056 251.232498 
247.228745 213.414108 
306.899780 203.183029 
319.104370 276.950867 
263.762604 235.116989 
382.893341 126.362999 
370.762787 328.611816 
400.240234 109.491386 
364.031708 324.084900 
390.174255 123.735771 
224.929504 279.591888 
224.929504 279.591888 
384.170868 290.927551 
265.703186 292.720764 
401.239746 118.912598 
296.130798 431.407318 
327.055359 199.105179 
383.032867 138.937225 
223.843338 374.763428 
407.516907 113.149971 
356.240051 337.230743 
299.835541 427.881866 
404.974335 127.815353 
392.822815 145.093063 
312.804443 228.412201 
277.399292 200.920746 
360.136383 330.687622 
307.671448 236.979691 
277.893341 239.180725 
353.877838 324.932739 
438.500061 97.062485 
401.239746 118.912598 
383.745148 132.262390 
383.745148 132.262390 
356.240051 337.230743 
215.646408 297.201599 
294.707520 426.556610 
316.419708 419.226624 
431.375916 151.214401 
378.878906 135.502380 
417.059052 75.492661 
227.608109 271.568085 
421.873260 129.142975 
416.168671 144.260895 
430.218536 130.379822 
407.516907 113.149971 
228.780121 270.812714 
268.314056 251.232498 
247.554504 211.125198 
344.017029 154.781006 
223.843338 374.763428 
328.172241 196.043045 
270.480865 213.318481 
344.652771 352.785706 
231.199982 259.490051 
226.826111 294.928680 
259.581390 265.012970 
435.974426 125.163513 
280.046997 461.235809 
309.233704 438.127106 
200.623062 371.082306 
431.590179 119.202065 
201.809601 374.224976 
370.762787 328.611816 
223.843338 374.763428 
430.218536 130.379822 
226.806824 257.907562 
219.254868 384.778320 
237.587708 220.464996 
267.040283 208.848480 
215.959366 380.739563 
434.012238 161.590652 
226.120865 284.242889 
296.130798 431.407318 
375.045929 127.478653 
435.727875 127.489891 
363.213470 328.695923 
375.065338 111.900246 
242.851395 216.267181 
315.457642 267.017975 
379.279327 289.153015 
379.845825 93.506866 
435.416382 113.666656 
214.557663 214.432739 
320.836853 236.734665 
399.336700 173.982574 
416.391083 123.632141 
411.954712 120.246414 
311.772247 433.252930 
311.772247 433.252930 
262.939331 229.425583 
432.433929 152.033173 
436.901398 146.915222 
436.901398 146.915222 
307.671448 236.979691 
434.200378 164.658279 
296.130798 431.407318 
295.474182 434.465851 
295.474182 434.465851 
295.478302 410.153290 
243.114273 215.424118 
431.590179 119.202065 
416.391083 123.632141 
351.467285 321.729828 
360.136383 330.687622 
312.867798 424.071106 
257.531189 208.665894 
270.480865 213.318481 
409.437622 122.174934 
409.437622 122.174934 
231.199982 259.490051 
365.982513 329.283966 
384.217377 141.982910 
319.104370 276.950867 
253.621902 302.879181 
397.873718 97.224083 
209.325745 366.253998 
257.523773 323.506897 
257.523773 323.506897 
278.918396 253.392181 
348.349518 127.614822 
304.328552 208.086945 
212.817596 290.010864 
384.170868 290.927551 
315.457642 267.017975 
375.164398 155.626022 
440.843964 92.569992 
412.002136 111.690811 
336.434265 358.177307 
230.858856 265.224792 
389.274597 124.133034 
214.021210 266.312103 
277.893341 239.180725 
373.414520 138.046371 
212.505295 378.289093 
443.909149 97.384621 
270.971802 206.749069 
412.002136 111.690811 
395.405823 84.026268 
234.015091 214.420151 
365.631256 157.618698 
224.151764 265.896820 
224.380630 221.150131 
378.161133 72.918457 
226.891907 299.973755 
430.440216 127.389000 
207.422150 216.197845 
356.942200 146.908737 
261.096283 230.131470 
294.369843 450.227325 
295.738281 427.674438 
409.437622 122.174934 
435.727875 127.489891 
388.003052 92.550896 
207.729584 195.893631 
229.161209 460.628448 
229.161209 460.628448 
431.590179 119.202065 
204.928207 378.446625 
204.928207 378.446625 
365.037231 144.520447 
387.168488 188.029373 
349.557648 141.414673 
224.380630 221.150131 
227.608109 271.568085 
224.151764 265.896820 
349.557648 141.414673 
295.474182 434.465851 
261.353241 228.123016 
386.292053 117.947701 
382.893341 126.362999 
302.968353 419.026337 
376.394592 111.315292 
355.206482 144.738037 
365.485779 121.305664 
443.909149 97.384621 
348.349518 127.614822 
332.566956 220.983536 
224.719681 290.177704 
346.826813 112.121094 
369.513306 126.248283 
270.594116 296.263458 
382.407745 130.806717 
395.409119 154.523071 
434.012238 161.590652 
370.767395 123.085968 
361.404419 194.754593 
336.434265 358.177307 
369.398712 174.269928 
353.013947 306.871155 
231.126984 292.646759 
257.531189 208.665894 
213.281174 287.015930 
265.618073 251.486496 
270.733521 198.377426 
265.703186 292.720764 
265.618073 251.486496 
386.292053 117.947701 
416.503082 107.893799 
330.018066 225.697327 
378.161133 72.918457 
433.676086 167.809036 
291.576843 233.337921 
375.353516 305.105164 
226.146042 294.087006 
214.021210 266.312103 
224.151764 265.896820 
330.317108 224.198196 
219.254868 384.778320 
397.878662 122.040154 
212.817596 290.010864 
410.684937 81.322289 
278.072144 277.867950 
278.072144 277.867950 
231.262543 213.946655 
562.227722 243.024445 
392.941345 118.039787 
223.843338 374.763428 
215.541794 274.080078 
384.732941 91.525848 
207.422150 216.197845 
383.032867 138.937225 
377.171997 113.318115 
274.048920 196.223740 
353.013947 306.871155 
295.738281 427.674438 
463.400116 324.186462 
205.654022 359.374451 
269.260681 206.431778 
369.475677 211.574829 
219.584671 231.220001 
279.434784 443.198059 
389.274597 124.133034 
303.278412 203.852066 
224.746506 256.726257 
311.772247 433.252930 
270.480865 213.318481 
226.806824 257.907562 
208.060944 353.434479 
486.168030 154.973053 
278.918396 253.392181 
235.194122 463.096191 
235.194122 463.096191 
382.407745 130.806717 
330.317108 224.198196 
218.646454 257.962830 
218.646454 257.962830 
423.981262 157.518829 
375.759552 83.187592 
235.194122 463.096191 
417.059052 75.492661 
463.400116 324.186462 
353.013947 306.871155 
446.298462 199.494827 
436.901398 146.915222 
265.703186 292.720764 
253.621902 302.879181 
253.621902 302.879181 
245.829453 287.312653 
412.731049 118.895622 
205.091812 299.387360 
205.091812 299.387360 
382.407745 130.806717 
303.278412 203.852066 
231.262543 213.946655 
463.400116 324.186462 
187.367233 366.385406 
393.034210 153.191864 
463.400116 324.186462 
314.886536 246.302902 
246.098190 309.740326 
220.501389 223.530289 
334.910370 223.924225 
418.975128 339.335358 
382.407745 130.806717 
209.325745 366.253998 
242.527054 308.319977 
343.879852 121.808853 
387.512329 89.803131 
397.655457 128.189758 
226.891907 299.973755 
353.311066 100.359993 
353.311066 100.359993 
367.614777 168.851837 
273.323578 208.260422 
280.046997 461.235809 
389.167603 152.370239 
463.400116 324.186462 
270.733521 198.377426 
230.858856 265.224792 
224.746506 256.726257 
293.536835 434.893036 
276.821198 247.348190 
375.045929 127.478653 
245.829453 287.312653 
370.393799 126.884613 
219.584671 231.220001 
241.980408 311.589294 
375.045929 127.478653 
387.105835 125.089897 
387.512329 89.803131 
413.066711 126.984009 
413.066711 126.984009 
244.899887 401.470764 
361.404419 194.754593 
376.280304 145.155212 
208.060944 353.434479 
208.965057 358.071686 
367.017395 156.580063 
526.268860 270.135895 
362.165680 114.719109 
205.654022 359.374451 
293.536835 434.893036 
226.826111 294.928680 
399.566010 154.513290 
187.367233 366.385406 
335.541809 221.962051 
413.066711 126.984009 
257.531189 208.665894 
375.409271 168.010925 
564.606689 239.319046 
420.222382 76.560608 
375.409271 168.010925 
491.889099 265.744629 
267.040283 208.848480 
353.013947 306.871155 
400.404663 180.071869 
382.407745 130.806717 
369.296600 114.152794 
480.722534 281.035126 
224.929504 279.591888 
389.274597 124.133034 
352.143585 319.133972 
463.400116 324.186462 
392.519867 133.937943 
392.519867 133.937943 
491.889099 265.744629 
491.889099 265.744629 
413.066711 126.984009 
214.557663 214.432739 
463.400116 324.186462 
373.414520 138.046371 
376.280304 145.155212 
270.733521 198.377426 
414.565277 113.212486 
276.821198 247.348190 
249.343719 315.496490 
379.052002 142.807419 
373.168304 157.187149 
241.278107 313.284454 
398.171570 159.485611 
212.570145 295.941071 
446.298462 199.494827 
361.092621 208.883575 
379.052002 142.807419 
352.143585 319.133972 
207.422150 216.197845 
349.557648 141.414673 
443.909149 97.384621 
460.267273 178.902740 
219.421356 300.842438 
366.507111 122.702354 
328.172241 196.043045 
395.320282 120.418762 
352.120972 169.662384 
369.296600 114.152794 
199.651764 358.180267 
491.889099 265.744629 
343.334442 350.901550 
265.437134 245.513290 
368.222015 126.624611 
368.222015 126.624611 
278.072144 277.867950 
349.543304 242.162140 
349.543304 242.162140 
398.202637 124.564201 
390.022430 93.840103 
420.150330 120.111305 
379.052002 142.807419 
401.302673 152.605667 
349.065002 106.919769 
208.965057 358.071686 
460.267273 178.902740 
370.974335 146.190567 
413.066711 126.984009 
273.047852 196.613617 
397.655457 128.189758 
205.654022 359.374451 
298.427948 420.958954 
309.072845 422.886749 
382.407745 130.806717 
247.554504 211.125198 
463.400116 324.186462 
347.651611 362.675079 
416.969269 83.689407 
416.391083 123.632141 
416.391083 123.632141 
213.413605 223.003235 
401.111053 88.170952 
394.971588 121.183685 
246.549118 320.312653 
491.889099 265.744629 
463.400116 324.186462 
398.202637 124.564201 
401.816223 96.946182 
270.733521 198.377426 
426.935730 91.907066 
325.972260 229.674683 
395.850311 127.220474 
224.929504 279.591888 
224.151764 265.896820 
397.655457 128.189758 
279.434784 443.198059 
393.740784 135.529770 
267.040283 208.848480 
400.703522 85.393608 
375.065338 111.900246 
417.059052 75.492661 
219.584671 231.220001 
341.922394 222.151489 
366.507111 122.702354 
336.434265 358.177307 
375.065338 111.900246 
338.605103 224.748535 
375.164398 155.626022 
226.891907 299.973755 
373.670959 146.408020 
384.217377 141.982910 
384.217377 141.982910 
395.405823 84.026268 
414.565277 113.212486 
422.385529 104.652405 
375.759552 83.187592 
214.226242 281.498474 
265.703186 292.720764 
367.614777 168.851837 
417.747406 123.670906 
224.929504 279.591888 
376.145782 152.829803 
395.670959 120.279839 
413.919983 85.129532 
245.427902 320.980408 
482.182617 160.563934 
330.317108 224.198196 
343.698273 270.867737 
269.260681 206.431778 
258.556274 292.418457 
397.878662 122.040154 
375.409271 168.010925 
258.039642 208.368713 
226.806824 257.907562 
385.956024 103.558586 
