500
167.148773 358.505463 
392.253265 390.279602 
169.854462 358.218079 
168.934311 358.105103 
169.384827 358.093140 
277.118378 319.964813 
277.954132 316.842102 
277.151093 321.404083 
275.502258 337.885132 
347.521667 214.713257 
321.012512 318.175751 
125.238510 351.726929 
264.210205 283.782379 
149.909515 241.834595 
144.913086 222.805923 
246.308411 239.274460 
350.660736 218.050522 
141.652298 291.536804 
264.564087 283.646912 
279.422089 327.707245 
310.100525 280.176117 
277.358643 318.034393 
499.006378 212.602310 
499.224030 213.309479 
309.479492 341.615753 
265.508423 352.481445 
321.454498 318.971313 
140.854721 309.947510 
140.876541 309.769440 
309.483643 345.343719 
145.217224 246.788361 
162.561829 344.678345 
514.719055 217.582260 
180.871384 352.947479 
502.595276 214.078186 
154.815536 357.406891 
162.009460 359.982849 
177.526367 346.066376 
236.753830 213.997253 
293.072998 265.480408 
290.602478 264.308136 
150.424469 245.650299 
283.415741 335.672760 
293.835876 265.149780 
237.705139 214.002701 
296.922455 254.368729 
315.711670 130.612549 
137.205933 234.782486 
310.561890 342.239441 
329.268341 242.898239 
229.187378 193.955307 
162.029678 340.988892 
455.690308 243.086426 
164.439911 344.420197 
316.308960 238.374298 
316.306244 237.709457 
356.598206 219.583649 
257.983459 224.956467 
248.387451 184.722076 
263.407043 351.104950 
311.194824 213.866119 
155.918762 253.701309 
289.776459 168.517517 
288.355774 194.537415 
258.032715 226.228745 
119.344109 367.901917 
300.208954 338.536713 
311.098297 278.970520 
262.757385 348.520966 
271.115631 330.809509 
270.992432 332.340576 
289.884949 264.094757 
511.643127 241.435455 
322.303009 341.533569 
495.669281 216.525818 
418.733673 228.432098 
143.413666 229.467377 
460.693756 221.403214 
460.952057 221.133881 
230.889572 337.555359 
157.158630 355.677551 
336.078064 263.015656 
278.460114 209.986755 
144.961624 256.759308 
336.621826 242.453476 
229.090988 193.150406 
154.629547 249.807922 
459.509827 220.808990 
283.830902 336.298309 
359.670715 218.735321 
152.880661 228.374283 
460.400543 224.241867 
224.495041 238.912521 
307.286835 341.231964 
228.482346 229.328751 
509.031677 208.939148 
136.680145 217.683456 
241.297592 266.091553 
454.447449 243.365128 
176.130936 356.870575 
167.856125 339.465454 
323.271057 322.871704 
262.176422 209.362427 
156.859680 235.825073 
322.310822 238.937820 
455.071899 242.241531 
148.502716 355.251404 
229.199844 195.374512 
243.263123 327.784302 
233.482452 335.916534 
287.881500 161.794983 
248.242371 331.843353 
488.659576 197.813354 
141.853683 357.794373 
333.953064 236.952393 
287.064056 90.533890 
287.086761 90.585007 
283.885529 217.539230 
141.537201 229.929520 
283.148682 332.445831 
286.095032 188.703186 
291.446747 267.140533 
144.957062 354.162292 
309.960236 270.835297 
229.880875 334.217041 
322.834015 336.758362 
505.428192 239.228439 
412.924469 229.103012 
244.765274 226.597412 
276.389801 329.970612 
418.688660 232.780334 
342.628479 214.159790 
419.208984 232.677444 
407.555786 229.525131 
266.267609 139.225967 
340.629303 239.338165 
274.593597 330.095123 
346.718689 208.824356 
460.109894 223.441711 
264.771454 210.830200 
415.355957 212.548492 
153.644501 228.653061 
237.628998 189.552307 
156.720322 248.124557 
487.472534 199.996902 
163.547180 348.080933 
129.971649 350.693451 
511.662964 242.092026 
420.224854 228.400513 
483.046143 210.592773 
321.234406 336.869720 
332.179413 238.464096 
315.344543 216.925217 
228.275467 335.456573 
215.882553 188.698410 
422.766235 270.293579 
298.064026 193.100067 
297.512817 193.124481 
249.066437 184.639572 
417.463348 229.224258 
245.524445 227.177521 
153.054504 237.520538 
329.787415 241.477295 
294.072021 253.359009 
287.366882 198.124771 
405.744080 231.668915 
482.965668 204.144958 
310.490570 269.410095 
280.849182 331.136444 
185.139893 330.367493 
463.117126 220.887161 
436.631714 234.182556 
273.146515 244.093445 
159.069122 344.441101 
346.210571 209.843353 
507.156189 241.176178 
315.625214 276.738953 
408.516357 227.614761 
300.392975 338.348663 
263.127136 157.795364 
131.289047 352.136749 
160.369324 344.687012 
187.810043 343.291260 
342.974915 248.351608 
328.930328 241.075256 
174.991211 351.859558 
284.763519 157.767471 
317.758575 130.700211 
484.797760 193.085327 
453.380463 231.897324 
244.346237 339.794830 
245.896713 231.918381 
148.960297 286.767609 
337.865631 260.231842 
401.303070 220.344070 
482.200562 208.129578 
292.807129 200.391083 
412.948944 222.443085 
282.265472 334.434967 
421.994202 232.669220 
440.225250 235.719254 
156.084076 236.719162 
477.616577 200.449936 
471.390228 217.741226 
429.767059 202.466522 
321.559296 179.136185 
223.787094 229.705475 
119.859894 347.173370 
424.614136 234.329758 
265.331665 230.575470 
154.168671 254.417450 
459.326447 192.087021 
475.469971 194.861237 
337.346588 264.702881 
482.839203 191.689438 
334.703094 253.291885 
272.889160 242.952789 
421.939453 258.685944 
440.862640 201.382996 
506.246124 213.313507 
409.789520 256.887695 
409.823242 257.302277 
385.506989 388.852295 
314.637177 277.512238 
144.300552 290.026062 
269.056030 149.507660 
488.975403 194.954147 
426.391754 218.945129 
504.181641 296.532776 
498.542267 299.490753 
217.751556 227.601089 
315.023590 229.914536 
117.246025 350.705475 
273.473755 245.118408 
175.119980 357.206207 
306.998871 178.043091 
514.521362 215.660385 
265.369873 211.902954 
235.760849 192.030594 
472.971191 192.587036 
428.527954 302.306549 
287.359192 213.404556 
453.532776 219.568619 
314.033081 279.997681 
224.722977 228.605118 
338.268005 266.947113 
338.097382 267.024475 
469.155701 214.632385 
208.493225 190.537430 
472.706482 219.916321 
260.980621 154.895264 
454.004517 197.295837 
224.234619 228.316132 
409.130341 226.773300 
289.654449 165.507187 
427.550934 302.056549 
251.949646 196.152786 
238.871078 327.525055 
238.754730 183.500412 
432.838196 223.042953 
210.208527 182.888443 
441.131744 198.994675 
326.548431 341.158569 
424.011810 269.842285 
141.816086 304.102295 
343.155396 242.046066 
157.871841 343.858063 
138.488327 237.480957 
146.237244 223.127777 
234.962738 186.864227 
247.427948 235.573318 
469.046783 193.166885 
424.809631 183.752151 
447.424133 196.111877 
339.992523 238.847870 
327.444763 242.615799 
269.776886 153.949295 
153.642807 224.463074 
450.449097 228.160751 
450.497864 227.566467 
442.756683 209.873672 
427.357513 267.696564 
137.202728 216.591888 
271.679596 154.417725 
138.847809 219.540527 
438.820221 223.463730 
294.982117 163.270966 
415.893463 206.184464 
286.990967 214.646515 
455.625458 219.855743 
210.084167 235.284134 
340.748169 206.664093 
210.673325 196.873795 
225.340073 191.089798 
480.698212 198.632751 
479.391998 207.700485 
416.237305 261.594849 
429.029053 222.890533 
438.998138 200.919327 
216.781448 246.309509 
217.147476 245.951736 
236.434601 178.818359 
436.332794 226.580765 
229.387512 340.233215 
448.348572 216.112732 
430.991577 222.423874 
224.701218 190.437866 
433.092773 216.191467 
322.310242 322.555450 
338.412262 268.123260 
448.063782 223.600327 
473.876984 226.937515 
444.737213 196.528961 
440.333740 200.796509 
468.920044 233.207108 
468.996887 233.351181 
476.886200 185.914627 
405.923157 214.109802 
455.405304 200.519882 
237.476105 189.229248 
313.912750 364.059143 
447.259308 224.446945 
298.077087 336.358917 
445.156433 195.985825 
278.889557 208.209000 
388.214417 248.434021 
447.103516 193.067688 
234.052368 186.844788 
283.500732 126.528732 
266.480011 281.557129 
156.323822 256.482849 
137.697983 307.589325 
145.165100 195.986160 
415.594452 209.087570 
467.175232 239.234482 
222.885727 206.522629 
238.560867 182.934814 
416.836914 261.113037 
336.521332 236.765503 
248.617050 164.803467 
499.867218 298.485077 
355.114441 248.320206 
408.675995 257.622620 
480.709290 256.877594 
256.686829 195.607056 
444.037384 192.521576 
478.496979 207.500641 
386.381042 244.344025 
422.377289 195.807526 
267.437561 155.548752 
158.394821 248.543594 
441.384216 247.557892 
246.188156 181.979462 
428.378082 302.627380 
428.612762 300.985748 
155.845978 353.763550 
139.824249 306.077972 
144.964645 295.085327 
200.725677 190.824982 
201.351746 190.961014 
294.626099 208.357193 
335.565430 203.847122 
96.997047 337.415680 
472.969604 189.549072 
492.143829 193.491501 
129.744049 349.987610 
349.419922 337.304108 
415.159454 199.998611 
246.267273 187.612473 
147.824829 283.118835 
429.653961 221.737976 
353.791321 247.610245 
279.952209 208.148148 
247.075500 177.787308 
443.379181 221.279144 
443.335907 220.590134 
187.090073 303.575409 
373.184052 242.045959 
203.508667 191.379761 
248.764053 236.464432 
419.711548 201.916061 
313.881561 174.472549 
402.172668 214.032516 
454.216064 202.652359 
330.808289 213.296997 
248.577560 164.029572 
185.271805 303.528412 
253.056992 329.753937 
259.798096 230.915665 
444.152191 217.529251 
298.079773 265.267181 
426.187927 267.344818 
137.601532 238.305222 
293.725952 207.161118 
473.180206 233.610489 
438.124786 218.982147 
220.875183 200.060715 
221.469376 200.330612 
416.611420 212.894913 
454.966095 201.647659 
313.052399 175.205338 
437.175903 191.928864 
446.061829 239.059998 
344.504150 244.966599 
308.614655 185.569000 
405.927979 207.468094 
512.354248 245.743256 
256.873901 197.485184 
309.284515 185.201736 
227.957962 197.168549 
439.715118 206.709900 
207.356964 193.788300 
353.828461 244.020630 
433.728546 179.700241 
483.461273 190.355270 
213.365311 227.407654 
156.980957 348.603424 
157.308762 349.244690 
155.033661 227.395874 
249.569305 172.178528 
145.280746 185.281174 
280.485474 314.904236 
273.790741 155.310440 
433.909882 243.415894 
304.736542 322.001526 
484.324890 255.572250 
511.354248 245.172775 
232.246918 190.523453 
292.332245 308.354889 
318.804321 362.654358 
501.057495 237.635727 
428.048187 186.232880 
486.983704 253.691315 
313.109528 227.775177 
263.372101 158.847198 
204.949081 192.177109 
156.777344 244.678955 
402.649292 259.199219 
145.829193 188.398727 
223.130936 201.081848 
248.240860 227.563034 
473.226471 191.528610 
214.753464 207.627533 
469.780518 233.442810 
226.424377 235.928513 
472.622803 248.342728 
416.721466 199.691833 
476.443207 210.209229 
402.895203 236.330093 
487.452209 253.028503 
304.817841 182.851562 
406.017578 226.780914 
403.544800 229.720947 
140.137543 235.660950 
400.218170 237.097610 
400.301025 236.820160 
476.079529 184.352997 
479.454834 204.965393 
232.099487 176.402374 
457.462158 212.850571 
336.647644 210.054214 
272.611298 140.057938 
124.073280 358.581329 
452.379303 210.324860 
97.632317 337.033020 
456.580750 212.277695 
353.350647 244.621735 
360.658356 251.461624 
294.632996 205.969742 
118.771545 360.176239 
334.575378 250.391586 
428.754822 181.767380 
146.605087 251.137436 
227.807236 177.758682 
115.265945 347.821259 
348.103546 250.020752 
147.688766 183.587692 
256.719116 229.286301 
460.489410 206.868530 
280.945648 155.612823 
221.067032 207.892120 
445.319153 214.910843 
313.609283 181.475815 
222.061600 203.756821 
474.284607 227.762741 
145.664688 241.999344 
146.209671 242.334015 
255.727020 155.115356 
256.416321 155.375732 
324.199127 177.871887 
440.915924 189.734283 
247.861328 226.352798 
310.835724 216.364716 
158.360550 227.694397 
144.474930 196.830963 
347.606354 231.717026 
436.197662 185.156250 
514.523560 245.769791 
119.132904 346.044434 
215.821045 208.454163 
