500
514.719055 217.582260 
145.664688 241.999344 
146.209671 242.334015 
455.690308 243.086426 
296.922455 254.368729 
220.875183 200.060715 
221.469376 200.330612 
309.960236 270.835297 
155.918762 253.701309 
289.776459 168.517517 
175.119980 357.206207 
298.064026 193.100067 
251.569397 330.376740 
297.512817 193.124481 
310.490570 269.410095 
321.012512 318.175751 
460.109894 223.441711 
149.909515 241.834595 
488.975403 194.954147 
167.148773 358.505463 
454.447449 243.365128 
293.725952 207.161118 
146.605087 251.137436 
514.521362 215.660385 
459.509827 220.808990 
293.835876 265.149780 
291.383606 162.534088 
140.137543 235.660950 
293.072998 265.480408 
484.797760 193.085327 
138.114975 340.015991 
487.472534 199.996902 
275.502258 337.885132 
217.597763 201.334381 
455.071899 242.241531 
487.734802 230.163132 
444.152191 217.529251 
453.532776 219.568619 
229.187378 193.955307 
460.400543 224.241867 
436.631714 234.182556 
167.856125 339.465454 
274.593597 330.095123 
218.060318 203.691299 
210.673325 196.873795 
222.885727 206.522629 
253.056992 329.753937 
452.556030 247.821045 
278.889557 208.209000 
295.694794 169.280807 
340.748169 206.664093 
290.602478 264.308136 
288.355774 194.537415 
448.348572 216.112732 
283.830902 336.298309 
471.390228 217.741226 
285.440918 326.812775 
455.625458 219.855743 
229.090988 193.150406 
229.199844 195.374512 
323.271057 322.871704 
245.896713 231.918381 
464.767517 224.417969 
160.369324 344.687012 
356.598206 219.583649 
438.820221 223.463730 
154.168671 254.417450 
473.876984 226.937515 
270.992432 332.340576 
163.547180 348.080933 
462.194031 233.512207 
440.225250 235.719254 
325.141846 227.763016 
323.407074 183.852219 
276.389801 329.970612 
315.023590 229.914536 
294.626099 208.357193 
277.151093 321.404083 
507.156189 241.176178 
465.590759 224.269592 
443.379181 221.279144 
443.335907 220.590134 
271.115631 330.809509 
212.306519 197.018814 
162.029678 340.988892 
180.871384 352.947479 
460.160126 269.354584 
438.124786 218.982147 
509.031677 208.939148 
235.760849 192.030594 
472.622803 248.342728 
454.286255 253.191605 
475.633148 254.822800 
474.284607 227.762741 
237.628998 189.552307 
279.952209 208.148148 
297.370148 166.683060 
400.891785 205.119644 
154.629547 249.807922 
359.670715 218.735321 
309.284515 185.201736 
248.242371 331.843353 
249.066437 184.639572 
219.839111 206.212524 
262.176422 209.362427 
484.324890 255.572250 
125.238510 351.726929 
162.009460 359.982849 
141.847855 232.789413 
487.452209 253.028503 
144.072876 234.656677 
283.415741 335.672760 
156.323822 256.482849 
475.863342 253.342041 
246.188156 181.979462 
144.961624 256.759308 
282.158936 164.509048 
309.510864 180.676666 
146.427399 253.477539 
453.839996 277.710266 
227.957962 197.168549 
159.069122 344.441101 
442.756683 209.873672 
480.709290 256.877594 
280.849182 331.136444 
477.616577 200.449936 
288.636597 165.905716 
297.782135 254.489594 
321.454498 318.971313 
469.046783 193.166885 
491.574768 247.817764 
272.651001 143.708038 
322.310822 238.937820 
421.939453 258.685944 
471.837097 238.041641 
473.180206 233.610489 
168.934311 358.105103 
169.384827 358.093140 
291.507111 189.882538 
460.244781 269.729584 
465.665558 270.771729 
465.853638 271.246643 
313.109528 227.775177 
480.698212 198.632751 
157.871841 343.858063 
156.980957 348.603424 
157.308762 349.244690 
174.563416 330.416473 
289.654449 165.507187 
485.245789 248.577927 
472.496033 238.946793 
277.118378 319.964813 
279.422089 327.707245 
174.991211 351.859558 
304.699463 175.289307 
308.614655 185.569000 
468.920044 233.207108 
468.996887 233.351181 
248.387451 184.722076 
283.148682 332.445831 
436.332794 226.580765 
289.884949 264.094757 
228.482346 229.328751 
482.200562 208.129578 
153.054504 237.520538 
216.781448 246.309509 
217.147476 245.951736 
283.885529 217.539230 
423.488770 190.728790 
334.189667 207.894043 
213.125015 189.625305 
322.310242 322.555450 
294.072021 253.359009 
421.994202 232.669220 
511.662964 242.092026 
477.733826 228.211914 
243.263123 327.784302 
246.267273 187.612473 
385.506989 388.852295 
232.099487 176.402374 
294.632996 205.969742 
433.092773 216.191467 
145.217224 246.788361 
512.354248 245.743256 
313.609283 181.475815 
477.390442 227.550339 
506.246124 213.313507 
284.763519 157.767471 
412.948944 222.443085 
238.754730 183.500412 
273.790741 155.310440 
485.523224 177.531418 
214.753464 207.627533 
479.827209 253.257080 
266.267609 139.225967 
415.594452 209.087570 
290.416107 188.581863 
144.957062 354.162292 
162.561829 344.678345 
469.780518 233.442810 
480.371521 260.497803 
475.469971 194.861237 
283.500732 126.528732 
93.125542 312.620483 
92.511772 313.093292 
486.983704 253.691315 
140.668793 240.606125 
140.515274 241.248611 
422.419647 213.563156 
402.649292 259.199219 
415.159454 199.998611 
271.679596 154.417725 
237.476105 189.229248 
238.560867 182.934814 
416.721466 199.691833 
155.960251 348.822083 
291.116333 186.837341 
457.462158 212.850571 
445.319153 214.910843 
171.678482 340.813751 
454.004517 197.295837 
415.893463 206.184464 
467.175232 239.234482 
514.523560 245.769791 
424.241974 192.043777 
341.082001 237.221695 
223.130936 201.081848 
436.563263 178.632843 
438.998138 200.919327 
246.308411 239.274460 
471.862610 210.279297 
433.909882 243.415894 
455.863495 279.359741 
440.333740 200.796509 
382.352875 243.046265 
238.871078 327.525055 
402.895203 236.330093 
286.837555 314.062286 
225.096817 208.164368 
304.278687 172.631882 
215.882553 188.698410 
278.460114 209.986755 
321.196320 175.709213 
247.427948 235.573318 
278.191437 204.248642 
456.580750 212.277695 
487.824249 229.451370 
336.621826 242.453476 
486.049286 176.907928 
449.409027 281.476318 
306.978546 214.078522 
304.736542 322.001526 
222.061600 203.756821 
234.803787 175.577850 
237.224060 182.103546 
339.992523 238.847870 
146.051941 256.534210 
429.767059 202.466522 
215.607285 191.404312 
424.107605 388.581940 
264.181122 232.427567 
265.331665 230.575470 
281.572968 155.270935 
392.253265 390.279602 
454.443939 274.576538 
154.279572 259.523224 
228.370865 181.848770 
454.216064 202.652359 
267.652130 136.707382 
432.838196 223.042953 
455.405304 200.519882 
324.199127 177.871887 
289.978851 308.051697 
164.439911 344.420197 
440.862640 201.382996 
153.644501 228.653061 
313.334686 180.378937 
373.795227 256.703033 
263.127136 157.795364 
138.607513 336.808472 
454.966095 201.647659 
337.942261 204.963791 
247.075500 177.787308 
169.854462 358.218079 
311.350708 187.079361 
248.618805 179.863693 
160.453491 226.985352 
488.743103 315.306915 
284.338959 220.687485 
94.874336 317.723511 
94.989006 317.818146 
469.019379 211.364059 
340.629303 239.338165 
243.310181 174.943420 
242.838516 174.708389 
521.098816 436.673004 
476.164917 183.115250 
94.999809 317.161133 
525.083252 236.773621 
430.991577 222.423874 
292.332245 308.354889 
438.222473 312.612915 
469.286804 270.763550 
248.764053 236.464432 
224.722977 228.605118 
223.787094 229.705475 
233.639801 219.498215 
478.454865 231.517487 
200.725677 190.824982 
201.351746 190.961014 
475.378906 211.698151 
335.565430 203.847122 
280.945648 155.612823 
429.653961 221.737976 
136.680145 217.683456 
433.457458 240.750488 
441.131744 198.994675 
311.918945 241.095154 
217.751556 227.601089 
269.776886 153.949295 
343.155396 242.046066 
466.145966 207.142761 
469.155701 214.632385 
154.274841 239.087433 
217.042404 224.995911 
428.754822 181.767380 
472.971191 192.587036 
453.380463 231.897324 
212.991806 206.734222 
497.624939 183.065628 
497.624939 183.065628 
405.744080 231.668915 
318.480774 186.504791 
127.435326 347.889587 
480.066711 231.884491 
447.424133 196.111877 
322.777039 177.062225 
241.950378 190.879517 
247.564331 178.685577 
154.457703 349.265045 
287.359192 213.404556 
491.950867 268.080566 
232.978027 219.450806 
498.888885 270.644104 
263.372101 158.847198 
213.365311 227.407654 
469.757233 260.276428 
426.391754 218.945129 
473.226471 191.528610 
418.688660 232.780334 
419.208984 232.677444 
147.824829 283.118835 
380.840485 242.874969 
429.029053 222.890533 
162.336136 228.539398 
159.760101 231.792145 
448.063782 223.600327 
388.642853 375.124908 
440.915924 189.734283 
155.033661 227.395874 
153.580780 341.965363 
221.067032 207.892120 
422.766235 270.293579 
138.847809 219.540527 
344.335663 240.859207 
417.463348 229.224258 
303.755005 172.485596 
406.017578 226.780914 
447.259308 224.446945 
482.839203 191.689438 
310.561890 342.239441 
318.804321 362.654358 
304.817841 182.851562 
290.013855 307.430389 
408.675995 257.622620 
476.443207 210.209229 
459.326447 192.087021 
449.728516 207.182205 
225.340073 191.089798 
420.224854 228.400513 
277.954132 316.842102 
444.737213 196.528961 
460.693756 221.403214 
460.952057 221.133881 
287.064056 90.533890 
287.086761 90.585007 
444.916168 284.736786 
275.589874 141.828827 
439.715118 206.709900 
463.117126 220.887161 
452.379303 210.324860 
320.902466 172.533096 
486.680603 261.664093 
287.565002 212.162613 
218.976822 235.717819 
427.357513 267.696564 
495.669281 216.525818 
213.933197 225.113586 
426.586975 244.672531 
207.356964 193.788300 
440.574432 311.511627 
374.269623 252.218948 
426.187927 267.344818 
277.358643 318.034393 
268.537170 135.985901 
422.377289 195.807526 
511.643127 241.435455 
203.799118 346.088409 
208.481903 201.934921 
416.611420 212.894913 
363.554626 219.903809 
494.158020 238.724655 
394.972443 222.497009 
268.575195 299.846069 
153.642807 224.463074 
509.712402 256.410950 
247.157379 326.726929 
281.169403 196.869278 
409.789520 256.887695 
409.823242 257.302277 
266.322754 229.384552 
338.268005 266.947113 
338.097382 267.024475 
478.496979 207.500641 
460.489410 206.868530 
457.034637 252.933212 
269.632599 301.751648 
424.011810 269.842285 
440.169189 177.531525 
158.360550 227.694397 
205.847992 344.573761 
502.442902 276.652527 
446.061829 239.059998 
324.450684 176.054520 
461.142151 288.183105 
152.880661 228.374283 
170.376114 336.207764 
174.743668 347.517303 
418.733673 228.432098 
299.771942 169.073502 
445.156433 195.985825 
244.346237 339.794830 
413.144165 285.468048 
512.616333 268.227478 
512.920471 268.299927 
269.056030 149.507660 
485.265594 194.785385 
495.019745 238.501221 
213.835129 236.299408 
471.290375 273.976135 
272.273346 301.133636 
479.391998 207.700485 
424.614136 234.329758 
321.559296 179.136185 
412.924469 229.103012 
332.179413 238.464096 
447.103516 193.067688 
232.246918 190.523453 
234.962738 186.864227 
444.037384 192.521576 
141.336166 343.489594 
482.965668 204.144958 
303.812622 183.273132 
453.614594 285.089844 
416.237305 261.594849 
522.760193 233.210480 
260.980621 154.895264 
348.100433 245.838837 
415.355957 212.548492 
238.150620 326.893646 
488.659576 197.813354 
344.504150 244.966599 
459.515350 255.202072 
214.453979 204.319733 
272.933868 301.257568 
450.449097 228.160751 
450.497864 227.566467 
472.969604 189.549072 
483.702820 229.438843 
487.964142 233.269318 
476.095398 181.783798 
220.584824 185.872406 
248.240860 227.563034 
477.420166 250.447815 
313.912750 364.059143 
224.701218 190.437866 
483.046143 210.592773 
268.935791 294.051697 
411.187164 282.964722 
210.084167 235.284134 
484.597961 314.025482 
333.953064 236.952393 
322.272400 267.803406 
311.549316 177.664429 
212.176910 257.702484 
480.591888 244.550018 
309.483643 345.343719 
308.236206 172.560974 
255.303757 180.536850 
270.873993 305.055786 
