500
351.767548 104.464096 
368.412872 76.022003 
375.127991 110.537445 
351.767548 104.464096 
372.556458 109.967537 
235.192627 305.822205 
235.192627 305.822205 
391.995697 93.184547 
325.305634 276.690521 
391.521667 128.177246 
351.767548 104.464096 
326.726929 275.681091 
275.234314 285.922150 
275.082703 303.398682 
384.542572 126.281914 
264.351807 275.283356 
326.098633 276.008667 
364.727997 129.103455 
353.640106 85.124023 
401.268890 112.974350 
345.592194 115.578827 
389.985321 61.505741 
419.400391 146.134125 
379.739136 107.087318 
235.091202 387.548401 
332.766724 428.521179 
234.199112 309.946381 
341.290863 263.449280 
234.397736 392.033264 
234.397736 392.033264 
364.777954 124.049927 
364.777954 124.049927 
227.025620 314.190155 
240.087570 228.983459 
385.466370 100.679489 
388.091400 107.768204 
388.091400 107.768204 
373.405823 109.248329 
556.007507 203.490829 
243.702118 224.064499 
384.542572 126.281914 
227.025620 314.190155 
417.292328 111.454323 
271.557190 243.859375 
372.335266 77.425034 
345.537598 431.825073 
353.624603 103.592987 
409.469299 112.905647 
388.091400 107.768204 
364.532440 70.954910 
362.171417 117.006790 
368.402649 317.727173 
310.576752 230.095581 
362.431458 344.695618 
233.571136 296.234741 
325.305634 276.690521 
224.527481 389.422119 
419.400391 146.134125 
385.466370 100.679489 
263.849701 244.828079 
387.657196 111.555481 
235.941666 274.663147 
359.176727 137.130417 
386.547241 60.979103 
358.631714 148.233795 
362.431458 344.695618 
329.685699 310.397675 
374.475067 324.781403 
275.234314 285.922150 
345.592194 115.578827 
345.205933 108.248787 
379.739136 107.087318 
237.170044 227.777618 
417.322906 78.241371 
375.297424 322.708160 
233.571136 296.234741 
233.051636 383.592865 
365.160065 312.418976 
345.205933 108.248787 
359.176727 137.130417 
408.905151 101.646408 
384.542572 126.281914 
268.738464 261.145630 
364.532440 70.954910 
239.941498 229.641663 
396.782410 60.929836 
235.941666 274.663147 
350.484497 151.276932 
345.351807 114.877792 
360.434418 84.556282 
307.381317 238.939407 
329.685699 310.397675 
434.952057 320.449188 
341.290863 263.449280 
272.438782 260.978973 
396.782410 60.929836 
388.595917 97.490540 
332.064575 137.728958 
366.064270 132.614227 
375.496002 82.379898 
381.817902 67.985703 
388.595917 97.490540 
394.817810 89.800690 
233.441513 295.534424 
375.297424 322.708160 
379.554199 143.007309 
434.952057 320.449188 
281.517181 260.105377 
373.405823 109.248329 
340.399048 141.668671 
487.554718 250.933731 
391.884125 279.250885 
368.402649 317.727173 
223.090851 305.116638 
353.500916 103.067604 
226.767242 388.657288 
250.493469 232.643082 
493.606018 235.981186 
271.557190 243.859375 
223.090851 305.116638 
359.176727 137.130417 
241.739426 395.958252 
372.006958 110.649200 
371.775909 330.846893 
417.322906 78.241371 
372.006958 110.649200 
354.655487 119.469193 
361.835327 82.511833 
234.199112 309.946381 
376.755768 114.144157 
355.230652 117.022469 
373.405823 109.248329 
368.617706 120.331161 
385.582306 167.476059 
220.154999 316.116577 
372.656891 124.330414 
266.155609 222.429871 
508.380554 322.054474 
266.155609 222.429871 
327.551453 112.073128 
281.106293 304.090851 
307.381317 238.939407 
508.380554 322.054474 
259.385895 321.259918 
359.332703 110.918846 
265.903778 215.796310 
267.406036 236.000839 
267.406036 236.000839 
281.517181 260.105377 
409.469299 112.905647 
344.584106 422.301575 
266.155609 222.429871 
362.171417 117.006790 
327.484955 222.522614 
338.192444 139.894730 
370.496246 107.803566 
362.171417 117.006790 
351.091705 132.458817 
414.426971 106.144821 
298.797516 211.552139 
360.597504 94.769722 
385.884521 278.425751 
360.434418 84.556282 
259.801331 238.304016 
414.523468 133.489914 
349.194214 268.650482 
377.327393 177.368835 
347.787506 417.381866 
493.606018 235.981186 
325.065216 107.711113 
387.657196 111.555481 
273.287384 333.032898 
273.287384 333.032898 
387.657196 111.555481 
391.521667 128.177246 
361.835327 82.511833 
370.496246 107.803566 
392.179626 112.595009 
416.202515 75.376358 
329.520203 219.247375 
386.547241 60.979103 
383.045624 147.262177 
414.523468 133.489914 
414.523468 133.489914 
381.791168 328.221863 
371.775909 330.846893 
363.918335 299.662109 
396.705383 108.152588 
235.941666 274.663147 
259.801331 238.304016 
328.700409 124.678246 
223.123627 308.929138 
345.537598 431.825073 
345.537598 431.825073 
363.734161 203.406723 
257.159485 322.360809 
278.530243 252.053421 
267.227814 247.565857 
341.318176 243.305954 
361.835327 82.511833 
242.070679 396.766296 
493.606018 235.981186 
329.685699 310.397675 
362.074127 159.342621 
257.159485 322.360809 
362.074127 159.342621 
238.947525 394.778320 
250.493469 232.643082 
417.292328 111.454323 
589.841736 164.458725 
364.403503 107.856316 
374.837524 124.401360 
243.702118 224.064499 
173.723495 193.418350 
410.865234 80.705376 
328.700409 124.678246 
359.701416 126.744530 
493.606018 235.981186 
493.606018 235.981186 
235.367325 299.522430 
205.131851 236.087662 
332.064575 137.728958 
408.731079 112.199104 
235.192627 305.822205 
387.657196 111.555481 
408.905151 101.646408 
239.394318 315.073853 
291.003296 238.192490 
332.334839 125.150940 
378.839966 106.785759 
358.216583 148.913574 
359.176727 137.130417 
350.540771 236.878464 
245.195679 230.006317 
359.176727 137.130417 
275.234314 285.922150 
387.657196 111.555481 
387.657196 111.555481 
241.607025 307.307373 
327.551453 112.073128 
375.219238 128.413040 
232.889160 289.566345 
375.219238 128.413040 
375.219238 128.413040 
344.700958 142.255539 
362.074127 159.342621 
360.597504 94.769722 
410.865234 80.705376 
264.528748 216.031036 
351.934479 148.691025 
355.752136 154.308426 
411.668121 99.830872 
256.969849 322.862549 
271.557190 243.859375 
259.801331 238.304016 
391.884125 279.250885 
267.739502 247.245651 
374.837524 124.401360 
372.335266 77.425034 
327.689209 102.878380 
359.176727 137.130417 
268.122009 205.547867 
243.702118 224.064499 
356.542694 122.796043 
351.767548 104.464096 
345.205933 108.248787 
383.045624 147.262177 
359.026337 58.934307 
267.323914 207.596436 
275.359650 301.424622 
231.004517 230.177734 
508.380554 322.054474 
376.755768 114.144157 
365.500763 121.313515 
414.523560 102.055351 
330.422333 422.558838 
328.735413 221.807053 
375.219238 128.413040 
374.837524 124.401360 
374.837524 124.401360 
363.981964 346.523621 
341.630798 126.227585 
341.630798 126.227585 
341.318176 243.305954 
320.891724 195.190353 
301.745026 216.663605 
387.692200 277.916077 
234.199112 309.946381 
325.358002 104.634392 
384.778168 434.677582 
529.387329 233.452591 
241.607025 307.307373 
296.791626 237.958298 
374.023529 434.913269 
376.632019 97.586220 
410.865234 80.705376 
406.516785 109.721024 
275.359650 301.424622 
376.755768 114.144157 
375.219238 128.413040 
387.416443 69.544304 
327.484955 222.522614 
411.778076 301.780487 
233.051636 383.592865 
398.255493 130.376389 
384.542572 126.281914 
278.530243 252.053421 
275.359650 301.424622 
344.317413 437.134338 
254.951965 303.765076 
234.199112 309.946381 
426.901337 146.595322 
475.792145 297.886047 
224.151123 275.561493 
224.151123 275.561493 
359.332703 110.918846 
350.540771 236.878464 
316.102509 247.468796 
374.837524 124.401360 
412.028870 73.339348 
223.285950 392.076630 
278.141174 246.617630 
434.952057 320.449188 
397.514557 104.682289 
367.706024 114.079498 
348.891144 266.446136 
384.542572 126.281914 
363.820465 96.653870 
375.219238 128.413040 
360.597504 94.769722 
349.194214 268.650482 
234.968521 234.879288 
362.074127 159.342621 
323.770355 226.380005 
275.359650 301.424622 
327.800446 436.737915 
212.079239 232.860764 
372.556458 109.967537 
359.407318 147.445694 
408.905151 101.646408 
275.359650 301.424622 
365.198273 314.829529 
327.800446 436.737915 
327.800446 436.737915 
285.563660 283.918793 
348.891144 266.446136 
275.359650 301.424622 
365.198273 314.829529 
396.388245 110.681519 
255.228973 299.405884 
320.891724 195.190353 
367.197723 114.514374 
381.817902 67.985703 
366.961670 338.766479 
358.631714 148.233795 
376.755768 114.144157 
387.571136 63.523594 
242.489059 231.623978 
330.108582 402.037842 
231.223953 273.725891 
372.006958 110.649200 
352.946838 103.647820 
223.097916 309.719360 
554.411133 192.670761 
268.837921 302.091034 
353.721069 138.440399 
370.691071 106.442299 
335.311249 221.063232 
362.074127 159.342621 
230.468155 396.282440 
230.468155 396.282440 
377.817108 120.288086 
285.563660 283.918793 
493.606018 235.981186 
368.602722 356.019806 
415.698975 303.255310 
416.202515 75.376358 
362.227936 151.251968 
362.227936 151.251968 
397.514557 104.682289 
278.248474 236.250381 
356.428406 69.882210 
426.901337 146.595322 
362.227936 151.251968 
362.227936 151.251968 
231.237747 375.260376 
349.194214 268.650482 
373.405823 109.248329 
434.632538 174.607590 
386.069672 71.747467 
348.906738 262.585327 
345.537598 431.825073 
296.791626 237.958298 
359.407318 147.445694 
242.489059 231.623978 
418.921692 128.233215 
392.179626 112.595009 
253.701218 219.509705 
588.997803 164.437912 
268.122009 205.547867 
228.611588 373.602875 
340.162506 416.578674 
304.507446 201.421799 
323.770355 226.380005 
327.791534 99.873947 
380.184967 144.778503 
415.922974 141.118591 
339.243683 438.703644 
267.227814 247.565857 
358.631714 148.233795 
229.814743 371.046722 
420.186218 154.785278 
367.706024 114.079498 
227.094101 381.636292 
327.800446 436.737915 
212.234406 242.237869 
329.520203 219.247375 
360.710938 101.439240 
374.023529 434.913269 
259.317902 220.417511 
363.918335 299.662109 
383.434662 141.373047 
372.006958 110.649200 
253.494415 323.727417 
298.797516 211.552139 
361.835327 82.511833 
414.426971 106.144821 
254.951965 303.765076 
384.830414 114.072243 
228.137222 377.289215 
236.918915 394.768402 
314.045135 201.923660 
233.441513 295.534424 
373.405823 109.248329 
275.105408 420.144806 
348.891144 266.446136 
315.918610 194.547134 
485.473602 252.426941 
348.972351 267.856323 
241.518265 307.847656 
380.792389 319.986755 
335.432953 110.540466 
327.800446 436.737915 
234.865097 286.209290 
576.138916 66.653099 
211.236191 387.341614 
399.538940 80.310669 
370.629364 94.038574 
298.797516 211.552139 
384.830414 114.072243 
257.159485 322.360809 
406.489319 120.063774 
338.463837 101.057266 
414.523468 133.489914 
385.827911 294.753418 
235.941666 274.663147 
335.550873 117.591324 
332.409668 136.326584 
239.394318 315.073853 
493.730133 222.894928 
484.971191 252.880066 
327.551453 112.073128 
211.236191 387.341614 
268.837921 302.091034 
268.837921 302.091034 
316.605316 460.084198 
278.530243 252.053421 
414.426971 106.144821 
552.516541 192.651123 
275.082703 303.398682 
298.797516 211.552139 
309.279541 462.202301 
332.113068 144.798676 
224.151123 275.561493 
223.285950 392.076630 
397.464417 160.998062 
383.434662 141.373047 
239.394318 315.073853 
372.556458 109.967537 
576.138916 66.653099 
242.489059 231.623978 
219.186630 241.018723 
214.582108 306.963531 
301.745026 216.663605 
244.034271 226.265274 
286.337463 265.012909 
296.791626 237.958298 
225.548004 379.338928 
206.214203 252.772202 
327.551453 112.073128 
363.820465 96.653870 
346.712738 266.751984 
399.538940 80.310669 
309.711304 201.645096 
229.814743 371.046722 
356.829346 353.217651 
232.499924 279.458008 
203.872986 250.028595 
222.571350 292.377899 
233.441513 295.534424 
