500
460.400543 224.241867 
471.837097 238.041641 
472.496033 238.946793 
429.029053 222.890533 
429.653961 221.737976 
499.006378 212.602310 
499.224030 213.309479 
475.469971 194.861237 
453.380463 231.897324 
385.506989 388.852295 
460.109894 223.441711 
430.991577 222.423874 
392.253265 390.279602 
441.131744 198.994675 
477.616577 200.449936 
480.698212 198.632751 
491.950867 268.080566 
443.379181 221.279144 
443.335907 220.590134 
483.461273 190.355270 
440.862640 201.382996 
432.838196 223.042953 
450.449097 228.160751 
450.497864 227.566467 
452.556030 247.821045 
467.175232 239.234482 
482.965668 204.144958 
438.820221 223.463730 
468.920044 233.207108 
468.996887 233.351181 
220.875183 200.060715 
221.469376 200.330612 
236.753830 213.997253 
471.862610 210.279297 
469.780518 233.442810 
457.462158 212.850571 
472.622803 248.342728 
501.057495 237.635727 
473.180206 233.610489 
426.391754 218.945129 
512.616333 268.227478 
512.920471 268.299927 
118.771545 360.176239 
314.637177 277.512238 
502.595276 214.078186 
438.124786 218.982147 
420.224854 228.400513 
241.297592 266.091553 
444.737213 196.528961 
409.789520 256.887695 
409.823242 257.302277 
478.454865 231.517487 
471.290375 273.976135 
455.690308 243.086426 
237.705139 214.002701 
498.888885 270.644104 
469.155701 214.632385 
311.098297 278.970520 
342.228333 213.336273 
445.156433 195.985825 
313.912750 364.059143 
478.496979 207.500641 
412.948944 222.443085 
292.807129 200.391083 
476.443207 210.209229 
456.580750 212.277695 
315.625214 276.738953 
336.521332 236.765503 
454.286255 253.191605 
436.332794 226.580765 
448.348572 216.112732 
350.660736 218.050522 
482.200562 208.129578 
258.718750 195.151413 
454.004517 197.295837 
163.547180 348.080933 
339.481628 217.398972 
118.079704 360.485474 
475.378906 211.698151 
485.245789 248.577927 
447.103516 193.067688 
442.756683 209.873672 
495.669281 216.525818 
449.409027 281.476318 
444.152191 217.529251 
491.574768 247.817764 
424.107605 388.581940 
427.357513 267.696564 
418.688660 232.780334 
419.208984 232.677444 
416.237305 261.594849 
483.702820 229.438843 
422.766235 270.293579 
449.728516 207.182205 
482.839203 191.689438 
465.590759 224.269592 
454.216064 202.652359 
459.509827 220.808990 
290.416107 188.581863 
464.767517 224.417969 
336.078064 263.015656 
447.424133 196.111877 
291.507111 189.882538 
460.489410 206.868530 
479.391998 207.700485 
444.037384 192.521576 
484.797760 193.085327 
436.453400 252.579132 
289.654449 165.507187 
245.896713 231.918381 
455.405304 200.519882 
440.333740 200.796509 
115.265945 347.821259 
457.034637 252.933212 
480.371521 260.497803 
417.463348 229.224258 
438.998138 200.919327 
212.306519 197.018814 
309.284515 185.201736 
289.776459 168.517517 
266.267609 139.225967 
426.187927 267.344818 
153.054504 237.520538 
440.225250 235.719254 
487.472534 199.996902 
388.642853 375.124908 
336.621826 242.453476 
454.966095 201.647659 
469.046783 193.166885 
434.975006 260.079742 
472.971191 192.587036 
484.324890 255.572250 
333.953064 236.952393 
418.733673 228.432098 
171.678482 340.813751 
342.628479 214.159790 
469.825623 224.688889 
210.673325 196.873795 
288.636597 165.905716 
310.490570 269.410095 
453.532776 219.568619 
424.011810 269.842285 
294.897858 201.270309 
119.344109 367.901917 
475.863342 253.342041 
455.625458 219.855743 
257.983459 224.956467 
124.073280 358.581329 
347.521667 214.713257 
439.715118 206.709900 
217.597763 201.334381 
91.564331 329.835907 
454.447449 243.365128 
453.839996 277.710266 
480.709290 256.877594 
509.031677 208.939148 
448.063782 223.600327 
443.860321 250.403015 
416.836914 261.113037 
253.056992 329.753937 
327.444763 242.615799 
309.479492 341.615753 
445.319153 214.910843 
469.019379 211.364059 
436.167358 251.901321 
507.156189 241.176178 
460.693756 221.403214 
460.952057 221.133881 
444.916168 284.736786 
459.515350 255.202072 
284.338959 220.687485 
291.116333 186.837341 
454.443939 274.576538 
424.614136 234.329758 
433.092773 216.191467 
246.308411 239.274460 
455.071899 242.241531 
256.686829 195.607056 
215.607285 191.404312 
311.756226 322.241821 
148.430161 228.970596 
446.061829 239.059998 
486.680603 261.664093 
421.994202 232.669220 
402.649292 259.199219 
218.060318 203.691299 
447.259308 224.446945 
309.960236 270.835297 
337.346588 264.702881 
347.606354 231.717026 
487.734802 230.163132 
286.095032 188.703186 
277.151093 321.404083 
146.605087 251.137436 
463.117126 220.887161 
509.712402 256.410950 
466.228546 274.259338 
487.452209 253.028503 
215.882553 188.698410 
491.947266 231.499207 
244.765274 226.597412 
344.335663 240.859207 
244.346237 339.794830 
440.915924 189.734283 
486.983704 253.691315 
141.847855 232.789413 
232.870010 213.045731 
479.454834 204.965393 
154.457703 349.265045 
488.975403 194.954147 
321.012512 318.175751 
476.635162 239.344788 
480.066711 231.884491 
452.379303 210.324860 
466.145966 207.142761 
269.632599 301.751648 
51.317047 311.106567 
116.228767 346.046112 
300.208954 338.536713 
174.991211 351.859558 
297.782135 254.489594 
258.032715 226.228745 
426.586975 244.672531 
227.957962 197.168549 
205.847992 344.573761 
476.886200 185.914627 
144.072876 234.656677 
256.873901 197.485184 
483.046143 210.592773 
300.392975 338.348663 
272.273346 301.133636 
251.569397 330.376740 
277.358643 318.034393 
277.118378 319.964813 
338.360077 211.904373 
437.175903 191.928864 
412.924469 229.103012 
429.767059 202.466522 
243.263123 327.784302 
267.652130 136.707382 
203.799118 346.088409 
485.265594 194.785385 
277.954132 316.842102 
248.387451 184.722076 
280.485474 314.904236 
162.561829 344.678345 
246.267273 187.612473 
308.614655 185.569000 
283.885529 217.539230 
408.675995 257.622620 
472.969604 189.549072 
223.130936 201.081848 
274.593597 330.095123 
521.098816 436.673004 
204.949081 192.177109 
455.863495 279.359741 
268.575195 299.846069 
145.664688 241.999344 
146.209671 242.334015 
295.694794 169.280807 
276.389801 329.970612 
512.354248 245.743256 
314.033081 279.997681 
123.327278 345.838806 
149.909515 241.834595 
519.484314 249.740601 
505.428192 239.228439 
296.289185 198.740112 
236.434601 178.818359 
488.659576 197.813354 
421.939453 258.685944 
291.446747 267.140533 
266.580780 316.853577 
459.326447 192.087021 
330.808289 213.296997 
140.137543 235.660950 
408.516357 227.614761 
318.390930 171.677536 
415.893463 206.184464 
462.194031 233.512207 
433.909882 243.415894 
415.594452 209.087570 
246.188156 181.979462 
419.711548 201.916061 
238.871078 327.525055 
93.125542 312.620483 
92.511772 313.093292 
97.904732 344.235321 
164.439911 344.420197 
473.226471 191.528610 
369.201813 345.954285 
475.441101 245.267715 
304.736542 322.001526 
356.476471 231.919800 
460.045197 256.502319 
329.787415 241.477295 
137.205933 234.782486 
422.377289 195.807526 
272.933868 301.257568 
514.521362 215.660385 
233.482452 335.916534 
267.910004 144.536240 
502.442902 276.652527 
162.009460 359.982849 
212.176910 257.702484 
150.424469 245.650299 
278.460114 209.986755 
160.369324 344.687012 
309.620239 224.061386 
249.066437 184.639572 
180.871384 352.947479 
310.561890 342.239441 
158.945023 280.095947 
349.027679 250.185608 
254.931595 151.082367 
332.832550 218.665146 
213.125015 189.625305 
245.524445 227.177521 
268.198914 146.101501 
422.419647 213.563156 
496.405548 234.997147 
155.960251 348.822083 
479.827209 253.257080 
124.379715 280.963196 
407.555786 229.525131 
341.082001 237.221695 
343.081940 219.674149 
416.611420 212.894913 
460.160126 269.354584 
183.070358 329.747833 
469.757233 260.276428 
461.142151 288.183105 
154.274841 239.087433 
244.444305 224.728958 
122.618179 346.934601 
266.660736 315.534149 
138.865860 287.339478 
460.244781 269.729584 
353.350647 244.621735 
222.885727 206.522629 
256.433777 192.976257 
228.482346 229.328751 
205.011581 181.080399 
313.881561 174.472549 
43.104763 347.265991 
293.072998 265.480408 
307.286835 341.231964 
346.210571 209.843353 
313.052399 175.205338 
298.064026 193.100067 
297.512817 193.124481 
274.391296 284.349365 
215.821045 208.454163 
480.591888 244.550018 
227.807236 177.758682 
270.873993 305.055786 
299.771942 169.073502 
415.355957 212.548492 
153.644501 228.653061 
522.760193 233.210480 
287.565002 212.162613 
296.922455 254.368729 
94.874336 317.723511 
511.643127 241.435455 
94.989006 317.818146 
514.719055 217.582260 
336.647644 210.054214 
293.835876 265.149780 
321.454498 318.971313 
359.670715 218.735321 
416.721466 199.691833 
219.839111 206.212524 
17.113176 366.469666 
297.370148 166.683060 
487.824249 229.451370 
206.666977 257.162567 
310.100525 280.176117 
328.930328 241.075256 
309.483643 345.343719 
250.281219 175.976105 
233.639801 219.498215 
271.828430 310.610199 
409.130341 226.773300 
270.992432 332.340576 
146.845322 288.252075 
259.798096 230.915665 
475.633148 254.822800 
514.523560 245.769791 
150.315872 225.613251 
299.278595 110.299019 
415.159454 199.998611 
310.917328 258.336853 
268.537170 135.985901 
374.269623 252.218948 
290.698181 173.847443 
436.631714 234.182556 
187.810043 343.291260 
506.246124 213.313507 
329.268341 242.898239 
213.835129 236.299408 
275.502258 337.885132 
433.457458 240.750488 
266.319733 143.737717 
322.310242 322.555450 
331.556335 271.256195 
415.834503 280.617767 
156.980957 348.603424 
157.308762 349.244690 
360.613831 215.802948 
473.876984 226.937515 
315.023590 229.914536 
203.508667 191.379761 
471.390228 217.741226 
453.614594 285.089844 
424.241974 192.043777 
327.921539 258.200897 
287.359192 213.404556 
241.995026 251.727737 
276.728882 282.550598 
323.271057 322.871704 
154.279572 259.523224 
221.067032 207.892120 
266.598022 314.231323 
315.020966 176.432098 
492.143829 193.491501 
146.427399 253.477539 
247.427948 235.573318 
156.706116 225.918671 
331.941010 271.884399 
318.804321 362.654358 
269.529846 308.077057 
157.871841 343.858063 
311.484467 256.930176 
290.602478 264.308136 
138.488327 237.480957 
348.103546 250.020752 
292.345306 176.609634 
232.959488 236.529205 
216.487518 101.692818 
220.663010 230.949524 
151.637482 258.556854 
268.935791 294.051697 
462.495209 187.076187 
128.439423 196.594116 
238.150620 326.893646 
346.718689 208.824356 
94.999809 317.161133 
119.132904 346.044434 
201.546738 196.004898 
451.627289 182.800873 
175.119980 357.206207 
406.017578 226.780914 
176.130936 356.870575 
214.453979 204.319733 
305.221619 224.773392 
474.284607 227.762741 
327.712433 262.063629 
237.731598 236.824539 
284.763519 157.767471 
256.544312 221.066711 
327.860138 261.077789 
299.982300 200.260117 
323.316376 234.207138 
293.725952 207.161118 
162.029678 340.988892 
289.884949 264.094757 
413.144165 285.468048 
144.961624 256.759308 
240.949280 303.037537 
224.722977 228.605118 
159.069122 344.441101 
465.665558 270.771729 
465.853638 271.246643 
167.148773 358.505463 
210.208527 182.888443 
306.998871 178.043091 
185.139893 330.367493 
322.303009 341.533569 
35.489822 353.293671 
286.648590 109.533501 
441.384216 247.557892 
154.168671 254.417450 
353.828461 244.020630 
269.776886 153.949295 
291.807770 211.285492 
250.669128 287.362732 
251.041138 286.581909 
151.889145 259.686157 
494.158020 238.724655 
271.115631 330.809509 
246.235870 312.720764 
339.680908 291.782928 
168.934311 358.105103 
169.384827 358.093140 
207.356964 193.788300 
326.548431 341.158569 
281.833771 290.684143 
294.626099 208.357193 
273.459900 284.300934 
232.409409 236.586685 
