500
159.644653 284.438629 
315.013153 338.398224 
315.013153 338.398224 
315.545044 332.779724 
230.409134 67.759148 
301.325745 209.838745 
216.561035 172.228745 
300.849396 207.746811 
312.289520 380.936279 
218.679657 167.111420 
312.289520 380.936279 
302.374786 208.170044 
360.747955 161.809555 
302.374786 208.170044 
297.501526 57.852749 
246.025818 61.929565 
313.974701 325.557220 
242.575836 154.904968 
237.199768 108.686958 
338.516846 365.952118 
230.956223 70.496399 
230.956223 70.496399 
317.633606 353.728546 
318.924988 350.052551 
338.188141 145.446426 
315.150848 326.310364 
328.972656 367.329956 
318.924988 350.052551 
338.516846 365.952118 
315.013153 338.398224 
315.150848 326.310364 
316.437012 248.897064 
340.915253 396.622467 
332.561127 362.808929 
300.849396 207.746811 
283.704010 51.258461 
283.704010 51.258461 
236.589813 134.073181 
330.897736 371.646606 
326.652222 375.273682 
369.976959 216.772400 
389.672577 170.174057 
338.702301 400.685577 
314.117615 384.500031 
314.117615 384.500031 
220.392075 213.360275 
291.011963 369.642944 
237.018677 141.577927 
293.497345 252.970123 
320.515503 422.853455 
308.563324 370.718231 
308.563324 370.718231 
382.063965 157.607635 
346.340424 181.270050 
321.472107 333.760956 
385.230133 160.035797 
353.824890 79.559280 
248.026321 183.155838 
348.049316 146.088058 
352.677887 75.330658 
317.790192 248.877686 
246.025818 61.929565 
233.087662 82.707695 
382.063965 157.607635 
249.149307 34.226795 
232.775467 190.084717 
320.515503 422.853455 
248.535492 144.865158 
389.672577 170.174057 
313.974701 325.557220 
310.483246 339.192291 
310.483246 339.192291 
317.790192 248.877686 
219.841003 168.019226 
334.437683 402.150726 
160.062714 284.802063 
343.303741 384.273682 
236.121826 51.130733 
314.872314 261.964355 
237.199768 108.686958 
234.924393 59.236065 
416.039429 192.421936 
416.039429 192.421936 
340.781281 272.515778 
258.504181 198.503540 
313.974701 325.557220 
327.244415 402.812653 
324.946167 362.221161 
234.013748 187.984833 
346.340424 181.270050 
251.766342 185.559052 
239.916443 181.318619 
356.462585 67.788902 
314.117615 384.500031 
315.150848 326.310364 
243.527527 158.867722 
241.614243 90.433121 
348.049316 146.088058 
438.764679 223.358856 
342.913666 266.244995 
230.956223 70.496399 
318.913452 258.836639 
293.497345 252.970123 
327.244415 402.812653 
321.026794 412.239746 
349.483490 67.791801 
349.483490 67.791801 
308.151764 343.591217 
230.739578 154.229294 
349.588074 72.205894 
364.242859 219.568237 
300.067383 55.254482 
220.638550 224.501404 
318.913452 258.836639 
324.397247 403.078247 
383.981781 166.744278 
340.759949 167.198929 
338.516846 365.952118 
334.881622 281.655121 
301.325745 209.838745 
244.219330 67.872093 
226.807785 202.580200 
338.516846 365.952118 
346.340424 181.270050 
291.089783 56.064144 
321.472778 365.399353 
387.231659 165.001785 
322.361725 369.897369 
321.486084 407.036835 
388.887970 145.901062 
283.704010 51.258461 
348.049316 146.088058 
387.177216 178.597748 
310.782501 214.258804 
239.916534 174.626343 
377.375671 215.326965 
317.790192 248.877686 
315.900787 359.229889 
231.851135 177.426514 
251.766342 185.559052 
319.485962 254.632416 
226.807785 202.580200 
230.915405 59.184021 
339.355835 76.585251 
239.916443 181.318619 
353.824890 79.559280 
293.497345 252.970123 
293.497345 252.970123 
221.020065 216.858246 
387.231659 165.001785 
343.963928 71.225380 
239.916534 174.626343 
321.358124 242.959305 
287.159424 177.694626 
199.771881 216.939041 
283.704010 51.258461 
310.333740 258.557739 
346.340424 181.270050 
346.100494 369.243744 
315.900787 359.229889 
229.646408 63.060234 
340.915253 396.622467 
371.631042 64.598465 
387.177216 178.597748 
243.144333 32.693275 
226.807785 202.580200 
387.231659 165.001785 
360.342926 202.530136 
293.497345 252.970123 
320.871674 354.791351 
338.501709 353.886261 
339.355835 76.585251 
348.049316 146.088058 
251.766342 185.559052 
295.884949 350.196808 
375.381714 182.126877 
321.664185 232.442993 
362.178955 67.546036 
361.066895 76.595215 
332.692566 401.745331 
303.922882 358.433685 
272.657288 336.070251 
244.482941 155.419724 
242.413513 132.409897 
301.275146 250.856857 
222.493103 209.687820 
385.232849 154.432312 
315.007629 263.286346 
308.657776 343.412109 
346.100494 369.243744 
302.007111 386.591766 
302.007111 386.591766 
224.614410 226.278305 
243.144333 32.693275 
327.244415 402.812653 
375.381714 182.126877 
358.907745 204.362793 
346.100494 369.243744 
369.464996 142.638824 
234.924393 59.236065 
418.508575 191.061737 
222.493103 209.687820 
332.466980 136.565765 
332.466980 136.565765 
306.130585 265.055664 
160.062714 284.802063 
315.802521 368.625793 
315.802521 368.625793 
361.066895 76.595215 
379.204102 155.366135 
233.087662 82.707695 
199.589676 217.958038 
287.159424 177.694626 
349.296722 142.436600 
302.224304 380.822693 
224.614410 226.278305 
411.843445 208.446518 
243.144333 32.693275 
242.515579 135.525833 
314.097382 437.376038 
219.633270 233.360840 
385.521454 157.580627 
346.100494 369.243744 
243.617386 66.303459 
395.895935 167.825302 
328.386749 388.868835 
393.870605 75.913971 
414.308655 204.814072 
233.943512 41.704212 
302.374786 208.170044 
383.981781 166.744278 
340.915253 396.622467 
234.742706 77.408508 
256.285004 87.727005 
233.087662 82.707695 
393.870605 75.913971 
297.501526 57.852749 
244.482941 155.419724 
334.437683 402.150726 
301.275146 250.856857 
237.018677 141.577927 
330.615875 411.688080 
335.601074 75.296608 
332.692566 401.745331 
92.553764 403.167908 
340.428833 367.112976 
244.219330 67.872093 
335.601074 75.296608 
239.916443 181.318619 
349.228363 208.151825 
382.063965 157.607635 
239.781387 46.199921 
343.464996 133.506531 
389.672577 170.174057 
251.766342 185.559052 
349.021942 403.198822 
318.634949 374.300140 
239.104691 61.197689 
239.104691 61.197689 
411.843445 208.446518 
400.724915 226.789871 
346.460419 403.300598 
305.294159 373.307129 
336.223053 281.333313 
350.086639 62.040474 
350.086639 62.040474 
319.485962 254.632416 
378.650909 244.117050 
279.365875 402.364044 
315.802521 368.625793 
350.460846 342.609131 
353.242462 140.887634 
315.802521 368.625793 
369.464996 142.638824 
324.946167 362.221161 
377.454193 149.013733 
377.454193 149.013733 
293.497345 252.970123 
361.066895 76.595215 
358.907745 204.362793 
240.406784 335.687347 
312.289520 380.936279 
306.130585 265.055664 
309.676910 385.666443 
310.482849 213.800522 
343.575043 341.302124 
385.738861 175.094772 
335.829803 413.509827 
369.464996 142.638824 
339.355835 76.585251 
287.159424 177.694626 
236.073502 185.088882 
309.860382 319.399628 
309.860382 319.399628 
240.406784 335.687347 
283.704010 51.258461 
362.178955 67.546036 
258.504181 198.503540 
280.482971 332.026459 
318.066437 263.297089 
280.482971 332.026459 
336.383057 340.177979 
370.332947 149.864761 
309.193665 291.045593 
390.550293 151.553284 
245.847733 58.667660 
345.923401 153.122162 
341.084137 344.482178 
302.374786 208.170044 
371.019257 225.527832 
371.019257 225.527832 
354.881897 214.851669 
350.016724 366.666840 
352.015198 136.888245 
229.099518 362.832397 
312.289520 380.936279 
295.529755 384.687622 
353.824890 79.559280 
364.430664 207.895401 
341.633881 399.878387 
347.016510 360.667236 
235.255508 185.483856 
232.265564 410.914703 
244.219330 67.872093 
240.091766 218.411667 
412.536774 195.318832 
235.539871 59.291374 
406.124237 79.230782 
335.829803 413.509827 
302.007111 386.591766 
248.535492 144.865158 
367.604614 214.520508 
353.242462 140.887634 
240.406784 335.687347 
409.355621 219.108734 
333.289459 245.989075 
331.913513 237.086899 
293.497345 252.970123 
350.460846 342.609131 
398.058136 162.617645 
306.843079 299.564545 
473.461578 233.228729 
473.461578 233.228729 
272.657288 336.070251 
389.945190 178.238312 
418.665863 205.640091 
343.464996 133.506531 
285.513733 424.059784 
307.130280 298.851868 
385.521454 157.580627 
288.500244 325.058502 
288.500244 325.058502 
357.488678 380.750092 
398.058136 162.617645 
310.333740 258.557739 
360.342926 202.530136 
283.704010 51.258461 
343.959015 65.861877 
341.633881 399.878387 
355.562500 64.555511 
239.670486 189.497650 
339.355835 76.585251 
334.795349 368.898346 
380.670288 243.604706 
302.007111 386.591766 
293.497345 252.970123 
344.440643 125.980865 
353.824890 79.559280 
219.705994 147.972092 
309.852936 321.356049 
239.029404 211.342941 
397.383392 231.108170 
423.750336 209.465988 
334.795349 368.898346 
406.124237 79.230782 
393.870605 75.913971 
376.990173 220.839706 
349.021942 403.198822 
345.923401 153.122162 
360.236542 83.158180 
334.795349 368.898346 
288.204987 325.641785 
345.923401 153.122162 
387.978302 134.083878 
418.665863 205.640091 
279.365875 402.364044 
348.660400 145.326996 
364.430664 207.895401 
300.271881 351.680603 
293.497345 252.970123 
379.628571 235.514954 
384.456818 137.182343 
326.652222 375.273682 
406.124237 79.230782 
312.289520 380.936279 
382.487793 138.994568 
371.631042 64.598465 
239.104691 61.197689 
280.642975 98.708893 
337.028595 186.344376 
244.219330 67.872093 
324.348999 192.419159 
379.204102 155.366135 
324.348999 192.419159 
350.016724 366.666840 
283.425140 400.532074 
279.365875 402.364044 
366.302490 76.880463 
311.127625 366.958282 
379.628571 235.514954 
241.686615 184.418289 
407.356232 182.310547 
232.078781 217.841888 
406.124237 79.230782 
360.444244 228.882324 
323.499756 265.250854 
339.355835 76.585251 
385.213623 137.747299 
347.953094 166.477341 
339.217682 366.552002 
324.348999 192.419159 
338.702301 400.685577 
329.268005 323.362457 
340.759949 167.198929 
338.601837 409.864502 
300.080231 364.127228 
232.265564 410.914703 
354.877045 363.985138 
324.946167 362.221161 
340.678009 164.818359 
254.342346 27.401894 
230.930557 406.498413 
315.767242 247.850342 
342.257050 400.749115 
300.134216 305.704285 
309.193665 291.045593 
360.236542 83.158180 
358.907745 204.362793 
379.628571 235.514954 
409.355621 219.108734 
346.340424 181.270050 
340.781281 272.515778 
397.858002 174.178284 
397.858002 174.178284 
377.454193 149.013733 
361.066895 76.595215 
360.747955 161.809555 
334.771271 64.006828 
360.747955 161.809555 
393.870605 75.913971 
420.585266 192.642151 
371.631042 64.598465 
353.824890 79.559280 
423.955353 202.307449 
293.162445 390.427155 
329.268005 323.362457 
340.759949 167.198929 
295.516663 251.623398 
393.870605 75.913971 
387.191071 135.095428 
406.124237 79.230782 
364.342133 228.921265 
383.455414 238.134201 
254.603653 77.538895 
287.450439 318.321350 
420.585266 192.642151 
339.339172 281.191254 
349.929962 389.142639 
377.112732 145.648468 
384.586823 173.518646 
331.913513 237.086899 
314.097382 437.376038 
343.575043 341.302124 
235.339233 242.136536 
340.759949 167.198929 
375.661926 186.120621 
379.628571 235.514954 
293.173218 225.323776 
308.988586 367.073303 
235.255508 185.483856 
369.464996 142.638824 
357.333740 399.374054 
295.516663 251.623398 
358.907745 204.362793 
345.727295 264.025635 
340.759949 167.198929 
345.923401 153.122162 
357.567932 353.459869 
344.625244 237.482758 
321.036713 336.347076 
329.268005 323.362457 
219.444427 400.597961 
346.340424 181.270050 
170.868423 376.818726 
348.049316 146.088058 
312.289520 380.936279 
310.613922 271.918060 
344.078400 398.074371 
343.575043 341.302124 
327.244415 402.812653 
