500
149.909515 241.834595 
169.854462 358.218079 
495.669281 216.525818 
264.771454 210.830200 
487.472534 199.996902 
427.357513 267.696564 
168.934311 358.105103 
169.384827 358.093140 
322.310822 238.937820 
185.139893 330.367493 
350.660736 218.050522 
167.856125 339.465454 
480.698212 198.632751 
482.200562 208.129578 
483.046143 210.592773 
407.555786 229.525131 
514.719055 217.582260 
298.064026 193.100067 
297.512817 193.124481 
96.997047 337.415680 
125.238510 351.726929 
164.439911 344.420197 
162.561829 344.678345 
356.598206 219.583649 
477.616577 200.449936 
280.485474 314.904236 
485.265594 194.785385 
294.072021 253.359009 
163.547180 348.080933 
291.507111 189.882538 
479.391998 207.700485 
141.652298 291.536804 
162.029678 340.988892 
488.975403 194.954147 
488.659576 197.813354 
265.369873 211.902954 
111.264595 358.983551 
300.208954 338.536713 
405.744080 231.668915 
295.694794 169.280807 
412.948944 222.443085 
296.922455 254.368729 
292.807129 200.391083 
92.858292 341.317688 
93.249245 340.766693 
426.187927 267.344818 
290.416107 188.581863 
300.392975 338.348663 
160.369324 344.687012 
499.006378 212.602310 
499.224030 213.309479 
457.034637 252.933212 
97.632317 337.033020 
262.176422 209.362427 
408.516357 227.614761 
349.419922 337.304108 
149.768539 287.090668 
322.834015 336.758362 
511.643127 241.435455 
346.718689 208.824356 
478.496979 207.500641 
314.637177 277.512238 
283.830902 336.298309 
429.767059 202.466522 
321.012512 318.175751 
421.939453 258.685944 
418.733673 228.432098 
321.234406 336.869720 
400.891785 205.119644 
298.077087 336.358917 
233.482452 335.916534 
401.303070 220.344070 
118.079704 360.485474 
415.355957 212.548492 
272.651001 143.708038 
236.753830 213.997253 
294.505798 190.120422 
222.885727 206.522629 
466.145966 207.142761 
289.978851 308.051697 
117.246025 350.705475 
426.391754 218.945129 
496.405548 234.997147 
472.971191 192.587036 
420.224854 228.400513 
439.715118 206.709900 
297.370148 166.683060 
228.482346 229.328751 
279.422089 327.707245 
441.131744 198.994675 
224.234619 228.316132 
95.352943 344.733612 
334.703094 253.291885 
187.810043 343.291260 
479.454834 204.965393 
104.891609 358.638428 
469.046783 193.166885 
409.130341 226.773300 
339.992523 238.847870 
333.953064 236.952393 
428.048187 186.232880 
454.286255 253.191605 
511.662964 242.092026 
94.874336 317.723511 
94.989006 317.818146 
476.443207 210.209229 
346.210571 209.843353 
336.078064 263.015656 
424.614136 234.329758 
416.237305 261.594849 
310.561890 342.239441 
475.469971 194.861237 
277.954132 316.842102 
447.424133 196.111877 
244.346237 339.794830 
230.889572 337.555359 
433.092773 216.191467 
124.073280 358.581329 
473.180206 233.610489 
501.057495 237.635727 
412.924469 229.103012 
476.886200 185.914627 
418.688660 232.780334 
419.208984 232.677444 
424.241974 192.043777 
227.957962 197.168549 
429.029053 222.890533 
315.625214 276.738953 
438.998138 200.919327 
328.930328 241.075256 
92.356453 349.875519 
118.771545 360.176239 
421.994202 232.669220 
442.756683 209.873672 
246.267273 187.612473 
445.319153 214.910843 
223.787094 229.705475 
144.961624 256.759308 
251.949646 196.152786 
94.124992 358.003601 
499.867218 298.485077 
318.189758 247.388580 
224.722977 228.605118 
485.245789 248.577927 
232.099487 176.402374 
416.836914 261.113037 
232.246918 190.523453 
417.463348 229.224258 
440.333740 200.796509 
286.095032 188.703186 
432.838196 223.042953 
340.629303 239.338165 
304.817841 182.851562 
180.871384 352.947479 
43.104763 347.265991 
430.991577 222.423874 
322.303009 341.533569 
473.226471 191.528610 
440.862640 201.382996 
225.096817 208.164368 
265.508423 352.481445 
112.247520 331.191132 
174.991211 351.859558 
277.358643 318.034393 
92.273422 350.610199 
511.354248 245.172775 
91.564331 329.835907 
323.271057 322.871704 
175.119980 357.206207 
95.085289 324.914062 
329.787415 241.477295 
445.156433 195.985825 
283.500732 126.528732 
216.781448 246.309509 
217.147476 245.951736 
482.965668 204.144958 
422.429169 188.994843 
450.449097 228.160751 
450.497864 227.566467 
150.424469 245.650299 
444.037384 192.521576 
144.300552 290.026062 
359.670715 218.735321 
221.067032 207.892120 
232.588531 349.782196 
492.143829 193.491501 
249.066437 184.639572 
309.483643 345.343719 
514.521362 215.660385 
336.621826 242.453476 
162.009460 359.982849 
140.854721 309.947510 
140.876541 309.769440 
343.155396 242.046066 
94.999809 317.161133 
406.017578 226.780914 
269.056030 149.507660 
277.118378 319.964813 
315.344543 216.925217 
246.188156 181.979462 
509.031677 208.939148 
228.370865 181.848770 
455.405304 200.519882 
176.130936 356.870575 
105.462227 358.172729 
248.617050 164.803467 
444.737213 196.528961 
447.103516 193.067688 
222.386185 209.696655 
248.387451 184.722076 
340.748169 206.664093 
454.966095 201.647659 
495.019745 238.501221 
440.915924 189.734283 
313.609283 181.475815 
449.728516 207.182205 
507.156189 241.176178 
97.904732 344.235321 
405.927979 207.468094 
234.803787 175.577850 
247.564331 178.685577 
214.753464 207.627533 
307.286835 341.231964 
210.208527 182.888443 
454.216064 202.652359 
229.387512 340.233215 
224.616959 346.472870 
217.751556 227.601089 
222.881027 182.005325 
311.194824 213.866119 
225.314331 199.376740 
283.415741 335.672760 
428.527954 302.306549 
334.575378 250.391586 
512.354248 245.743256 
415.594452 209.087570 
429.653961 221.737976 
276.389801 329.970612 
100.939125 353.330231 
105.602036 366.053406 
422.419647 213.563156 
336.521332 236.765503 
309.479492 341.615753 
274.593597 330.095123 
144.957062 354.162292 
283.885529 217.539230 
427.550934 302.056549 
148.502716 355.251404 
154.815536 357.406891 
270.992432 332.340576 
323.407074 183.852219 
215.821045 208.454163 
248.577560 164.029572 
428.612762 300.985748 
313.912750 364.059143 
457.462158 212.850571 
248.618805 179.863693 
342.228333 213.336273 
416.611938 192.561844 
309.510864 180.676666 
506.246124 213.313507 
505.428192 239.228439 
156.980957 348.603424 
157.308762 349.244690 
476.079529 184.352997 
373.184052 242.045959 
263.407043 351.104950 
271.115631 330.809509 
344.335663 240.859207 
256.433777 192.976257 
262.757385 348.520966 
318.804321 362.654358 
142.919678 183.854813 
238.754730 183.500412 
266.794281 139.591690 
309.284515 185.201736 
144.964645 295.085327 
436.563263 178.632843 
416.611420 212.894913 
514.523560 245.769791 
438.820221 223.463730 
234.962738 186.864227 
419.711548 201.916061 
327.444763 242.615799 
203.799118 346.088409 
234.052368 186.844788 
235.760849 192.030594 
456.580750 212.277695 
147.688766 183.587692 
454.004517 197.295837 
277.151093 321.404083 
438.664948 254.334351 
438.886658 253.850357 
280.945648 155.612823 
232.978027 219.450806 
224.527985 225.067307 
225.126419 225.204132 
286.379883 307.200012 
315.023590 229.914536 
149.352554 183.643234 
243.310181 174.943420 
242.838516 174.708389 
228.275467 335.456573 
226.979614 225.443069 
337.346588 264.702881 
405.923157 214.109802 
217.042404 224.995911 
227.807236 177.758682 
238.871078 327.525055 
228.619629 220.204239 
237.476105 189.229248 
213.365311 227.407654 
498.542267 299.490753 
229.090988 193.150406 
453.380463 231.897324 
238.560867 182.934814 
452.242096 180.824448 
256.950317 148.536880 
329.268341 242.898239 
311.549316 177.664429 
460.489410 206.868530 
433.529907 183.404251 
237.628998 189.552307 
280.938660 202.224579 
229.880875 334.217041 
224.376175 182.746857 
491.574768 247.817764 
225.340073 191.089798 
321.454498 318.971313 
229.187378 193.955307 
313.881561 174.472549 
438.124786 218.982147 
141.853683 357.794373 
147.502335 183.423813 
478.454865 231.517487 
308.614655 185.569000 
443.379181 221.279144 
443.335907 220.590134 
437.175903 191.928864 
241.950378 190.879517 
313.334686 180.378937 
290.013855 307.430389 
284.338959 220.687485 
326.548431 341.158569 
212.991806 206.734222 
436.342041 250.411713 
434.975006 260.079742 
217.597763 201.334381 
220.663010 230.949524 
200.725677 190.824982 
201.351746 190.961014 
258.032715 226.228745 
338.268005 266.947113 
338.097382 267.024475 
255.229416 208.354950 
254.694489 207.872330 
221.606827 181.985123 
219.839111 206.212524 
260.980621 154.895264 
448.348572 216.112732 
416.711823 193.745270 
332.179413 238.464096 
142.273865 183.857239 
428.754822 181.767380 
228.171692 222.640411 
247.075500 177.787308 
223.160675 210.506958 
233.639801 219.498215 
317.251587 280.417633 
156.859680 235.825073 
157.158630 355.677551 
110.230438 355.415344 
256.719116 229.286301 
522.760193 233.210480 
459.515350 255.202072 
409.789520 256.887695 
409.823242 257.302277 
402.895203 236.330093 
136.856613 293.629425 
387.227631 248.498947 
483.461273 190.355270 
341.082001 237.221695 
214.794708 222.964828 
476.635162 239.344788 
460.400543 224.241867 
476.164917 183.115250 
342.974915 248.351608 
305.376282 330.060059 
205.847992 344.573761 
402.172668 214.032516 
284.763519 157.767471 
435.014587 183.570938 
144.116425 308.677673 
249.569305 172.178528 
428.378082 302.627380 
337.865631 260.231842 
469.780518 233.442810 
315.020966 176.432098 
403.544800 229.720947 
344.504150 244.966599 
424.107605 388.581940 
484.797760 193.085327 
218.060318 203.691299 
214.453979 204.319733 
149.716370 183.011795 
246.270279 212.751312 
336.958557 320.503540 
271.828430 310.610199 
158.360550 227.694397 
306.162170 185.647842 
153.644501 228.653061 
436.197662 185.156250 
437.614716 186.050339 
485.523224 177.531418 
371.782623 241.855392 
131.110336 184.489380 
436.332794 226.580765 
488.743103 315.306915 
455.690308 243.086426 
338.412262 268.123260 
324.199127 177.871887 
155.960251 348.822083 
257.983459 224.956467 
322.310242 322.555450 
506.726135 189.606094 
154.279572 259.523224 
316.679932 248.863251 
480.066711 231.884491 
257.836914 149.130630 
348.100433 245.838837 
402.649292 259.199219 
330.993652 259.761566 
444.152191 217.529251 
405.495544 200.001221 
273.459900 284.300934 
138.865860 287.339478 
280.849182 331.136444 
137.673386 297.158539 
269.861572 216.663574 
107.547951 339.163757 
408.675995 257.622620 
152.880661 228.374283 
99.478806 340.212189 
264.606079 220.402100 
214.061234 222.645111 
156.084076 236.719162 
480.591888 244.550018 
339.892700 230.810593 
220.875183 200.060715 
221.469376 200.330612 
283.148682 332.445831 
292.605042 305.492279 
269.474304 217.908569 
140.137543 235.660950 
153.054504 237.520538 
335.565430 203.847122 
254.931595 151.082367 
325.691650 259.767059 
482.839203 191.689438 
455.625458 219.855743 
313.109528 227.775177 
135.155243 313.360687 
274.851593 187.899124 
525.083252 236.773621 
255.727020 155.115356 
256.416321 155.375732 
468.920044 233.207108 
468.996887 233.351181 
451.627289 182.800873 
229.199844 195.374512 
268.311707 327.435455 
274.391296 284.349365 
453.532776 219.568619 
226.424377 235.928513 
213.933197 225.113586 
313.052399 175.205338 
486.049286 176.907928 
146.051941 256.534210 
237.224060 182.103546 
145.829193 188.398727 
512.616333 268.227478 
512.920471 268.299927 
248.803665 210.165375 
223.130936 201.081848 
159.760101 231.792145 
146.678329 188.414856 
270.321960 244.353424 
269.551910 244.029968 
412.983643 365.710175 
497.624939 183.065628 
497.624939 183.065628 
115.265945 347.821259 
137.697983 307.589325 
400.218170 237.097610 
400.301025 236.820160 
275.489380 206.318069 
472.706482 219.916321 
472.969604 189.549072 
136.163483 291.380768 
303.078644 183.588104 
