500
501.392181 234.178162 
565.274109 441.184906 
565.274109 441.184906 
484.859924 182.319748 
516.549622 208.258469 
519.726074 223.896774 
438.723846 198.861740 
549.667175 438.162659 
500.725006 279.102051 
501.392181 234.178162 
470.564240 217.852737 
469.897949 168.057587 
475.395477 145.973129 
470.564240 217.852737 
419.075134 179.108337 
469.897949 168.057587 
584.992371 420.843689 
478.075226 103.820107 
501.747620 322.128571 
491.321014 234.263092 
564.179749 329.493774 
554.463562 288.656250 
508.654083 163.099106 
537.437500 306.000427 
472.730469 227.414291 
479.957611 88.384010 
522.336609 308.142090 
494.867889 189.714340 
531.179016 270.450226 
499.416931 155.504532 
505.596527 234.079956 
502.950836 120.378418 
447.950287 80.114174 
488.552338 144.876877 
498.631470 105.025383 
438.923737 222.436539 
497.029999 249.158386 
498.631470 105.025383 
533.477234 410.493073 
568.613892 357.613861 
588.915100 440.720917 
490.959991 166.946091 
541.139160 329.473145 
501.624084 252.757187 
482.890747 125.209656 
478.453247 185.060211 
479.696350 266.020386 
514.155273 227.983322 
434.959351 59.851307 
463.466614 55.517960 
451.601318 186.373688 
447.401398 135.499298 
576.302795 387.074036 
533.444031 259.745819 
580.564270 408.929993 
535.691650 356.072601 
181.807755 196.585999 
534.775146 240.658401 
266.736359 280.537750 
479.696350 266.020386 
447.950287 80.114174 
412.012756 155.644379 
257.525146 96.983994 
558.346558 258.681519 
583.078308 390.378784 
428.618225 163.650681 
243.044144 333.718140 
534.775146 240.658401 
408.664246 31.956921 
437.108795 319.172943 
230.654205 116.794151 
514.622192 176.705338 
442.652802 234.545670 
269.643311 271.983276 
212.940155 117.658463 
239.592209 77.159859 
257.525146 96.983994 
278.025757 270.907043 
468.014526 332.281860 
316.184601 48.781540 
317.169617 62.798641 
153.262695 288.763550 
148.541946 312.967560 
263.922363 26.409382 
309.531006 200.656418 
328.268951 353.057281 
249.192215 145.159714 
176.678238 241.866364 
544.380249 398.382263 
517.007690 429.228760 
202.510361 204.385727 
262.460541 143.777863 
223.502609 106.252785 
507.122620 264.111511 
558.374084 403.955078 
258.488190 281.592316 
301.866791 38.900482 
399.165680 46.872242 
260.537445 173.854034 
482.967926 355.915466 
287.196014 309.150726 
344.422058 18.374166 
209.965546 226.528625 
328.119263 58.926849 
158.089966 322.865082 
464.025787 419.334045 
149.066315 277.734344 
123.172249 295.304138 
492.771698 435.790833 
306.890808 74.763870 
377.161682 445.511749 
454.296204 262.891876 
100.292671 160.118561 
172.434189 309.016541 
434.945679 345.293915 
116.782471 290.278381 
622.068726 401.132538 
544.003723 160.531219 
494.867889 189.714340 
377.161682 445.511749 
160.496155 223.909180 
212.411972 100.042595 
359.806244 380.301636 
345.941010 25.524292 
420.358795 261.028839 
127.438042 275.493927 
254.769394 325.839355 
293.518768 335.158783 
116.782471 290.278381 
323.055695 152.318527 
255.799866 265.050018 
137.911591 285.906433 
622.068726 401.132538 
214.601746 215.235275 
170.498108 407.848267 
360.463837 388.030334 
176.237549 193.563583 
421.790863 410.383209 
419.318634 134.158325 
328.849701 314.428070 
393.035797 202.859039 
279.143707 10.369170 
279.143707 10.369170 
210.731461 193.715179 
170.498108 407.848267 
399.549652 151.773834 
439.064056 340.465088 
36.299812 154.749390 
299.020172 278.231750 
116.409149 158.226837 
406.060669 185.141434 
308.562347 189.670364 
468.758911 370.348358 
390.384857 146.779984 
295.647095 283.658752 
164.925903 301.455444 
202.706787 98.842674 
201.101547 96.232292 
100.292671 160.118561 
512.009033 285.238953 
301.617828 113.187798 
69.212433 237.550171 
170.498108 407.848267 
399.549652 151.773834 
167.412781 66.228355 
311.296783 335.575989 
48.707760 190.237457 
140.414276 291.224823 
146.852524 211.501266 
95.378525 255.425888 
282.137390 41.365273 
514.518066 407.128845 
176.678238 241.866364 
108.179222 149.503250 
492.300232 416.539307 
290.270721 115.946365 
478.020721 429.510193 
112.136971 283.345642 
274.061188 366.999329 
391.926331 23.328293 
323.055695 152.318527 
438.973328 335.149811 
430.660828 236.623032 
91.904732 151.083405 
478.748657 413.042297 
430.660828 236.623032 
203.509094 354.385681 
442.652802 234.545670 
477.877960 73.006905 
435.735901 233.078094 
108.179222 149.503250 
507.252045 353.662964 
287.132599 293.545624 
435.735901 233.078094 
544.003723 160.531219 
212.940155 117.658463 
279.143707 10.369170 
501.392181 234.178162 
256.281006 218.256042 
430.660828 236.623032 
430.660828 236.623032 
391.926331 23.328293 
317.647217 310.655884 
399.549652 151.773834 
279.143707 10.369170 
391.926331 23.328293 
317.324188 353.548950 
430.660828 236.623032 
315.191467 208.257584 
122.277634 122.911079 
108.179222 149.503250 
344.422058 18.374166 
164.925903 301.455444 
442.652802 234.545670 
355.747345 235.798889 
451.949341 428.072540 
359.806244 380.301636 
210.731461 193.715179 
176.237549 193.563583 
492.300232 416.539307 
167.412781 66.228355 
419.318634 134.158325 
223.259293 234.336792 
164.925903 301.455444 
182.936798 171.698761 
279.143707 10.369170 
469.963623 382.993561 
281.530762 255.121887 
116.409149 158.226837 
190.142914 279.475067 
335.054413 328.575623 
195.839401 412.628418 
326.744659 135.805145 
108.179222 149.503250 
234.861496 278.985901 
497.029999 249.158386 
323.055695 152.318527 
622.068726 401.132538 
212.940155 117.658463 
84.872543 137.153091 
84.872543 137.153091 
122.337166 146.650146 
208.504333 411.661530 
195.839401 412.628418 
430.660828 236.623032 
353.173920 282.155151 
48.707760 190.237457 
113.086334 298.848328 
409.898621 238.409271 
122.277634 122.911079 
391.926331 23.328293 
376.960266 397.104828 
482.151520 421.628021 
323.055695 152.318527 
401.436096 148.973434 
171.017426 305.575897 
442.652802 234.545670 
395.988983 377.991760 
149.066315 277.734344 
323.055695 152.318527 
108.179222 149.503250 
147.127380 201.476303 
470.056244 441.529449 
331.048920 92.421967 
430.660828 236.623032 
334.603882 278.662018 
170.498108 407.848267 
482.890747 125.209656 
355.077271 302.183350 
256.281006 218.256042 
23.799805 45.073597 
190.680023 88.480461 
25.960979 138.948807 
116.409149 158.226837 
328.368073 79.638817 
558.374084 403.955078 
108.179222 149.503250 
261.096863 383.562134 
128.072021 260.679535 
182.858154 62.242188 
454.296204 262.891876 
165.636459 306.524292 
470.564240 217.852737 
387.304749 191.322189 
323.055695 152.318527 
399.549652 151.773834 
430.660828 236.623032 
116.409149 158.226837 
505.596527 234.079956 
100.292671 160.118561 
442.652802 234.545670 
293.464233 35.626259 
84.872543 137.153091 
508.654083 163.099106 
598.516479 425.812988 
430.660828 236.623032 
547.630737 310.083923 
499.416931 155.504532 
216.206116 292.935760 
430.660828 236.623032 
420.358795 261.028839 
505.596527 234.079956 
108.179222 149.503250 
48.707760 190.237457 
208.504333 411.661530 
116.409149 158.226837 
271.993164 323.554230 
430.660828 236.623032 
574.157532 464.607422 
430.660828 236.623032 
281.530762 255.121887 
337.155212 315.749908 
67.571648 136.299728 
195.839401 412.628418 
404.087372 38.486053 
164.925903 301.455444 
558.374084 403.955078 
501.392181 234.178162 
148.091965 391.884033 
391.926331 23.328293 
100.292671 160.118561 
413.052032 186.554611 
446.871490 224.502441 
135.928635 315.704041 
430.660828 236.623032 
116.409149 158.226837 
419.318634 134.158325 
309.531006 200.656418 
122.337166 146.650146 
433.619843 473.276184 
470.564240 217.852737 
100.292671 160.118561 
266.666199 356.185150 
186.192520 184.121765 
420.358795 261.028839 
268.983948 310.040192 
212.940155 117.658463 
426.193542 403.413574 
323.055695 152.318527 
615.857361 446.372498 
308.562347 189.670364 
470.564240 217.852737 
23.799805 45.073597 
522.336609 308.142090 
116.409149 158.226837 
155.277206 342.680084 
153.262695 288.763550 
430.660828 236.623032 
355.747345 235.798889 
230.179779 341.161041 
496.313599 259.689117 
158.089966 322.865082 
210.731461 193.715179 
209.965546 226.528625 
549.667175 438.162659 
494.867889 189.714340 
186.192520 184.121765 
558.374084 403.955078 
482.890747 125.209656 
430.660828 236.623032 
501.392181 234.178162 
435.735901 233.078094 
438.923737 222.436539 
100.292671 160.118561 
322.283112 100.301888 
411.978973 178.121078 
499.416931 155.504532 
324.940857 45.745754 
345.179535 343.000183 
464.336426 83.372437 
111.007812 328.745544 
507.122620 264.111511 
409.898621 238.409271 
302.814697 327.178192 
482.890747 125.209656 
412.876129 221.377625 
622.068726 401.132538 
95.378525 255.425888 
320.009949 322.457977 
112.532219 200.655197 
122.277634 122.911079 
122.337166 146.650146 
13.975099 57.598160 
573.004944 362.214478 
413.052032 186.554611 
488.552338 144.876877 
326.744659 135.805145 
358.033051 428.167542 
450.431549 241.689697 
191.684097 203.262848 
36.299812 154.749390 
413.052032 186.554611 
274.692780 232.795883 
405.220245 288.026215 
308.562347 189.670364 
84.872543 137.153091 
153.262695 288.763550 
365.588959 388.785889 
148.541946 312.967560 
399.825439 444.171753 
460.479187 407.332581 
375.134186 322.258179 
212.940155 117.658463 
494.867889 189.714340 
331.048920 92.421967 
147.127380 201.476303 
91.904732 151.083405 
344.340424 221.406448 
112.532219 200.655197 
391.926331 23.328293 
116.782471 290.278381 
279.143707 10.369170 
23.799805 45.073597 
164.925903 301.455444 
324.940857 45.745754 
80.894394 128.586411 
420.358795 261.028839 
359.806244 380.301636 
212.411972 100.042595 
419.075134 179.108337 
284.593140 83.092262 
91.904732 151.083405 
116.409149 158.226837 
324.940857 45.745754 
425.124908 288.360168 
377.430603 306.295197 
100.292671 160.118561 
501.392181 234.178162 
347.275665 256.743103 
221.681625 118.613831 
264.731415 69.388374 
25.960979 138.948807 
501.747620 322.128571 
438.723846 198.861740 
537.437500 306.000427 
148.091965 391.884033 
477.034424 199.118881 
190.680023 88.480461 
499.416931 155.504532 
501.392181 234.178162 
255.799866 265.050018 
346.333710 457.593506 
108.830917 44.068592 
416.456512 148.219101 
71.902443 157.417297 
477.034424 199.118881 
399.825439 444.171753 
202.706787 98.842674 
464.025787 419.334045 
420.358795 261.028839 
186.000061 232.244736 
23.799805 45.073597 
501.392181 234.178162 
438.923737 222.436539 
97.992332 122.728516 
164.925903 301.455444 
167.412781 66.228355 
67.571648 136.299728 
128.346405 143.850739 
470.564240 217.852737 
523.437561 346.965851 
178.599838 226.930588 
426.193542 403.413574 
108.179222 149.503250 
201.101547 96.232292 
108.179222 149.503250 
374.117096 404.497314 
420.358795 261.028839 
225.231384 142.744095 
439.957733 64.457642 
308.562347 189.670364 
508.654083 163.099106 
221.681625 118.613831 
479.957611 88.384010 
101.123032 294.559784 
165.636459 306.524292 
564.179749 329.493774 
463.466614 55.517960 
46.738121 170.545486 
164.797119 294.044891 
505.596527 234.079956 
377.161682 445.511749 
475.570190 348.320282 
170.498108 407.848267 
622.068726 401.132538 
558.374084 403.955078 
558.374084 403.955078 
284.593140 83.092262 
519.726074 223.896774 
23.799805 45.073597 
463.760223 385.635071 
460.479187 407.332581 
23.799805 45.073597 
420.358795 261.028839 
474.183350 398.987030 
153.396347 305.694366 
176.233093 316.772552 
184.745300 258.484283 
114.284210 191.979599 
122.337166 146.650146 
