48
59.272057 324.328369 
146.056076 340.167297 
183.407089 358.943634 
192.296310 305.084778 
95.706627 364.700989 
23.372772 358.034332 
186.319870 257.108215 
186.319870 257.108215 
407.020111 415.673645 
258.806885 287.506989 
94.769775 148.610840 
229.046936 127.611626 
23.256466 358.435059 
102.220749 31.724537 
592.197693 81.391106 
547.256592 87.289192 
189.147842 149.297913 
193.265060 115.837700 
332.264008 208.694611 
170.757233 407.445618 
283.771362 318.848389 
39.162659 136.078583 
62.912460 173.660904 
89.556633 359.195923 
587.604797 352.338593 
188.039734 393.174530 
203.439819 262.650513 
180.927231 300.806976 
319.779144 311.218201 
480.528778 269.009552 
191.996567 331.421356 
460.953949 124.282387 
51.041668 247.078323 
293.122040 244.774704 
100.898445 359.708588 
127.847427 230.784378 
615.503723 177.576401 
600.827698 92.304901 
595.122131 183.808640 
360.896301 198.678665 
592.822021 94.832100 
136.350983 129.237228 
303.494812 393.889435 
114.252342 26.283121 
327.932678 217.717026 
593.176941 69.393089 
235.835236 192.012344 
124.267471 106.128105 
