500
491.117645 309.471191 
500.841095 221.043671 
494.844910 329.850067 
492.445465 211.566040 
480.377899 195.694443 
480.377899 195.694443 
499.399384 266.229950 
519.119080 243.022568 
519.551880 258.863800 
522.400635 342.477448 
522.069641 306.121429 
489.835236 263.911072 
545.005737 370.615509 
547.325195 451.429901 
503.870209 118.600418 
511.251556 187.248672 
503.845276 266.308136 
499.399384 266.229950 
522.589111 365.971375 
484.761169 352.583618 
472.738068 253.903748 
518.947998 196.911667 
499.368866 133.569565 
542.492981 328.836151 
428.204956 196.877197 
492.925903 279.894196 
501.335754 317.493408 
516.131348 157.783417 
443.929443 221.013412 
549.503418 464.074066 
521.011841 153.814224 
428.204956 196.877197 
508.442108 407.465820 
433.900543 180.016769 
513.096436 434.804321 
544.602966 399.166595 
471.885132 244.103210 
564.273865 448.744263 
519.414490 137.951218 
464.507172 82.867424 
442.903351 50.213406 
473.877960 104.537727 
459.101440 209.561371 
473.877960 104.537727 
551.449158 299.728210 
471.885132 244.103210 
496.528198 330.147125 
500.630096 445.313995 
453.909882 172.322632 
417.050049 204.814697 
228.035553 318.490753 
240.783188 85.408508 
260.480652 270.754303 
485.831757 213.066772 
531.410461 277.682739 
537.780640 258.236908 
500.630096 445.313995 
281.991333 113.144508 
138.022980 281.942078 
235.817673 100.714302 
531.410461 277.682739 
557.470337 371.897125 
259.633148 251.335144 
421.469788 337.592529 
463.579437 61.428341 
264.846008 263.002533 
177.997757 216.906860 
349.320007 50.880821 
547.546387 430.779816 
460.113403 382.852356 
347.839783 64.750984 
111.261581 253.875610 
138.188919 214.222046 
273.308533 263.022278 
450.019592 356.467926 
261.060577 207.557205 
579.312622 366.938293 
308.531281 352.887146 
301.723602 19.753860 
147.342194 259.040955 
460.113403 382.852356 
424.986176 172.482590 
382.525024 25.958342 
275.486176 302.553894 
111.261581 253.875610 
259.633148 251.335144 
498.408234 197.430603 
553.128845 433.736816 
481.063416 460.519440 
248.161850 91.571472 
559.143066 225.829498 
266.563904 134.725906 
124.504501 241.834839 
132.921783 253.128937 
281.991333 113.144508 
279.846191 135.277664 
337.385834 38.946121 
340.764587 452.754913 
156.174454 273.444122 
220.302582 197.173676 
277.239532 276.964752 
483.387970 424.815460 
359.446991 62.959354 
497.073792 283.449951 
132.921783 253.128937 
415.062622 278.292511 
430.564667 441.568787 
335.449799 74.855888 
340.764587 452.754913 
504.736511 300.933044 
500.841095 221.043671 
144.879745 247.747910 
186.398880 170.055359 
240.793442 313.220428 
238.339996 83.410805 
472.671936 293.410431 
456.049561 463.006989 
96.076836 216.126831 
165.677475 196.405518 
209.977905 184.636261 
414.812836 363.594208 
559.143066 225.829498 
589.026855 450.282196 
589.026855 450.282196 
277.415314 329.265320 
183.725037 217.981583 
213.809799 207.705109 
163.990082 281.793915 
507.708679 398.009216 
283.164307 88.643867 
252.329651 270.442688 
382.525024 25.958342 
436.173370 153.250565 
96.076836 216.126831 
526.371887 443.274017 
420.526855 275.550110 
443.428894 394.206329 
220.493423 175.289963 
414.275238 200.887589 
117.969574 122.659706 
317.750336 38.108856 
250.468338 357.384308 
440.743408 11.546260 
178.821594 277.573303 
442.418182 454.015869 
288.703094 278.875153 
504.769806 102.691162 
420.526855 275.550110 
324.518555 112.019707 
149.504135 380.963531 
294.840057 332.608124 
482.347168 438.608185 
447.609680 247.065186 
317.541626 188.482346 
305.779877 135.835968 
420.526855 275.550110 
315.890839 314.712616 
420.526855 275.550110 
582.097839 336.703156 
512.077148 391.799591 
429.427277 45.749409 
179.811935 390.338440 
127.147362 114.148956 
126.162361 282.748993 
446.331818 438.043182 
382.525024 25.958342 
127.147362 114.148956 
199.904434 42.307205 
344.299286 395.176941 
361.877197 423.088165 
420.526855 275.550110 
278.554291 285.889984 
429.427277 45.749409 
117.053970 260.158539 
420.526855 275.550110 
484.507690 384.136749 
161.995270 381.732452 
413.635071 239.337936 
302.690338 39.215950 
319.458984 6.964342 
127.147362 114.148956 
149.504135 380.963531 
319.458984 6.964342 
235.817673 100.714302 
106.355690 98.329918 
458.586273 443.678741 
320.921570 208.086121 
228.774338 111.273705 
447.779358 446.719574 
145.693649 90.414772 
526.371887 443.274017 
472.543610 23.554428 
589.026855 450.282196 
414.602264 232.361877 
156.174454 273.444122 
186.398880 170.055359 
292.825958 274.013397 
89.313301 297.755524 
197.111328 147.863068 
131.622284 184.047043 
168.075241 387.947968 
156.174454 273.444122 
442.915070 406.700806 
420.526855 275.550110 
414.136475 293.373016 
163.304718 290.338989 
499.399384 266.229950 
305.493195 309.321594 
63.237766 124.389954 
111.133141 113.142494 
429.427277 45.749409 
333.750702 409.135620 
361.664612 453.940247 
289.162170 332.921265 
447.609680 247.065186 
436.173370 153.250565 
429.427277 45.749409 
279.390045 248.008301 
447.609680 247.065186 
134.169174 259.116180 
419.988586 358.625275 
185.123169 332.219025 
117.969574 122.659706 
443.929443 221.013412 
106.355690 98.329918 
106.355690 98.329918 
168.075241 387.947968 
420.526855 275.550110 
414.136475 293.373016 
156.131622 171.693268 
208.801300 274.182617 
344.604828 139.295670 
257.950531 300.969238 
334.735718 385.067810 
235.817673 100.714302 
431.418640 163.173874 
199.904434 42.307205 
408.894958 254.221329 
472.707245 457.787720 
414.136475 293.373016 
345.604401 287.129974 
229.526993 263.622650 
329.816376 38.708763 
343.745239 307.374359 
161.995270 381.732452 
236.571335 371.361908 
163.359787 278.497681 
414.136475 293.373016 
145.693649 90.414772 
127.147362 114.148956 
417.003784 447.708557 
327.482849 280.631195 
154.256256 182.211563 
503.845276 266.308136 
106.355690 98.329918 
127.147362 114.148956 
429.574097 209.075867 
179.811935 390.338440 
429.427277 45.749409 
323.629486 317.562134 
156.736160 279.490082 
414.136475 293.373016 
413.635071 239.337936 
127.147362 114.148956 
371.964172 192.897491 
418.809387 311.130524 
492.925903 279.894196 
283.164307 88.643867 
507.064697 283.668304 
144.879745 247.747910 
370.750183 389.214203 
106.043396 262.326508 
395.350006 302.433716 
161.995270 381.732452 
394.794098 204.193100 
106.355690 98.329918 
414.136475 293.373016 
149.504135 380.963531 
149.504135 380.963531 
458.586273 443.678741 
184.993622 257.104248 
156.174454 273.444122 
589.026855 450.282196 
368.842651 13.014418 
189.402878 209.328537 
504.035065 126.955154 
482.347168 438.608185 
396.083069 419.461273 
133.897812 319.880219 
258.297791 313.841553 
334.735718 385.067810 
429.427277 45.749409 
511.251556 187.248672 
429.427277 45.749409 
117.969574 122.659706 
89.496635 94.410431 
420.526855 275.550110 
319.368042 329.911896 
128.438507 174.575287 
417.050049 204.814697 
436.173370 153.250565 
518.947998 196.911667 
228.774338 111.273705 
183.274551 235.055725 
420.526855 275.550110 
526.371887 443.274017 
288.010803 322.500397 
179.811935 390.338440 
447.609680 247.065186 
471.885132 244.103210 
319.458984 6.964342 
471.885132 244.103210 
117.969574 122.659706 
279.390045 248.008301 
526.371887 443.274017 
197.872208 161.220352 
145.693649 90.414772 
417.050049 204.814697 
235.817673 100.714302 
443.449127 430.918549 
114.200539 228.805511 
310.661774 321.526825 
128.438507 174.575287 
215.162430 324.355408 
526.371887 443.274017 
126.162361 282.748993 
414.136475 293.373016 
522.400635 342.477448 
197.872208 161.220352 
499.399384 266.229950 
174.546814 87.982712 
519.119080 243.022568 
499.399384 266.229950 
464.907745 120.511337 
333.750702 409.135620 
420.526855 275.550110 
317.541626 188.482346 
344.604828 139.295670 
562.068665 471.933899 
416.906036 228.573349 
126.162361 282.748993 
149.504135 380.963531 
415.062622 278.292511 
147.342194 259.040955 
220.493423 175.289963 
418.809387 311.130524 
170.475174 182.481766 
287.172394 218.330734 
104.452141 88.272079 
492.925903 279.894196 
117.969574 122.659706 
489.664612 111.623596 
356.855103 284.583527 
247.391510 344.985657 
156.174454 273.444122 
360.190704 330.464233 
589.026855 450.282196 
295.138336 62.467617 
324.901031 431.935303 
408.894958 254.221329 
522.400635 342.477448 
127.147362 114.148956 
429.427277 45.749409 
537.780640 258.236908 
312.146729 112.728531 
168.075241 387.947968 
167.238297 311.061615 
424.986176 172.482590 
408.894958 254.221329 
104.452141 88.272079 
106.355690 98.329918 
161.995270 381.732452 
276.362640 224.322372 
471.885132 244.103210 
106.355690 98.329918 
444.195160 3.163461 
106.355690 98.329918 
417.050049 204.814697 
326.908020 345.586609 
400.574097 109.726112 
492.925903 279.894196 
317.541626 188.482346 
102.742653 295.238129 
334.735718 385.067810 
319.458984 6.964342 
111.133141 113.142494 
143.900742 165.435318 
424.986176 172.482590 
158.040482 266.779358 
158.040482 266.779358 
500.841095 221.043671 
293.611847 431.748993 
127.147362 114.148956 
189.402878 209.328537 
511.251556 187.248672 
516.663269 129.548248 
414.275238 200.887589 
429.574097 209.075867 
503.845276 266.308136 
122.654076 165.080490 
246.947250 83.904747 
428.204956 196.877197 
122.654076 165.080490 
305.788879 321.154877 
158.040482 266.779358 
109.555908 280.701721 
469.295807 80.635620 
319.458984 6.964342 
503.845276 266.308136 
131.622284 184.047043 
312.625061 476.220032 
414.983002 306.197632 
443.929443 221.013412 
186.398880 170.055359 
122.654076 165.080490 
507.064697 283.668304 
368.842651 13.014418 
346.701752 226.155640 
106.355690 98.329918 
90.004318 115.445992 
519.119080 243.022568 
106.355690 98.329918 
111.133141 113.142494 
111.133141 113.142494 
418.809387 311.130524 
126.162361 282.748993 
417.050049 204.814697 
469.295807 80.635620 
430.564667 441.568787 
110.495911 166.157562 
111.133141 113.142494 
122.360664 85.869339 
117.969574 122.659706 
522.400635 342.477448 
124.745163 359.229340 
464.907745 120.511337 
473.877960 104.537727 
109.555908 280.701721 
481.869751 227.093826 
553.128845 433.736816 
228.296249 93.197983 
413.635071 239.337936 
96.076836 216.126831 
73.876205 123.067131 
469.295807 80.635620 
429.427277 45.749409 
144.464066 275.891632 
261.060577 207.557205 
106.355690 98.329918 
156.131622 171.693268 
589.026855 450.282196 
414.275238 200.887589 
546.288696 268.115509 
106.355690 98.329918 
499.399384 266.229950 
361.664612 453.940247 
132.921783 253.128937 
537.780640 258.236908 
158.040482 266.779358 
334.735718 385.067810 
111.133141 113.142494 
319.458984 6.964342 
437.612152 400.811584 
243.595657 126.690506 
526.371887 443.274017 
158.040482 266.779358 
343.637238 261.156860 
319.458984 6.964342 
156.174454 273.444122 
156.736160 279.490082 
228.296249 93.197983 
428.204956 196.877197 
454.329773 373.625946 
156.174454 273.444122 
415.062622 278.292511 
481.869751 227.093826 
199.904434 42.307205 
418.809387 311.130524 
90.004318 115.445992 
127.147362 114.148956 
122.360664 85.869339 
364.306732 315.059662 
126.727753 269.053833 
464.507172 82.867424 
417.050049 204.814697 
414.275238 200.887589 
513.096436 434.804321 
340.764587 452.754913 
122.654076 165.080490 
127.147362 114.148956 
464.907745 120.511337 
117.969574 122.659706 
414.602264 232.361877 
319.458984 6.964342 
343.965485 9.668937 
522.075684 448.729736 
143.900742 165.435318 
519.551880 258.863800 
138.022980 281.942078 
180.935226 99.569809 
