500
156.515671 178.432083 
176.951218 128.442215 
156.653793 124.026382 
164.971924 206.862717 
169.274887 87.105499 
159.371567 197.778717 
202.716187 195.182480 
126.082451 177.707123 
159.371567 197.778717 
173.939178 125.090401 
118.530823 281.191437 
118.530823 281.191437 
25.159433 424.446777 
25.159433 424.446777 
140.596725 115.135933 
100.089607 253.142746 
207.810593 29.458517 
128.249390 190.106567 
191.360001 235.383606 
233.439789 81.326439 
153.980133 166.039886 
155.860260 101.533806 
171.633270 51.664318 
201.849899 81.715164 
109.413086 381.435089 
66.850128 391.277924 
53.193863 406.846222 
116.266747 303.877228 
194.820801 151.477402 
89.662689 332.727417 
93.996071 383.140808 
88.083984 419.130920 
111.085579 242.952377 
118.092110 343.118652 
155.860260 101.533806 
176.951218 128.442215 
142.229141 186.604446 
62.851002 365.589722 
160.576752 252.471802 
91.469765 289.221680 
190.171768 119.094856 
163.247849 180.279922 
62.851002 365.589722 
184.496307 196.628189 
53.193863 406.846222 
99.805672 392.777740 
217.540405 177.018021 
100.956703 377.358124 
109.664642 406.418091 
148.793793 138.133255 
398.066986 362.024017 
96.395195 228.715881 
101.787804 399.896240 
96.395195 228.715881 
195.300140 245.006256 
216.016800 107.874779 
178.238159 82.181129 
56.777359 398.488678 
102.608231 214.298233 
109.919579 460.538086 
155.420120 237.952225 
149.161072 72.309860 
190.722061 159.950348 
386.932617 243.087402 
309.563507 391.242676 
218.408218 222.471741 
281.151459 103.940872 
163.933609 124.488113 
214.011673 74.235077 
190.722061 159.950348 
439.166321 217.565918 
507.879913 332.326294 
323.225647 402.764160 
379.244232 247.619354 
372.056091 243.659897 
217.540405 177.018021 
174.196533 365.598938 
56.777359 398.488678 
375.785858 229.423431 
200.036102 388.805511 
249.291763 32.504700 
337.260986 294.257416 
150.222092 18.096451 
269.968689 46.374710 
265.769653 74.027405 
431.291840 330.778778 
158.896194 394.172577 
302.656158 277.029510 
302.158173 350.455353 
287.072052 34.186157 
184.622513 135.213181 
208.559158 378.172485 
105.365326 467.663727 
386.513062 148.064896 
153.980133 166.039886 
225.849197 439.802673 
55.073036 403.596405 
479.125488 309.654633 
269.968689 46.374710 
313.597076 358.033051 
74.888741 427.284454 
330.535339 393.110718 
308.025543 404.183411 
431.976349 355.091461 
109.919579 460.538086 
55.073036 403.596405 
204.880310 405.950134 
299.044189 311.032532 
408.392761 45.375435 
379.052795 220.540009 
223.785065 375.564453 
377.936676 260.817505 
276.152374 389.432922 
537.600342 193.756439 
384.998108 326.448486 
464.293945 354.164032 
385.470734 262.136902 
162.203079 387.986755 
408.392761 45.375435 
256.847046 159.345657 
197.383743 373.182648 
79.737473 351.429993 
109.919579 460.538086 
425.060455 216.192413 
218.893188 226.496948 
475.909576 320.990906 
488.869415 321.653809 
502.095886 372.585144 
393.882141 247.846436 
395.863464 321.080719 
401.462982 184.205261 
299.596985 85.533714 
389.591675 208.085526 
477.580933 282.607971 
109.919579 460.538086 
312.098358 416.677032 
196.953934 456.877167 
109.919579 460.538086 
109.919579 460.538086 
507.879913 332.326294 
377.936676 260.817505 
343.927826 462.402771 
91.283684 266.595886 
485.314606 305.340332 
276.152374 389.432922 
537.542786 194.054260 
423.093231 433.120728 
384.070862 100.557968 
541.824463 207.400742 
240.070221 221.376266 
65.705811 451.922119 
229.211395 12.369837 
74.888741 427.284454 
506.584625 323.835236 
200.326416 451.954132 
315.119049 251.509933 
437.569977 443.015717 
194.331589 53.045818 
109.919579 460.538086 
190.287811 14.347676 
431.291840 330.778778 
373.652679 345.799774 
365.117584 162.057678 
290.174164 44.721470 
252.440903 348.640503 
541.824463 207.400742 
280.172577 337.164062 
128.412445 352.747040 
303.159607 267.055206 
323.480438 296.296906 
388.146393 172.440292 
537.600342 193.756439 
365.959839 220.082993 
290.901093 220.451431 
434.352539 373.187042 
360.908905 177.440201 
375.759338 60.264366 
423.569580 445.917511 
502.095886 372.585144 
125.869225 359.397949 
475.909576 320.990906 
128.412445 352.747040 
109.919579 460.538086 
509.305542 300.157745 
354.913605 297.593292 
437.569977 443.015717 
109.413086 381.435089 
323.225647 402.764160 
176.951218 128.442215 
379.702332 106.964813 
436.732697 172.236252 
128.412445 352.747040 
233.300262 170.611084 
195.300140 245.006256 
233.300262 170.611084 
128.412445 352.747040 
490.005341 336.330200 
325.044098 10.329127 
455.310333 381.635132 
229.193344 344.896393 
188.198608 473.186462 
359.436279 255.202637 
297.027313 33.936428 
516.580627 327.879211 
109.919579 460.538086 
474.377289 436.304779 
423.569580 445.917511 
213.090195 169.866531 
109.664642 406.418091 
109.919579 460.538086 
343.927826 462.402771 
537.600342 193.756439 
490.191986 315.832214 
109.664642 406.418091 
266.510254 91.282867 
266.510254 91.282867 
539.419800 203.935867 
480.131439 347.299591 
427.752167 380.770020 
24.365013 448.783539 
202.716187 195.182480 
105.365326 467.663727 
213.090195 169.866531 
128.412445 352.747040 
390.711609 34.111584 
339.960358 11.203396 
332.992218 169.722290 
32.567085 429.074951 
150.222092 18.096451 
200.326416 451.954132 
409.936646 264.844360 
101.787804 399.896240 
433.611969 266.546387 
248.619629 314.874786 
122.972389 440.965210 
200.326416 451.954132 
190.171768 119.094856 
571.247681 244.517975 
375.697510 435.789520 
537.542786 194.054260 
285.953094 147.954361 
423.093231 433.120728 
423.093231 433.120728 
480.861237 287.949493 
353.362579 415.580048 
122.972389 440.965210 
445.213165 292.772705 
250.240799 183.247177 
199.250168 257.395111 
125.869225 359.397949 
423.093231 433.120728 
233.300262 170.611084 
396.667572 456.319305 
91.469765 289.221680 
375.697510 435.789520 
518.895142 385.846771 
48.073772 448.931793 
321.139069 186.698135 
168.007584 345.114960 
207.611893 157.660385 
193.097366 101.151596 
359.436279 255.202637 
292.836365 87.249397 
105.365326 467.663727 
180.049957 107.987000 
537.600342 193.756439 
395.810150 356.771576 
211.146744 357.042694 
325.044098 10.329127 
180.811447 6.661023 
478.144989 51.836323 
333.896698 200.865036 
389.957062 306.594208 
233.300262 170.611084 
375.697510 435.789520 
354.913605 297.593292 
379.702332 106.964813 
516.501587 179.612259 
423.569580 445.917511 
251.022110 136.863373 
233.300262 170.611084 
67.458092 343.672028 
173.939178 125.090401 
65.705811 451.922119 
419.670349 184.452286 
437.569977 443.015717 
375.697510 435.789520 
176.951218 128.442215 
237.351974 233.764359 
423.093231 433.120728 
233.300262 170.611084 
266.879333 106.403633 
233.300262 170.611084 
38.956974 439.950134 
233.300262 170.611084 
355.376007 170.955078 
541.824463 207.400742 
403.075653 218.744507 
410.468140 207.191666 
105.365326 467.663727 
380.285065 96.264832 
233.300262 170.611084 
109.919579 460.538086 
509.305542 300.157745 
122.972389 440.965210 
585.267151 86.952995 
537.496887 45.723824 
321.167938 58.229080 
437.569977 443.015717 
218.408218 222.471741 
350.534332 85.010307 
109.919579 460.538086 
122.972389 440.965210 
480.294556 273.890472 
340.976074 380.067841 
256.847046 159.345657 
435.560303 185.383942 
126.082451 177.707123 
207.611893 157.660385 
290.901093 220.451431 
548.729126 234.240067 
423.093231 433.120728 
396.667572 456.319305 
65.705811 451.922119 
325.044098 10.329127 
128.412445 352.747040 
184.622513 135.213181 
207.611893 157.660385 
323.225647 402.764160 
509.305542 300.157745 
539.419800 203.935867 
474.377289 436.304779 
207.611893 157.660385 
385.575745 370.222900 
55.073036 403.596405 
128.412445 352.747040 
191.360001 235.383606 
423.093231 433.120728 
207.611893 157.660385 
108.614182 267.714264 
445.005768 166.207794 
557.588806 98.647247 
396.667572 456.319305 
509.305542 300.157745 
233.300262 170.611084 
101.787804 399.896240 
190.722061 159.950348 
521.038757 264.051178 
587.036743 76.273170 
453.760895 220.001755 
453.010864 392.464844 
366.983490 187.389313 
502.282318 289.275940 
557.588806 98.647247 
389.085724 184.237213 
185.543762 311.971558 
101.787804 399.896240 
109.919579 460.538086 
164.971924 206.862717 
101.787804 399.896240 
473.659149 297.621460 
486.719238 290.835785 
344.501007 290.964478 
79.737473 351.429993 
79.737473 351.429993 
250.240799 183.247177 
200.326416 451.954132 
339.931824 434.137695 
585.267151 86.952995 
453.737579 403.602203 
248.619629 314.874786 
256.847046 159.345657 
479.125488 309.654633 
377.589844 369.010162 
56.777359 398.488678 
539.419800 203.935867 
155.406143 63.061531 
349.924622 274.969666 
375.697510 435.789520 
330.725952 141.763489 
473.659149 297.621460 
302.656158 277.029510 
128.249390 190.106567 
373.652679 345.799774 
105.365326 467.663727 
252.595947 406.204895 
217.540405 177.018021 
138.203476 102.623878 
366.796844 145.168472 
201.849899 81.715164 
445.005768 166.207794 
250.240799 183.247177 
162.736572 110.321022 
190.171768 119.094856 
173.939178 125.090401 
395.863464 321.080719 
218.408218 222.471741 
423.569580 445.917511 
207.611893 157.660385 
373.271729 176.984879 
330.535339 393.110718 
270.554413 135.302460 
94.683784 236.932281 
502.561676 311.618134 
395.810150 356.771576 
190.722061 159.950348 
455.310333 381.635132 
347.501495 71.473816 
321.630127 438.673462 
473.659149 297.621460 
437.465912 454.761658 
374.533264 305.049377 
202.716187 195.182480 
56.777359 398.488678 
585.267151 86.952995 
373.652679 345.799774 
142.229141 186.604446 
479.125488 309.654633 
326.191650 413.075287 
502.095886 372.585144 
407.164124 410.611511 
173.394806 169.214386 
385.470734 262.136902 
453.737579 403.602203 
48.073772 448.931793 
280.172577 337.164062 
396.667572 456.319305 
395.810150 356.771576 
344.315643 290.861877 
122.972389 440.965210 
437.569977 443.015717 
164.971924 206.862717 
473.659149 297.621460 
480.861237 287.949493 
218.408218 222.471741 
173.394806 169.214386 
138.203476 102.623878 
512.204346 71.332382 
427.752167 380.770020 
140.596725 115.135933 
185.872971 450.053223 
407.164124 410.611511 
423.093231 433.120728 
537.542786 194.054260 
371.159424 345.421234 
289.745117 238.584549 
509.305542 300.157745 
142.229141 186.604446 
162.736572 110.321022 
176.951218 128.442215 
109.919579 460.538086 
306.995361 148.113220 
423.569580 445.917511 
462.151428 161.130096 
176.951218 128.442215 
79.737473 351.429993 
412.369324 414.029572 
521.273865 226.944000 
214.011673 74.235077 
329.784485 376.028809 
396.667572 456.319305 
427.752167 380.770020 
128.249390 190.106567 
118.812462 477.868561 
585.267151 86.952995 
507.974823 255.928879 
553.710999 249.925629 
190.171768 119.094856 
118.812462 477.868561 
310.178467 209.888184 
480.685089 150.198288 
345.187042 33.261497 
68.575691 399.308746 
32.567085 429.074951 
101.787804 399.896240 
218.408218 222.471741 
126.082451 177.707123 
557.286621 40.071514 
140.596725 115.135933 
326.191650 413.075287 
455.310333 381.635132 
317.223328 396.232819 
25.159433 424.446777 
126.082451 177.707123 
190.171768 119.094856 
173.394806 169.214386 
541.824463 207.400742 
373.652679 345.799774 
173.394806 169.214386 
548.729126 234.240067 
600.604492 92.455978 
256.847046 159.345657 
190.722061 159.950348 
512.204346 71.332382 
537.496887 45.723824 
557.588806 98.647247 
394.603729 175.742020 
384.259308 79.373047 
423.093231 433.120728 
171.633270 51.664318 
