500
389.470978 68.882370 
301.043518 59.159042 
409.849792 65.155167 
291.566101 67.554581 
275.694794 79.622139 
275.694794 79.622139 
346.229492 60.600605 
323.022888 40.880867 
338.863739 40.448002 
386.120850 37.930492 
343.911346 70.164772 
555.035828 47.694252 
198.600494 56.129784 
267.248505 48.748390 
346.229492 60.600605 
35.501328 121.364159 
72.135078 131.144104 
346.309204 56.154671 
445.971313 37.410904 
432.583588 75.238838 
333.903778 87.261978 
276.911743 41.051895 
213.569824 60.630993 
276.877106 131.795090 
359.894287 67.074089 
397.493073 58.664314 
35.501328 121.364159 
237.783295 43.868610 
301.013428 116.070648 
233.814270 38.988194 
276.877106 131.795090 
487.465576 51.558090 
260.016815 126.099457 
514.804626 46.903633 
91.276894 119.123360 
324.103363 88.114799 
217.951355 40.585423 
82.738976 115.869812 
162.867386 95.492752 
408.835938 17.506145 
130.213409 117.096611 
184.537384 86.121635 
70.704338 140.889694 
77.799408 125.545059 
289.561371 100.898476 
184.537384 86.121635 
324.103363 88.114799 
410.147095 63.471764 
525.313965 59.369835 
252.322540 106.089760 
284.814789 142.949905 
398.490753 331.964478 
62.410954 96.594887 
165.408463 319.216797 
350.754303 299.519318 
82.848701 80.111900 
293.066772 74.168213 
357.682770 28.589546 
338.236786 22.219379 
525.313965 59.369835 
422.476318 37.600517 
193.144531 278.008667 
361.942078 421.977051 
180.714310 324.182343 
99.753571 258.276459 
473.651550 41.048698 
15.246469 167.473648 
357.682770 28.589546 
331.335114 300.366852 
42.321358 92.251801 
417.592560 138.530212 
141.428040 96.420876 
333.876709 448.739136 
510.779816 12.453506 
343.002502 295.153992 
296.906799 382.002197 
130.880783 210.680038 
462.852325 99.886581 
144.751022 212.160172 
333.876709 448.739136 
294.222229 421.811005 
379.774963 8.420977 
343.022308 286.691498 
436.467865 109.980362 
42.321358 92.251801 
287.557159 298.939423 
432.887146 251.468704 
339.041016 412.657898 
462.852325 99.886581 
46.014008 92.290855 
252.482910 135.013702 
105.958252 177.475098 
540.519165 78.936638 
382.553864 284.513824 
331.335114 300.366852 
531.430298 12.675756 
277.430847 61.591877 
125.749512 130.572617 
171.571426 311.838135 
214.725861 293.436096 
321.834930 435.495514 
333.128937 427.078278 
193.144531 278.008667 
215.277664 280.153809 
118.946136 222.614197 
50.826447 91.241463 
532.754944 219.235413 
353.444244 403.825714 
181.353027 23.024755 
46.014008 92.290855 
277.173737 339.697296 
356.964752 282.760468 
504.815491 76.612022 
142.959290 200.553040 
12.624466 76.959412 
71.033661 241.972794 
363.449432 62.925934 
333.128937 427.078278 
358.292511 144.937378 
12.624466 76.959412 
543.006775 103.947968 
521.568787 129.435333 
154.855850 224.550064 
532.754944 219.235413 
301.043518 59.159042 
327.747955 415.120361 
250.055405 373.601105 
103.517105 87.453117 
393.220428 319.206543 
163.410858 321.660034 
373.410339 87.328178 
296.126862 463.923126 
276.405426 394.322388 
264.636414 350.021759 
443.594208 145.187180 
409.265320 282.584686 
297.981628 376.274567 
93.014595 191.157700 
361.900970 396.316101 
287.705109 346.190186 
450.618225 14.995395 
478.009277 52.290852 
168.643875 276.835724 
350.442688 307.670349 
105.958252 177.475098 
233.250534 123.826653 
523.809753 33.841351 
355.550110 139.473145 
474.206360 116.571152 
15.246469 167.473648 
255.289993 339.506927 
296.126862 463.923126 
280.887726 145.724716 
202.659698 442.030426 
87.179298 240.490295 
118.108856 242.249664 
50.826447 91.241463 
87.179298 240.490295 
87.179298 240.490295 
87.179298 240.490295 
437.384338 309.532532 
76.538628 242.180679 
357.573364 381.178406 
358.875122 271.296936 
182.691528 55.230118 
355.550110 139.473145 
192.019653 235.481827 
460.963501 410.496155 
412.608124 265.159943 
125.749512 130.572617 
518.608093 77.652863 
178.291016 453.617310 
15.246469 167.473648 
327.065521 112.390350 
268.482361 242.458389 
215.835968 254.220108 
355.550110 139.473145 
534.015869 117.581833 
22.565863 167.828323 
394.712585 244.109177 
72.135078 131.144104 
328.797943 23.608278 
328.797943 23.608278 
471.799194 47.923660 
125.749512 130.572617 
470.338501 380.188049 
15.246469 167.473648 
194.148590 432.852905 
93.014595 191.157700 
362.749023 433.837708 
518.043152 113.668167 
66.463905 132.015228 
105.958252 177.475098 
194.148590 432.852905 
122.307137 360.095490 
475.176941 215.700684 
503.088165 198.122818 
365.890015 281.445740 
125.749512 130.572617 
340.158508 442.945953 
355.550110 139.473145 
464.136383 75.492561 
461.732483 398.004608 
319.337891 146.364929 
119.215866 257.309540 
194.148590 432.852905 
460.963501 410.496155 
180.714310 324.182343 
233.250534 123.826653 
523.678711 101.413734 
288.086121 239.078430 
191.273712 331.225647 
526.719543 112.220627 
170.414825 414.306335 
87.179298 240.490295 
3.445315 138.530640 
178.291016 453.617310 
353.444244 403.825714 
250.055405 373.601105 
377.755524 470.686707 
354.013397 267.174042 
125.749512 130.572617 
544.805054 127.077339 
227.863098 362.888672 
484.802124 12.378599 
264.047211 428.377930 
467.947998 391.924774 
22.565863 167.828323 
353.444244 403.825714 
486.700806 117.084930 
355.550110 139.473145 
373.373016 145.863541 
370.338959 396.695190 
346.229492 60.600605 
70.704338 140.889694 
70.704338 140.889694 
389.321564 254.506821 
193.142548 448.866882 
125.749512 130.572617 
513.769287 6.836299 
489.135620 226.249313 
533.940247 198.335327 
412.921265 270.837830 
327.065521 112.390350 
233.250534 123.826653 
327.471954 280.504395 
22.565863 167.828323 
612.896973 345.332947 
125.749512 130.572617 
219.040161 215.492477 
327.065521 112.390350 
339.116150 425.830811 
438.625214 140.011429 
15.246469 167.473648 
412.218964 374.876831 
301.013428 116.070648 
467.947998 391.924774 
373.373016 145.863541 
251.693329 403.868347 
354.182617 351.198669 
465.067810 225.264297 
488.357910 123.386803 
243.174011 128.581421 
366.978119 214.506302 
178.291016 453.617310 
122.307137 360.095490 
537.787537 87.292969 
334.221313 151.105026 
373.373016 145.863541 
343.622711 330.472961 
118.708740 230.183578 
387.374359 216.254761 
461.732483 398.004608 
451.361908 323.428925 
358.497681 396.640045 
72.135078 131.144104 
373.373016 145.863541 
194.148590 432.852905 
527.708557 142.996216 
15.246469 167.473648 
360.631195 232.517166 
178.291016 453.617310 
178.291016 453.617310 
610.771484 86.087166 
262.211548 405.743744 
579.054626 100.448280 
47.331810 169.850784 
289.075775 130.425919 
51.309273 337.495361 
397.562134 236.370499 
359.490173 403.263855 
373.373016 145.863541 
319.337891 146.364929 
194.148590 432.852905 
380.688293 301.733795 
178.291016 453.617310 
72.135078 131.144104 
272.897491 188.035843 
70.704338 140.889694 
391.130585 141.190674 
359.894287 67.074089 
168.643875 276.835724 
15.246469 167.473648 
363.668396 52.935261 
327.747955 415.120361 
469.214203 189.249832 
342.326508 453.956604 
382.433716 164.650009 
461.732483 398.004608 
544.076294 10.494517 
284.193115 165.205902 
523.809753 33.841351 
15.246469 167.473648 
373.373016 145.863541 
460.963501 410.496155 
460.963501 410.496155 
10.948153 85.350014 
523.678711 101.413734 
337.104340 375.006348 
15.246469 167.473648 
353.444244 403.825714 
91.276894 119.123360 
289.328522 370.597137 
518.608093 77.652863 
206.955002 55.964966 
499.461273 163.916916 
399.880249 426.102356 
393.841522 301.702209 
465.067810 225.264297 
125.749512 130.572617 
267.248505 48.748390 
125.749512 130.572617 
202.659698 442.030426 
15.246469 167.473648 
42.321358 92.251801 
409.911896 240.631958 
254.575394 431.561249 
585.392883 392.111816 
284.814789 142.949905 
233.250534 123.826653 
276.911743 41.051895 
191.273712 331.225647 
315.055725 376.725403 
355.550110 139.473145 
402.500427 271.989197 
470.338501 380.188049 
327.065521 112.390350 
324.103363 88.114799 
324.103363 88.114799 
327.471954 280.504395 
178.291016 453.617310 
233.250534 123.826653 
22.565863 167.828323 
125.749512 130.572617 
241.220215 362.127777 
22.565863 167.828323 
518.608093 77.652863 
170.414825 414.306335 
59.536648 374.083954 
284.814789 142.949905 
510.918488 116.550819 
35.501328 121.364159 
202.659698 442.030426 
70.704338 140.889694 
588.273071 409.043701 
308.805481 445.799408 
401.526825 249.338226 
254.575394 431.561249 
404.355408 344.837524 
46.014008 92.290855 
362.749023 433.837708 
178.291016 453.617310 
373.373016 145.863541 
10.948153 85.350014 
241.220215 362.127777 
167.982712 385.453186 
346.229492 60.600605 
200.510773 95.090355 
422.476318 37.600517 
489.135620 226.249313 
268.482361 242.458389 
308.573303 143.093964 
362.749023 433.837708 
168.272247 455.547852 
554.464233 339.530243 
460.963501 410.496155 
583.571350 142.715317 
339.041016 412.657898 
609.466675 56.855621 
255.289993 339.506927 
103.517105 87.453117 
103.517105 87.453117 
15.246469 167.473648 
391.130585 141.190674 
72.135078 131.144104 
262.481750 389.525238 
359.894287 67.074089 
191.625061 70.334732 
348.117035 13.710889 
364.583527 203.144897 
512.256836 234.974777 
585.392883 392.111816 
424.985718 312.608795 
353.444244 403.825714 
410.464233 199.809326 
60.962833 301.480469 
422.476318 37.600517 
59.524002 320.409729 
142.467682 264.861694 
168.272247 455.547852 
334.221313 151.105026 
561.168274 377.360321 
612.896973 345.332947 
194.148590 432.852905 
338.236786 22.219379 
72.135078 131.144104 
192.728516 247.853271 
467.947998 391.924774 
219.040161 215.492477 
391.061615 392.761658 
216.269287 252.328506 
76.538628 242.180679 
334.221313 151.105026 
461.732483 398.004608 
52.224934 242.481598 
555.035828 47.694252 
304.322418 283.637360 
324.103363 88.114799 
66.463905 132.015228 
425.586609 233.091965 
359.894287 67.074089 
268.482361 242.458389 
375.238068 457.257324 
465.067810 225.264297 
245.435303 416.099243 
346.779388 401.959503 
346.779388 401.959503 
301.043518 59.159042 
511.748993 266.388153 
289.328522 370.597137 
267.248505 48.748390 
209.547150 43.337212 
3.445315 138.530640 
3.445315 138.530640 
289.075775 130.425919 
3.445315 138.530640 
71.033661 241.972794 
163.904785 313.052734 
276.877106 131.795090 
561.168274 377.360321 
245.080490 437.345795 
401.154877 254.211121 
346.779388 401.959503 
160.635605 90.704231 
233.250534 123.826653 
264.047211 428.377930 
42.321358 92.251801 
386.197632 145.017014 
301.013428 116.070648 
250.055405 373.601105 
245.080490 437.345795 
363.668396 52.935261 
598.799316 109.624649 
328.797943 23.608278 
306.155640 213.298233 
612.896973 345.332947 
346.309204 56.154671 
50.826447 91.241463 
362.749023 433.837708 
284.814789 142.949905 
160.635605 90.704231 
521.568787 129.435333 
593.191772 380.865845 
369.307037 172.409561 
47.331810 169.850784 
585.392883 392.111816 
202.659698 442.030426 
439.229248 435.254822 
573.234375 45.963692 
562.013428 282.906952 
307.094269 78.130211 
359.490173 403.263855 
319.337891 146.364929 
296.126862 463.923126 
71.396019 228.707947 
93.014595 191.157700 
160.635605 90.704231 
16.280075 130.006348 
355.890839 415.535370 
409.849792 65.155167 
189.481537 159.464905 
251.693329 403.868347 
533.940247 198.335327 
346.229492 60.600605 
333.128937 427.078278 
338.236786 22.219379 
465.067810 225.264297 
103.517105 87.453117 
193.142548 448.866882 
480.811584 122.387840 
