500
580.912231 394.960938 
513.872070 189.535187 
508.143066 174.408783 
544.888794 266.166840 
429.603149 179.047516 
606.042480 360.983032 
559.589172 247.208267 
402.214111 42.892353 
487.842987 204.492020 
620.100647 391.134033 
455.508972 144.122910 
452.034790 78.747009 
492.551483 131.770020 
501.592651 202.157593 
504.985565 247.570862 
468.136292 200.733047 
414.062347 145.822250 
530.759033 271.544159 
530.858887 182.785049 
576.373291 285.766663 
479.516663 90.141937 
532.057861 232.894104 
455.508972 144.122910 
553.265564 289.624237 
557.994385 217.155945 
440.273285 164.104889 
612.500732 372.107361 
434.159943 202.116074 
481.243744 125.353722 
531.404907 202.974854 
496.106262 218.464081 
414.786835 78.082878 
588.454773 282.986511 
429.291504 33.454025 
515.255249 265.266144 
464.145813 191.838287 
176.352631 221.556122 
516.719421 250.914932 
585.195068 312.450226 
531.404907 202.974854 
554.168823 332.592651 
192.968491 121.838684 
464.145813 191.838287 
427.296234 114.922470 
396.291107 141.200272 
559.747314 316.581665 
559.996399 371.091461 
445.146942 142.651062 
469.522949 116.965729 
274.694672 289.183899 
466.590149 158.499115 
605.153076 342.384857 
260.224365 345.574890 
233.703171 110.115356 
516.840820 264.620178 
352.789459 24.311668 
370.771118 19.423895 
598.963867 341.032501 
275.990814 280.394104 
233.703171 110.115356 
210.749664 134.339508 
162.932053 341.543549 
193.280426 138.070389 
141.696167 125.535812 
434.159943 202.116074 
422.916687 130.358078 
611.809143 279.305664 
500.896820 143.186478 
266.975342 271.336517 
627.001099 375.666168 
227.786118 39.798302 
128.554688 324.450989 
286.240997 66.020515 
299.652283 313.985535 
282.882629 52.204189 
179.095398 266.743164 
302.832642 202.911835 
284.226532 278.121643 
347.819702 349.933929 
482.075989 305.186615 
201.697159 125.064133 
546.908447 392.128662 
498.833771 346.985748 
164.389771 316.978149 
163.883606 324.775116 
233.931000 159.081345 
266.975342 271.336517 
398.744385 173.464798 
583.557617 361.025391 
253.734589 229.794708 
260.958069 276.038574 
267.395844 45.184879 
305.794708 17.408232 
294.573364 58.800663 
412.169464 432.829926 
136.700546 308.464081 
239.847794 134.216049 
395.399048 171.100891 
352.789459 24.311668 
266.736450 291.610596 
412.169464 432.829926 
211.847549 233.673111 
492.836731 391.448822 
278.425537 79.975983 
128.554688 324.450989 
422.591766 243.345917 
524.232971 403.206757 
246.774506 155.249435 
123.040184 318.658142 
160.240448 251.855453 
339.810547 326.197571 
310.360016 338.250519 
197.839874 225.296402 
449.816833 458.613739 
140.043091 278.067719 
430.850006 360.814148 
157.902664 307.110626 
595.599426 245.931549 
567.722900 356.004181 
507.893372 230.360580 
513.925842 233.856186 
148.947250 316.845673 
108.877434 245.188019 
214.195511 436.617889 
101.122955 294.197174 
187.171082 333.043945 
270.651703 335.730286 
385.331909 190.884567 
209.241913 245.994675 
451.404968 323.655670 
399.272491 118.515434 
200.225449 431.751373 
200.092484 323.728882 
134.444916 115.471031 
177.774124 327.487579 
507.893250 399.092926 
488.744690 342.648560 
193.280426 138.070389 
483.287872 159.385437 
305.794708 17.408232 
385.487915 378.881805 
305.945953 281.681793 
547.815063 391.401825 
383.565643 371.264252 
90.042778 198.672363 
280.613678 118.001564 
207.865250 430.766754 
352.789459 24.311668 
234.643967 12.056735 
152.275345 321.637573 
239.847794 134.216049 
179.095398 266.743164 
520.155457 384.078613 
304.173309 287.355652 
481.639343 237.856033 
239.692673 429.179047 
328.009125 335.763367 
426.730988 239.048508 
426.730988 239.048508 
353.345001 14.429500 
426.730988 239.048508 
549.445496 251.804565 
165.425293 96.128174 
354.256500 229.906219 
297.005463 298.746124 
204.432983 213.673691 
247.986633 51.357029 
552.540588 317.072906 
506.502808 382.748535 
350.449432 324.607117 
449.832520 390.106445 
471.743469 449.536560 
294.102112 374.475677 
270.362396 147.132629 
540.821899 371.056000 
446.295776 48.331127 
341.558716 311.727570 
353.345001 14.429500 
426.730988 239.048508 
207.865250 430.766754 
95.664398 187.490036 
101.122955 294.197174 
502.829926 412.331024 
527.216919 344.416199 
524.067688 318.832458 
305.794708 17.408232 
200.225449 431.751373 
353.345001 14.429500 
95.664398 187.490036 
399.272491 118.515434 
179.362427 120.106247 
310.084351 209.711578 
143.127319 232.090729 
396.210083 377.334381 
300.177765 192.800858 
193.280426 138.070389 
421.802643 397.914825 
500.996216 324.838287 
139.329956 95.577599 
38.791832 218.042313 
177.774124 327.487579 
283.295990 261.086090 
122.697266 252.498260 
225.129044 373.046722 
204.432983 213.673691 
108.877434 245.188019 
520.155457 384.078613 
95.664398 187.490036 
315.128784 182.297607 
481.798218 401.782684 
353.345001 14.429500 
95.664398 187.490036 
214.195511 436.617889 
583.557617 361.025391 
90.042778 198.672363 
606.851440 270.214478 
353.345001 14.429500 
234.643967 12.056735 
70.400742 179.227219 
70.400742 179.227219 
70.400742 179.227219 
177.774124 327.487579 
65.606209 96.642014 
124.063675 93.964073 
234.643967 12.056735 
112.973274 356.676636 
308.498230 136.554062 
179.362427 120.106247 
426.730988 239.048508 
353.345001 14.429500 
341.006866 275.500519 
95.664398 187.490036 
365.281311 295.161316 
434.159943 202.116074 
408.313354 222.863785 
207.865250 430.766754 
511.327362 390.593719 
236.117935 81.604996 
359.723633 275.329834 
193.280426 138.070389 
449.816833 458.613739 
243.262253 292.892853 
383.565643 371.264252 
230.966537 417.226776 
283.295990 261.086090 
286.526031 391.798828 
330.148956 310.194244 
268.158051 123.276894 
136.388931 328.564117 
240.989502 397.611572 
198.922531 301.504669 
434.159943 202.116074 
426.730988 239.048508 
434.159943 202.116074 
580.907227 417.525787 
184.978378 330.128052 
157.902664 307.110626 
486.983459 358.252808 
398.698608 131.369629 
139.329956 95.577599 
455.008606 205.611008 
501.592651 202.157593 
350.291046 311.464447 
90.042778 198.672363 
353.345001 14.429500 
177.774124 327.487579 
70.400742 179.227219 
180.011688 332.271637 
240.989502 397.611572 
434.159943 202.116074 
95.664398 187.490036 
500.996216 324.838287 
426.730988 239.048508 
80.036339 192.241714 
501.592651 202.157593 
496.106262 218.464081 
398.744385 173.464798 
200.225449 431.751373 
453.135620 382.431274 
434.159943 202.116074 
70.400742 179.227219 
422.591766 243.345917 
464.145813 191.838287 
521.019287 204.613907 
583.281128 450.806580 
353.345001 14.429500 
95.664398 187.490036 
378.041107 180.765442 
223.700882 250.852936 
354.256500 229.906219 
90.042778 198.672363 
547.815063 391.401825 
590.749329 388.098419 
412.298401 272.718018 
514.940186 451.054718 
329.419159 387.191315 
612.272522 428.972351 
399.272491 118.515434 
126.258621 333.864166 
289.202148 391.899445 
483.287872 159.385437 
353.345001 14.429500 
139.599045 206.986435 
287.223328 330.460205 
507.893372 230.360580 
422.591766 243.345917 
239.692673 429.179047 
540.821899 371.056000 
289.202148 391.899445 
90.042778 198.672363 
507.893372 230.360580 
28.900169 181.845016 
455.008606 205.611008 
580.907227 417.525787 
399.272491 118.515434 
521.019287 204.613907 
482.257660 340.914124 
530.759033 271.544159 
289.202148 391.899445 
507.893372 230.360580 
240.989502 397.611572 
281.788544 317.382172 
179.015900 252.105530 
398.744385 173.464798 
317.996826 328.745178 
90.042778 198.672363 
388.299408 311.176971 
178.197464 206.584106 
419.040222 362.954315 
547.815063 391.401825 
263.191986 237.379898 
90.042778 198.672363 
544.888794 266.166840 
172.824142 378.443481 
486.983459 358.252808 
207.865250 430.766754 
547.815063 391.401825 
434.831879 60.634495 
353.345001 14.429500 
183.218689 135.465820 
227.536636 430.547455 
250.013763 355.262756 
200.225449 431.751373 
455.008606 205.611008 
481.243744 125.353722 
434.159943 202.116074 
580.912231 394.960938 
483.287872 159.385437 
164.389771 316.978149 
369.579407 269.372711 
434.159943 202.116074 
235.223602 240.267731 
508.143066 174.408783 
308.498230 136.554062 
227.539169 309.857208 
591.322205 449.321289 
204.432983 213.673691 
234.643967 12.056735 
237.755142 189.108490 
176.715439 320.698669 
90.042778 198.672363 
467.011993 68.923882 
445.146942 142.651062 
464.145813 191.838287 
253.734589 229.794708 
95.448235 187.499222 
178.197464 206.584106 
442.093109 203.194489 
544.888794 266.166840 
496.106262 218.464081 
28.900169 181.845016 
108.892143 237.384583 
192.968491 121.838684 
431.993317 269.418823 
193.280426 138.070389 
464.145813 191.838287 
469.522949 116.965729 
552.540588 317.072906 
315.128784 182.297607 
340.555237 217.638977 
117.981201 244.234558 
395.399048 171.100891 
273.846924 240.426682 
130.852402 146.878204 
65.517303 171.138290 
239.662994 416.676056 
164.389771 316.978149 
209.241913 245.994675 
445.146942 142.651062 
408.313354 222.863785 
422.591766 243.345917 
187.339554 226.658432 
95.448235 187.499222 
422.591766 243.345917 
177.774124 327.487579 
90.042778 198.672363 
195.742722 443.077118 
80.036339 192.241714 
80.036339 192.241714 
200.225449 431.751373 
507.893372 230.360580 
95.448235 187.499222 
362.692230 337.007477 
334.181335 321.315247 
95.664398 187.490036 
564.231567 460.758850 
513.872070 189.535187 
544.888794 266.166840 
135.202347 365.373779 
65.517303 171.138290 
398.744385 173.464798 
95.448235 187.499222 
396.460815 282.076263 
483.287872 159.385437 
429.603149 179.047516 
104.225655 40.366493 
260.958069 276.038574 
65.606209 96.642014 
70.400742 179.227219 
214.195511 436.617889 
433.243805 426.566956 
61.176430 201.642975 
122.697266 252.498260 
65.606209 96.642014 
580.912231 394.960938 
200.225449 431.751373 
108.892143 237.384583 
179.362427 120.106247 
70.400742 179.227219 
467.567047 172.232483 
139.599045 206.986435 
521.019287 204.613907 
612.272522 428.972351 
143.127319 232.090729 
90.042778 198.672363 
422.591766 243.345917 
507.893372 230.360580 
207.634720 360.018677 
434.159943 202.116074 
464.145813 191.838287 
481.243744 125.353722 
53.219887 180.977005 
521.019287 204.613907 
158.600815 130.195145 
187.189331 373.669830 
204.432983 213.673691 
398.698608 131.369629 
95.664398 187.490036 
198.051819 117.824959 
70.400742 179.227219 
492.836731 391.448822 
530.858887 182.785049 
530.858887 182.785049 
147.714417 333.778656 
165.425293 96.128174 
590.749329 388.098419 
456.032288 357.022888 
95.664398 187.490036 
288.240540 363.396179 
113.681313 331.929840 
180.011688 332.271637 
70.400742 179.227219 
166.919632 333.701477 
80.036339 192.241714 
195.742722 443.077118 
172.406540 446.556885 
38.791832 218.042313 
507.893372 230.360580 
95.664398 187.490036 
492.010101 319.550323 
492.551483 131.770020 
81.006065 162.901138 
270.362396 147.132629 
566.296448 334.413971 
482.257660 340.914124 
434.159943 202.116074 
134.103012 246.148407 
412.169464 432.829926 
15.089974 103.226547 
95.664398 187.490036 
195.742722 443.077118 
467.567047 172.232483 
605.652100 313.304474 
139.599045 206.986435 
227.536636 430.547455 
408.313354 222.863785 
209.718262 160.884888 
133.257889 196.962357 
189.299530 283.167664 
61.176430 201.642975 
399.272491 118.515434 
108.892143 237.384583 
400.138336 21.640245 
441.351318 409.792419 
141.696167 125.535812 
467.567047 172.232483 
195.742722 443.077118 
580.912231 394.960938 
402.214111 42.892353 
429.291504 33.454025 
