500
314.179138 58.607471 
262.319733 75.140343 
288.257233 43.451237 
303.896881 40.273876 
278.861725 121.276169 
359.101715 59.275093 
314.179138 58.607471 
297.852722 89.435730 
248.057220 90.102180 
225.973007 84.604355 
297.852722 89.435730 
259.108368 140.924866 
248.057220 90.102180 
183.820175 81.924828 
402.128693 58.252335 
314.262573 68.679138 
65.078659 158.925735 
243.099167 51.345867 
61.671696 169.322403 
307.414307 87.269707 
168.384018 80.042404 
269.712921 65.132385 
350.450134 28.821106 
235.504669 60.583351 
200.378418 57.049194 
160.114410 112.049355 
224.876938 71.447571 
40.925011 143.280731 
185.025269 61.368530 
302.436584 121.076241 
329.158539 62.969997 
185.025269 61.368530 
490.493042 26.522760 
314.080994 54.403172 
28.906176 140.283691 
28.906176 140.283691 
246.946091 69.040268 
74.126442 160.606812 
332.757111 58.375805 
409.472961 18.860785 
205.209549 77.109344 
265.060303 81.546791 
346.020386 80.303566 
307.983490 45.844856 
388.142120 37.663418 
139.851364 125.040565 
135.517624 96.533394 
57.073589 185.759018 
266.373688 108.398643 
215.499222 112.598564 
276.586060 378.192261 
320.658234 25.224888 
360.537750 293.263641 
436.072327 24.308784 
346.020386 80.303566 
160.114410 112.049355 
235.644135 147.987396 
176.983994 302.474854 
243.650604 131.381699 
413.718109 316.955841 
320.658234 25.224888 
111.956963 151.335464 
399.172974 122.891197 
196.794250 329.345764 
256.705170 45.377911 
314.545715 117.347183 
351.983276 290.356689 
57.497459 175.649246 
197.658401 347.059845 
157.159790 320.407776 
339.743896 26.554293 
176.983994 302.474854 
350.907074 281.974243 
412.281921 91.985497 
128.781616 243.815277 
142.798645 242.830383 
368.763550 406.737366 
392.967590 411.458038 
106.409378 296.077637 
280.656433 250.468994 
577.261902 191.952118 
433.057251 231.731049 
225.159729 310.807770 
321.866425 383.321686 
509.228821 42.992283 
284.385712 357.489777 
478.381775 15.620106 
223.777878 297.539459 
186.252838 336.497345 
14.523407 220.801987 
344.111572 52.877914 
361.592316 301.511810 
118.900467 258.133270 
126.872208 160.834320 
253.854019 299.462555 
435.915436 77.032082 
389.150757 272.803955 
98.374176 215.577972 
577.261902 191.952118 
306.528625 350.034485 
138.927094 231.880585 
402.865356 401.909912 
499.334045 95.974236 
357.734589 410.933777 
375.303955 436.827637 
515.790649 67.228523 
154.764008 253.109100 
525.511719 182.838303 
342.891846 105.703751 
370.278534 443.217590 
425.293793 125.054359 
240.530350 15.996078 
269.712921 65.132385 
388.781464 387.174744 
525.511719 182.838303 
303.909149 399.503845 
180.042572 347.588013 
460.301636 200.193756 
105.524147 214.059006 
341.028870 139.641205 
355.494049 432.561890 
80.092194 127.590218 
405.839294 305.230621 
415.158783 266.481201 
370.278534 443.217590 
232.318512 236.944305 
345.050018 304.200134 
90.363235 280.874207 
365.906403 422.088379 
295.235260 345.398438 
24.840845 141.916306 
90.363235 280.874207 
487.848175 389.501831 
19.274532 172.828506 
468.030334 199.536148 
273.563538 383.762451 
490.383209 138.209152 
214.158279 140.681396 
394.428070 231.150314 
282.859039 166.964233 
24.840845 141.916306 
273.715973 349.268890 
74.949913 285.120392 
487.848175 389.501831 
231.773941 160.450485 
420.465088 120.935944 
358.231781 260.979828 
80.521423 284.334991 
265.141357 153.939392 
238.226959 443.590393 
19.274532 172.828506 
269.670410 251.437653 
450.348358 91.241081 
226.780014 169.615128 
363.658752 264.352905 
381.455475 395.074127 
178.842514 357.293274 
176.232239 358.898499 
600.842957 83.103333 
365.238831 47.991058 
193.187698 258.381927 
240.102646 459.691345 
487.848175 389.501831 
231.773941 160.450485 
415.576019 248.703232 
371.224762 419.585724 
335.425903 464.621399 
291.501312 413.147461 
121.365227 277.862640 
229.503067 451.821136 
487.128876 45.482044 
321.866425 383.321686 
496.539276 67.699745 
509.510193 81.979332 
195.946396 269.729309 
90.363235 280.874207 
363.345764 447.863037 
446.999359 285.939178 
103.328125 168.073730 
232.318512 236.944305 
103.328125 168.073730 
415.149933 121.026703 
229.503067 451.821136 
316.623230 129.339111 
51.958355 177.741241 
493.042297 81.251328 
316.623230 129.339111 
434.385681 356.490875 
314.545715 117.347183 
153.006912 82.122116 
313.078094 124.264114 
433.662750 52.747959 
90.363235 280.874207 
373.545624 272.867401 
313.078094 124.264114 
240.530350 15.996078 
197.658401 347.059845 
521.611816 89.878441 
57.497459 175.649246 
314.179138 58.607471 
298.256012 303.719086 
240.102646 459.691345 
214.158279 140.681396 
229.503067 451.821136 
7.872132 221.303314 
390.655853 242.352783 
231.773941 160.450485 
229.503067 451.821136 
103.328125 168.073730 
60.172909 343.138458 
433.548920 242.675781 
126.872208 160.834320 
316.623230 129.339111 
288.257568 244.808533 
202.911041 437.722351 
465.601196 96.687393 
98.374176 215.577972 
381.455475 395.074127 
580.259155 37.630138 
314.545715 117.347183 
315.798889 204.252670 
460.301636 200.193756 
7.872132 221.303314 
273.563538 383.762451 
496.539276 67.699745 
214.158279 140.681396 
314.336670 336.740753 
386.102570 22.478720 
202.713287 461.998505 
381.455475 395.074127 
251.698959 377.063171 
57.073589 185.759018 
14.523407 220.801987 
462.993561 90.036385 
14.523407 220.801987 
57.073589 185.759018 
90.363235 280.874207 
14.523407 220.801987 
359.475159 369.857117 
334.344543 278.615051 
408.575592 224.945587 
492.628204 364.160675 
358.985870 325.138428 
329.158539 62.969997 
216.024567 233.273819 
229.503067 451.821136 
232.318512 236.944305 
7.872132 221.303314 
491.661438 351.495728 
492.628204 364.160675 
316.623230 129.339111 
378.848297 446.913696 
318.409241 150.101425 
103.328125 168.073730 
57.073589 185.759018 
477.104828 183.039749 
501.628021 77.848465 
103.328125 168.073730 
362.426208 206.823074 
385.575958 388.982544 
314.545715 117.347183 
232.318512 236.944305 
457.991730 164.011017 
357.734589 410.933777 
232.318512 236.944305 
577.261902 191.952118 
229.503067 451.821136 
281.476257 412.872650 
580.259155 37.630138 
240.102646 459.691345 
172.421951 228.951035 
316.623230 129.339111 
358.662018 225.396133 
191.137421 355.707672 
191.137421 355.707672 
487.848175 389.501831 
205.209549 77.109344 
609.117004 280.904175 
7.872132 221.303314 
382.183350 204.922729 
551.034424 57.581364 
298.256012 303.719086 
240.102646 459.691345 
168.480545 369.319977 
229.503067 451.821136 
240.102646 459.691345 
159.638748 231.631851 
463.562195 298.903320 
340.679535 431.928040 
142.242188 377.141846 
342.891846 105.703751 
297.852722 89.435730 
386.524261 394.363617 
271.322205 172.695251 
232.318512 236.944305 
231.773941 160.450485 
316.623230 129.339111 
518.069885 10.655845 
238.226959 443.590393 
314.545715 117.347183 
115.626259 266.535736 
229.503067 451.821136 
243.099167 51.345867 
316.623230 129.339111 
235.504669 60.583351 
372.935791 343.793854 
316.623230 129.339111 
334.344543 278.615051 
341.028870 139.641205 
314.080994 54.403172 
491.661438 351.495728 
238.226959 443.590393 
403.554230 288.006866 
316.623230 129.339111 
316.623230 129.339111 
395.749878 222.844788 
613.324097 359.588074 
314.262573 68.679138 
492.628204 364.160675 
381.455475 395.074127 
560.798523 264.546448 
471.883911 411.907898 
7.872132 221.303314 
607.623108 344.238922 
103.328125 168.073730 
304.502228 113.128548 
395.703735 424.070892 
390.083954 12.369279 
316.623230 129.339111 
238.226959 443.590393 
214.158279 140.681396 
280.656433 250.468994 
214.158279 140.681396 
75.510704 345.402679 
226.650070 437.663544 
297.852722 89.435730 
57.073589 185.759018 
436.185059 293.333649 
264.121887 373.807495 
560.798523 264.546448 
296.355316 148.074585 
389.796143 291.253326 
487.128876 45.482044 
483.413574 133.806442 
19.274532 172.828506 
232.318512 236.944305 
269.670410 251.437653 
580.259155 37.630138 
297.852722 89.435730 
607.623108 344.238922 
60.172909 343.138458 
14.523407 220.801987 
422.680023 404.722748 
368.763550 406.737366 
315.798889 204.252670 
238.226959 443.590393 
238.226959 443.590393 
339.689331 63.686337 
88.673309 414.995880 
402.865356 401.909912 
273.715973 349.268890 
306.528625 350.034485 
269.712921 65.132385 
264.121887 373.807495 
205.209549 77.109344 
316.623230 129.339111 
607.623108 344.238922 
313.078094 124.264114 
302.436584 121.076241 
178.800415 183.372421 
180.301910 237.716888 
258.121155 148.020966 
235.504669 60.583351 
125.745712 235.059128 
80.092194 127.590218 
80.092194 127.590218 
423.000183 214.820450 
163.371307 95.664711 
408.745514 448.992188 
216.024567 233.273819 
344.111572 52.877914 
318.409241 150.101425 
407.178192 257.185303 
308.674988 12.242502 
518.069885 10.655845 
205.209549 77.109344 
600.842957 83.103333 
335.425903 464.621399 
581.456848 333.167664 
607.623108 344.238922 
80.521423 284.334991 
240.102646 459.691345 
402.457947 239.990021 
280.655426 447.467712 
226.650070 437.663544 
224.876938 71.447571 
7.872132 221.303314 
321.690247 109.568428 
283.262970 368.315887 
312.795898 285.307220 
368.026215 154.779755 
269.670410 251.437653 
368.763550 406.737366 
468.785889 194.410980 
269.712921 65.132385 
392.967590 411.458038 
524.171753 160.174576 
487.332550 99.520790 
402.258209 184.865860 
197.658401 347.059845 
281.476257 412.872650 
301.406464 215.659576 
87.270050 408.735321 
280.655426 447.467712 
370.278534 443.217590 
82.954918 426.259613 
381.455475 395.074127 
142.242188 377.141846 
19.274532 172.828506 
125.745712 235.059128 
341.028870 139.641205 
460.301636 200.193756 
180.042572 347.588013 
259.108368 140.924866 
163.092209 275.406921 
468.626343 384.417908 
125.745712 235.059128 
368.360168 134.875076 
386.295166 182.569473 
314.179138 58.607471 
336.743134 212.724304 
198.613937 338.318329 
542.105103 92.310310 
149.388306 295.268524 
57.497459 175.649246 
402.128693 58.252335 
278.861725 121.276169 
471.883911 411.907898 
279.118652 82.965752 
607.623108 344.238922 
168.480545 369.319977 
229.503067 451.821136 
235.504669 60.583351 
537.651550 213.711121 
296.355316 148.074585 
314.179138 58.607471 
345.050018 304.200134 
323.508514 453.703766 
80.521423 284.334991 
279.118652 82.965752 
178.842514 357.293274 
499.334045 95.974236 
341.028870 139.641205 
312.244720 373.999939 
374.559296 458.867126 
314.179138 58.607471 
302.436584 121.076241 
80.092194 127.590218 
581.456848 333.167664 
381.455475 395.074127 
35.415615 150.646194 
508.479828 201.861221 
229.503067 451.821136 
19.274532 172.828506 
297.852722 89.435730 
426.966034 36.562317 
279.118652 82.965752 
306.930695 381.400146 
483.413574 133.806442 
504.714874 378.339722 
14.523407 220.801987 
176.232239 358.898499 
7.872132 221.303314 
240.102646 459.691345 
484.497314 185.883026 
341.028870 139.641205 
144.461258 120.043678 
222.744171 334.768646 
28.906176 140.283691 
269.670410 251.437653 
243.099167 51.345867 
198.613937 338.318329 
386.524261 394.363617 
168.384018 80.042404 
581.456848 333.167664 
191.137421 355.707672 
135.517624 96.533394 
314.080994 54.403172 
75.510704 345.402679 
597.294922 293.050171 
28.906176 140.283691 
525.511719 182.838303 
238.226959 443.590393 
487.848175 389.501831 
82.954918 426.259613 
163.092209 275.406921 
303.896881 40.273876 
82.954918 426.259613 
392.967590 411.458038 
223.850922 431.653534 
