536
202.239456 310.288910 
207.870056 300.167572 
185.269272 310.450653 
207.870056 300.167572 
246.646545 293.339386 
241.187561 288.731537 
188.179062 299.495880 
270.608704 307.170471 
200.812759 299.031189 
241.187561 288.731537 
195.097549 307.085175 
189.622375 270.120605 
194.337982 327.715027 
213.388794 286.525726 
520.561646 363.327423 
170.766846 372.374237 
520.561646 363.327423 
189.622375 270.120605 
317.266388 314.607849 
305.897339 230.512985 
336.247437 427.111237 
247.627335 309.189667 
113.165665 179.324768 
75.031242 310.515991 
168.453964 396.525116 
288.521271 383.311646 
202.933426 147.196381 
492.532104 127.243706 
272.412262 342.199799 
106.234329 352.229218 
473.873901 105.090622 
240.277435 282.866486 
282.098267 325.609619 
421.300385 278.775055 
504.920837 346.358704 
253.450043 300.355591 
202.975906 347.898010 
174.572845 401.786163 
327.973358 222.716888 
195.978973 270.583008 
158.501175 336.484802 
265.148193 376.381592 
203.440689 274.488068 
273.900543 259.497345 
272.350464 387.453888 
383.564667 289.300903 
191.503220 374.328796 
227.007050 338.754791 
223.975067 347.593872 
281.970856 377.358398 
116.533615 83.007645 
367.541016 427.083252 
286.280457 409.922607 
180.975021 368.686066 
595.332275 44.695171 
257.705017 343.120483 
234.058960 266.710510 
117.200005 352.072449 
172.231155 312.632812 
245.043793 324.431549 
284.306854 348.651550 
324.384338 337.904236 
85.598045 199.954514 
195.996384 419.972290 
150.937164 101.851395 
75.716896 260.097351 
290.516937 267.537964 
105.755173 303.035614 
226.615189 258.156342 
289.120056 287.657104 
355.677917 394.468353 
251.878479 330.095032 
187.960297 347.824463 
595.332275 44.695171 
531.122803 206.698624 
355.677917 394.468353 
166.796631 328.061340 
259.184174 354.261963 
355.677917 394.468353 
185.345566 333.925507 
102.735855 146.854965 
53.026520 351.851440 
418.930969 156.025970 
115.781982 102.581657 
51.059139 354.176971 
137.661758 166.484116 
200.812759 299.031189 
441.591278 274.449219 
39.122726 350.190063 
224.558792 117.678108 
36.402718 388.510437 
167.265579 112.266113 
521.077637 196.133301 
511.059326 125.120926 
53.026520 351.851440 
72.594330 145.997818 
350.665741 324.027191 
126.128357 132.754028 
336.957306 302.008179 
132.894730 353.578583 
595.332275 44.695171 
508.071960 210.735947 
496.578735 34.226311 
418.930969 156.025970 
202.239456 310.288910 
178.031021 362.497833 
190.124741 416.565674 
128.614929 72.840103 
582.840271 40.729851 
488.819244 182.229904 
213.388794 286.525726 
235.097046 167.248749 
245.865494 344.665924 
266.306641 317.900269 
317.295654 300.713806 
330.934570 161.325714 
492.532104 127.243706 
324.384338 337.904236 
321.148376 136.309830 
352.661316 353.375214 
439.882935 209.117279 
186.735306 304.321106 
352.661316 353.375214 
202.226028 235.558853 
180.052124 413.109955 
235.631821 320.178955 
164.041656 149.070892 
298.390717 366.665222 
117.200005 352.072449 
527.797791 435.708221 
591.730652 163.784988 
496.412659 92.124130 
281.840088 382.758881 
62.193054 196.897202 
262.834137 121.400513 
465.261871 364.542908 
115.781982 102.581657 
322.474274 288.321167 
432.923584 359.243011 
168.779175 323.174408 
453.305664 382.857208 
566.821045 137.879791 
148.733704 422.403656 
336.017517 93.370468 
450.897400 203.954803 
308.929260 297.504425 
469.588501 100.359726 
530.442139 95.962090 
147.816360 210.909210 
574.675903 173.962387 
182.955887 117.503685 
178.172913 385.647095 
368.065887 190.198746 
228.842514 213.149033 
367.541016 427.083252 
188.373276 217.561096 
458.057739 236.077499 
263.233917 281.616730 
527.429443 168.850327 
455.739288 42.968670 
418.930969 156.025970 
408.818268 113.858543 
555.812622 28.841768 
198.990067 399.881409 
535.372498 76.370491 
264.496918 326.148315 
91.137939 78.859451 
432.923584 359.243011 
548.670471 133.108337 
393.911560 282.219208 
408.818268 113.858543 
355.677917 394.468353 
205.088074 359.788696 
220.454895 192.557114 
208.130920 329.904022 
200.826645 381.510803 
473.873901 105.090622 
384.105469 129.313980 
154.642593 115.457855 
608.586304 159.458115 
113.158691 150.339569 
88.493294 20.946697 
529.547852 112.116508 
278.799469 278.578644 
486.969330 71.024384 
483.480804 428.149750 
332.204193 351.063812 
591.730652 163.784988 
450.787903 117.711906 
70.090866 408.432617 
144.414261 98.483177 
126.055183 162.449524 
55.016930 311.336487 
96.963882 214.872513 
454.439148 354.247833 
588.757019 393.467285 
492.532104 127.243706 
148.180145 253.625687 
337.589600 57.442360 
566.821045 137.879791 
594.286926 134.762970 
543.152771 15.941063 
602.474670 415.256348 
122.735130 214.311264 
435.131958 119.546181 
449.462708 183.277283 
392.952911 86.064949 
147.888260 138.585236 
473.714874 250.390259 
202.410095 267.208984 
422.757111 118.234886 
91.137939 78.859451 
536.347351 130.659073 
595.332275 44.695171 
290.516937 267.537964 
405.619812 421.955688 
206.794830 424.120483 
394.334869 128.727844 
498.126465 73.243927 
184.808853 241.163727 
326.892334 355.174866 
571.530334 363.474731 
457.372467 426.061554 
618.171143 173.012436 
87.234566 121.294350 
563.201355 12.925960 
258.519806 69.299744 
150.116043 110.915527 
380.680481 306.217529 
548.670471 133.108337 
138.857574 246.154938 
503.208557 149.200348 
164.499435 241.736038 
534.620972 72.689415 
126.324509 388.628632 
372.727966 113.121925 
350.807434 433.876007 
355.677917 394.468353 
617.866516 65.435875 
496.412659 92.124130 
594.286926 134.762970 
326.315552 108.831833 
164.499435 241.736038 
153.993042 218.372192 
292.092621 100.035118 
129.795792 424.030670 
488.350647 157.923019 
88.199448 178.626434 
246.531158 303.283905 
563.201355 12.925960 
156.007401 412.370300 
437.576935 99.220863 
130.186432 185.790482 
377.344757 255.372894 
200.918655 91.518768 
463.366669 25.051729 
119.094978 189.912842 
492.503967 130.441498 
255.071579 85.912857 
126.055183 162.449524 
408.818268 113.858543 
244.157074 363.719421 
126.324509 388.628632 
602.474670 415.256348 
472.246765 125.349716 
477.117157 342.468048 
548.205139 153.183212 
608.586304 159.458115 
521.077637 196.133301 
199.145416 237.993637 
404.855957 96.331635 
116.071404 161.723740 
601.507019 149.741669 
457.136444 177.423203 
236.092743 361.317719 
268.558838 363.328003 
507.079224 436.821686 
387.003754 166.716675 
294.875580 274.662933 
93.245766 147.870026 
202.410095 267.208984 
182.955887 117.503685 
155.087570 397.236481 
592.484680 81.531425 
34.546032 281.271667 
475.806641 371.127625 
137.661758 166.484116 
93.245766 147.870026 
487.797882 216.099228 
487.797882 216.099228 
510.264191 70.521835 
284.306854 348.651550 
591.730652 163.784988 
202.933426 147.196381 
203.341995 163.445389 
467.457764 321.729340 
235.326889 385.027771 
525.346313 274.790466 
202.933426 147.196381 
334.786102 150.766968 
598.857483 150.952805 
532.449280 311.304474 
547.958008 88.574394 
171.433563 427.037292 
555.812622 28.841768 
463.547577 400.514099 
525.008972 39.988445 
154.746979 250.226456 
28.244934 210.832687 
79.757706 157.763062 
213.454346 337.651459 
536.185669 50.918575 
368.834930 309.933899 
530.442139 95.962090 
369.452942 207.003265 
105.122574 80.998596 
93.245766 147.870026 
206.262207 341.130615 
245.433945 119.447563 
164.241104 197.532135 
191.401306 90.718140 
409.776459 141.596893 
448.769257 21.929777 
378.348541 156.125183 
368.065887 190.198746 
309.954987 288.795410 
160.329071 354.875885 
196.827545 22.787153 
255.071579 85.912857 
143.001511 114.953346 
617.866516 65.435875 
465.213287 67.142792 
413.743042 293.774445 
457.136444 177.423203 
147.888260 138.585236 
191.096436 178.553543 
602.782898 378.079254 
242.520538 179.951477 
447.852753 220.635727 
182.955887 117.503685 
330.779236 122.489716 
209.958450 78.053185 
220.969955 410.150787 
473.714874 250.390259 
483.991577 21.681803 
453.285583 276.653259 
85.599892 381.318237 
368.065887 190.198746 
618.171143 173.012436 
221.076416 394.414764 
405.619812 421.955688 
132.894730 353.578583 
51.059139 354.176971 
289.581451 128.296326 
88.493294 20.946697 
602.474670 415.256348 
503.208557 149.200348 
301.373871 124.859474 
565.828613 156.724594 
57.979336 427.339844 
342.497681 310.672668 
254.011963 161.346237 
210.169067 209.894073 
391.692566 191.749252 
378.348541 156.125183 
251.001953 140.360260 
292.398254 21.734375 
116.533615 83.007645 
105.568649 162.337234 
462.568024 89.792763 
424.561249 172.103683 
103.695938 183.021744 
125.546936 265.186249 
309.435547 306.431030 
483.991577 21.681803 
171.982193 346.371002 
591.730652 163.784988 
147.888260 138.585236 
113.158691 150.339569 
64.940315 179.202164 
601.507019 149.741669 
127.306519 144.152527 
51.059139 354.176971 
230.370361 156.204895 
505.840210 285.778809 
448.769257 21.929777 
191.096436 178.553543 
143.153671 108.545616 
51.675915 241.426971 
141.809677 353.312439 
337.589600 57.442360 
491.521484 396.792450 
535.372498 76.370491 
119.094978 189.912842 
469.588501 100.359726 
517.725708 145.164551 
52.866608 352.112396 
136.105713 155.047668 
184.252838 14.417833 
147.888260 138.585236 
560.841125 148.755844 
472.246765 125.349716 
179.959808 160.976669 
527.717896 175.716110 
127.306519 144.152527 
433.840027 143.879150 
449.221924 81.160248 
117.115768 265.179565 
59.288929 421.416229 
491.605530 381.198334 
143.153671 108.545616 
372.727966 113.121925 
450.897400 203.954803 
209.642487 149.497131 
75.031242 310.515991 
563.201355 12.925960 
236.492905 23.157501 
372.306976 113.805290 
463.350800 107.359703 
541.779419 32.264469 
363.873047 197.331177 
368.185211 82.612785 
219.681412 64.976212 
180.643158 25.917110 
455.739288 42.968670 
140.252487 255.104584 
357.192261 142.972778 
100.934540 256.137421 
602.474670 415.256348 
394.334869 128.727844 
210.169067 209.894073 
57.483643 254.698898 
555.812622 28.841768 
51.059139 354.176971 
458.057739 236.077499 
505.840210 285.778809 
369.452942 207.003265 
450.409760 155.559967 
209.642487 149.497131 
473.714874 250.390259 
337.589600 57.442360 
553.059387 50.127228 
126.610878 107.094574 
407.034729 141.560883 
58.964863 282.464203 
256.668640 66.446053 
606.500122 187.881119 
253.986526 401.713593 
463.162506 69.512444 
439.193054 81.096420 
201.742523 179.757111 
483.109039 347.693207 
284.292725 189.587799 
121.034676 253.100281 
486.552612 50.601742 
521.077637 196.133301 
463.366669 25.051729 
435.131958 119.546181 
53.149632 86.358459 
388.762878 83.968910 
127.031029 85.121201 
452.964752 194.087784 
216.760437 89.639854 
202.226028 235.558853 
125.546936 265.186249 
387.003754 166.716675 
496.764160 178.425598 
182.783981 180.919739 
372.494171 219.541809 
238.008957 372.218689 
313.940887 14.623794 
567.241882 166.032120 
525.346313 274.790466 
514.417664 252.882782 
81.164619 273.574799 
147.074066 79.208092 
261.455048 186.585205 
202.226028 235.558853 
18.169804 291.222198 
216.760437 89.639854 
182.955887 117.503685 
369.452942 207.003265 
323.922058 76.160606 
261.828400 218.888626 
196.905304 166.771439 
398.147980 202.952484 
160.697723 167.245148 
174.846802 211.875458 
568.022583 98.795189 
52.866608 352.112396 
452.964752 194.087784 
116.071404 161.723740 
143.031693 297.611481 
51.059139 354.176971 
401.977844 180.861603 
490.279053 358.308746 
273.521088 85.935684 
68.241943 286.320557 
541.779419 32.264469 
487.083771 59.856468 
487.797882 216.099228 
503.208557 149.200348 
565.828613 156.724594 
439.193054 81.096420 
455.739288 42.968670 
59.288929 421.416229 
256.232727 16.931387 
332.690338 320.795258 
369.452942 207.003265 
18.169804 291.222198 
357.192261 142.972778 
278.435883 180.060593 
145.020477 268.732544 
598.125916 425.919159 
618.171143 173.012436 
140.975159 394.821198 
202.226028 235.558853 
521.997131 386.779022 
115.781982 102.581657 
220.872955 99.892487 
64.940315 179.202164 
139.758453 182.081543 
441.860626 192.559174 
601.507019 149.741669 
496.412659 92.124130 
424.561249 172.103683 
298.714661 188.911118 
239.884705 342.902679 
196.547409 213.535416 
126.610878 107.094574 
14.027719 282.665283 
450.240448 193.341492 
363.127472 475.616486 
21.360985 110.374146 
331.264130 311.170654 
135.504028 208.407562 
