500
455.292572 129.199661 
433.862335 98.661011 
488.431366 172.640823 
488.431366 172.640823 
467.078522 133.322632 
603.947937 347.577759 
385.017395 45.398846 
558.418213 248.164627 
502.099731 156.519699 
436.675049 121.845512 
546.416748 227.147980 
471.391205 103.369331 
503.074951 214.820862 
481.248047 113.667862 
454.040527 167.664001 
492.024445 171.006287 
385.017395 45.398846 
388.263336 130.727997 
421.748444 58.234253 
366.699524 31.607378 
459.057556 98.930557 
436.675049 121.845512 
519.149963 255.160294 
579.978760 240.467102 
557.270264 205.695663 
533.384033 235.008041 
441.405548 51.897209 
493.940796 142.970093 
599.242615 269.540436 
489.893829 187.651062 
450.732666 64.651146 
449.009033 71.386650 
445.776184 92.384041 
441.405548 51.897209 
500.788788 243.834412 
517.737427 146.722214 
566.726562 290.026703 
391.664886 17.559780 
622.689514 309.218506 
331.283630 13.436204 
454.040527 167.664001 
515.532227 216.378754 
450.168060 134.085159 
504.570099 198.087723 
528.129395 196.422760 
418.613068 42.881393 
547.846130 211.294815 
385.378784 64.157196 
283.956146 296.329315 
193.987930 155.043900 
314.175232 20.523783 
528.569641 185.106216 
212.314392 126.941399 
377.945007 129.419724 
425.160797 143.956375 
591.749573 235.852325 
522.577087 167.460831 
212.314392 126.941399 
279.355743 354.285278 
403.579926 97.946671 
457.016937 274.381256 
177.516663 161.656296 
614.033691 227.677979 
197.206345 246.639938 
182.577744 173.432602 
594.576233 265.922791 
307.166046 301.276489 
186.176025 290.878540 
284.115479 50.235336 
534.836365 282.124542 
251.005432 61.557018 
585.056824 312.198425 
490.829254 275.923553 
296.678589 206.656281 
223.722580 149.479202 
149.198196 308.092407 
569.677002 350.411530 
479.010590 210.406372 
385.641327 160.513351 
366.450409 343.561127 
221.147308 175.573853 
522.577087 167.460831 
417.742035 160.225266 
182.847549 367.014740 
276.301849 300.113708 
467.078522 133.322632 
514.798462 314.363983 
183.622574 147.203461 
174.358139 193.638306 
232.983978 169.413971 
223.722580 149.479202 
212.072449 265.357452 
485.907227 216.157623 
242.251175 198.023224 
312.671448 316.409027 
502.329163 182.353653 
127.931740 176.898087 
234.189423 57.348557 
272.946808 279.827271 
267.327271 23.610119 
212.461349 252.610519 
473.946808 365.353363 
444.161530 413.784515 
405.385162 358.207428 
86.791901 238.045624 
267.327271 23.610119 
115.091751 149.256104 
373.228455 121.080940 
146.194077 356.543915 
327.672394 338.543549 
516.608215 359.295258 
444.161530 413.784515 
251.123764 89.238167 
421.448944 225.485489 
252.483322 240.918976 
549.432007 365.149445 
235.696533 449.221161 
152.100433 339.260773 
265.282898 66.861427 
408.538116 365.139282 
600.380249 312.989166 
146.194077 356.543915 
272.946808 279.827271 
512.801086 293.073212 
201.410004 234.476990 
171.089874 145.493683 
288.189819 343.059265 
179.982269 342.993652 
113.973312 331.300873 
312.788757 230.446579 
464.313660 300.081360 
503.935333 312.075562 
147.399353 324.831940 
154.196991 359.580688 
101.149323 232.308609 
203.013123 38.186611 
314.175232 20.523783 
382.291779 159.198212 
205.051163 73.927742 
293.208160 156.713104 
158.262299 38.780769 
319.126495 376.059845 
172.357559 334.287628 
134.948303 30.927082 
291.035980 282.877747 
411.242889 29.033463 
377.524506 107.057716 
375.598602 180.499893 
424.805267 220.401047 
186.176025 290.878540 
164.372269 279.098389 
424.805267 220.401047 
204.837906 354.599487 
399.176117 158.294250 
424.805267 220.401047 
235.696533 449.221161 
235.696533 449.221161 
255.288467 82.777481 
199.730042 315.667725 
196.303131 30.222616 
23.934055 257.091125 
255.505875 156.952271 
354.989288 14.007439 
314.175232 20.523783 
423.146057 199.318573 
194.941269 350.959534 
533.493347 364.060699 
274.765350 109.055504 
344.535400 332.880859 
293.208160 156.713104 
559.829224 330.739441 
23.934055 257.091125 
311.034943 289.052338 
424.805267 220.401047 
447.630676 377.930298 
351.758270 224.356247 
203.013123 38.186611 
434.049408 182.728210 
353.850281 306.772308 
259.414215 126.977966 
398.112671 186.031342 
425.379120 192.653275 
160.842148 146.554840 
304.861511 211.881866 
313.425995 12.073504 
542.091980 347.077576 
269.563721 214.703079 
447.064270 237.595413 
139.459595 351.742065 
466.226929 293.556885 
417.742035 160.225266 
274.817963 440.109283 
423.146057 199.318573 
292.225006 196.906921 
39.332935 268.518860 
528.393799 348.380646 
377.524506 107.057716 
203.013123 38.186611 
313.425995 12.073504 
182.503403 274.321228 
463.959625 288.412750 
113.973312 331.300873 
423.146057 199.318573 
313.425995 12.073504 
529.980835 378.090271 
423.146057 199.318573 
146.204605 366.291901 
423.146057 199.318573 
405.385162 358.207428 
177.516663 161.656296 
509.641449 323.344910 
86.791901 238.045624 
505.837799 420.197510 
249.537842 387.740540 
89.676514 227.470581 
488.431366 172.640823 
115.091751 149.256104 
423.146057 199.318573 
287.319794 266.588135 
203.013123 38.186611 
438.785553 191.373505 
542.091980 347.077576 
89.676514 227.470581 
353.745148 382.392090 
423.146057 199.318573 
446.847504 117.458824 
313.425995 12.073504 
239.630478 325.692932 
293.208160 156.713104 
194.941269 350.959534 
160.842148 146.554840 
508.129120 371.453033 
313.622406 395.209381 
404.349243 208.169662 
167.724747 221.758926 
194.941269 350.959534 
290.605988 140.306427 
253.667496 305.366241 
172.357559 334.287628 
89.676514 227.470581 
130.334610 120.387459 
342.075623 307.253662 
177.516663 161.656296 
434.049408 182.728210 
250.589600 435.469849 
89.676514 227.470581 
183.828506 9.535178 
378.159332 118.299301 
193.596741 24.610348 
293.208160 156.713104 
504.768677 327.751099 
75.894676 234.018143 
287.319794 266.588135 
89.676514 227.470581 
423.146057 199.318573 
490.773956 161.470993 
414.826202 363.826721 
346.925842 271.390106 
399.176117 158.294250 
570.793518 395.252075 
365.406219 267.892670 
562.476196 275.399872 
150.214554 225.770111 
293.208160 156.713104 
45.176163 143.820251 
448.006226 183.917130 
425.379120 192.653275 
424.805267 220.401047 
423.146057 199.318573 
143.734650 262.695679 
374.424927 286.449829 
86.791901 238.045624 
197.499100 355.546478 
293.208160 156.713104 
313.425995 12.073504 
452.025177 347.978760 
177.516663 161.656296 
177.516663 161.656296 
101.410126 55.825638 
630.773865 319.445374 
424.805267 220.401047 
492.024445 171.006287 
448.006226 183.917130 
423.146057 199.318573 
89.676514 227.470581 
147.123566 272.287903 
235.696533 449.221161 
30.717522 230.530365 
444.161530 413.784515 
144.147430 400.319305 
438.815338 343.836395 
203.013123 38.186611 
558.009216 228.121887 
227.257233 267.945984 
607.363647 369.576904 
150.214554 225.770111 
423.146057 199.318573 
600.380249 312.989166 
314.175232 20.523783 
364.595856 317.998932 
272.904144 87.657730 
101.149323 232.308609 
448.006226 183.917130 
293.208160 156.713104 
236.797058 240.943207 
293.208160 156.713104 
421.448944 225.485489 
423.146057 199.318573 
423.146057 199.318573 
385.641327 160.513351 
598.665955 414.986298 
423.146057 199.318573 
64.323547 81.684563 
89.676514 227.470581 
201.410004 234.476990 
101.149323 232.308609 
560.780396 351.720459 
182.503403 274.321228 
423.146057 199.318573 
492.024445 171.006287 
211.770477 321.586884 
303.390503 334.857361 
366.775238 171.295181 
438.785553 191.373505 
403.670776 471.266266 
101.149323 232.308609 
101.149323 232.308609 
270.738800 365.768341 
101.149323 232.308609 
397.138794 143.051620 
454.040527 167.664001 
454.040527 167.664001 
559.829224 330.739441 
377.524506 107.057716 
397.138794 143.051620 
434.049408 182.728210 
423.146057 199.318573 
405.385162 358.207428 
489.893829 187.651062 
252.483322 240.918976 
377.524506 107.057716 
111.912865 273.898682 
235.696533 449.221161 
378.159332 118.299301 
47.597893 229.698532 
47.597893 229.698532 
86.791901 238.045624 
471.391205 103.369331 
165.183792 174.840790 
177.516663 161.656296 
421.448944 225.485489 
78.506500 209.669525 
72.933182 80.436577 
423.146057 199.318573 
447.064270 237.595413 
172.526703 374.778809 
233.319656 104.274902 
313.425995 12.073504 
220.869217 103.173386 
333.420624 327.463684 
448.006226 183.917130 
174.934250 233.307480 
504.768677 327.751099 
86.791901 238.045624 
295.135803 322.175751 
603.947937 347.577759 
416.586090 256.482788 
293.208160 156.713104 
533.384033 235.008041 
47.597893 229.698532 
174.934250 233.307480 
445.776184 92.384041 
113.147446 281.234528 
351.758270 224.356247 
403.670776 471.266266 
423.146057 199.318573 
488.431366 172.640823 
522.090576 343.839233 
274.817963 440.109283 
400.181091 298.156708 
600.380249 312.989166 
454.040527 167.664001 
475.632111 357.533844 
75.894676 234.018143 
378.986664 328.223358 
212.072449 265.357452 
504.570099 198.087723 
488.431366 172.640823 
308.158264 368.544128 
292.225006 196.906921 
402.113007 43.244583 
198.864944 402.222565 
271.214172 428.334045 
421.448944 225.485489 
233.319656 104.274902 
598.665955 414.986298 
196.303131 30.222616 
459.057556 98.930557 
461.592041 403.008575 
274.564484 248.226288 
194.941269 350.959534 
296.678589 206.656281 
562.476196 275.399872 
434.850342 45.860367 
347.887054 317.866974 
177.516663 161.656296 
403.670776 471.266266 
86.791901 238.045624 
515.532227 216.378754 
290.605988 140.306427 
235.696533 449.221161 
186.822968 248.782715 
233.319656 104.274902 
135.861404 333.720215 
209.767883 98.668213 
396.070343 282.714478 
534.543518 355.058136 
134.948303 30.927082 
467.078522 133.322632 
489.893829 187.651062 
30.717522 230.530365 
135.861404 333.720215 
197.499100 355.546478 
292.225006 196.906921 
45.176163 143.820251 
572.708130 418.226257 
404.349243 208.169662 
158.262299 38.780769 
89.676514 227.470581 
421.448944 225.485489 
421.448944 225.485489 
546.416748 227.147980 
546.416748 227.147980 
130.334610 120.387459 
404.349243 208.169662 
58.986160 246.840164 
178.484436 140.710205 
399.176117 158.294250 
404.121033 165.042679 
236.449356 254.576187 
529.962097 151.374390 
489.893829 187.651062 
171.089874 145.493683 
19.466002 229.738083 
517.737427 146.722214 
98.308861 222.861816 
150.214554 225.770111 
166.931931 362.502289 
519.149963 255.160294 
615.767517 401.982422 
579.978760 240.467102 
179.982269 342.993652 
160.842148 146.554840 
101.149323 232.308609 
86.791901 238.045624 
64.323547 81.684563 
182.503403 274.321228 
198.701096 304.250275 
425.379120 192.653275 
146.194077 356.543915 
194.941269 350.959534 
474.081757 331.683472 
137.220016 46.159691 
54.896046 128.277664 
191.266312 278.139038 
16.690918 140.506516 
203.013123 38.186611 
385.641327 160.513351 
404.349243 208.169662 
121.869446 279.299652 
165.988968 327.924957 
202.941071 352.470398 
529.962097 151.374390 
86.791901 238.045624 
488.431366 172.640823 
351.092194 246.566772 
89.676514 227.470581 
75.894676 234.018143 
75.894676 234.018143 
182.577744 173.432602 
230.909485 376.636383 
419.925079 404.376495 
431.513489 448.468018 
490.773956 161.470993 
194.941269 350.959534 
444.161530 413.784515 
336.524475 214.384628 
197.548889 181.098541 
110.460365 265.395569 
454.040527 167.664001 
169.088745 349.572815 
274.765350 109.055504 
471.391205 103.369331 
234.763062 429.782867 
503.151428 288.712311 
502.099731 156.519699 
128.113037 230.833466 
75.894676 234.018143 
172.526703 374.778809 
45.176163 143.820251 
