500
221.863800 396.891876 
307.872833 421.804413 
201.529617 397.285950 
318.301208 415.387238 
336.258789 406.036560 
336.258789 406.036560 
263.850494 412.980988 
282.951019 436.089172 
267.244812 433.658569 
220.269485 428.156433 
267.524048 403.706177 
55.905144 388.924377 
407.927704 442.712219 
339.166199 438.093567 
263.850494 412.980988 
580.109741 406.683502 
545.533813 390.811584 
262.277435 417.335266 
161.024780 417.956757 
180.998383 383.178558 
280.337555 388.570282 
327.893829 444.159698 
394.599670 435.663696 
343.841827 354.468964 
251.305420 403.958008 
212.193710 405.794556 
580.109741 406.683502 
367.029816 448.011810 
318.787476 365.924835 
370.687469 453.446045 
343.841827 354.468964 
123.118866 397.356232 
360.078278 362.891449 
95.230103 396.985046 
524.994751 399.330597 
289.877014 389.571228 
386.560974 454.510040 
532.338623 404.030334 
450.207520 410.177979 
194.381775 444.409515 
486.130951 394.755585 
427.627106 415.620636 
548.483582 381.261902 
539.006897 395.265747 
326.436310 382.830261 
427.627106 415.620636 
289.877014 389.571228 
200.491547 398.370636 
86.934692 382.674316 
363.937317 384.101868 
338.552307 342.020538 
258.634552 135.864563 
549.175476 426.628113 
486.637390 189.666031 
300.401337 177.036362 
526.138000 439.018311 
318.042114 408.240814 
246.319870 442.186218 
264.713776 451.695648 
86.934692 382.674316 
184.678268 422.266754 
452.317474 225.258896 
310.287445 53.839832 
472.643066 181.109009 
540.893494 260.679596 
134.001068 410.371094 
608.117615 364.524139 
246.319870 442.186218 
319.345581 179.291519 
569.199280 434.011536 
206.241241 323.442169 
472.241241 412.942963 
342.520660 31.854282 
94.513893 431.170593 
307.120667 182.449051 
366.753387 106.709061 
501.629089 302.597748 
154.036865 351.295105 
488.284485 298.168457 
342.520660 31.854282 
377.087372 65.135414 
221.568573 458.275635 
306.108887 190.482620 
182.868607 347.665894 
569.199280 434.011536 
363.084290 189.981903 
211.598846 209.969635 
332.314178 67.999580 
154.036865 351.295105 
565.744995 433.443512 
367.986725 355.734344 
520.078003 339.605499 
75.211174 360.642242 
266.669067 185.989197 
319.345581 179.291519 
72.538269 427.585266 
330.953613 425.620514 
35.944096 466.925323 
479.402344 194.557861 
434.367462 205.667068 
352.505524 47.677731 
340.024323 54.217968 
452.317474 225.258896 
431.005646 219.680054 
515.565613 292.958679 
560.063965 433.593079 
106.716301 224.014801 
316.356140 71.648087 
459.050476 176.935013 
565.744995 433.443512 
379.042603 149.731522 
291.445312 191.590271 
109.912918 368.950958 
488.718079 310.139069 
594.999268 454.469452 
632.232422 286.124634 
246.293137 406.506500 
340.024323 54.217968 
266.549072 327.197998 
594.999268 454.469452 
76.811607 335.796661 
103.525017 313.764587 
480.564880 283.681885 
106.716301 224.014801 
307.136688 421.194946 
343.495544 66.942207 
490.082367 138.977600 
507.381989 428.133240 
261.935486 149.179214 
484.396149 183.009964 
241.089218 381.797729 
382.868652 24.537916 
389.132599 95.611229 
393.646240 142.092636 
182.286362 312.718933 
239.628647 182.864395 
366.378845 107.580276 
206.343872 43.239265 
305.541595 76.215385 
370.838806 141.801514 
152.998062 439.415802 
131.695892 397.673248 
476.559753 230.781021 
303.241730 168.525894 
513.381897 338.497803 
240.387817 29.487211 
54.962852 404.739532 
184.734558 31.818918 
147.043304 335.286774 
214.145187 40.987782 
397.343811 153.061264 
382.868652 24.537916 
342.806763 339.962006 
468.802979 67.680748 
598.651855 284.006256 
520.936096 272.940918 
560.063965 433.593079 
548.045288 279.805847 
565.002808 281.186005 
585.773010 283.028320 
216.844559 153.690155 
79.782066 240.093002 
308.107483 93.706055 
288.062775 202.797302 
424.159424 447.316406 
274.399780 339.201172 
447.069397 267.447327 
199.926132 53.075214 
233.142212 201.374802 
212.761597 43.631523 
96.877800 362.980286 
603.853088 42.356564 
160.646881 33.821262 
283.083191 357.424561 
372.393738 247.026855 
424.643921 245.792404 
306.763062 343.918762 
89.496361 323.162354 
600.406921 362.843842 
247.029709 223.014801 
621.159668 359.118500 
273.978119 452.311798 
568.571106 37.921097 
137.429260 403.486053 
495.240967 80.941742 
365.925446 205.994873 
623.814270 376.515839 
227.080505 25.089533 
10.917753 27.109503 
311.972076 45.759743 
104.245338 330.637054 
141.802948 16.272503 
488.995239 335.289459 
507.566620 45.828918 
569.423462 243.360626 
164.647141 236.006180 
132.514511 249.590042 
281.159393 191.293930 
498.623718 70.312752 
336.800049 37.231853 
616.472168 82.462273 
149.462921 377.814423 
183.963486 11.252340 
305.242279 332.510254 
523.889771 260.511017 
584.828735 75.524704 
210.418915 51.038548 
483.954498 181.293488 
576.273438 218.935059 
96.106384 340.976898 
351.703156 247.158875 
7.021650 37.866833 
94.808235 329.913269 
621.806946 110.473633 
626.851685 285.936462 
637.341919 379.320496 
523.830017 42.986973 
185.284683 49.528099 
482.851318 138.122879 
415.056274 196.148010 
291.704529 207.696182 
495.476654 53.530716 
82.316437 310.877319 
510.793671 143.432816 
118.662575 435.250427 
407.921021 64.465012 
205.374146 28.169188 
446.819336 67.358559 
574.783569 211.011200 
134.504929 331.926056 
70.743172 15.304717 
55.463612 284.125153 
297.782410 77.937447 
110.483734 25.158562 
393.979034 272.519165 
543.393066 371.545837 
253.967270 214.510284 
481.006500 58.435677 
450.594025 308.656189 
88.584457 435.961182 
151.284592 224.447510 
495.656097 156.483337 
233.307541 193.838150 
296.179138 358.194946 
377.453735 357.249390 
325.169006 196.856339 
405.996552 78.335083 
408.295258 125.117897 
490.267395 382.160095 
414.266418 284.332581 
508.322693 29.271473 
332.936615 54.386929 
185.447113 318.043060 
628.054871 383.910492 
252.079941 91.171410 
355.290405 369.097137 
629.914673 77.327744 
55.902077 275.829224 
415.151428 91.237640 
305.046173 125.080055 
174.912949 230.384003 
133.700607 319.364502 
228.758789 42.004807 
267.017334 255.890381 
552.068542 22.911535 
72.910309 187.962738 
75.163170 351.905975 
536.752319 172.816376 
602.494629 323.116791 
312.693634 147.799942 
517.168030 283.615601 
250.371292 252.506027 
235.997757 16.753025 
207.408310 134.288239 
310.030853 79.092888 
303.982880 338.587036 
526.477356 321.865021 
477.652985 73.171997 
100.007103 300.146484 
565.192505 203.648315 
279.618774 242.680328 
620.111938 37.905781 
638.198242 424.563507 
201.569656 306.904999 
406.905151 87.979874 
37.577999 332.136749 
480.738464 35.209927 
265.636017 23.323969 
525.656311 23.485003 
243.407394 231.034546 
173.411591 52.407471 
55.728069 284.516815 
116.044090 316.456299 
613.768677 395.373718 
270.946472 168.245819 
502.764679 17.088951 
604.402100 75.795235 
625.123413 318.502869 
607.008484 406.744537 
63.185898 43.467686 
125.884506 28.870022 
476.559753 230.781021 
187.864365 67.971695 
604.546509 223.944397 
343.495544 66.942207 
165.026718 265.080872 
335.607422 26.349424 
245.316254 303.749756 
11.944784 10.489051 
59.910202 427.630341 
343.898895 320.510315 
83.797852 408.128754 
217.589035 12.878469 
121.501808 249.051392 
304.537811 50.272614 
17.203920 36.336914 
597.794495 446.512817 
96.106384 340.976898 
325.877472 106.156822 
175.913910 29.207520 
464.767517 96.803673 
525.561584 389.746643 
466.380798 198.342575 
442.441864 95.898087 
177.187897 17.180681 
130.204514 283.990875 
273.373749 44.335957 
256.350769 167.129364 
293.997650 166.648270 
211.914154 31.857212 
582.508545 216.796677 
499.156860 34.718338 
220.000839 450.376404 
142.568054 28.973503 
593.116638 435.925629 
230.258636 224.608429 
416.983948 62.595627 
602.433716 22.237091 
249.680603 449.066010 
240.819870 58.178123 
419.730865 38.871349 
176.039841 44.231174 
345.074188 103.500366 
82.562820 143.727310 
245.832123 195.033859 
372.589020 447.451080 
217.188828 61.284946 
360.747375 469.759949 
331.752075 468.247284 
326.450439 196.307663 
341.178802 454.763367 
48.402557 31.542177 
444.871674 438.340607 
551.610840 35.018208 
52.506454 92.577232 
468.687897 78.547913 
148.547501 360.820221 
631.307007 25.383198 
600.112122 153.255707 
235.518723 409.074768 
111.301254 329.111084 
580.894348 405.065979 
576.064758 88.612831 
461.136475 54.043339 
599.677124 217.547195 
366.788971 37.712093 
241.014053 217.260834 
552.215942 88.885605 
433.794647 160.100418 
187.298874 407.337708 
541.780884 107.862358 
288.824890 21.128325 
60.530102 195.955215 
597.794495 446.512817 
225.452484 110.347847 
198.730148 296.170685 
160.148987 61.611122 
413.571655 403.339233 
506.782867 79.370735 
175.825439 118.854759 
342.212250 397.537903 
581.103699 22.649046 
76.924744 32.767548 
614.685852 120.969620 
106.861237 102.552200 
45.065529 46.348652 
146.706985 309.406647 
142.295715 304.936218 
402.317902 208.213165 
363.084290 189.981903 
616.249146 188.629257 
616.249146 188.629257 
563.008423 224.626389 
467.394440 166.884384 
552.874146 78.501663 
402.441315 98.895187 
300.048096 50.971291 
418.227325 429.586670 
436.383118 330.688171 
270.380127 267.768738 
132.250290 206.170425 
543.726868 74.751427 
229.710663 148.721466 
439.425171 96.015877 
224.434677 265.098755 
512.713745 115.146095 
530.254150 424.926056 
589.620728 206.136749 
499.898224 248.540085 
165.034637 348.064606 
375.855469 215.414108 
372.649628 432.873383 
325.808197 472.937225 
90.727585 120.509560 
108.616806 63.054550 
31.629978 53.687557 
447.133698 255.240219 
231.023010 9.195437 
134.526306 13.761770 
278.055786 78.114014 
624.333862 180.248291 
4.076043 276.979675 
77.381180 124.181740 
520.184326 67.484917 
495.656097 156.483337 
453.370453 14.398612 
228.685623 172.957336 
180.998383 383.178558 
133.826065 52.921879 
214.806061 229.459488 
298.487854 59.758518 
188.650787 232.106323 
304.050201 17.757742 
293.997650 166.648270 
426.938843 75.606560 
451.222168 30.377771 
498.827667 93.074371 
324.233643 63.623653 
360.476990 243.576385 
257.355255 57.348648 
73.946022 351.352020 
68.910751 153.924728 
278.677521 10.749857 
61.805916 10.161316 
263.983185 47.014496 
635.709473 361.459564 
611.266846 283.967163 
157.082153 261.148499 
263.983185 47.014496 
82.038162 41.211048 
42.349983 127.511238 
242.784821 212.046616 
153.400711 240.441544 
581.347290 471.603149 
325.678619 44.304089 
156.137115 115.130814 
593.116638 435.925629 
305.105560 304.441986 
483.957886 292.106659 
148.709091 103.114609 
428.953308 57.932091 
246.576141 417.228149 
18.362957 399.823486 
286.006256 66.782089 
329.847656 269.773071 
372.598358 475.617493 
278.692810 69.524666 
63.126873 378.985046 
452.840698 91.307274 
600.168030 33.186108 
125.884506 28.870022 
576.251160 119.748306 
150.451294 54.730022 
173.098938 127.784958 
317.184692 12.117730 
606.812744 123.152969 
609.369568 309.128235 
338.932281 388.840637 
627.535767 448.954224 
637.859924 403.130432 
297.782410 77.937447 
563.935120 213.011795 
260.791840 440.483429 
65.193604 269.870300 
467.938782 81.461639 
215.792465 302.952606 
65.193604 269.870300 
568.181641 397.126129 
156.969452 244.779617 
124.523842 434.110199 
98.558075 53.035667 
454.412445 109.779198 
527.850891 192.986862 
159.882385 64.151779 
115.630959 396.027924 
332.467163 241.385422 
146.512558 236.772308 
561.177734 295.940094 
595.090515 37.105232 
558.188232 118.373596 
