500
336.258789 406.036560 
318.301208 415.387238 
152.998062 439.415802 
336.258789 406.036560 
318.787476 365.924835 
184.678268 422.266754 
221.863800 396.891876 
180.998383 383.178558 
327.893829 444.159698 
355.290405 369.097137 
282.951019 436.089172 
289.877014 389.571228 
339.166199 438.093567 
123.118866 397.356232 
450.207520 410.177979 
161.024780 417.956757 
251.305420 403.958008 
118.662575 435.250427 
289.877014 389.571228 
313.617584 445.354126 
343.841827 354.468964 
262.277435 417.335266 
246.319870 442.186218 
370.687469 453.446045 
187.298874 407.337708 
427.627106 415.620636 
427.627106 415.620636 
280.337555 388.570282 
330.953613 425.620514 
212.193710 405.794556 
352.459473 431.645142 
318.042114 408.240814 
386.402985 386.131073 
246.319870 442.186218 
386.560974 454.510040 
386.560974 454.510040 
124.523842 434.110199 
326.436310 382.830261 
374.879211 395.709991 
263.850494 412.980988 
86.934692 382.674316 
94.513893 431.170593 
228.331543 434.491364 
220.269485 428.156433 
300.401337 177.036362 
466.380798 198.342575 
258.634552 135.864563 
134.001068 410.371094 
486.130951 394.755585 
476.559753 230.781021 
360.078278 362.891449 
367.986725 355.734344 
483.957886 292.106659 
365.925446 205.994873 
137.429260 403.486053 
472.643066 181.109009 
131.695892 397.673248 
488.995239 335.289459 
363.084290 189.981903 
338.552307 342.020538 
366.753387 106.709061 
267.524048 403.706177 
332.314178 67.999580 
72.538269 427.585266 
543.393066 371.545837 
267.244812 433.658569 
264.713776 451.695648 
476.559753 230.781021 
488.284485 298.168457 
377.087372 65.135414 
35.944096 466.925323 
307.120667 182.449051 
154.036865 351.295105 
182.868607 347.665894 
310.287445 53.839832 
281.159393 191.293930 
360.476990 243.576385 
520.078003 339.605499 
449.972900 159.182877 
501.629089 302.597748 
340.024323 54.217968 
393.646240 142.092636 
479.402344 194.557861 
211.598846 209.969635 
210.418915 51.038548 
413.571655 403.339233 
95.230103 396.985046 
75.211174 360.642242 
342.520660 31.854282 
154.036865 351.295105 
431.005646 219.680054 
434.367462 205.667068 
515.565613 292.958679 
459.050476 176.935013 
307.872833 421.804413 
342.520660 31.854282 
106.716301 224.014801 
480.564880 283.681885 
352.505524 47.677731 
319.426788 170.931030 
239.628647 182.864395 
261.935486 149.179214 
408.295258 125.117897 
106.716301 224.014801 
266.549072 327.197998 
76.811607 335.796661 
484.396149 183.009964 
342.806763 339.962006 
82.316437 310.877319 
366.378845 107.580276 
266.669067 185.989197 
182.286362 312.718933 
206.343872 43.239265 
167.534302 228.163315 
389.132599 95.611229 
604.402100 75.795235 
343.495544 66.942207 
307.136688 421.194946 
305.242279 332.510254 
216.844559 153.690155 
303.241730 168.525894 
488.718079 310.139069 
305.541595 76.215385 
194.381775 444.409515 
103.525017 313.764587 
472.241241 412.942963 
10.917753 27.109503 
312.006958 275.431183 
311.972076 45.759743 
382.868652 24.537916 
240.387817 29.487211 
513.381897 338.497803 
191.144363 319.927948 
174.912949 230.384003 
343.841827 354.468964 
147.043304 335.286774 
89.496361 323.162354 
54.962852 404.739532 
490.082367 138.977600 
351.703156 247.158875 
291.704529 207.696182 
468.802979 67.680748 
418.227325 429.586670 
447.069397 267.447327 
96.877800 362.980286 
288.062775 202.797302 
332.936615 54.386929 
316.356140 71.648087 
247.029709 223.014801 
330.583740 321.705688 
523.830017 42.986973 
227.080505 25.089533 
507.566620 45.828918 
569.423462 243.360626 
233.142212 201.374802 
379.042603 149.731522 
480.738464 35.209927 
283.083191 357.424561 
96.106384 340.976898 
132.514511 249.590042 
424.643921 245.792404 
201.569656 306.904999 
212.761597 43.631523 
7.021650 37.866833 
495.240967 80.941742 
447.133698 255.240219 
310.030853 79.092888 
372.393738 247.026855 
160.646881 33.821262 
508.322693 29.271473 
184.734558 31.818918 
273.978119 452.311798 
498.623718 70.312752 
632.232422 286.124634 
306.763062 343.918762 
306.108887 190.482620 
621.806946 110.473633 
104.245338 330.637054 
253.967270 214.510284 
79.782066 240.093002 
483.954498 181.293488 
576.273438 218.935059 
608.117615 364.524139 
468.687897 78.547913 
621.159668 359.118500 
568.571106 37.921097 
623.814270 376.515839 
495.476654 53.530716 
359.150543 149.453186 
141.802948 16.272503 
397.343811 153.061264 
149.462921 377.814423 
274.399780 339.201172 
520.936096 272.940918 
72.910309 187.962738 
407.921021 64.465012 
585.773010 283.028320 
600.406921 362.843842 
584.828735 75.524704 
185.447113 318.043060 
133.700607 319.364502 
72.910309 187.962738 
175.913910 29.207520 
55.463612 284.125153 
326.450439 196.307663 
370.838806 141.801514 
183.963486 11.252340 
325.169006 196.856339 
372.523895 218.743286 
465.216034 160.821930 
629.914673 77.327744 
499.156860 34.718338 
116.044090 316.456299 
490.267395 382.160095 
134.504929 331.926056 
510.793671 143.432816 
217.188828 61.284946 
446.819336 67.358559 
415.151428 91.237640 
252.079941 91.171410 
377.453735 357.249390 
336.800049 37.231853 
481.006500 58.435677 
185.284683 49.528099 
450.594025 308.656189 
214.145187 40.987782 
304.537811 50.272614 
279.618774 242.680328 
616.472168 82.462273 
536.752319 172.816376 
235.997757 16.753025 
296.179138 358.194946 
574.783569 211.011200 
70.743172 15.304717 
389.775604 185.109528 
393.979034 272.519165 
312.693634 147.799942 
82.038162 41.211048 
414.266418 284.332581 
293.997650 166.648270 
525.656311 23.485003 
482.851318 138.122879 
341.178802 454.763367 
415.056274 196.148010 
205.374146 28.169188 
339.746918 99.105453 
525.561584 389.746643 
548.483582 381.261902 
267.017334 255.890381 
628.054871 383.910492 
343.495544 66.942207 
563.008423 224.626389 
96.106384 340.976898 
199.926132 53.075214 
151.960953 329.762512 
265.636017 23.323969 
125.884506 28.870022 
477.652985 73.171997 
86.934692 382.674316 
580.894348 405.065979 
530.254150 424.926056 
444.871674 438.340607 
613.768677 395.373718 
256.350769 167.129364 
551.610840 35.018208 
620.111938 37.905781 
638.198242 424.563507 
548.045288 279.805847 
228.758789 42.004807 
235.518723 409.074768 
303.982880 338.587036 
55.728069 284.516815 
564.015442 213.955017 
545.533813 390.811584 
577.156494 206.275360 
368.853149 9.877748 
325.877472 106.156822 
17.203920 36.336914 
270.946472 168.245819 
539.006897 395.265747 
540.893494 260.679596 
250.371292 252.506027 
565.192505 203.648315 
467.954071 304.968506 
343.898895 320.510315 
31.629978 53.687557 
312.030518 275.681335 
582.508545 216.796677 
160.148987 61.611122 
340.109741 145.390625 
211.914154 31.857212 
464.767517 96.803673 
419.730865 38.871349 
187.864365 67.971695 
142.568054 28.973503 
245.316254 303.749756 
229.710663 148.721466 
133.826065 52.921879 
178.128632 8.987839 
563.935120 213.011795 
249.680603 449.066010 
589.620728 206.136749 
177.187897 17.180681 
11.944784 10.489051 
614.685852 120.969620 
442.441864 95.898087 
394.599670 435.663696 
325.678619 44.304089 
121.501808 249.051392 
48.402557 31.542177 
360.747375 469.759949 
148.547501 360.820221 
165.026718 265.080872 
153.396606 272.243317 
372.589020 447.451080 
230.258636 224.608429 
576.064758 88.612831 
240.819870 58.178123 
552.215942 88.885605 
243.407394 231.034546 
176.039841 44.231174 
600.168030 33.186108 
405.996552 78.335083 
565.744995 433.443512 
173.411591 52.407471 
603.853088 42.356564 
552.068542 22.911535 
304.050201 17.757742 
548.483032 45.778931 
52.506454 92.577232 
416.983948 62.595627 
62.566452 199.427933 
245.832123 195.033859 
153.400711 240.441544 
180.998383 383.178558 
90.727585 120.509560 
60.530102 195.955215 
498.827667 93.074371 
220.000839 450.376404 
521.143677 178.081146 
63.185898 43.467686 
581.103699 22.649046 
99.341080 115.497177 
76.924744 32.767548 
94.808235 329.913269 
602.494629 323.116791 
604.546509 223.944397 
305.046173 125.080055 
607.008484 406.744537 
342.212250 397.537903 
260.791840 440.483429 
231.023010 9.195437 
134.526306 13.761770 
433.794647 160.100418 
225.452484 110.347847 
325.808197 472.937225 
372.649628 432.873383 
207.408310 134.288239 
428.953308 57.932091 
224.434677 265.098755 
214.806061 229.459488 
82.562820 143.727310 
624.333862 180.248291 
595.090515 37.105232 
564.730164 94.248688 
201.529617 397.285950 
526.477356 321.865021 
142.295715 304.936218 
146.706985 309.406647 
331.752075 468.247284 
288.824890 21.128325 
73.946022 351.352020 
467.394440 166.884384 
217.589035 12.878469 
173.759048 141.456680 
586.164246 308.701111 
270.380127 267.768738 
506.782867 79.370735 
499.898224 248.540085 
454.412445 109.779198 
4.076043 276.979675 
47.988625 402.109131 
108.616806 63.054550 
426.938843 75.606560 
375.855469 215.414108 
242.784821 212.046616 
241.954437 286.684052 
573.906128 102.862396 
403.888580 156.500443 
512.713745 115.146095 
142.295715 304.936218 
42.349983 127.511238 
228.685623 172.957336 
300.048096 50.971291 
77.381180 124.181740 
156.137115 115.130814 
451.222168 30.377771 
83.797852 408.128754 
130.204514 283.990875 
188.650787 232.106323 
428.013519 66.533340 
298.487854 59.758518 
541.780884 107.862358 
45.065529 46.348652 
68.910751 153.924728 
461.136475 54.043339 
239.602753 270.295532 
631.307007 25.383198 
18.362957 399.823486 
263.983185 47.014496 
278.692810 69.524666 
625.123413 318.502869 
617.566406 447.184631 
221.568573 458.275635 
230.831482 73.236099 
439.425171 96.015877 
175.825439 118.854759 
305.105560 304.441986 
407.992004 31.800695 
156.969452 244.779617 
338.932281 388.840637 
598.651855 284.006256 
222.510452 468.870728 
617.483765 235.087418 
332.467163 241.385422 
363.084290 189.981903 
218.191650 221.605988 
165.034637 348.064606 
110.483734 25.158562 
576.251160 119.748306 
100.007103 300.146484 
88.584457 435.961182 
55.905144 388.924377 
317.184692 12.117730 
561.177734 295.940094 
436.803894 347.112183 
20.486204 247.751022 
581.347290 471.603149 
150.451294 54.730022 
566.005127 90.153114 
263.983185 47.014496 
55.902077 275.829224 
157.082153 261.148499 
75.163170 351.905975 
507.381989 428.133240 
300.048096 50.971291 
453.370453 14.398612 
257.355255 57.348648 
152.669144 339.289948 
552.894836 147.700409 
452.840698 91.307274 
520.184326 67.484917 
65.783714 260.742004 
65.193604 269.870300 
206.241241 323.442169 
183.078735 171.010345 
254.129013 39.393581 
132.250290 206.170425 
293.997650 166.648270 
437.699371 30.010830 
593.116638 435.925629 
609.369568 309.128235 
25.134827 128.115509 
297.782410 77.937447 
360.476990 243.576385 
537.779358 152.987442 
276.264282 29.247309 
295.326080 261.002502 
422.206879 54.446461 
57.179424 255.410812 
148.709091 103.114609 
142.060410 163.015915 
382.868652 24.537916 
627.535767 448.954224 
36.183495 134.502731 
141.290207 308.083160 
579.677368 194.305359 
74.328346 104.495834 
271.280060 83.150208 
615.046082 175.384384 
448.691284 101.511475 
528.958008 80.368370 
263.850494 412.980988 
120.441399 124.223648 
606.555725 132.588501 
329.847656 269.773071 
524.994751 399.330597 
552.874146 78.501663 
198.730148 296.170685 
298.487854 59.758518 
220.861847 62.117622 
65.948143 6.884023 
568.181641 397.126129 
373.404785 264.417450 
173.098938 127.784958 
83.822487 16.072184 
345.983826 471.860840 
185.499512 394.765564 
280.540253 51.731274 
616.249146 188.629257 
