500
483.483856 301.567749 
463.048767 351.557861 
483.346283 355.973755 
475.028076 273.137238 
470.724945 392.894348 
480.628510 282.221008 
437.283783 284.817566 
513.917542 302.293030 
480.628510 282.221008 
466.060242 354.909546 
521.469177 198.808746 
521.469177 198.808746 
614.840576 55.553123 
614.840576 55.553123 
499.403351 364.863983 
539.910339 226.857346 
432.189514 450.541412 
511.750427 289.893524 
448.640015 244.616272 
406.559875 398.673706 
486.020111 313.959656 
484.139771 378.466370 
468.366455 428.335754 
438.149902 398.284668 
530.587891 98.562660 
573.149902 88.722099 
586.805847 73.154518 
523.733154 176.122849 
445.179199 328.522003 
550.336609 147.271927 
546.003906 96.859123 
551.915161 60.868797 
528.914490 237.047455 
521.907898 136.881271 
484.139771 378.466370 
463.048767 351.557861 
497.769745 293.394745 
577.148987 114.410271 
479.423370 227.526596 
548.530457 190.778244 
449.828369 360.905029 
476.752075 299.720123 
577.148987 114.410271 
455.503723 283.371643 
586.805847 73.154518 
540.194336 87.222122 
422.459625 302.981934 
539.043213 102.641769 
530.335388 73.581947 
491.206024 341.866608 
241.933014 117.975990 
543.604797 251.284195 
538.212097 80.103836 
543.604797 251.284195 
444.699860 234.993744 
423.982971 372.125122 
461.762604 397.819275 
583.222717 81.512268 
537.391846 265.701630 
484.579926 242.047806 
490.839142 407.689972 
530.080383 19.461887 
449.278015 320.049561 
253.067368 236.912598 
330.436493 88.757378 
421.591736 257.528320 
358.848541 376.059143 
476.066254 355.512054 
425.988159 405.765015 
449.278015 320.049561 
200.833694 262.434143 
132.119949 147.673874 
316.774323 77.235863 
260.755768 232.380646 
267.943909 236.340103 
422.459625 302.981934 
465.803375 114.401009 
583.222717 81.512268 
264.214142 250.576599 
439.963898 91.194504 
390.709076 447.495148 
302.738983 185.742691 
489.777771 461.903442 
370.031219 433.625336 
374.230438 405.972565 
208.708130 149.221222 
481.103943 85.827332 
337.343842 202.970490 
337.841827 129.544662 
352.927948 445.813843 
455.377533 344.786926 
431.440826 101.827492 
253.486923 331.935089 
486.020111 313.959656 
414.150787 40.197327 
584.927307 76.402519 
160.874527 170.345398 
370.031219 433.625336 
530.080383 19.461887 
326.402863 121.966904 
565.111145 52.715473 
309.464691 86.889267 
331.974426 75.816666 
208.023758 124.908569 
584.927307 76.402519 
435.119690 74.049896 
340.955841 168.967422 
231.607254 434.624542 
260.947205 259.459991 
416.214935 104.435524 
262.063293 219.182495 
363.847626 90.567101 
449.710327 465.655457 
102.399628 286.243652 
255.001877 153.551392 
175.706009 125.836365 
534.640076 12.134404 
254.529266 217.863098 
477.796906 92.013222 
231.607254 434.624542 
383.152954 320.654358 
530.080383 19.461887 
442.616272 106.817307 
560.263062 128.570435 
214.939606 263.807587 
421.106842 253.502991 
164.090378 159.009171 
151.130600 158.346237 
137.904129 107.414841 
246.117874 232.153564 
244.136520 158.919281 
238.537003 295.794769 
340.402985 394.466370 
162.377701 197.344513 
250.408295 271.914459 
530.080383 19.461887 
327.901672 63.322948 
443.046051 23.122831 
530.080383 19.461887 
132.119949 147.673874 
296.072205 17.597158 
262.063293 219.182495 
574.286438 28.093697 
548.716797 213.404007 
154.685501 174.659668 
530.080383 19.461887 
363.847626 90.567101 
102.457397 285.945770 
216.906769 46.879265 
255.929153 379.442047 
98.175789 272.599365 
399.929810 258.623749 
314.942902 469.658203 
565.111145 52.715473 
410.794586 467.601349 
133.415390 156.165024 
439.673584 28.045877 
324.880951 228.490051 
202.430176 36.984364 
445.668060 426.955048 
530.080383 19.461887 
208.708130 149.221222 
266.347290 134.200684 
274.882416 317.942322 
349.825867 435.278534 
387.559113 131.359604 
98.175789 272.599365 
359.827240 142.835770 
511.587616 127.252884 
336.840393 212.944794 
316.519531 183.703064 
251.853546 307.559784 
102.399628 286.243652 
274.040070 259.916534 
349.098877 259.548553 
205.647476 106.812904 
279.091064 302.559784 
264.240692 419.735626 
216.430313 34.082191 
459.211945 473.443359 
137.904129 107.414841 
514.130798 120.602058 
164.090378 159.009171 
511.587616 127.252884 
130.694611 179.842255 
285.086456 182.406677 
530.080383 19.461887 
530.587891 98.562660 
202.430176 36.984364 
316.774323 77.235863 
463.048767 351.557861 
260.297668 373.035187 
203.267334 307.763824 
511.587616 127.252884 
406.699707 309.389038 
444.699860 234.993744 
300.039062 468.780609 
406.699707 309.389038 
511.587616 127.252884 
149.994583 143.669739 
184.689590 98.364449 
410.806732 135.103577 
342.972687 446.063568 
123.419418 152.120773 
165.622284 43.694695 
216.430313 34.082191 
530.080383 19.461887 
426.909760 310.133545 
405.505463 280.943207 
530.335388 73.581947 
280.899994 224.906570 
296.072205 17.597158 
102.399628 286.243652 
149.807983 164.167877 
530.335388 73.581947 
373.489746 388.717163 
373.489746 388.717163 
530.080383 19.461887 
100.580170 276.064056 
159.868622 132.700348 
212.247833 99.229935 
615.635376 31.216057 
437.283783 284.817566 
426.909760 310.133545 
511.587616 127.252884 
249.288361 445.888428 
307.007782 310.277710 
439.673584 28.045877 
230.063522 215.155670 
489.777771 461.903442 
538.212097 80.103836 
206.388000 213.453568 
607.432678 50.925453 
391.605927 165.149673 
318.369843 41.326550 
517.027649 39.034851 
439.673584 28.045877 
449.828369 360.905029 
68.752296 235.482040 
264.302490 44.210659 
102.457397 285.945770 
354.046906 332.045654 
286.638184 64.419464 
216.906769 46.879265 
216.906769 46.879265 
159.138779 192.050476 
517.027649 39.034851 
194.786835 187.227249 
389.759216 296.752808 
440.749664 222.604935 
514.130798 120.602058 
318.647339 293.252594 
591.924072 31.071009 
216.906769 46.879265 
406.699707 309.389038 
243.332397 23.680689 
548.530457 190.778244 
264.302490 44.210659 
121.104866 94.153229 
237.180878 261.429718 
471.992401 134.885040 
432.388000 322.339600 
446.901093 378.849060 
314.942902 469.658203 
347.163696 392.750549 
459.949951 372.012329 
102.399628 286.243652 
244.189804 123.228401 
314.942902 469.658203 
428.853119 122.957367 
161.855011 428.163666 
306.103302 279.134949 
250.043121 173.405762 
280.899994 224.906570 
406.699707 309.389038 
264.302490 44.210659 
574.286438 28.093697 
202.430176 36.984364 
285.086456 182.406677 
260.297668 373.035187 
216.430313 34.082191 
388.977875 343.136627 
406.699707 309.389038 
534.640076 12.134404 
572.541809 136.327225 
466.060242 354.909546 
405.505463 280.943207 
202.430176 36.984364 
220.329712 295.547821 
264.302490 44.210659 
463.048767 351.557861 
402.648010 246.235626 
216.906769 46.879265 
406.699707 309.389038 
373.120697 373.596283 
406.699707 309.389038 
601.043030 40.049839 
406.699707 309.389038 
284.623993 309.044922 
98.175789 272.599365 
229.531860 272.808350 
530.080383 19.461887 
259.714935 383.735199 
406.699707 309.389038 
314.942902 469.658203 
130.694611 179.842255 
517.027649 39.034851 
54.732868 393.046997 
530.080383 19.461887 
318.832092 421.770935 
102.114304 434.195465 
202.430176 36.984364 
421.591736 257.528320 
289.465698 394.989716 
517.027649 39.034851 
159.705566 206.109619 
299.023926 99.932152 
530.080383 19.461887 
383.152954 320.654358 
204.439301 294.615936 
513.917542 302.293030 
432.388000 322.339600 
574.286438 28.093697 
349.098877 259.548553 
91.270973 245.759735 
216.906769 46.879265 
511.587616 127.252884 
455.377533 344.786926 
432.388000 322.339600 
316.774323 77.235863 
130.694611 179.842255 
165.622284 43.694695 
432.388000 322.339600 
254.424423 109.776947 
511.587616 127.252884 
448.640015 244.616272 
584.927307 76.402519 
227.945251 408.034576 
216.906769 46.879265 
432.388000 322.339600 
531.385803 212.286179 
194.994385 313.792419 
243.332397 23.680689 
130.694611 179.842255 
406.699707 309.389038 
538.212097 80.103836 
118.961349 215.948837 
449.278015 320.049561 
137.015945 190.534058 
52.963242 403.726837 
186.239120 259.998291 
186.989136 87.535149 
273.016510 292.610718 
81.564476 380.818665 
250.914261 295.762878 
538.212097 80.103836 
81.564476 380.818665 
475.028076 273.137238 
391.605927 165.149673 
538.212097 80.103836 
166.340805 182.378494 
361.841980 143.829117 
153.280716 189.164230 
295.498627 189.035385 
560.263062 128.570435 
560.263062 128.570435 
530.080383 19.461887 
389.759216 296.752808 
439.673584 28.045877 
455.066559 167.791534 
300.068207 45.862209 
54.732868 393.046997 
186.262466 76.397537 
383.152954 320.654358 
160.874527 170.345398 
262.410187 110.989822 
583.222717 81.512268 
100.580170 276.064056 
484.593872 416.938599 
290.075348 205.030365 
264.302490 44.210659 
309.274078 338.236542 
166.340805 182.378494 
337.343842 202.970490 
511.750427 289.893524 
266.347290 134.200684 
387.404053 73.795074 
422.459625 302.981934 
273.203156 334.831543 
501.796570 377.375854 
438.149902 398.284668 
194.994385 313.792419 
389.759216 296.752808 
477.263611 369.678925 
449.828369 360.905029 
466.060242 354.909546 
244.136520 158.919281 
421.591736 257.528320 
216.430313 34.082191 
432.388000 322.339600 
266.728302 303.015106 
309.464691 86.889267 
369.445587 344.697540 
545.316345 243.067505 
137.437866 168.382614 
449.278015 320.049561 
244.189804 123.228401 
184.689590 98.364449 
292.498505 408.526184 
318.369843 41.326550 
166.340805 182.378494 
265.466736 174.950638 
437.283783 284.817566 
583.222717 81.512268 
54.732868 393.046997 
591.924072 31.071009 
266.347290 134.200684 
497.769745 293.394745 
160.874527 170.345398 
313.808350 66.924713 
202.534149 25.238342 
137.904129 107.414841 
534.640076 12.134404 
466.605103 310.792542 
232.835800 69.388474 
254.529266 217.863098 
186.262466 76.397537 
243.332397 23.680689 
244.189804 123.228401 
141.427994 404.700897 
295.684265 189.138123 
517.027649 39.034851 
202.430176 36.984364 
475.028076 273.137238 
166.340805 182.378494 
421.591736 257.528320 
159.138779 192.050476 
466.605103 310.792542 
501.796570 377.375854 
212.247833 99.229935 
499.403351 364.863983 
454.127045 29.946777 
314.942902 469.658203 
232.835800 69.388474 
216.906769 46.879265 
102.457397 285.945770 
268.840515 134.578751 
350.254883 241.415451 
130.694611 179.842255 
497.769745 293.394745 
477.263611 369.678925 
463.048767 351.557861 
333.004639 331.886780 
216.430313 34.082191 
177.848602 318.869873 
463.048767 351.557861 
560.263062 128.570435 
227.630646 65.970383 
118.726349 253.056244 
425.988159 405.765015 
310.215729 103.970963 
243.332397 23.680689 
212.247833 99.229935 
607.432678 50.925453 
530.080383 19.461887 
225.059616 110.878815 
511.750427 289.893524 
132.025177 224.071136 
449.828369 360.905029 
329.821533 270.111816 
159.314621 329.801575 
294.812988 446.738495 
571.424500 80.690994 
538.212097 80.103836 
421.591736 257.528320 
513.917542 302.293030 
82.713356 439.928467 
499.403351 364.863983 
313.808350 66.924713 
184.689590 98.364449 
322.776672 83.767151 
81.564476 380.818665 
513.917542 302.293030 
614.840576 55.553123 
449.828369 360.905029 
98.175789 272.599365 
466.605103 310.792542 
266.347290 134.200684 
466.605103 310.792542 
91.270973 245.759735 
39.395546 387.544006 
383.152954 320.654358 
449.278015 320.049561 
91.270973 245.759735 
245.396240 304.257965 
255.740707 400.626953 
216.906769 46.879265 
468.366455 428.335754 
54.732868 393.046997 
162.377701 197.344513 
