500
133.990875 168.871582 
88.106995 442.408508 
88.106995 442.408508 
154.475952 226.980179 
139.066803 154.101868 
129.008469 314.490387 
141.184250 80.485611 
122.147087 224.353699 
187.048981 252.179916 
164.611465 75.283020 
154.475952 226.980179 
134.398605 131.972946 
97.130203 432.922455 
181.255402 174.664062 
165.082504 279.500397 
171.118393 143.316849 
117.955917 211.819336 
129.008469 314.490387 
134.398605 131.972946 
183.020477 115.307976 
173.117813 52.097275 
203.743408 78.085358 
206.770340 99.028931 
168.640182 159.757172 
199.731720 18.456453 
101.423065 252.676483 
169.254257 138.209106 
156.080093 152.982346 
122.045013 420.033661 
103.784019 327.748474 
128.062836 413.485291 
192.266510 258.262146 
135.408463 217.958435 
145.146530 115.397263 
122.732880 104.424019 
115.209824 278.966125 
178.943542 220.841385 
179.067596 79.892082 
191.222321 31.501705 
178.410721 183.853043 
178.410721 183.853043 
186.470459 95.382362 
153.040543 40.542419 
155.214417 208.658493 
197.109772 215.891968 
141.640808 440.361603 
198.002716 27.700150 
97.628792 268.352600 
88.914993 407.861023 
341.727112 412.244476 
418.678894 345.435394 
97.628792 268.352600 
386.314209 231.299179 
88.914993 407.861023 
152.709656 108.444336 
302.463074 395.232178 
129.707626 428.854187 
130.548416 338.577454 
351.374695 399.814728 
356.865234 388.344360 
202.122757 11.800490 
138.376389 243.258438 
307.966339 421.486145 
237.623795 57.673191 
198.155838 267.237061 
433.698792 197.196426 
237.623795 57.673191 
227.639618 407.563934 
261.939880 453.193787 
143.629898 303.000336 
252.059052 43.079842 
233.920944 394.830597 
488.645264 281.278259 
170.592392 257.664734 
157.461472 266.737823 
505.355408 262.952209 
445.137909 309.931305 
545.889221 324.091797 
214.085495 48.149014 
188.009796 419.605377 
369.073090 137.944550 
309.305481 279.231506 
499.992767 291.508667 
336.734222 403.848083 
87.459183 446.902618 
202.122757 11.800490 
237.719910 85.498627 
333.943268 357.369659 
338.327972 326.863495 
375.360596 210.096115 
133.593903 433.824768 
399.024597 314.076508 
238.727936 469.585388 
87.459183 446.902618 
356.865234 388.344360 
373.228271 33.014622 
273.275574 91.231392 
482.269531 325.556549 
521.282837 298.269897 
499.992767 291.508667 
404.362885 329.524048 
249.455154 389.833710 
419.274261 198.238342 
243.614212 171.474945 
284.876892 12.720759 
373.228271 33.014622 
99.650970 305.631134 
343.288727 414.906433 
102.740685 391.372223 
511.031311 265.422424 
494.172760 275.878571 
383.309326 196.526886 
273.509338 314.137604 
390.586792 170.716751 
487.582397 292.407349 
391.671814 334.827118 
355.578644 98.587563 
521.282837 298.269897 
504.194580 305.210907 
450.063904 333.893524 
302.463074 395.232178 
222.384476 392.172638 
470.101440 419.361328 
194.686874 137.708420 
190.784470 413.103027 
180.974609 282.156708 
522.058228 338.734100 
356.865234 388.344360 
381.676910 455.051483 
410.642181 276.823853 
206.318954 232.182892 
256.723816 53.009537 
317.443054 42.444519 
297.209564 342.486969 
481.069550 254.218826 
528.930298 166.085068 
357.667328 217.347137 
484.858612 264.206665 
308.079346 269.751404 
237.492691 235.476318 
520.966248 306.646973 
237.561371 172.956589 
237.561371 172.956589 
143.351318 196.640060 
375.380615 161.601776 
458.089111 424.859955 
455.359802 412.539215 
202.498215 189.641022 
272.318634 358.809418 
237.561371 172.956589 
521.566101 156.417496 
364.719971 467.314636 
264.207001 98.829865 
356.384125 165.871368 
465.604614 253.178360 
351.201263 155.405975 
111.272041 466.827118 
222.510452 187.529572 
273.509338 314.137604 
222.510452 187.529572 
522.755615 456.245331 
503.287811 146.205765 
304.859039 289.033875 
111.272041 466.827118 
188.009796 419.605377 
176.372864 104.750389 
408.531128 306.816498 
343.066925 53.726948 
61.674873 472.599243 
445.137909 309.931305 
236.573715 144.072021 
522.188965 436.397919 
364.719971 467.314636 
458.089111 424.859955 
351.374695 399.814728 
361.222626 278.970490 
253.557877 138.193726 
180.974609 282.156708 
253.557877 138.193726 
222.510452 187.529572 
168.766357 125.170326 
222.510452 187.529572 
455.359802 412.539215 
222.510452 187.529572 
470.101440 419.361328 
222.510452 187.529572 
455.359802 412.539215 
403.594513 368.978455 
215.276535 194.397141 
359.191986 406.558136 
381.676910 455.051483 
400.967407 293.289856 
287.067780 225.735107 
458.089111 424.859955 
228.568665 214.555679 
237.561371 172.956589 
522.058228 338.734100 
364.541962 290.535309 
61.674873 472.599243 
458.089111 424.859955 
349.348541 75.276314 
393.406860 234.210739 
349.637146 85.479774 
478.615051 199.143173 
141.640808 440.361603 
261.532013 41.122429 
364.541962 290.535309 
355.920837 436.006775 
141.640808 440.361603 
284.012115 362.543304 
484.858612 264.206665 
355.578644 98.587563 
237.561371 172.956589 
253.557877 138.193726 
370.872772 235.503448 
484.858612 264.206665 
91.025902 169.613785 
273.509338 314.137604 
202.498215 189.641022 
238.727936 469.585388 
487.582397 292.407349 
202.498215 189.641022 
450.586853 360.072662 
360.704712 246.694168 
413.329926 248.906372 
180.974609 282.156708 
262.336456 326.277161 
388.785034 250.728180 
361.222626 278.970490 
501.229034 285.424683 
365.118500 76.837082 
202.498215 189.641022 
391.671814 334.827118 
472.598999 446.529266 
472.598999 446.529266 
568.236694 201.264313 
326.622803 199.218521 
442.882599 145.087021 
238.727936 469.585388 
357.179230 179.653778 
398.609283 203.881546 
299.969055 11.427320 
557.885803 255.037521 
238.727936 469.585388 
241.407700 196.244995 
289.179901 54.642132 
222.510452 187.529572 
206.318954 232.182892 
517.571106 290.514221 
273.509338 314.137604 
180.974609 282.156708 
441.411041 419.523315 
237.561371 172.956589 
412.055328 116.747261 
528.930298 166.085068 
273.509338 314.137604 
312.177032 186.824890 
141.640808 440.361603 
436.549072 246.216919 
236.674393 362.152527 
455.359802 412.539215 
356.865234 388.344360 
320.869568 168.576248 
222.510452 187.529572 
455.359802 412.539215 
355.578644 98.587563 
458.089111 424.859955 
273.509338 314.137604 
253.557877 138.193726 
269.179108 10.635242 
229.967926 184.784698 
266.693451 94.388550 
503.287811 146.205765 
451.891754 270.108612 
554.616028 43.102501 
222.510452 187.529572 
222.510452 187.529572 
233.722290 373.581238 
458.089111 424.859955 
455.359802 412.539215 
103.784019 327.748474 
141.992249 477.101837 
171.118393 143.316849 
237.561371 172.956589 
273.509338 314.137604 
225.081787 217.049210 
194.479828 178.895844 
222.510452 187.529572 
222.510452 187.529572 
472.598999 446.529266 
484.858612 264.206665 
222.510452 187.529572 
430.038879 347.801453 
141.992249 477.101837 
273.509338 314.137604 
480.117645 40.269802 
222.510452 187.529572 
156.080093 152.982346 
362.344269 390.242432 
237.361267 248.310013 
458.089111 424.859955 
196.202545 243.082123 
455.359802 412.539215 
168.640182 159.757172 
342.778931 166.004944 
253.557877 138.193726 
270.560913 155.391495 
528.930298 166.085068 
196.202545 243.082123 
122.147087 224.353699 
253.557877 138.193726 
503.287811 146.205765 
470.101440 419.361328 
222.510452 187.529572 
236.573715 144.072021 
431.938904 314.164795 
403.305847 191.906693 
229.967926 184.784698 
470.101440 419.361328 
273.509338 314.137604 
212.804077 238.718353 
180.974609 282.156708 
180.974609 282.156708 
438.138367 419.732300 
309.305481 279.231506 
202.498215 189.641022 
222.510452 187.529572 
66.645554 454.207825 
289.179901 54.642132 
194.479828 178.895844 
470.101440 419.361328 
360.704712 246.694168 
147.378876 219.368210 
570.387756 45.696011 
522.499878 228.603806 
176.953308 135.107010 
364.952637 374.754700 
487.368347 455.179199 
560.858643 43.065800 
253.557877 138.193726 
481.111420 257.386658 
194.479828 178.895844 
287.067780 225.735107 
117.955917 211.819336 
480.117645 40.269802 
178.410721 183.853043 
472.598999 446.529266 
455.359802 412.539215 
200.346222 333.466644 
190.626450 270.572052 
141.640808 440.361603 
111.272041 466.827118 
378.408356 173.176880 
117.164841 136.710693 
407.950256 355.689728 
441.411041 419.523315 
470.101440 419.361328 
375.189178 291.219025 
206.151520 181.264877 
141.640808 440.361603 
251.825348 219.984222 
143.351318 196.640060 
365.118500 76.837082 
452.812195 452.586884 
441.112152 345.089325 
222.510452 187.529572 
554.616028 43.102501 
528.930298 166.085068 
143.351318 196.640060 
103.784019 327.748474 
391.671814 334.827118 
528.849792 292.561890 
360.405243 161.128647 
407.950256 355.689728 
313.166199 141.298111 
178.410721 183.853043 
178.410721 183.853043 
262.336456 326.277161 
381.290894 58.430489 
509.569489 321.007446 
554.616028 43.102501 
295.747284 341.868408 
84.532043 394.384247 
492.639801 260.904510 
530.552429 59.843712 
116.677002 302.933929 
203.743408 78.085358 
526.494751 190.982803 
412.414825 336.307526 
238.727936 469.585388 
122.147087 224.353699 
102.740685 391.372223 
102.740685 391.372223 
143.629898 303.000336 
488.645264 281.278259 
164.611465 75.283020 
496.593750 467.723053 
143.351318 196.640060 
568.236694 201.264313 
447.288574 196.532990 
355.920837 436.006775 
208.755173 222.818954 
323.290771 82.008949 
455.359802 412.539215 
471.219757 456.263367 
253.230881 145.115540 
479.728302 377.826599 
309.923859 45.403763 
351.374695 399.814728 
139.066803 154.101868 
460.141388 370.360992 
194.479828 178.895844 
180.974609 282.156708 
373.238037 428.012177 
484.858612 264.206665 
272.030121 393.846161 
206.318954 232.182892 
253.557877 138.193726 
241.407700 196.244995 
304.859039 289.033875 
554.616028 43.102501 
493.878754 156.621201 
234.711288 149.113373 
349.687958 138.475266 
528.930298 166.085068 
359.191986 406.558136 
472.598999 446.529266 
288.156860 158.153366 
458.089111 424.859955 
435.308502 392.745361 
203.743408 78.085358 
164.611465 75.283020 
106.449387 59.072815 
430.038879 347.801453 
479.728302 377.826599 
493.273346 435.552795 
171.118393 143.316849 
355.390411 268.216431 
559.610413 19.340157 
289.764709 244.061356 
289.179901 54.642132 
341.727112 412.244476 
431.938904 314.164795 
248.269897 359.975159 
197.109772 215.891968 
438.138367 419.732300 
452.812195 452.586884 
111.272041 466.827118 
350.160675 462.269257 
484.858612 264.206665 
88.106995 442.408508 
122.147087 224.353699 
129.707626 428.854187 
435.748199 322.313324 
308.079346 269.751404 
450.586853 360.072662 
361.082611 168.531342 
143.629898 303.000336 
359.191986 406.558136 
391.671814 334.827118 
351.417999 138.607895 
284.876892 12.720759 
229.967926 184.784698 
450.586853 360.072662 
482.815369 245.456818 
376.929901 132.769058 
155.214417 208.658493 
272.030121 393.846161 
430.038879 347.801453 
111.272041 466.827118 
273.509338 314.137604 
388.785034 250.728180 
261.581116 7.946872 
339.414825 178.751236 
398.284668 224.814682 
402.305847 205.111252 
304.936249 211.965118 
470.101440 419.361328 
480.117645 40.269802 
373.228271 33.014622 
225.629807 19.152445 
130.548416 338.577454 
141.992249 477.101837 
194.479828 178.895844 
430.038879 347.801453 
577.857178 31.274254 
352.819397 285.873322 
178.410721 183.853043 
273.509338 314.137604 
532.157593 149.229584 
364.719971 467.314636 
522.188965 436.397919 
482.815369 245.456818 
482.118622 220.408249 
141.184250 80.485611 
412.414825 336.307526 
509.569489 321.007446 
479.728302 377.826599 
353.635498 371.819702 
458.089111 424.859955 
