500
169.202087 170.517593 
169.848129 150.710297 
169.202087 170.517593 
212.039551 175.725677 
233.880600 76.435310 
266.032074 47.979355 
54.956909 329.821442 
139.970123 144.778900 
77.238831 291.036163 
191.103836 205.868179 
169.027252 109.993301 
206.299667 138.749207 
44.607208 344.786896 
139.606079 157.366974 
108.417145 267.083618 
213.276764 98.214310 
206.299667 138.749207 
145.811737 131.752396 
33.079613 350.527313 
209.664902 203.227524 
195.858398 102.014381 
86.364082 248.700409 
76.502350 351.941132 
182.429352 74.634499 
110.360497 177.164520 
241.932587 41.402321 
94.964325 367.349884 
77.790894 359.505371 
68.574783 426.921234 
114.040367 245.776184 
114.040367 245.776184 
72.350502 341.445007 
212.326447 131.005737 
154.215912 156.082153 
80.726006 337.243042 
231.220078 64.121292 
138.313309 172.519684 
175.940964 153.794815 
160.975098 224.057419 
182.429352 74.634499 
101.899811 189.974533 
101.899811 189.974533 
83.769096 367.129272 
193.946167 173.833252 
33.079613 350.527313 
158.154129 209.783707 
198.832870 105.406708 
30.602072 355.232391 
246.417618 13.046353 
45.039162 318.840240 
30.602072 355.232391 
197.339111 62.425022 
207.609009 60.307957 
230.499405 31.645845 
385.332397 254.548340 
283.442291 387.008270 
441.156769 238.718353 
103.830154 305.945831 
250.576279 379.745392 
194.251602 212.862259 
196.193390 223.870255 
193.957535 354.809570 
327.730713 296.214447 
295.081238 400.803650 
154.736832 338.462738 
344.289429 302.486664 
222.805740 205.452301 
413.690094 348.162231 
205.373474 112.325539 
464.391174 336.258026 
179.195267 97.586662 
164.872192 86.261719 
250.576279 379.745392 
186.131638 356.168243 
442.945404 377.148346 
376.984436 257.900696 
304.352966 40.591503 
295.619049 66.898476 
485.777008 324.420624 
382.126251 230.676620 
296.598969 273.462921 
134.574738 363.703369 
176.010590 366.273621 
471.717407 349.824615 
368.564606 353.022675 
504.073608 396.397491 
279.522766 399.654663 
401.319946 160.739532 
132.534256 239.022202 
46.276669 381.835815 
91.270615 441.746185 
488.943207 363.620239 
304.352966 40.591503 
283.309906 345.949249 
293.488922 355.407776 
177.738388 383.160797 
169.659439 137.817215 
488.943207 363.620239 
440.766052 63.807331 
201.836563 356.855194 
470.998108 364.247162 
380.547363 273.194489 
68.574783 426.921234 
410.011536 199.152359 
95.697662 284.134491 
427.589935 234.818924 
387.677246 357.223602 
73.769707 421.598175 
440.766052 63.807331 
271.817352 149.408813 
282.054108 412.318817 
222.668854 209.232498 
68.574783 426.921234 
68.574783 426.921234 
64.289780 307.828827 
413.690094 348.162231 
394.184479 220.626816 
327.050385 84.029648 
251.147202 122.031708 
407.227051 113.991669 
410.224457 372.712982 
250.934952 293.943726 
459.613342 346.652527 
169.659439 137.817215 
247.923706 180.303421 
68.574783 426.921234 
448.334351 194.364624 
391.349518 259.974457 
176.247101 349.785004 
206.464325 28.605927 
468.363251 310.073792 
294.539124 215.759903 
495.269196 331.700806 
476.166962 402.154205 
175.076462 231.907547 
134.574738 363.703369 
316.496399 87.751007 
401.837891 119.345474 
215.832855 194.012054 
324.668457 42.613377 
400.027130 347.754181 
298.682983 263.587372 
77.790894 359.505371 
362.740479 231.121155 
234.501343 335.314667 
369.067291 230.687317 
474.690277 344.333527 
364.828064 14.437976 
466.928223 319.444763 
371.220093 185.514435 
244.041794 207.578781 
246.596313 156.735519 
541.026917 241.363907 
68.574783 426.921234 
541.026917 241.363907 
46.276669 381.835815 
398.905884 185.381195 
284.864258 468.492676 
368.621399 337.066864 
250.934952 293.943726 
68.574783 426.921234 
226.781616 152.728470 
405.844910 72.882690 
264.510895 329.095581 
68.574783 426.921234 
107.732887 324.409241 
287.076508 421.146820 
107.732887 324.409241 
243.949936 342.551819 
465.297363 311.238922 
289.039673 280.804108 
388.271729 448.576447 
149.757477 446.819550 
107.732887 324.409241 
354.148651 353.376556 
68.574783 426.921234 
68.574783 426.921234 
265.928772 147.915405 
357.207001 466.821533 
369.678162 253.003616 
375.696838 196.230408 
165.261169 428.523438 
295.081238 400.803650 
175.076462 231.907547 
240.222321 156.069000 
284.864258 468.492676 
246.596313 156.735519 
377.915192 318.046692 
286.783508 23.493866 
354.148651 353.376556 
73.769707 421.598175 
192.146042 396.840363 
388.271729 448.576447 
428.433289 404.296082 
165.261169 428.523438 
319.921967 84.673355 
399.441498 459.528381 
73.769707 421.598175 
83.769096 367.129272 
306.232300 434.474640 
292.782837 84.751518 
364.501343 403.882843 
380.334625 332.801910 
355.837250 262.542358 
91.270615 441.746185 
94.964325 367.349884 
94.964325 367.349884 
287.076508 421.146820 
355.837250 262.542358 
250.934952 293.943726 
247.923706 180.303421 
107.732887 324.409241 
333.228943 33.398163 
354.733887 389.703186 
202.519775 323.515137 
314.223236 296.418823 
226.781616 152.728470 
401.785065 397.169739 
483.350769 256.012390 
196.193390 223.870255 
54.956909 329.821442 
488.564178 355.060364 
71.666985 455.543610 
466.928223 319.444763 
107.732887 324.409241 
226.781616 152.728470 
340.359497 204.072571 
261.228333 171.662750 
77.790894 359.505371 
86.364082 248.700409 
68.574783 426.921234 
226.781616 152.728470 
68.574783 426.921234 
466.928223 319.444763 
230.499405 31.645845 
265.928772 147.915405 
386.984894 460.540405 
404.539642 280.256500 
546.311768 273.705841 
223.685822 138.962479 
401.837891 119.345474 
236.514130 301.348969 
68.574783 426.921234 
94.964325 367.349884 
362.459167 379.403870 
524.179688 361.231384 
357.207001 466.821533 
432.004425 326.437927 
231.392990 137.689484 
330.381470 187.915085 
71.666985 455.543610 
504.073608 396.397491 
250.934952 293.943726 
541.026917 241.363907 
459.613342 346.652527 
246.596313 156.735519 
326.272949 48.969650 
215.832855 194.012054 
149.757477 446.819550 
213.276764 98.214310 
399.441498 459.528381 
227.468369 20.303186 
399.441498 459.528381 
414.963989 222.975708 
187.742645 225.182846 
165.261169 428.523438 
550.699402 240.158691 
222.805740 205.452301 
364.501343 403.882843 
246.596313 156.735519 
223.685822 138.962479 
434.119873 313.550018 
83.769096 367.129272 
440.766052 63.807331 
345.074188 172.862656 
54.956909 329.821442 
195.858398 102.014381 
191.567688 336.737305 
16.181732 398.919647 
239.484787 219.702515 
250.934952 293.943726 
608.578247 136.018280 
294.539124 215.759903 
405.019592 233.638840 
139.606079 157.366974 
236.839584 161.604385 
272.456360 459.106537 
107.732887 324.409241 
466.928223 319.444763 
139.970123 144.778900 
246.596313 156.735519 
302.579224 143.607056 
567.769287 86.290970 
443.084137 206.134918 
246.596313 156.735519 
202.270905 200.978394 
246.596313 156.735519 
222.805740 205.452301 
246.596313 156.735519 
187.742645 225.182846 
202.270905 200.978394 
68.574783 426.921234 
237.223663 398.695496 
223.685822 138.962479 
175.076462 231.907547 
50.549778 433.808929 
206.299667 138.749207 
376.979767 92.809235 
376.251648 78.869888 
524.298157 214.844070 
378.172668 171.193253 
388.271729 448.576447 
53.215179 298.123962 
54.956909 329.821442 
175.076462 231.907547 
424.739410 412.856018 
367.082336 178.381256 
205.373474 112.325539 
271.817352 149.408813 
386.819305 460.535431 
246.596313 156.735519 
295.081238 400.803650 
107.732887 324.409241 
246.596313 156.735519 
353.309814 61.207672 
223.685822 138.962479 
362.459167 379.403870 
424.739410 412.856018 
397.741119 197.306854 
404.270966 95.731247 
206.299667 138.749207 
157.014557 363.870270 
250.934952 293.943726 
83.769096 367.129272 
454.783936 242.916672 
474.398529 318.962341 
238.724762 185.962906 
495.269196 331.700806 
157.014557 363.870270 
164.616592 73.320694 
427.526794 286.102631 
86.364082 248.700409 
236.514130 301.348969 
289.039673 280.804108 
46.276669 381.835815 
247.923706 180.303421 
250.934952 293.943726 
362.459167 379.403870 
439.886230 90.529327 
282.655487 110.026489 
222.805740 205.452301 
467.415985 192.485809 
422.928467 424.332428 
608.578247 136.018280 
347.535797 145.275742 
382.607239 154.721832 
107.461746 228.965469 
608.578247 136.018280 
157.014557 363.870270 
46.415485 304.156677 
464.391174 336.258026 
64.289780 307.828827 
64.289780 307.828827 
187.742645 225.182846 
206.299667 138.749207 
222.509384 368.110107 
541.026917 241.363907 
139.606079 157.366974 
177.268387 288.564758 
157.014557 363.870270 
223.685822 138.962479 
272.430786 273.265930 
320.457733 182.464996 
224.794403 391.981323 
401.785065 397.169739 
165.261169 428.523438 
388.271729 448.576447 
132.534256 239.022202 
295.081238 400.803650 
164.872192 86.261719 
380.334625 332.801910 
77.790894 359.505371 
68.574783 426.921234 
261.228333 171.662750 
351.942383 352.352051 
383.460358 187.151321 
546.311768 273.705841 
318.150726 152.445068 
222.509384 368.110107 
546.311768 273.705841 
326.272949 48.969650 
464.391174 336.258026 
608.578247 136.018280 
608.578247 136.018280 
422.928467 424.332428 
343.500763 279.175690 
399.441498 459.528381 
213.276764 98.214310 
261.228333 171.662750 
428.433289 404.296082 
377.200653 53.630825 
222.805740 205.452301 
289.039673 280.804108 
266.032074 47.979355 
495.269196 331.700806 
98.630615 197.939941 
333.952332 153.535797 
388.271729 448.576447 
215.832855 194.012054 
195.858398 102.014381 
425.274719 48.157074 
386.984894 460.540405 
237.223663 398.695496 
466.928223 319.444763 
282.054108 412.318817 
289.079315 128.280792 
362.394470 313.451538 
54.956909 329.821442 
613.510376 137.412445 
206.593506 354.635956 
354.148651 353.376556 
298.682983 263.587372 
187.538559 145.644653 
354.148651 353.376556 
380.547363 273.194489 
271.232391 125.036087 
379.113678 19.543190 
33.079613 350.527313 
231.220078 64.121292 
388.271729 448.576447 
64.542725 457.297699 
46.276669 381.835815 
266.032074 47.979355 
216.348404 202.416733 
209.664902 203.227524 
76.502350 351.941132 
157.014557 363.870270 
323.156525 147.238220 
139.606079 157.366974 
179.195267 97.586662 
264.510895 329.095581 
400.027130 347.754181 
222.509384 368.110107 
495.269196 331.700806 
566.253235 102.065338 
335.260254 294.243927 
399.441498 459.528381 
376.164856 423.401123 
187.538559 145.644653 
265.928772 147.915405 
164.616592 73.320694 
222.805740 205.452301 
64.289780 307.828827 
250.576279 379.745392 
146.978088 120.530823 
132.534256 239.022202 
187.538559 145.644653 
296.598969 273.462921 
132.534256 239.022202 
236.539459 189.781494 
399.441498 459.528381 
68.574783 426.921234 
315.713074 208.662399 
213.276764 98.214310 
487.179443 341.948029 
376.164856 423.401123 
362.459167 379.403870 
588.593079 84.096054 
57.203159 360.873627 
249.925705 50.111431 
364.828064 14.437976 
440.766052 63.807331 
334.157990 450.692078 
175.940964 153.794815 
250.934952 293.943726 
480.023163 277.342499 
461.409576 323.663544 
164.616592 73.320694 
261.228333 171.662750 
198.094406 217.916840 
306.465912 375.028870 
364.501343 403.882843 
546.311768 273.705841 
290.374176 233.212860 
139.970123 144.778900 
95.697662 284.134491 
230.499405 31.645845 
182.429352 74.634499 
637.510986 131.407288 
33.079613 350.527313 
272.430786 273.265930 
353.309814 61.207672 
284.864258 468.492676 
175.076462 231.907547 
422.928467 424.332428 
249.925705 50.111431 
176.247101 349.785004 
637.510986 131.407288 
73.769707 421.598175 
502.305328 287.950287 
