500
430.800293 375.292908 
461.338745 353.861572 
387.358246 408.431885 
387.358246 408.431885 
426.677643 387.078217 
514.600281 305.017456 
403.480438 422.099670 
438.153961 356.675201 
456.630768 391.391296 
345.179077 423.075012 
446.332123 401.248016 
392.335999 374.040649 
388.994324 412.024414 
514.600281 305.017456 
429.271973 308.263367 
501.765869 341.748444 
528.392456 286.699524 
461.069305 379.057587 
438.153961 356.675201 
304.839691 439.149933 
586.382568 218.425049 
508.102783 361.405548 
417.029694 413.940643 
619.882080 150.240112 
372.349060 409.893829 
495.348755 370.732635 
488.613312 369.008942 
467.615906 365.776184 
508.102783 361.405548 
546.563538 251.283401 
316.165924 420.789032 
413.277832 437.737427 
542.440186 311.664948 
589.108948 210.664688 
392.335999 374.040649 
343.621552 435.531921 
425.914795 370.168091 
361.913818 424.569489 
363.577484 448.130280 
585.051941 201.268585 
517.118530 338.613129 
495.842468 305.378510 
263.670685 203.956146 
404.956116 113.987915 
374.893524 448.569519 
539.476074 234.175323 
433.058594 132.314392 
430.580475 297.944824 
614.546265 235.701675 
587.530945 229.164444 
416.043427 345.160828 
392.539062 442.577118 
433.058594 132.314392 
205.714737 199.355743 
462.053375 323.579895 
285.618774 377.016937 
398.343689 97.516663 
612.857300 154.047668 
313.360046 117.206169 
386.567535 102.577614 
258.723511 227.166031 
269.121552 106.176292 
509.764709 204.115479 
498.442963 171.005478 
277.876160 454.836395 
284.076355 410.829346 
353.343719 216.678604 
410.520844 143.722565 
251.907486 69.198158 
349.593964 399.010376 
324.990936 453.384277 
399.486755 305.641327 
216.438934 286.450409 
384.426178 141.147324 
392.539062 442.577118 
399.774536 337.742065 
192.985214 102.847511 
259.886292 196.301865 
426.677643 387.078217 
245.636017 434.798462 
412.796448 103.622673 
366.361664 94.358154 
390.586029 152.983963 
410.520844 143.722565 
294.642517 132.072464 
343.842438 405.907288 
361.976776 162.251144 
243.590988 232.671448 
377.647064 422.328491 
383.101898 47.931744 
502.651459 154.189423 
280.172729 192.946793 
536.389893 187.327362 
307.388885 132.462311 
194.646622 393.946808 
527.437683 249.063324 
583.569336 263.969574 
146.215485 364.161530 
201.792587 325.385162 
536.389893 187.327362 
545.996033 274.987152 
410.743958 35.091743 
110.778709 155.696289 
438.919067 293.228394 
203.455734 66.194061 
221.456467 247.672394 
200.704742 436.608246 
146.215485 364.161530 
470.761749 171.123627 
334.514496 341.448944 
619.882080 150.240112 
319.081116 172.483322 
220.739212 72.100426 
493.138489 185.283096 
194.860703 328.538147 
203.455734 66.194061 
619.882080 150.240112 
280.172729 192.946793 
266.926849 432.801117 
325.522766 121.410217 
414.506378 91.089851 
216.940750 208.189835 
217.006302 99.982185 
625.555054 200.364975 
228.699112 33.973351 
627.512146 234.026260 
329.553406 232.788757 
259.918610 384.313690 
247.924454 423.935333 
235.167984 67.399246 
200.419159 74.197021 
521.813477 123.013069 
400.801849 302.291809 
539.476074 234.175323 
486.072174 125.051178 
403.286865 213.208130 
521.219238 78.262306 
183.939987 239.126221 
225.712433 92.357605 
529.072876 54.948448 
277.122253 211.035980 
452.942200 297.524597 
530.966492 331.242859 
379.500122 295.598633 
195.939301 453.493408 
204.996109 124.553627 
269.121552 106.176292 
280.901581 84.372353 
619.882080 150.240112 
401.705780 319.176086 
339.598969 344.805237 
477.222565 175.288406 
244.332275 119.729988 
529.777405 116.303123 
110.778709 155.696289 
403.047729 175.505829 
386.567535 102.577614 
539.476074 234.175323 
360.681427 343.146057 
209.040436 114.941216 
450.944550 194.765350 
227.119141 264.535370 
625.555054 200.364975 
403.286865 213.208130 
182.021027 450.212494 
194.848557 469.343628 
619.882080 150.240112 
270.947510 231.035782 
339.598969 344.805237 
182.069717 367.630707 
335.643829 271.758362 
521.813477 123.013069 
377.271637 354.049561 
253.227707 273.850250 
433.022095 179.414215 
612.857300 154.047668 
367.346649 345.379181 
413.445129 80.842140 
348.118134 224.861511 
547.926575 233.425964 
345.296875 189.563538 
322.404633 367.064240 
212.922409 462.091949 
208.257980 59.459690 
266.443268 386.226868 
627.512146 234.026260 
399.774536 337.742065 
547.926575 233.425964 
547.926575 233.425964 
119.890579 194.817535 
360.681427 343.146057 
363.093079 212.225006 
211.619400 448.393829 
452.942200 297.524597 
626.266785 137.873367 
521.813477 123.013069 
285.678772 102.503441 
271.587433 383.959595 
228.699112 33.973351 
619.882080 150.240112 
527.437683 249.063324 
193.708038 66.204597 
327.693481 21.155041 
201.792587 325.385162 
398.343689 97.516663 
236.655090 429.641449 
139.802475 425.837799 
172.259399 169.537811 
585.051941 201.268585 
586.056946 173.336044 
387.358246 408.431885 
410.743958 35.091743 
360.681427 343.146057 
441.700745 298.159332 
348.704376 467.847290 
604.680542 128.213715 
292.921661 207.804688 
521.813477 123.013069 
212.922409 462.091949 
177.607925 273.745270 
442.541321 366.847504 
612.857300 154.047668 
234.307007 159.630341 
612.857300 154.047668 
403.286865 213.208130 
547.926575 233.425964 
209.040436 114.941216 
413.445129 80.842140 
188.546951 428.129150 
164.790604 233.622391 
351.830383 324.349182 
338.240601 87.725037 
209.040436 114.941216 
612.857300 154.047668 
547.926575 233.425964 
254.633835 173.667557 
612.857300 154.047668 
225.712433 92.357605 
124.530121 170.589462 
439.612549 50.334599 
547.926575 233.425964 
252.746323 262.075653 
377.271637 354.049561 
419.226624 210.795883 
441.700745 298.159332 
535.389648 113.596733 
550.468140 103.833817 
377.271637 354.049561 
360.681427 343.146057 
619.882080 150.240112 
398.529114 410.773804 
196.173294 334.826263 
288.609894 266.925842 
401.705780 319.176086 
292.061554 285.413849 
334.229919 70.214561 
403.286865 213.208130 
220.566422 14.172583 
376.082825 368.006256 
612.857300 154.047668 
604.680542 128.213715 
403.286865 213.208130 
360.681427 343.146057 
297.304321 63.734657 
273.550140 294.424927 
292.921661 207.804688 
204.453537 117.499016 
34.439812 299.921967 
612.857300 154.047668 
619.882080 150.240112 
212.021225 372.025177 
398.343689 97.516663 
398.343689 97.516663 
619.882080 150.240112 
339.598969 344.805237 
376.082825 368.006256 
547.926575 233.425964 
360.681427 343.146057 
327.693481 21.155041 
585.051941 201.268585 
287.712128 67.123573 
146.215485 364.161530 
159.680695 64.147438 
216.163605 358.815308 
413.445129 80.842140 
521.813477 123.013069 
292.053711 147.257248 
332.581421 9.354900 
334.229919 70.214561 
539.476074 234.175323 
327.693481 21.155041 
242.001068 284.595886 
472.342560 192.904114 
376.082825 368.006256 
403.286865 213.208130 
319.056885 156.796906 
334.514496 341.448944 
360.681427 343.146057 
66.837158 268.859192 
399.486755 305.641327 
360.681427 343.146057 
441.700745 298.159332 
325.522766 121.410217 
285.678772 102.503441 
619.882080 150.240112 
360.681427 343.146057 
388.994324 412.024414 
238.412949 131.770432 
225.142685 223.390472 
388.704834 286.775238 
368.626556 358.785553 
194.231644 190.738892 
416.948364 317.138794 
392.335999 374.040649 
392.335999 374.040649 
452.942200 297.524597 
539.476074 234.175323 
416.948364 317.138794 
377.271637 354.049561 
360.681427 343.146057 
201.792587 325.385162 
237.544586 216.085205 
372.349060 409.893829 
319.081116 172.483322 
452.942200 297.524597 
327.693481 21.155041 
286.101379 31.912901 
441.700745 298.159332 
456.630768 391.391296 
385.159210 85.183784 
110.778709 155.696289 
360.681427 343.146057 
322.404633 367.064240 
327.693481 21.155041 
185.220886 92.526497 
456.826538 140.869125 
232.536331 253.420654 
376.082825 368.006256 
326.692474 94.934227 
547.926575 233.425964 
303.517181 336.586090 
403.286865 213.208130 
585.051941 201.268585 
326.692474 94.934227 
467.615906 365.776184 
185.220886 92.526497 
278.765472 33.147415 
335.643829 271.758362 
625.179871 121.915359 
403.286865 213.208130 
360.681427 343.146057 
387.358246 408.431885 
625.555054 200.364975 
516.755798 322.112793 
216.160782 442.090576 
119.890579 194.817535 
589.108948 210.664688 
261.843323 320.181213 
392.335999 374.040649 
403.902924 177.442535 
583.569336 263.969574 
583.569336 263.969574 
202.466141 395.632111 
231.776581 298.986664 
419.226624 210.795883 
294.642517 132.072464 
361.913818 424.569489 
387.358246 408.431885 
191.455887 228.158279 
363.093079 212.225006 
413.445129 80.842140 
157.777405 118.864929 
441.700745 298.159332 
233.588455 423.994598 
131.665939 191.214111 
589.108948 210.664688 
334.514496 341.448944 
455.725128 153.319611 
324.990936 453.384277 
529.777405 116.303123 
398.343689 97.516663 
63.626842 289.108734 
461.069305 379.057587 
156.991455 381.591949 
209.040436 114.941216 
311.773743 194.564453 
45.950813 266.880615 
209.040436 114.941216 
473.078400 245.472427 
353.343719 216.678604 
514.139893 354.849762 
242.133011 267.887054 
398.343689 97.516663 
6.920170 248.067291 
343.621552 435.531921 
327.693481 21.155041 
376.082825 368.006256 
311.217285 106.823006 
455.725128 153.319611 
226.279861 55.861526 
461.331757 129.767944 
277.285492 316.070282 
204.941879 454.543488 
426.677643 387.078217 
372.349060 409.893829 
529.072876 54.948448 
226.279861 55.861526 
204.453537 117.499016 
363.093079 212.225006 
400.801849 302.291809 
6.920170 248.067291 
351.830383 324.349182 
521.219238 78.262306 
334.514496 341.448944 
439.612549 50.334599 
351.830383 324.349182 
40.612911 285.241241 
419.289795 98.484413 
401.705780 319.176086 
394.957336 324.121033 
305.423798 156.449341 
408.625702 449.962036 
372.349060 409.893829 
414.506378 91.089851 
413.277832 437.737427 
334.229919 70.214561 
110.778709 155.696289 
197.497406 86.932373 
304.839691 439.149933 
68.827599 289.533844 
155.617386 340.057404 
217.006302 99.982185 
413.445129 80.842140 
327.693481 21.155041 
228.699112 33.973351 
29.942165 269.589966 
612.857300 154.047668 
612.857300 154.047668 
285.678772 102.503441 
255.749802 118.701096 
367.346649 345.379181 
624.388428 186.023254 
203.455734 66.194061 
361.913818 424.569489 
209.040436 114.941216 
228.316559 394.081818 
68.827599 289.533844 
398.343689 97.516663 
281.860962 111.266289 
34.439812 299.921967 
521.813477 123.013069 
513.840271 57.220016 
399.486755 305.641327 
351.830383 324.349182 
232.074997 85.988892 
495.842468 305.378510 
207.529587 122.941010 
461.069305 379.057587 
408.625702 449.962036 
361.913818 424.569489 
590.953247 164.373093 
387.358246 408.431885 
313.433228 271.092194 
589.108948 210.664688 
386.567535 102.577614 
183.363693 150.909546 
504.306030 21.609209 
111.531990 351.513489 
398.529114 410.773804 
619.882080 150.240112 
586.382568 218.425049 
209.040436 114.941216 
146.215485 364.161530 
345.615356 256.524475 
378.901489 117.548904 
294.604462 30.460299 
392.335999 374.040649 
210.426987 89.088760 
403.286865 213.208130 
68.827599 289.533844 
450.944550 194.765350 
456.630768 391.391296 
130.217163 154.763016 
271.287689 423.151428 
403.286865 213.208130 
403.480438 422.099670 
329.166473 48.112999 
13.366309 239.113617 
63.626842 289.108734 
583.569336 263.969574 
185.220886 92.526497 
387.358246 408.431885 
547.926575 233.425964 
255.089874 281.954163 
508.102783 361.405548 
387.358246 408.431885 
456.630768 391.391296 
169.818665 275.602722 
452.942200 297.524597 
625.555054 200.364975 
