500
282.951019 436.089172 
336.258789 406.036560 
267.244812 433.658569 
194.381775 444.409515 
427.627106 415.620636 
55.905144 388.924377 
339.166199 438.093567 
355.290405 369.097137 
184.678268 422.266754 
336.258789 406.036560 
246.319870 442.186218 
549.175476 426.628113 
280.337555 388.570282 
386.402985 386.131073 
251.305420 403.958008 
327.893829 444.159698 
427.627106 415.620636 
246.319870 442.186218 
221.863800 396.891876 
161.024780 417.956757 
180.998383 383.178558 
123.118866 397.356232 
201.174728 376.327637 
267.524048 403.706177 
370.687469 453.446045 
246.293137 406.506500 
262.277435 417.335266 
532.338623 404.030334 
47.988625 402.109131 
444.871674 438.340607 
59.910202 427.630341 
372.589020 447.451080 
524.994751 399.330597 
360.078278 362.891449 
49.838291 438.463928 
330.953613 425.620514 
124.523842 434.110199 
228.331543 434.491364 
608.117615 364.524139 
95.230103 396.985046 
221.568573 458.275635 
394.599670 435.663696 
326.436310 382.830261 
47.988625 402.109131 
88.584457 435.961182 
187.298874 407.337708 
137.429260 403.486053 
289.877014 389.571228 
289.877014 389.571228 
201.529617 397.285950 
152.998062 439.415802 
318.042114 408.240814 
71.860504 444.735382 
318.787476 365.924835 
548.483582 381.261902 
115.630959 396.027924 
131.695892 397.673248 
386.560974 454.510040 
486.637390 189.666031 
408.295258 125.117897 
386.560974 454.510040 
300.401337 177.036362 
220.269485 428.156433 
476.559753 230.781021 
539.006897 395.265747 
450.207520 410.177979 
35.944096 466.925323 
72.538269 427.585266 
472.643066 181.109009 
115.630959 396.027924 
526.138000 439.018311 
94.513893 431.170593 
459.050476 176.935013 
355.333313 418.842957 
501.325684 221.016235 
154.036865 351.295105 
367.986725 355.734344 
258.634552 135.864563 
540.893494 260.679596 
154.036865 351.295105 
501.629089 302.597748 
507.381989 428.133240 
526.138000 439.018311 
413.571655 403.339233 
613.768677 395.373718 
39.727703 424.689117 
138.617477 341.786194 
488.284485 298.168457 
418.227325 429.586670 
332.314178 67.999580 
363.937317 384.101868 
374.879211 395.709991 
310.287445 53.839832 
366.753387 106.709061 
149.462921 377.814423 
75.211174 360.642242 
520.078003 339.605499 
211.598846 209.969635 
360.476990 243.576385 
340.024323 54.217968 
479.402344 194.557861 
182.868607 347.665894 
434.367462 205.667068 
54.962852 404.739532 
402.317902 208.213165 
82.316437 310.877319 
281.159393 191.293930 
545.533813 390.811584 
379.042603 149.731522 
206.343872 43.239265 
106.716301 224.014801 
424.159424 447.316406 
182.286362 312.718933 
400.359680 447.066162 
377.087372 65.135414 
342.520660 31.854282 
340.024323 54.217968 
393.646240 142.092636 
480.564880 283.681885 
103.525017 313.764587 
261.935486 149.179214 
576.273438 218.935059 
266.549072 327.197998 
106.716301 224.014801 
83.797852 408.128754 
484.396149 183.009964 
311.972076 45.759743 
324.233643 63.623653 
266.669067 185.989197 
604.402100 75.795235 
274.399780 339.201172 
239.628647 182.864395 
343.495544 66.942207 
397.343811 153.061264 
174.912949 230.384003 
342.520660 31.854282 
352.505524 47.677731 
389.132599 95.611229 
72.910309 187.962738 
476.559753 230.781021 
214.145187 40.987782 
488.718079 310.139069 
468.802979 67.680748 
229.083984 412.007568 
76.811607 335.796661 
241.089218 381.797729 
212.761597 43.631523 
513.381897 338.497803 
240.387817 29.487211 
382.868652 24.537916 
600.406921 362.843842 
10.917753 27.109503 
160.646881 33.821262 
490.082367 138.977600 
449.972900 159.182877 
340.109741 145.390625 
580.109741 406.683502 
343.841827 354.468964 
147.043304 335.286774 
125.900322 277.721680 
424.643921 245.792404 
580.109741 406.683502 
199.926132 53.075214 
291.704529 207.696182 
360.747375 469.759949 
305.541595 76.215385 
316.356140 71.648087 
351.703156 247.158875 
330.583740 321.705688 
457.787567 429.819885 
350.646393 30.152988 
184.734558 31.818918 
79.782066 240.093002 
306.763062 343.918762 
307.872833 421.804413 
96.877800 362.980286 
233.142212 201.374802 
227.080505 25.089533 
468.687897 78.547913 
283.083191 357.424561 
447.069397 267.447327 
7.021650 37.866833 
433.794647 160.100418 
191.144363 319.927948 
241.014053 217.260834 
308.107483 93.706055 
230.258636 224.608429 
569.423462 243.360626 
523.830017 42.986973 
89.496361 323.162354 
480.738464 35.209927 
210.418915 51.038548 
365.925446 205.994873 
372.393738 247.026855 
488.995239 335.289459 
632.232422 286.124634 
212.193710 405.794556 
623.814270 376.515839 
370.838806 141.801514 
72.910309 187.962738 
132.514511 249.590042 
366.378845 107.580276 
343.841827 354.468964 
201.569656 306.904999 
507.566620 45.828918 
483.954498 181.293488 
434.024658 445.088806 
525.561584 389.746643 
527.850891 192.986862 
602.494629 323.116791 
526.477356 321.865021 
100.007103 300.146484 
495.476654 53.530716 
235.518723 409.074768 
104.245338 330.637054 
141.802948 16.272503 
616.472168 82.462273 
446.819336 67.358559 
621.159668 359.118500 
510.793671 143.432816 
133.700607 319.364502 
568.571106 37.921097 
273.978119 452.311798 
629.914673 77.327744 
560.063965 433.593079 
482.851318 138.122879 
359.150543 149.453186 
312.006958 275.431183 
495.240967 80.941742 
382.868652 24.537916 
495.656097 156.483337 
584.828735 75.524704 
153.400711 240.441544 
303.241730 168.525894 
585.773010 283.028320 
164.647141 236.006180 
543.393066 371.545837 
525.656311 23.485003 
252.079941 91.171410 
134.504929 331.926056 
498.623718 70.312752 
548.045288 279.805847 
363.084290 189.981903 
393.979034 272.519165 
447.133698 255.240219 
388.589569 461.025177 
185.284683 49.528099 
325.169006 196.856339 
293.997650 166.648270 
55.463612 284.125153 
454.807312 66.395393 
306.108887 190.482620 
574.783569 211.011200 
183.963486 11.252340 
499.156860 34.718338 
296.179138 358.194946 
343.495544 66.942207 
508.322693 29.271473 
96.106384 340.976898 
415.151428 91.237640 
187.864365 67.971695 
270.946472 168.245819 
414.266418 284.332581 
312.693634 147.799942 
377.453735 357.249390 
319.426788 170.931030 
620.111938 37.905781 
638.198242 424.563507 
375.855469 215.414108 
332.936615 54.386929 
151.284592 224.447510 
18.362957 399.823486 
628.054871 383.910492 
279.618774 242.680328 
96.106384 340.976898 
207.408310 134.288239 
253.967270 214.510284 
552.068542 22.911535 
536.752319 172.816376 
141.290207 308.083160 
563.008423 224.626389 
265.636017 23.323969 
336.800049 37.231853 
450.594025 308.656189 
48.402557 31.542177 
267.017334 255.890381 
438.051697 69.060188 
70.743172 15.304717 
415.056274 196.148010 
17.203920 36.336914 
183.078735 171.010345 
607.008484 406.744537 
341.178802 454.763367 
305.046173 125.080055 
436.803894 347.112183 
217.188828 61.284946 
205.374146 28.169188 
250.371292 252.506027 
564.015442 213.955017 
249.680603 449.066010 
293.997650 166.648270 
477.652985 73.171997 
481.006500 58.435677 
55.728069 284.516815 
160.148987 61.611122 
185.447113 318.043060 
325.877472 106.156822 
65.948143 6.884023 
303.982880 338.587036 
175.913910 29.207520 
467.954071 304.968506 
228.758789 42.004807 
580.894348 405.065979 
89.879013 148.749741 
530.254150 424.926056 
565.192505 203.648315 
125.884506 28.870022 
569.199280 434.011536 
116.044090 316.456299 
621.806946 110.473633 
121.501808 249.051392 
288.824890 21.128325 
82.038162 41.211048 
563.935120 213.011795 
564.730164 94.248688 
133.826065 52.921879 
464.767517 96.803673 
625.123413 318.502869 
560.063965 433.593079 
31.629978 53.687557 
142.568054 28.973503 
176.039841 44.231174 
343.898895 320.510315 
11.944784 10.489051 
178.128632 8.987839 
243.407394 231.034546 
235.997757 16.753025 
338.552307 342.020538 
55.902077 275.829224 
245.316254 303.749756 
177.187897 17.180681 
304.537811 50.272614 
582.508545 216.796677 
467.394440 166.884384 
576.064758 88.612831 
589.620728 206.136749 
326.450439 196.307663 
325.808197 472.937225 
466.380798 198.342575 
256.350769 167.129364 
442.441864 95.898087 
220.000839 450.376404 
498.827667 93.074371 
240.819870 58.178123 
451.222168 30.377771 
211.914154 31.857212 
360.476990 243.576385 
490.267395 382.160095 
173.411591 52.407471 
132.250290 206.170425 
108.616806 63.054550 
548.483032 45.778931 
405.996552 78.335083 
273.373749 44.335957 
416.983948 62.595627 
506.782867 79.370735 
148.547501 360.820221 
60.530102 195.955215 
310.030853 79.092888 
577.156494 206.275360 
505.539246 156.338303 
312.030518 275.681335 
565.744995 433.443512 
419.730865 38.871349 
331.752075 468.247284 
631.326233 35.281124 
99.341080 115.497177 
614.685852 120.969620 
461.136475 54.043339 
520.936096 272.940918 
389.775604 185.109528 
217.589035 12.878469 
515.565613 292.958679 
245.832123 195.033859 
604.546509 223.944397 
603.853088 42.356564 
52.506454 92.577232 
452.840698 91.307274 
342.806763 339.962006 
190.263214 174.536789 
551.610840 35.018208 
76.924744 32.767548 
278.692810 69.524666 
313.234558 311.063599 
6.007982 320.774994 
175.825439 118.854759 
231.023010 9.195437 
402.441315 98.895187 
581.103699 22.649046 
307.136688 421.194946 
45.065529 46.348652 
82.562820 143.727310 
363.084290 189.981903 
335.607422 26.349424 
235.893738 214.450989 
225.452484 110.347847 
224.434677 265.098755 
180.998383 383.178558 
134.001068 410.371094 
342.212250 397.537903 
366.788971 37.712093 
593.116638 435.925629 
63.185898 43.467686 
581.347290 471.603149 
308.881348 13.543126 
148.709091 103.114609 
73.946022 351.352020 
4.076043 276.979675 
325.678619 44.304089 
134.526306 13.761770 
265.415192 427.093597 
453.370453 14.398612 
142.295715 304.936218 
326.517578 302.803986 
246.576141 417.228149 
562.023926 81.437859 
165.026718 265.080872 
165.034637 348.064606 
42.349983 127.511238 
305.105560 304.441986 
130.204514 283.990875 
569.199280 434.011536 
624.333862 180.248291 
407.927704 442.712219 
426.938843 75.606560 
465.216034 160.821930 
439.425171 96.015877 
276.264282 29.247309 
573.906128 102.862396 
263.983185 47.014496 
528.958008 80.368370 
77.381180 124.181740 
188.650787 232.106323 
631.307007 25.383198 
568.181641 397.126129 
211.688980 83.921402 
617.483765 235.087418 
110.483734 25.158562 
214.806061 229.459488 
222.510452 468.870728 
579.677368 194.305359 
241.954437 286.684052 
90.727585 120.509560 
637.341919 379.320496 
65.193604 269.870300 
298.487854 59.758518 
617.566406 447.184631 
215.792465 302.952606 
551.658691 130.982941 
428.953308 57.932091 
600.168030 33.186108 
300.048096 50.971291 
228.685623 172.957336 
372.649628 432.873383 
512.713745 115.146095 
329.847656 269.773071 
502.764679 17.088951 
317.184692 12.117730 
561.177734 295.940094 
61.805916 10.161316 
142.295715 304.936218 
263.850494 412.980988 
257.355255 57.348648 
616.249146 188.629257 
616.249146 188.629257 
449.507660 289.716919 
483.957886 292.106659 
552.874146 78.501663 
62.566452 199.427933 
554.606506 160.029556 
372.598358 475.617493 
576.251160 119.748306 
150.451294 54.730022 
173.759048 141.456680 
368.853149 9.877748 
407.921021 64.465012 
426.276276 33.725018 
75.163170 351.905975 
595.090515 37.105232 
240.588989 118.688171 
332.467163 241.385422 
15.604926 67.178650 
242.784821 212.046616 
537.779358 152.987442 
520.184326 67.484917 
173.098938 127.784958 
598.651855 284.006256 
130.333145 112.921883 
454.412445 109.779198 
297.782410 77.937447 
