536
162.348633 331.701172 
188.713852 340.743744 
173.459793 362.122070 
186.162155 308.448090 
194.475998 305.455811 
497.982880 329.858521 
239.348816 293.236206 
485.507416 355.512451 
200.699860 308.007782 
200.699860 308.007782 
201.439880 277.022766 
485.507416 355.512451 
193.690659 323.248322 
66.159767 344.366394 
240.592789 307.401733 
234.451752 289.164215 
66.159767 344.366394 
270.641052 321.249054 
121.851067 100.935341 
562.255615 66.306572 
562.255615 66.306572 
130.916214 142.867874 
465.993927 340.350983 
186.991364 302.683258 
234.451752 289.164215 
562.255615 66.306572 
280.633789 309.414825 
199.456757 298.395844 
393.002716 280.260773 
179.882462 373.218719 
263.629272 263.373871 
301.829010 312.438995 
120.464294 123.558029 
562.255615 66.306572 
140.195496 159.334290 
410.498505 276.467346 
199.456757 298.395844 
189.792801 273.571075 
106.449951 170.730164 
189.792801 273.571075 
408.211182 156.410492 
311.592926 230.684784 
571.237732 36.088181 
191.352768 363.305511 
141.272003 102.276466 
210.164520 287.003448 
288.616608 244.075348 
256.548035 314.704437 
513.381409 158.147079 
456.890350 43.409760 
562.255615 66.306572 
215.458801 196.404877 
476.856415 217.498001 
570.416199 53.962685 
402.216980 261.226990 
292.709808 237.400024 
168.586594 129.156815 
467.599030 51.671227 
210.164520 287.003448 
513.381409 158.147079 
138.446884 346.352173 
293.857056 296.821136 
360.673615 290.586060 
594.013245 404.999817 
275.970703 372.620697 
458.797668 192.368439 
448.476532 199.456085 
502.878021 121.254860 
287.212952 244.736221 
228.766815 267.592163 
244.095154 325.584076 
129.794846 159.695511 
35.101059 388.853210 
276.288849 289.093475 
142.734695 125.922112 
210.317963 332.347198 
518.410339 459.819153 
237.571121 320.767487 
85.378708 308.622681 
127.808121 219.969193 
138.180878 267.195953 
118.802185 166.519882 
260.745636 304.755707 
467.599030 51.671227 
205.472305 103.924950 
150.050552 217.295471 
163.785431 23.561911 
66.159767 344.366394 
555.773926 426.586548 
104.181023 96.926575 
278.006073 270.384796 
220.112976 133.873093 
175.783829 18.229656 
110.173828 144.450638 
269.443634 380.478882 
222.494965 333.797394 
415.560730 148.018234 
94.822884 209.631317 
512.637939 209.018005 
112.932816 91.053604 
255.845917 366.215485 
476.005554 25.269079 
205.823181 325.446167 
278.006073 270.384796 
205.422501 299.638641 
281.282471 120.745293 
185.400253 189.416504 
365.811493 147.765640 
129.794846 159.695511 
270.918579 366.989990 
260.891296 376.294281 
121.186623 267.280762 
514.594666 356.832336 
112.932816 91.053604 
496.753082 143.344086 
562.255615 66.306572 
165.462646 246.214371 
210.317963 332.347198 
169.554352 323.493561 
488.820770 84.715385 
153.141495 121.444710 
496.753082 143.344086 
138.446884 346.352173 
209.541901 37.631966 
513.381409 158.147079 
410.805115 136.115768 
332.439728 320.338074 
202.423157 459.084930 
115.571007 346.547791 
165.462646 246.214371 
86.009865 376.320618 
236.281799 371.707245 
567.415466 174.177917 
245.692368 15.749726 
84.264984 196.251831 
138.446884 346.352173 
392.835510 53.695827 
412.185547 182.541290 
250.550446 346.799164 
456.890350 43.409760 
436.630829 56.309010 
81.380524 165.132996 
237.237839 164.388245 
284.374725 357.339630 
389.526550 131.527405 
547.485291 195.766830 
322.385437 79.631111 
187.051605 458.330933 
98.733368 262.347382 
199.456757 298.395844 
221.655273 260.064911 
308.556763 332.691071 
262.152069 335.238342 
514.594666 356.832336 
142.423004 251.015091 
307.154663 288.375977 
533.938599 125.638451 
145.465073 126.793152 
502.161957 95.247841 
140.195496 159.334290 
224.804871 220.541946 
567.035217 159.952988 
157.492249 255.859146 
118.802185 166.519882 
550.531555 161.650543 
72.215385 210.087952 
118.802185 166.519882 
85.378708 308.622681 
414.907562 59.764633 
458.348389 69.058403 
104.181023 96.926575 
273.653992 199.774139 
513.381409 158.147079 
247.739807 164.519470 
308.556763 332.691071 
381.933746 250.896835 
262.152069 335.238342 
154.937714 27.336866 
229.724442 316.944763 
166.579102 200.405533 
429.442230 355.184082 
625.080994 84.831215 
189.836304 400.662170 
352.297546 129.153778 
14.805889 308.720001 
146.485901 346.918518 
389.526550 131.527405 
414.907562 59.764633 
154.937714 27.336866 
206.774780 207.472321 
171.107925 254.749390 
573.362000 289.109436 
120.464294 123.558029 
146.485901 346.918518 
316.054321 173.133698 
86.009865 376.320618 
502.878021 121.254860 
152.577621 129.114120 
420.580658 68.901466 
268.330627 279.300598 
456.890350 43.409760 
316.522614 138.905838 
354.025726 325.810150 
347.572845 163.698883 
401.073975 350.883118 
41.358898 183.971420 
535.366211 170.679489 
14.805889 308.720001 
567.415466 174.177917 
447.397949 411.087646 
54.365234 344.906738 
85.931496 261.549042 
245.692368 15.749726 
358.178284 258.687164 
348.099823 236.420898 
249.056824 336.871124 
476.856415 217.498001 
84.264984 196.251831 
103.659561 203.070557 
130.123444 175.865082 
556.808044 100.773163 
153.955200 405.481842 
405.448517 224.465500 
511.299316 156.049194 
99.479271 26.850142 
320.582214 111.158989 
182.604004 15.719444 
458.468719 363.688599 
281.655518 276.941040 
205.323212 64.225159 
524.156189 324.271545 
467.191681 103.602310 
529.924500 192.798904 
567.415466 174.177917 
294.886169 288.955902 
384.237732 178.463409 
224.022354 199.594193 
106.449951 170.730164 
105.784485 39.476898 
164.012207 161.603958 
547.973389 177.539856 
479.062866 72.631035 
281.282471 120.745293 
124.358452 12.397891 
122.974998 182.433121 
110.173828 144.450638 
178.298111 240.133224 
220.112976 133.873093 
317.869537 300.375763 
421.719452 278.708160 
89.875557 274.675720 
131.529953 261.846741 
438.245270 87.272552 
153.005890 142.047043 
545.491699 419.821259 
443.138916 118.204086 
215.458801 196.404877 
104.181023 96.926575 
357.810181 306.119995 
132.149612 315.538635 
215.458801 196.404877 
115.571007 346.547791 
556.937012 74.366364 
99.479271 26.850142 
546.281799 218.018707 
124.437996 198.851990 
206.774780 207.472321 
372.816223 105.937065 
493.528198 180.488815 
238.485687 338.663788 
88.950699 171.401917 
558.588928 402.693146 
224.022354 199.594193 
425.509583 211.505447 
460.822632 146.848984 
410.805115 136.115768 
458.797668 192.368439 
98.632774 45.221680 
559.531738 381.197662 
431.070343 220.643661 
205.323212 64.225159 
220.955017 131.218689 
431.070343 220.643661 
174.232758 408.662445 
431.321503 318.020416 
205.323212 64.225159 
387.561951 218.674423 
254.256241 136.614716 
402.216980 261.226990 
199.244354 369.364075 
81.380524 165.132996 
384.090271 113.760590 
244.919922 187.732697 
606.804138 371.988037 
116.931328 191.386444 
131.529953 261.846741 
215.458801 196.404877 
85.378708 308.622681 
204.492371 406.413483 
104.181023 96.926575 
438.245270 87.272552 
176.561295 387.187012 
551.278320 200.436859 
231.286026 363.692871 
197.418060 384.760956 
497.762512 113.718407 
244.919922 187.732697 
424.491608 409.224579 
413.959076 117.253319 
275.970703 372.620697 
66.159767 344.366394 
278.390106 183.840103 
202.002289 88.261688 
568.024475 368.701111 
567.035217 159.952988 
81.380524 165.132996 
408.211182 156.410492 
377.734833 406.328796 
322.385437 79.631111 
347.850952 307.719086 
85.984734 188.441238 
174.665268 10.934747 
188.771149 128.762939 
87.178650 54.407135 
483.702271 256.643433 
188.771149 128.762939 
497.762512 113.718407 
524.156189 324.271545 
205.472305 103.924950 
420.633026 345.733093 
164.232086 374.220367 
205.428146 179.565567 
198.102859 203.715622 
388.352814 205.198303 
597.886536 43.219353 
88.950699 171.401917 
405.448517 224.465500 
321.539124 284.409027 
288.606750 17.939053 
121.851067 100.935341 
497.762512 113.718407 
311.743622 125.381172 
14.805889 308.720001 
164.232086 374.220367 
354.504730 82.395203 
415.560730 148.018234 
555.975342 247.028229 
236.899582 193.312424 
558.588928 402.693146 
530.721436 147.207458 
555.773926 426.586548 
195.191116 242.743179 
205.428146 179.565567 
573.362000 289.109436 
87.178650 54.407135 
622.374146 104.118622 
319.299194 164.540527 
94.822884 209.631317 
258.483856 231.287567 
51.860798 300.625946 
502.304443 193.011749 
399.818237 206.750259 
608.097656 299.497040 
377.734833 406.328796 
514.594666 356.832336 
347.850952 307.719086 
119.722229 161.406601 
468.021332 139.342804 
120.464294 123.558029 
558.588928 402.693146 
545.873169 204.565262 
402.216980 261.226990 
177.834824 333.082764 
104.181023 96.926575 
551.278320 200.436859 
535.366211 170.679489 
460.822632 146.848984 
485.507416 355.512451 
188.713852 340.743744 
413.959076 117.253319 
373.038086 138.641388 
502.161957 95.247841 
628.602905 50.634281 
454.994232 241.402466 
322.385437 79.631111 
488.820770 84.715385 
77.751480 84.454575 
351.611572 224.306595 
392.089325 168.655441 
511.299316 156.049194 
63.354004 55.236233 
215.458801 196.404877 
104.181023 96.926575 
178.360687 271.534088 
570.482239 112.464577 
199.749420 184.127670 
412.185547 182.541290 
618.098206 286.341827 
396.514435 115.353691 
140.195496 159.334290 
541.683228 417.534332 
475.276001 199.407379 
315.983337 415.131012 
184.374390 249.098129 
65.485695 288.120941 
396.514435 115.353691 
262.960266 113.678268 
411.465942 159.391190 
453.524475 90.311951 
517.366089 227.357681 
104.181023 96.926575 
216.668015 387.647461 
392.089325 168.655441 
413.466278 220.671341 
180.910492 206.711960 
512.637939 209.018005 
35.101059 388.853210 
462.872101 147.008667 
232.425262 38.493565 
476.856415 217.498001 
224.022354 199.594193 
465.767120 228.112762 
160.442551 396.545624 
188.771149 128.762939 
502.304443 193.011749 
530.721436 147.207458 
338.835022 153.709763 
466.066040 85.488205 
439.041321 361.257019 
384.237732 178.463409 
373.038086 138.641388 
127.330177 253.727753 
415.001465 333.615753 
415.001465 333.615753 
34.781410 128.407990 
55.124176 219.112961 
507.481262 461.470612 
610.590149 310.537079 
66.159767 344.366394 
67.337395 307.973053 
203.897079 334.868958 
34.781410 128.407990 
40.369560 344.518311 
420.151825 225.659454 
372.816223 105.937065 
599.630920 84.167679 
178.360687 271.534088 
608.097656 299.497040 
490.505951 187.660797 
488.218140 298.035645 
594.013245 404.999817 
177.753845 66.763565 
345.067169 125.420319 
66.784485 93.427979 
517.366089 227.357681 
610.590149 310.537079 
401.089844 183.621872 
199.749420 184.127670 
282.503357 167.471100 
61.227486 261.395813 
567.415466 174.177917 
246.775177 106.956551 
411.465942 159.391190 
88.950699 171.401917 
122.784309 395.949219 
119.191254 260.707001 
41.949268 294.777740 
497.762512 113.718407 
465.376556 65.820717 
465.940826 281.877197 
159.301361 384.139008 
412.708984 159.814407 
325.875671 168.958588 
188.713852 340.743744 
594.013245 404.999817 
345.067169 125.420319 
156.441788 291.178314 
338.035400 181.936874 
329.869141 162.921249 
310.744965 96.823601 
510.847809 86.938774 
195.191116 242.743179 
372.816223 105.937065 
145.403061 78.669144 
420.580658 68.901466 
237.052963 356.362305 
579.332092 86.943657 
628.602905 50.634281 
50.530266 50.303085 
212.375687 109.392937 
499.040039 237.978271 
522.001038 194.150665 
498.573761 310.433777 
85.984734 188.441238 
411.465942 159.391190 
502.161957 95.247841 
517.366089 227.357681 
61.227486 261.395813 
177.213501 166.913025 
415.560730 148.018234 
180.910492 206.711960 
184.573517 62.601482 
77.751480 84.454575 
468.021332 139.342804 
9.900723 278.407837 
480.265656 110.321175 
63.324219 249.192490 
278.276276 143.428848 
142.734695 125.922112 
105.784485 39.476898 
119.722229 161.406601 
377.734833 406.328796 
321.743225 291.263947 
264.781036 91.381348 
162.348633 331.701172 
544.909058 276.769379 
122.974998 182.433121 
335.646118 222.552750 
360.520477 182.882462 
598.977417 49.022663 
514.874084 96.781738 
252.274460 70.821045 
199.749420 184.127670 
405.448517 224.465500 
502.878021 121.254860 
422.835510 254.489105 
134.724152 197.929337 
413.997772 85.300690 
315.983337 415.131012 
151.241562 156.606949 
127.330177 253.727753 
256.290405 282.989197 
127.330177 253.727753 
186.439743 63.506012 
269.345276 181.816376 
69.946884 253.892075 
