536
132.993362 337.079620 
176.664200 324.777618 
302.504059 238.270859 
208.370636 304.138885 
198.367172 330.785889 
132.993362 337.079620 
240.787613 291.715088 
241.702362 303.354431 
201.363785 366.805206 
466.990845 151.118408 
503.052643 48.880428 
293.767609 308.109131 
208.370636 304.138885 
480.264404 86.456001 
387.862915 21.390368 
275.362122 305.315704 
203.291412 302.361145 
596.444702 350.857849 
127.384911 336.835175 
513.857910 82.981918 
127.479477 193.359680 
139.487686 123.722122 
216.283783 286.195923 
199.077728 359.034363 
284.717102 244.443970 
489.084595 79.708916 
432.156891 19.034410 
385.713074 277.340942 
320.477325 22.408812 
596.444702 350.857849 
628.657288 129.632111 
199.077728 359.034363 
513.857910 82.981918 
121.155281 261.510345 
435.012177 153.851257 
432.984192 332.123199 
98.442345 213.714218 
480.264404 86.456001 
197.160400 299.725769 
370.554382 280.829681 
255.020294 309.665009 
126.758064 213.331177 
109.539078 264.904877 
261.164185 266.333893 
167.700150 314.166382 
480.264404 86.456001 
231.989227 269.684814 
549.792603 60.834003 
495.499725 68.358299 
46.081181 334.398468 
216.283783 286.195923 
191.375183 358.651794 
209.090408 278.196503 
268.281219 315.271576 
539.049683 40.313000 
203.158783 316.136139 
147.263336 174.921661 
366.192566 214.978912 
104.679146 164.979721 
199.417831 275.659576 
127.384911 336.835175 
422.558807 166.928024 
201.030731 349.406281 
155.975510 126.184952 
468.030945 163.774490 
127.384911 336.835175 
215.719604 53.900810 
144.580368 228.736099 
450.554443 475.300476 
246.546906 141.425781 
215.719604 53.900810 
450.554443 475.300476 
272.047028 288.073395 
211.639191 126.464462 
629.296021 245.084976 
147.263336 174.921661 
137.834000 141.863037 
103.628357 286.432159 
480.621735 31.363701 
376.670959 339.528870 
481.834930 217.339508 
130.901855 173.585754 
199.417831 275.659576 
244.535873 319.040894 
503.126343 195.082703 
480.823639 175.000076 
521.827332 370.451447 
260.003296 328.040741 
239.433868 314.775421 
138.125061 169.517380 
435.012177 153.851257 
110.850952 294.902710 
572.309570 55.591694 
503.052643 48.880428 
468.030945 163.774490 
46.034691 334.337982 
273.779266 16.253153 
354.608307 212.929993 
130.901855 173.585754 
302.504059 238.270859 
267.959747 353.854095 
522.034180 119.731880 
628.657288 129.632111 
138.125061 169.517380 
273.779266 16.253153 
156.860580 148.466232 
224.098083 153.114395 
389.537384 283.389862 
476.511078 155.126755 
154.806168 177.782990 
268.167511 332.577332 
273.779266 16.253153 
350.610504 167.285461 
287.547516 294.760437 
164.379333 228.021347 
354.608307 212.929993 
376.670959 339.528870 
572.309570 55.591694 
484.812317 200.698853 
451.248474 184.223648 
482.367676 346.316254 
212.908920 42.955803 
495.908722 90.272057 
248.693375 328.319458 
137.834000 141.863037 
572.309570 55.591694 
344.104004 27.729828 
231.525192 189.087204 
132.993362 337.079620 
166.675095 31.394735 
521.827332 370.451447 
130.901855 173.585754 
623.399902 187.700806 
374.251434 193.848236 
213.948669 68.286911 
283.351501 476.169189 
165.855530 57.190620 
183.046280 82.481049 
165.855530 57.190620 
246.546906 141.425781 
247.453568 237.017944 
418.430176 137.404770 
623.399902 187.700806 
629.296021 245.084976 
590.367126 75.453445 
227.046600 230.317795 
413.185669 181.917114 
77.548820 80.022026 
113.180664 140.340103 
130.901855 173.585754 
260.003296 328.040741 
449.582642 224.831375 
258.856964 301.263702 
358.076599 127.969757 
254.025162 157.243240 
226.900024 16.794266 
451.248474 184.223648 
322.398804 315.510315 
522.497925 383.876099 
501.667603 84.319229 
268.167511 332.577332 
107.655991 204.365204 
139.624283 112.724747 
126.758064 213.331177 
495.908722 90.272057 
589.112305 228.448822 
300.782043 165.716461 
136.616714 205.115631 
139.150101 156.504135 
501.246460 139.649719 
489.084595 79.708916 
366.192566 214.978912 
221.308258 209.410583 
374.251434 193.848236 
110.850952 294.902710 
136.616714 205.115631 
463.144867 83.764847 
374.251434 193.848236 
549.792603 60.834003 
210.329239 169.961044 
213.948669 68.286911 
154.806168 177.782990 
430.717529 285.433960 
503.390869 67.680565 
410.972351 210.816788 
583.978821 181.701538 
502.028900 365.459595 
147.675781 152.847107 
502.856201 177.806808 
215.048065 173.500519 
473.013428 115.515694 
447.968384 153.664276 
137.194366 66.911522 
246.512177 188.781937 
512.820374 218.171738 
589.314941 319.815613 
521.827332 370.451447 
137.194366 66.911522 
224.098083 153.114395 
206.455231 209.584961 
183.046280 82.481049 
447.968384 153.664276 
418.134399 94.797440 
107.655991 204.365204 
163.120361 271.868744 
276.790222 143.061050 
195.793396 212.545410 
177.065491 216.473404 
604.143799 101.334702 
137.834000 141.863037 
212.685425 318.857880 
233.310837 362.558136 
510.857727 117.917717 
204.556000 248.110382 
299.264465 324.857056 
495.908722 90.272057 
418.430176 137.404770 
146.648804 128.827515 
240.450027 183.448578 
597.290771 86.004494 
522.497925 383.876099 
512.820374 218.171738 
240.450027 183.448578 
275.353119 193.776611 
298.202606 23.078291 
130.783890 152.149033 
535.419495 290.173828 
227.046600 230.317795 
186.591064 228.120575 
494.888184 420.879578 
403.310455 152.570389 
334.937347 145.948212 
449.582642 224.831375 
460.570587 311.376770 
623.399902 187.700806 
115.102127 281.876404 
96.024773 296.592133 
452.875366 97.256775 
130.901855 173.585754 
246.512177 188.781937 
91.511551 337.099121 
147.735703 144.258835 
64.839142 169.650726 
400.109650 343.796265 
141.539581 196.509445 
157.626633 254.389664 
100.016243 166.171341 
231.525192 189.087204 
563.898254 350.962036 
540.915833 191.732315 
106.521301 178.929092 
113.180664 140.340103 
242.827927 393.358459 
167.700150 314.166382 
623.399902 187.700806 
212.908920 42.955803 
447.968384 153.664276 
447.968384 153.664276 
602.092712 80.240059 
358.076599 127.969757 
212.918015 30.714537 
513.399658 143.717239 
277.369019 346.150970 
506.185425 88.960854 
421.329590 87.036057 
473.013428 115.515694 
135.130539 82.572250 
242.827927 393.358459 
495.145844 396.276978 
199.077728 359.034363 
617.004028 287.971344 
270.928223 134.612396 
447.968384 153.664276 
204.556000 248.110382 
469.354584 133.105209 
113.180664 140.340103 
145.057800 58.445690 
89.142563 205.378113 
421.329590 87.036057 
600.486755 286.549988 
141.539581 196.509445 
252.002655 52.323334 
302.873077 79.918633 
307.762543 185.974304 
478.452820 318.247131 
354.608307 212.929993 
353.124329 198.739868 
97.711510 64.840820 
207.456909 354.670807 
255.240067 353.348572 
147.263336 174.921661 
104.679146 164.979721 
330.107910 140.722107 
610.598206 196.707336 
308.829590 156.579971 
522.497925 383.876099 
233.310837 362.558136 
397.326141 389.171356 
452.467010 131.742203 
252.002655 52.323334 
62.960396 147.610092 
613.142212 41.865532 
98.442345 213.714218 
252.430191 61.270393 
208.243393 274.335388 
33.712139 334.121521 
224.430786 445.063354 
141.539581 196.509445 
240.561203 329.583801 
240.450027 183.448578 
287.554321 287.679321 
492.847870 113.140045 
54.886860 32.771027 
411.164337 188.840179 
512.820374 218.171738 
403.030212 170.354370 
147.675781 152.847107 
366.192566 214.978912 
276.790222 143.061050 
316.933777 130.974899 
199.077728 359.034363 
147.735703 144.258835 
416.060120 391.140778 
135.130539 82.572250 
189.814240 273.872162 
613.142212 41.865532 
137.834000 141.863037 
522.753540 284.945374 
78.159393 63.093853 
548.300110 54.559444 
535.419495 290.173828 
452.467010 131.742203 
469.354584 133.105209 
522.753540 284.945374 
145.803345 88.487717 
91.511551 337.099121 
141.456650 25.509041 
535.419495 290.173828 
38.001335 14.933925 
389.478638 324.426544 
389.478638 324.426544 
530.988159 130.401642 
480.280640 104.820328 
302.873077 79.918633 
444.200958 129.770447 
623.399902 187.700806 
358.076599 127.969757 
211.872589 385.683289 
247.453568 237.017944 
394.954712 161.361603 
141.679520 379.177795 
469.354584 133.105209 
186.910553 387.098267 
46.081181 334.398468 
446.588654 18.168707 
198.367172 330.785889 
212.908920 42.955803 
322.930359 222.841187 
635.528259 373.104736 
537.987976 212.480591 
121.155281 261.510345 
39.720810 261.473511 
28.347616 271.749084 
226.758896 41.332428 
224.430786 445.063354 
357.409485 387.388885 
276.790222 143.061050 
626.350708 455.994781 
311.501404 178.461472 
153.559753 180.566498 
245.370316 202.791641 
522.497925 383.876099 
268.592529 144.182053 
623.399902 187.700806 
107.655991 204.365204 
580.167786 256.741699 
175.992355 118.489151 
451.248474 184.223648 
215.048065 173.500519 
89.761528 186.178284 
240.450027 183.448578 
371.194733 46.317135 
347.586426 197.843750 
6.137238 80.464851 
379.878265 377.302002 
302.504059 238.270859 
220.988983 35.664482 
426.515106 370.773651 
215.048065 173.500519 
341.654755 303.183502 
367.759338 132.456100 
480.280640 104.820328 
455.951111 345.463898 
522.497925 383.876099 
595.471497 463.279297 
393.274719 335.471619 
341.742065 197.711380 
102.955208 158.374725 
469.354584 133.105209 
328.996826 170.631851 
496.266876 154.328018 
154.806168 177.782990 
86.106415 19.019796 
321.167206 164.410797 
110.850952 294.902710 
205.804153 367.218964 
520.135254 239.525635 
442.911774 108.867218 
394.954712 161.361603 
447.968384 153.664276 
64.839142 169.650726 
468.030945 163.774490 
410.972351 210.816788 
113.036621 52.361477 
635.528259 373.104736 
197.747543 201.890198 
210.329239 169.961044 
71.845245 203.454773 
156.595093 92.734215 
198.367172 330.785889 
146.648804 128.827515 
153.430832 225.275955 
55.473057 191.628494 
13.162089 245.636047 
94.630676 153.161041 
211.639191 126.464462 
548.300110 54.559444 
573.389343 460.751038 
573.389343 460.751038 
352.514862 185.556412 
276.790222 143.061050 
132.232712 271.822845 
258.231354 344.689514 
141.456650 25.509041 
397.326141 389.171356 
439.812408 210.281418 
221.308258 209.410583 
88.916389 249.695663 
356.154236 387.626495 
107.655991 204.365204 
586.738037 276.371368 
600.728210 171.453064 
97.711510 64.840820 
64.839142 169.650726 
302.873077 79.918633 
246.512177 188.781937 
94.630676 153.161041 
306.967468 321.907471 
38.001335 14.933925 
370.554382 280.829681 
358.076599 127.969757 
284.109467 143.688751 
108.230438 415.220062 
466.433319 203.258575 
54.886860 32.771027 
632.021362 456.754242 
394.126221 108.814308 
163.407043 401.104889 
418.430176 137.404770 
85.696739 98.390671 
52.767887 367.329132 
502.028900 365.459595 
575.691589 384.525726 
262.888428 359.257904 
16.290817 13.999456 
233.310837 362.558136 
104.679146 164.979721 
210.725357 94.958115 
91.160858 111.932274 
418.430176 137.404770 
19.101177 246.837845 
565.609497 296.417206 
480.280640 104.820328 
304.676544 65.470329 
306.829346 418.863495 
604.143799 101.334702 
74.229530 353.291626 
250.580521 337.166870 
138.125061 169.517380 
175.992355 118.489151 
38.001335 14.933925 
46.081181 334.398468 
78.047836 171.374298 
576.965820 168.291031 
394.954712 161.361603 
62.960396 147.610092 
112.765808 275.337952 
18.620401 224.929321 
59.074833 278.162964 
584.249329 181.657959 
433.190002 369.938843 
255.404922 282.895081 
149.025070 210.822830 
199.077728 359.034363 
197.747543 201.890198 
236.592514 367.603180 
581.973694 370.763855 
504.598969 274.953430 
408.250153 104.258423 
107.655991 204.365204 
98.442345 213.714218 
418.430176 137.404770 
169.989059 384.614441 
482.519867 276.536560 
433.190002 369.938843 
157.774368 215.522430 
46.034691 334.337982 
403.310455 152.570389 
193.205276 252.759583 
18.620401 224.929321 
602.092712 80.240059 
362.606995 127.468994 
395.111572 279.106750 
493.510101 144.741760 
33.712139 334.121521 
469.340332 242.835739 
581.973694 370.763855 
492.847870 113.140045 
211.639191 126.464462 
141.539581 196.509445 
565.609497 296.417206 
268.592529 144.182053 
252.707504 97.628738 
240.450027 183.448578 
10.315099 170.648590 
246.512177 188.781937 
211.735733 191.428955 
302.504059 238.270859 
51.382622 251.531448 
449.582642 224.831375 
503.214081 304.486084 
527.482483 86.786247 
211.639191 126.464462 
165.038406 204.729233 
160.629379 294.158234 
203.200851 324.836761 
