500
307.872833 421.804413 
267.244812 433.658569 
372.649628 432.873383 
318.787476 365.924835 
327.893829 444.159698 
221.863800 396.891876 
161.024780 417.956757 
282.951019 436.089172 
336.258789 406.036560 
63.126873 378.985046 
318.301208 415.387238 
355.333313 418.842957 
339.166199 438.093567 
152.998062 439.415802 
394.599670 435.663696 
187.298874 407.337708 
63.126873 378.985046 
386.560974 454.510040 
352.459473 431.645142 
336.258789 406.036560 
212.193710 405.794556 
251.305420 403.958008 
427.627106 415.620636 
386.560974 454.510040 
313.617584 445.354126 
262.277435 417.335266 
370.687469 453.446045 
263.850494 412.980988 
427.627106 415.620636 
95.230103 396.985046 
123.118866 397.356232 
374.879211 395.709991 
86.934692 382.674316 
289.877014 389.571228 
342.212250 397.537903 
289.877014 389.571228 
407.927704 442.712219 
221.568573 458.275635 
228.331543 434.491364 
220.269485 428.156433 
318.042114 408.240814 
246.319870 442.186218 
263.850494 412.980988 
450.207520 410.177979 
408.295258 125.117897 
55.905144 388.924377 
367.986725 355.734344 
264.713776 451.695648 
246.319870 442.186218 
300.401337 177.036362 
360.078278 362.891449 
338.552307 342.020538 
246.293137 406.506500 
466.380798 198.342575 
137.429260 403.486053 
258.634552 135.864563 
326.436310 382.830261 
283.083191 357.424561 
476.559753 230.781021 
206.241241 323.442169 
124.523842 434.110199 
307.120667 182.449051 
472.643066 181.109009 
88.584457 435.961182 
540.893494 260.679596 
366.753387 106.709061 
476.559753 230.781021 
319.345581 179.291519 
363.084290 189.981903 
378.459503 112.873116 
149.462921 377.814423 
501.629089 302.597748 
319.345581 179.291519 
434.367462 205.667068 
393.646240 142.092636 
365.925446 205.994873 
350.646393 30.152988 
342.520660 31.854282 
310.287445 53.839832 
360.476990 243.576385 
452.840698 91.307274 
35.944096 466.925323 
94.513893 431.170593 
389.132599 95.611229 
182.868607 347.665894 
211.598846 209.969635 
479.402344 194.557861 
452.317474 225.258896 
520.078003 339.605499 
75.211174 360.642242 
235.518723 409.074768 
307.136688 421.194946 
377.087372 65.135414 
452.317474 225.258896 
515.565613 292.958679 
138.617477 341.786194 
431.005646 219.680054 
106.716301 224.014801 
76.811607 335.796661 
370.838806 141.801514 
266.549072 327.197998 
281.159393 191.293930 
459.050476 176.935013 
319.426788 170.931030 
103.525017 313.764587 
484.396149 183.009964 
345.074188 103.500366 
480.564880 283.681885 
229.083984 412.007568 
239.628647 182.864395 
106.716301 224.014801 
184.678268 422.266754 
488.718079 310.139069 
343.841827 354.468964 
182.286362 312.718933 
382.868652 24.537916 
397.343811 153.061264 
336.800049 37.231853 
513.381897 338.497803 
604.402100 75.795235 
296.179138 358.194946 
490.082367 138.977600 
206.343872 43.239265 
266.669067 185.989197 
343.495544 66.942207 
352.505524 47.677731 
261.935486 149.179214 
291.704529 207.696182 
569.423462 243.360626 
332.314178 67.999580 
342.806763 339.962006 
346.949066 137.671631 
131.695892 397.673248 
240.387817 29.487211 
305.541595 76.215385 
194.381775 444.409515 
382.868652 24.537916 
343.841827 354.468964 
366.378845 107.580276 
468.802979 67.680748 
125.996857 368.184418 
82.316437 310.877319 
303.241730 168.525894 
523.889771 260.511017 
154.036865 351.295105 
342.520660 31.854282 
174.912949 230.384003 
160.646881 33.821262 
303.982880 338.587036 
100.007103 300.146484 
210.418915 51.038548 
424.643921 245.792404 
444.871674 438.340607 
306.108887 190.482620 
330.583740 321.705688 
147.043304 335.286774 
79.782066 240.093002 
447.069397 267.447327 
216.844559 153.690155 
205.374146 28.169188 
379.042603 149.731522 
96.877800 362.980286 
288.062775 202.797302 
568.571106 37.921097 
523.830017 42.986973 
247.029709 223.014801 
72.538269 427.585266 
96.106384 340.976898 
184.734558 31.818918 
10.917753 27.109503 
274.399780 339.201172 
233.142212 201.374802 
498.623718 70.312752 
447.133698 255.240219 
212.761597 43.631523 
104.245338 330.637054 
576.273438 218.935059 
449.972900 159.182877 
507.566620 45.828918 
351.703156 247.158875 
446.819336 67.358559 
7.021650 37.866833 
306.763062 343.918762 
316.356140 71.648087 
72.910309 187.962738 
340.109741 145.390625 
227.080505 25.089533 
185.284683 49.528099 
480.738464 35.209927 
214.145187 40.987782 
191.144363 319.927948 
199.926132 53.075214 
183.963486 11.252340 
118.662575 435.250427 
377.453735 357.249390 
483.954498 181.293488 
550.549988 305.830292 
488.995239 335.289459 
495.476654 53.530716 
273.978119 452.311798 
608.117615 364.524139 
520.936096 272.940918 
132.514511 249.590042 
472.241241 412.942963 
54.962852 404.739532 
185.447113 318.043060 
201.569656 306.904999 
482.851318 138.122879 
372.393738 247.026855 
621.159668 359.118500 
495.240967 80.941742 
574.783569 211.011200 
623.814270 376.515839 
465.216034 160.821930 
407.921021 64.465012 
141.802948 16.272503 
279.618774 242.680328 
89.496361 323.162354 
616.472168 82.462273 
253.967270 214.510284 
325.169006 196.856339 
311.972076 45.759743 
96.106384 340.976898 
508.322693 29.271473 
164.647141 236.006180 
125.900322 277.721680 
600.406921 362.843842 
110.483734 25.158562 
629.914673 77.327744 
620.111938 37.905781 
638.198242 424.563507 
424.159424 447.316406 
235.997757 16.753025 
204.128250 134.959045 
312.006958 275.431183 
584.828735 75.524704 
326.450439 196.307663 
355.290405 369.097137 
499.156860 34.718338 
490.267395 382.160095 
393.979034 272.519165 
551.658691 130.982941 
359.150543 149.453186 
60.530102 195.955215 
312.693634 147.799942 
55.463612 284.125153 
414.266418 284.332581 
70.743172 15.304717 
415.056274 196.148010 
72.910309 187.962738 
536.752319 172.816376 
83.822487 16.072184 
343.495544 66.942207 
600.112122 153.255707 
293.997650 166.648270 
55.902077 275.829224 
486.130951 394.755585 
230.258636 224.608429 
330.953613 425.620514 
173.411591 52.407471 
632.232422 286.124634 
450.594025 308.656189 
339.746918 99.105453 
582.508545 216.796677 
481.006500 58.435677 
510.793671 143.432816 
625.123413 318.502869 
267.017334 255.890381 
477.652985 73.171997 
418.227325 429.586670 
86.934692 382.674316 
415.151428 91.237640 
563.008423 224.626389 
250.371292 252.506027 
545.533813 390.811584 
239.507004 3.638245 
175.913910 29.207520 
265.636017 23.323969 
621.806946 110.473633 
17.203920 36.336914 
564.015442 213.955017 
525.561584 389.746643 
228.758789 42.004807 
252.079941 91.171410 
243.407394 231.034546 
125.884506 28.870022 
525.656311 23.485003 
31.629978 53.687557 
539.006897 395.265747 
231.023010 9.195437 
116.044090 316.456299 
405.996552 78.335083 
82.562820 143.727310 
551.610840 35.018208 
187.864365 67.971695 
11.944784 10.489051 
217.188828 61.284946 
565.192505 203.648315 
288.824890 21.128325 
310.030853 79.092888 
372.589020 447.451080 
419.730865 38.871349 
153.400711 240.441544 
133.826065 52.921879 
613.768677 395.373718 
160.148987 61.611122 
563.935120 213.011795 
142.568054 28.973503 
165.026718 265.080872 
305.046173 125.080055 
300.048096 50.971291 
229.710663 148.721466 
55.728069 284.516815 
363.084290 189.981903 
622.658447 161.410583 
141.290207 308.083160 
442.441864 95.898087 
628.054871 383.910492 
176.039841 44.231174 
133.700607 319.364502 
245.316254 303.749756 
335.607422 26.349424 
249.680603 449.066010 
543.393066 371.545837 
589.620728 206.136749 
603.853088 42.356564 
121.501808 249.051392 
211.914154 31.857212 
48.402557 31.542177 
173.759048 141.456680 
325.877472 106.156822 
548.045288 279.805847 
576.064758 88.612831 
304.537811 50.272614 
507.381989 428.133240 
256.350769 167.129364 
428.013519 66.533340 
304.050201 17.757742 
585.773010 283.028320 
416.983948 62.595627 
581.103699 22.649046 
42.349983 127.511238 
220.000839 450.376404 
586.164246 308.701111 
552.068542 22.911535 
153.396606 272.243317 
270.946472 168.245819 
467.394440 166.884384 
240.819870 58.178123 
94.808235 329.913269 
298.487854 59.758518 
148.547501 360.820221 
297.782410 77.937447 
360.747375 469.759949 
225.452484 110.347847 
402.441315 98.895187 
341.178802 454.763367 
245.832123 195.033859 
464.767517 96.803673 
240.588989 118.688171 
273.373749 44.335957 
627.535767 448.954224 
134.526306 13.761770 
297.782410 77.937447 
52.506454 92.577232 
565.744995 433.443512 
498.827667 93.074371 
580.894348 405.065979 
426.276276 33.725018 
198.730148 296.170685 
389.775604 185.109528 
468.687897 78.547913 
366.788971 37.712093 
530.254150 424.926056 
173.098938 127.784958 
325.808197 472.937225 
207.408310 134.288239 
486.637390 189.666031 
600.168030 33.186108 
602.494629 323.116791 
224.434677 265.098755 
625.146667 148.761032 
312.030518 275.681335 
83.797852 408.128754 
300.048096 50.971291 
47.988625 402.109131 
564.730164 94.248688 
130.204514 283.990875 
454.807312 66.395393 
214.806061 229.459488 
599.677124 217.547195 
617.483765 235.087418 
325.678619 44.304089 
263.983185 47.014496 
552.215942 88.885605 
180.998383 383.178558 
607.008484 406.744537 
604.546509 223.944397 
375.855469 215.414108 
426.938843 75.606560 
624.333862 180.248291 
156.137115 115.130814 
324.233643 63.623653 
45.065529 46.348652 
188.650787 232.106323 
331.752075 468.247284 
141.290207 308.083160 
433.794647 160.100418 
499.898224 248.540085 
520.184326 67.484917 
222.510452 468.870728 
438.051697 69.060188 
175.825439 118.854759 
125.884506 28.870022 
77.381180 124.181740 
47.988625 402.109131 
345.983826 471.860840 
526.477356 321.865021 
242.784821 212.046616 
76.924744 32.767548 
228.685623 172.957336 
63.185898 43.467686 
382.395050 38.266476 
631.307007 25.383198 
406.513519 50.876194 
617.566406 447.184631 
276.264282 29.247309 
180.998383 383.178558 
278.692810 69.524666 
4.076043 276.979675 
177.187897 17.180681 
286.006256 66.782089 
614.685852 120.969620 
73.946022 351.352020 
461.136475 54.043339 
451.222168 30.377771 
230.831482 73.236099 
159.882385 64.151779 
108.591873 302.367523 
561.177734 295.940094 
201.529617 397.285950 
609.369568 309.128235 
217.589035 12.878469 
25.134827 128.115509 
82.038162 41.211048 
108.616806 63.054550 
338.932281 388.840637 
429.694427 117.581665 
183.078735 171.010345 
142.295715 304.936218 
263.983185 47.014496 
267.524048 403.706177 
152.669144 339.289948 
293.997650 166.648270 
483.957886 292.106659 
157.082153 261.148499 
37.577999 332.136749 
581.347290 471.603149 
148.709091 103.114609 
317.184692 12.117730 
417.788635 27.573730 
65.783714 260.742004 
62.566452 199.427933 
218.191650 221.605988 
528.958008 80.368370 
90.727585 120.509560 
576.251160 119.748306 
562.023926 81.437859 
506.782867 79.370735 
573.906128 102.862396 
57.179424 255.410812 
505.539246 156.338303 
165.034637 348.064606 
36.183495 134.502731 
150.451294 54.730022 
298.487854 59.758518 
595.090515 37.105232 
453.370453 14.398612 
437.699371 30.010830 
598.651855 284.006256 
280.337555 388.570282 
577.156494 206.275360 
581.347290 471.603149 
565.744995 433.443512 
6.721470 236.634613 
271.280060 83.150208 
75.163170 351.905975 
587.199707 71.747940 
99.341080 115.497177 
65.193604 269.870300 
297.597046 82.575615 
593.116638 435.925629 
552.874146 78.501663 
407.992004 31.800695 
548.483582 381.261902 
568.181641 397.126129 
295.326080 261.002502 
454.412445 109.779198 
120.441399 124.223648 
495.656097 156.483337 
