500
250.517441 390.797638 
75.101631 328.473938 
230.710571 390.151855 
250.517441 390.797638 
255.725723 347.960510 
111.640671 329.497559 
156.433884 326.118317 
127.979294 293.967957 
224.778931 420.029877 
285.868011 368.896240 
189.992584 390.972504 
218.749100 353.700317 
237.366913 420.393463 
70.613823 276.996552 
347.083649 451.582794 
93.046288 313.582275 
178.214279 346.723083 
47.500732 307.479370 
218.749100 353.700317 
211.752335 414.188080 
283.227448 350.335052 
182.014038 364.140228 
154.633728 377.570129 
257.164520 449.639465 
121.400467 318.065399 
325.776428 445.959869 
325.776428 445.959869 
211.005096 347.673187 
236.082092 405.783813 
144.121277 328.779846 
252.520111 421.686798 
233.794800 384.058990 
304.057617 399.024963 
154.633728 377.570129 
269.974457 458.100159 
269.974457 458.100159 
53.153214 309.602112 
253.833359 366.053833 
289.783600 401.845764 
46.764835 246.733017 
28.235134 292.012878 
142.425110 362.660126 
140.309296 352.390900 
334.548340 174.667587 
467.008301 276.557709 
318.718384 118.843246 
73.102333 293.296997 
385.945862 456.169708 
459.745392 309.423737 
292.862183 365.748352 
303.870178 363.806549 
434.809845 366.042480 
376.214386 232.269287 
79.955734 289.950989 
480.803619 264.918732 
447.347260 465.035126 
78.849319 282.135345 
418.462891 405.263214 
382.486359 215.710297 
285.452209 337.194214 
428.162262 146.309937 
192.324936 354.626343 
416.258026 95.608925 
177.587296 380.804901 
185.577423 361.174255 
166.261597 395.127716 
459.745392 309.423737 
436.168243 373.868378 
457.148712 117.054764 
56.140560 357.040131 
337.900696 183.015549 
120.591499 255.647018 
146.898438 264.380951 
404.420593 74.222984 
310.676636 177.873779 
353.462921 263.401031 
443.703125 425.425354 
446.273621 383.989410 
429.824585 88.282715 
433.022522 191.435776 
479.654602 280.477173 
240.739548 158.680038 
319.022034 427.465637 
46.079659 262.759430 
47.286343 221.607529 
443.620270 71.056877 
120.591499 255.647018 
425.949249 276.690063 
435.407776 266.511108 
463.160736 382.261627 
521.746155 468.729340 
217.817108 390.340546 
12.027808 278.087952 
443.620270 71.056877 
143.807327 119.233940 
436.854919 358.163025 
444.246979 89.001854 
353.194489 179.452637 
279.152344 149.988434 
314.818970 132.410095 
437.223602 172.322769 
143.807327 119.233940 
229.408813 288.182648 
61.908886 201.050369 
492.318634 277.945526 
289.232422 337.331085 
428.162262 146.309937 
75.304024 182.086121 
300.626801 165.815521 
164.029633 232.949600 
202.031555 308.852753 
193.991684 152.772964 
452.712952 149.775543 
373.943756 309.065033 
426.652496 100.386635 
364.134430 464.302307 
217.817108 390.340546 
260.303375 312.076294 
274.363953 111.666573 
339.974457 168.650467 
429.785034 383.752899 
108.605988 353.536438 
94.437950 195.171951 
82.938255 141.989639 
295.759918 265.460876 
390.131683 91.589127 
31.069283 266.424103 
411.700775 64.730881 
482.154175 83.833054 
311.907532 384.923553 
443.703125 425.425354 
167.750793 243.503311 
199.345459 158.162094 
274.012054 344.167145 
122.613350 235.331528 
77.031967 196.346039 
427.754150 159.972855 
343.587372 261.317017 
311.121155 197.259537 
308.972504 452.544800 
539.524170 160.563995 
415.314636 325.498535 
63.419109 236.874908 
310.687164 190.932739 
424.333618 85.309792 
399.444794 93.071754 
265.514404 188.779922 
287.578735 315.958282 
236.735565 313.403748 
540.540833 173.018326 
540.540833 173.018326 
548.025513 274.894653 
265.381165 161.094101 
591.943237 122.846573 
321.364471 18.972683 
417.066956 191.378738 
373.943756 309.065033 
232.728622 333.218475 
74.925865 215.173157 
152.882675 154.155075 
409.095703 295.489044 
573.117676 115.456276 
404.409210 452.267090 
501.146820 272.923492 
404.409210 452.267090 
422.551636 316.050110 
391.238800 94.702759 
360.804108 270.960297 
236.735565 313.403748 
561.924683 177.376419 
227.915405 294.071228 
241.604401 323.160431 
404.409210 452.267090 
433.376129 205.851074 
227.915405 294.071228 
333.003601 190.321808 
546.821594 202.793182 
87.100388 209.489990 
276.230621 184.303268 
508.523438 394.738800 
480.803619 264.918732 
311.907532 384.923553 
236.735565 313.403748 
528.575806 171.728546 
236.735565 313.403748 
236.069061 319.777710 
528.575806 171.728546 
343.168335 204.142609 
236.735565 313.403748 
398.046692 182.084518 
236.735565 313.403748 
328.709015 473.647888 
433.376129 205.851074 
103.490250 273.215973 
227.915405 294.071228 
476.840363 367.853943 
83.458344 134.972916 
484.296234 131.566849 
508.523438 394.738800 
528.575806 171.728546 
540.540833 173.018326 
164.673477 240.078140 
321.364471 18.972683 
565.984619 372.908783 
514.474670 253.767731 
164.751526 267.217163 
483.882935 195.498688 
412.801941 179.665375 
521.746155 468.729340 
343.168335 204.142609 
501.146820 272.923492 
373.943756 309.065033 
260.303375 312.076294 
404.409210 452.267090 
113.398254 226.771027 
469.703308 205.266174 
403.514862 357.480042 
539.524170 160.563995 
376.418884 245.776688 
477.169739 158.214935 
336.012390 76.649185 
303.870178 363.806549 
435.060394 71.435524 
552.166687 161.641434 
399.444794 93.071754 
404.409210 452.267090 
447.347260 465.035126 
236.735565 313.403748 
284.072571 219.640518 
227.915405 294.071228 
251.662750 298.771667 
232.728622 333.218475 
399.444794 93.071754 
227.915405 294.071228 
480.803619 264.918732 
353.703918 13.686543 
360.256500 155.460388 
218.962585 336.314209 
199.345459 158.162094 
588.228271 338.261993 
528.575806 171.728546 
459.403931 197.540970 
381.211456 323.620636 
441.231323 35.820129 
546.821594 202.793182 
406.438568 127.995193 
217.689316 328.606659 
528.575806 171.728546 
267.668640 229.307877 
426.652496 100.386635 
447.347260 465.035126 
236.735565 313.403748 
74.925865 215.173157 
128.969650 233.727066 
274.012054 344.167145 
321.364471 18.972683 
526.819580 410.242523 
178.214279 346.723083 
540.540833 173.018326 
100.303246 332.531647 
528.575806 171.728546 
528.575806 171.728546 
528.575806 171.728546 
314.014984 154.526306 
302.975769 145.036026 
561.924683 177.376419 
480.803619 264.918732 
480.803619 264.918732 
508.523438 394.738800 
540.540833 173.018326 
285.452209 337.194214 
236.735565 313.403748 
483.882935 195.498688 
236.735565 313.403748 
373.943756 309.065033 
218.962585 336.314209 
393.549988 125.880066 
236.069061 319.777710 
182.014038 364.140228 
143.807327 119.233940 
252.862656 214.925812 
373.943756 309.065033 
416.737335 368.432251 
299.702484 320.515198 
373.943756 309.065033 
295.759918 265.460876 
237.366913 420.393463 
241.604401 323.160431 
539.106567 287.543640 
404.409210 452.267090 
399.444794 93.071754 
224.778931 420.029877 
236.735565 313.403748 
236.735565 313.403748 
223.607056 257.420776 
320.159729 9.301803 
286.134918 116.915894 
236.735565 313.403748 
280.978485 357.729156 
236.735565 313.403748 
285.452209 337.194214 
236.735565 313.403748 
280.978485 357.729156 
528.575806 171.728546 
411.700775 64.730881 
63.419109 236.874908 
478.695496 322.776398 
218.962585 336.314209 
294.844086 35.701763 
311.907532 384.923553 
218.749100 353.700317 
579.915405 156.932709 
172.809235 183.020218 
158.869888 183.748337 
294.844086 35.701763 
251.193253 181.827332 
528.575806 171.728546 
311.907532 384.923553 
492.855988 135.260574 
258.381287 192.917694 
229.408813 288.182648 
252.520111 421.686798 
539.524170 160.563995 
121.400467 318.065399 
236.735565 313.403748 
480.803619 264.918732 
117.485954 219.126923 
236.735565 313.403748 
141.207672 206.690155 
282.710571 340.943024 
218.962585 336.314209 
459.403931 197.540970 
492.855988 135.260574 
565.984619 372.908783 
277.306915 162.258896 
175.731247 155.729034 
218.749100 353.700317 
381.211456 323.620636 
540.535767 173.180389 
443.870270 402.985474 
373.943756 309.065033 
322.916595 105.216057 
565.984619 372.908783 
398.962341 85.601410 
265.962921 321.275238 
528.575806 171.728546 
411.700775 64.730881 
78.987221 205.211731 
443.870270 402.985474 
153.320679 395.383484 
366.102631 132.473190 
528.575806 171.728546 
360.804108 270.960297 
260.303375 312.076294 
565.327759 187.532227 
459.403931 197.540970 
190.026474 277.344513 
285.452209 337.194214 
272.485718 92.584053 
504.332214 137.071655 
225.275711 212.464233 
234.721848 177.392776 
227.915405 294.071228 
540.535767 173.180389 
328.172119 13.950157 
92.480286 288.258453 
443.870270 402.985474 
416.258026 95.608925 
56.804119 145.867355 
282.710571 340.943024 
31.069283 266.424103 
611.623352 236.344421 
218.749100 353.700317 
448.110077 337.490631 
237.366913 420.393463 
443.870270 402.985474 
353.265961 287.569214 
262.464996 239.542267 
111.640671 329.497559 
277.940186 461.369354 
471.981323 335.205688 
477.169739 158.214935 
508.523438 394.738800 
319.022034 427.465637 
412.801941 179.665375 
166.261597 395.127716 
251.662750 298.771667 
267.151306 176.539642 
232.445038 241.849289 
448.110077 337.490631 
432.352173 208.057190 
128.969650 233.727066 
416.258026 95.608925 
504.332214 137.071655 
359.175751 216.499283 
178.214279 346.723083 
251.662750 298.771667 
484.296234 131.566849 
31.069283 266.424103 
540.540833 173.018326 
133.630829 182.799332 
285.452209 337.194214 
360.804108 270.960297 
127.979294 293.967957 
411.700775 64.730881 
170.318558 119.762749 
233.535782 226.047684 
546.821594 202.793182 
417.483887 242.544281 
274.012054 344.167145 
182.014038 364.140228 
128.157074 134.725296 
111.640671 329.497559 
250.017944 79.515686 
478.695496 322.776398 
399.444794 93.071754 
492.318634 277.945526 
208.280792 270.920685 
393.451508 197.605469 
434.635559 353.406067 
433.376129 205.851074 
591.943237 122.846573 
501.146820 272.923492 
343.587372 261.317017 
433.376129 205.851074 
353.194489 179.452637 
575.045227 172.273666 
205.036072 288.767609 
94.437950 195.171951 
99.543144 180.886307 
144.121277 328.779846 
373.943756 309.065033 
571.135986 345.679047 
353.703918 13.686543 
563.000549 143.851303 
364.134430 464.302307 
127.979294 293.967957 
565.327759 187.532227 
282.416565 343.651489 
283.227448 350.335052 
443.870270 402.985474 
227.238205 236.843491 
237.366913 420.393463 
528.575806 171.728546 
611.623352 236.344421 
177.587296 380.804901 
552.166687 161.641434 
427.754150 159.972855 
448.110077 337.490631 
607.620056 254.135284 
411.700775 64.730881 
528.575806 171.728546 
374.243927 224.739761 
503.401062 183.835175 
225.644058 372.461182 
227.915405 294.071228 
153.320679 395.383484 
285.452209 337.194214 
459.745392 309.423737 
75.101631 328.473938 
539.524170 160.563995 
200.530884 413.021973 
328.172119 13.950157 
225.644058 372.461182 
353.462921 263.401031 
319.022034 427.465637 
269.781372 323.460480 
288.662384 244.286880 
178.214279 346.723083 
459.403931 197.540970 
353.703918 13.686543 
578.117188 242.725891 
46.079659 262.759430 
143.807327 119.233940 
530.692078 225.842010 
539.524170 160.563995 
607.620056 254.135284 
552.166687 161.641434 
357.342316 79.977303 
403.663574 98.590446 
251.662750 298.771667 
297.916626 361.905670 
455.028961 253.534180 
483.882935 195.498688 
313.212860 269.625824 
217.689316 328.606659 
86.834816 364.074493 
224.778931 420.029877 
154.633728 377.570129 
540.540833 173.018326 
353.265961 287.569214 
141.207672 206.690155 
311.907532 384.923553 
504.332214 137.071655 
130.114639 310.076660 
429.785034 383.752899 
552.166687 161.641434 
552.166687 161.641434 
565.327759 187.532227 
131.340546 256.945984 
