536
258.806885 287.506989 
201.983841 309.349426 
179.893295 309.622589 
160.778168 391.187805 
95.706627 364.700989 
189.646194 421.113037 
146.056076 340.167297 
259.990845 307.581482 
280.108917 273.036835 
601.305786 372.791992 
252.262497 281.827148 
304.580566 329.027466 
621.725037 372.552551 
319.779144 311.218201 
202.058640 308.976868 
568.839478 417.670197 
193.265060 115.837700 
252.262497 281.827148 
360.896301 198.678665 
191.996567 331.421356 
183.229187 295.116791 
183.407089 358.943634 
203.439819 262.650513 
229.046936 127.611626 
59.272057 324.328369 
589.250366 122.791924 
332.264008 208.694611 
169.044647 321.875946 
106.931946 191.320328 
51.041668 247.078323 
592.197693 81.391106 
169.044647 321.875946 
216.312149 279.536987 
547.256592 87.289192 
506.210419 263.966980 
94.769775 148.610840 
92.960304 134.437820 
528.390869 64.286987 
114.252342 26.283121 
111.324867 89.657639 
290.948914 406.628998 
503.732635 129.635971 
209.445251 296.212311 
307.891357 357.344116 
189.147842 149.297913 
533.405273 166.479080 
587.604797 352.338593 
188.039734 393.174530 
310.079468 401.300140 
612.794128 135.926056 
555.632202 283.514526 
460.953949 124.282387 
480.528778 269.009552 
389.145325 407.678497 
293.122040 244.774704 
566.582642 121.114876 
242.193207 131.766006 
506.482819 86.644089 
23.372772 358.034332 
125.216270 138.087479 
80.818558 110.245049 
482.707611 140.416321 
200.694778 114.994766 
257.241669 327.021301 
233.773270 342.920715 
267.651611 333.756042 
591.290039 139.896652 
282.246246 392.332123 
283.771362 318.848389 
303.494812 393.889435 
16.739019 405.047546 
160.587021 118.715027 
74.817924 90.661911 
615.503723 177.576401 
273.994232 350.926453 
337.178894 292.573425 
312.477844 279.646362 
100.453003 408.788452 
90.005257 30.128286 
245.449615 59.394615 
180.927231 300.806976 
515.716614 274.948944 
327.932678 217.717026 
501.377960 372.504822 
605.379700 90.450485 
528.518311 117.405663 
407.020111 415.673645 
349.173004 314.619629 
478.343658 105.519791 
39.162659 136.078583 
124.267471 106.128105 
596.449158 27.815861 
216.436600 279.394623 
176.682266 145.855591 
170.757233 407.445618 
328.839935 217.221161 
161.643661 69.598396 
62.912460 173.660904 
226.599609 157.218567 
120.652000 121.170227 
547.164612 127.563187 
23.256466 358.435059 
41.875050 277.454132 
89.754044 19.916756 
234.655457 77.872986 
482.237366 80.657585 
592.822021 94.832100 
463.626953 129.983597 
186.319870 257.108215 
307.891357 357.344116 
501.617035 178.047653 
595.122131 183.808640 
154.397858 147.329803 
275.620972 78.438461 
488.953461 188.728546 
501.377960 372.504822 
186.319870 257.108215 
157.913208 225.281677 
310.735535 56.002266 
617.341614 330.764496 
452.287231 71.989761 
594.454895 144.000198 
449.936188 139.170242 
507.536011 138.204025 
508.947449 151.535751 
402.992188 75.573448 
522.919373 57.017124 
33.970474 170.539383 
610.050232 216.800049 
600.827698 92.304901 
618.301392 122.675423 
512.424072 253.267288 
584.410278 171.287781 
404.000885 163.604156 
102.220749 31.724537 
136.350983 129.237228 
411.047028 458.349976 
421.976196 99.755249 
100.898445 359.708588 
160.326813 171.912094 
81.880051 51.894344 
308.971710 434.929993 
516.509460 126.109337 
546.757812 155.529648 
89.556633 359.195923 
360.896301 198.678665 
251.157211 140.654526 
244.657547 115.134239 
562.438965 138.072784 
210.954422 160.536865 
592.568481 54.411995 
175.996719 217.276520 
617.825378 153.352585 
180.047119 77.333130 
372.804077 457.915344 
606.850342 113.947159 
192.296310 305.084778 
241.387009 52.266739 
36.403652 370.891205 
62.442303 392.539551 
91.904945 409.505554 
357.188873 343.913696 
593.176941 69.393089 
357.590485 130.633530 
266.961273 36.229309 
536.688660 259.427063 
513.489746 168.505783 
513.507507 46.078640 
581.279236 151.185638 
500.323822 79.647369 
357.188873 343.913696 
36.038498 358.449127 
208.900513 334.576935 
598.072449 143.095184 
290.038269 304.943756 
223.761581 172.346313 
391.496155 465.122559 
126.752151 35.308910 
240.404785 72.511223 
103.029175 19.890739 
479.057404 180.245972 
478.509064 154.585648 
264.610077 60.723091 
252.029739 158.735962 
536.518005 236.361847 
233.582718 413.933075 
254.754318 76.588142 
18.811102 244.126282 
406.537811 369.553009 
610.032593 134.422745 
454.019409 76.874794 
252.786545 118.651825 
90.913063 167.107254 
28.657656 112.015511 
99.255135 62.492634 
601.204773 107.579277 
89.267067 316.086426 
313.616241 118.799942 
423.297089 106.804512 
157.913208 225.281677 
508.193878 113.851578 
84.990219 298.684570 
549.112549 72.254539 
236.874359 158.990097 
523.886230 124.071609 
48.181576 167.536911 
242.646912 254.273560 
593.321838 125.190132 
500.295319 79.890381 
348.259796 296.714233 
352.191498 281.136719 
181.366165 66.209747 
542.366272 379.337280 
422.964203 447.217896 
340.092072 78.256500 
521.907166 250.040283 
417.100128 447.165710 
591.041748 158.117218 
28.419580 351.548492 
235.835236 192.012344 
53.314114 352.485413 
141.902267 57.571289 
182.865173 135.601791 
78.630348 166.192719 
509.181580 100.772522 
39.082729 428.943512 
516.962158 93.074860 
527.877014 88.448875 
447.207031 375.738770 
112.225967 115.318123 
423.678192 92.995300 
632.076538 168.857742 
137.781723 113.589615 
365.336884 5.898579 
362.719879 48.936527 
164.927887 95.922501 
438.262360 107.526039 
301.869171 164.167267 
488.376434 96.113716 
527.973389 100.376503 
615.799744 80.772820 
201.736649 31.049341 
236.105957 165.186279 
406.360565 135.386490 
521.936035 401.429413 
358.064819 84.774330 
29.042185 21.641691 
378.893677 85.071060 
312.574860 72.394676 
130.906631 65.826851 
628.714355 453.998169 
115.448471 354.873749 
263.401794 140.178955 
415.803986 260.684631 
371.542908 442.142792 
431.218323 40.313671 
144.353989 40.164097 
326.108459 380.201050 
101.291435 179.779602 
613.501892 121.076157 
553.243591 49.368149 
437.174316 92.530212 
230.118652 131.805481 
382.629242 156.035660 
318.141510 455.429688 
49.022152 308.495605 
413.981049 230.117279 
212.396439 173.921616 
119.997108 252.545654 
398.723450 116.614738 
200.560867 401.729156 
252.868164 101.442390 
452.746063 195.479874 
258.783966 40.519417 
78.542267 358.580353 
53.851059 294.687317 
31.264460 293.963745 
186.766037 90.166069 
577.607178 29.710041 
468.530884 78.656883 
548.360596 80.794777 
234.426941 172.446808 
568.780334 189.019867 
263.918396 103.450897 
116.629616 264.578705 
592.669800 112.418060 
530.346069 251.044312 
49.879650 153.012360 
212.712112 183.575378 
472.855255 244.778641 
336.297546 64.711319 
365.278503 141.444885 
597.241516 186.872482 
103.268646 131.580032 
201.152634 162.978653 
25.254124 312.816589 
554.314819 14.021294 
112.694138 241.115341 
516.291931 203.224152 
440.008667 170.830200 
569.461548 27.853628 
256.290649 63.152542 
17.478954 363.837830 
586.979065 108.215599 
43.009232 152.768219 
401.540863 358.982544 
120.906334 421.593964 
160.917419 464.419189 
432.431763 99.595451 
579.549133 241.148972 
623.131348 298.409424 
625.651428 156.439850 
101.948959 161.741638 
287.706116 375.296509 
189.902557 45.513382 
597.715088 31.004120 
600.727966 64.176750 
137.594574 239.466263 
204.020706 129.202332 
563.189758 458.397064 
261.908417 86.009048 
257.173248 53.714413 
308.932770 140.191940 
570.794739 52.380119 
622.840820 98.177956 
538.929260 74.981163 
67.955261 44.898659 
531.679932 364.894226 
232.636398 41.377388 
542.137329 24.832554 
104.767113 240.249359 
48.651531 120.141830 
626.938904 12.443205 
425.697540 304.373352 
474.128540 376.684235 
218.936539 36.906120 
139.331177 267.250122 
626.200562 274.675720 
476.824005 104.133011 
438.837402 269.909546 
91.904945 409.505554 
438.190887 80.691124 
31.541142 88.502266 
168.668686 426.803589 
398.723450 116.614738 
254.058273 395.775940 
235.510544 194.960617 
98.115898 252.359955 
462.302704 448.980225 
525.532227 166.358780 
251.109146 165.080215 
211.095261 37.493481 
416.930817 136.211807 
611.736572 160.027847 
345.757782 99.411064 
297.656372 99.921196 
472.316833 87.092018 
210.716888 97.656754 
199.555817 425.059082 
611.085571 291.971100 
568.830750 111.938545 
91.111061 7.495589 
401.226898 36.064938 
382.629242 156.035660 
498.013519 200.823868 
106.434418 174.020325 
208.307892 458.234039 
483.358551 169.972778 
431.423492 164.907013 
289.404327 454.369751 
96.997963 155.992279 
477.235077 198.260666 
21.481802 451.387329 
258.433838 300.547882 
338.051941 303.726562 
554.722107 181.932693 
139.068893 152.805832 
112.004852 160.154190 
129.690720 360.124939 
146.798019 386.739532 
596.339783 160.789459 
505.120331 428.764648 
516.966187 19.281414 
573.146912 444.017639 
201.813934 43.155624 
374.708862 115.019287 
62.625362 389.822296 
445.364716 185.079025 
318.300720 43.415604 
525.869751 455.942688 
485.761688 54.191860 
71.580750 234.147964 
547.195251 108.436600 
452.468903 40.207466 
72.841324 9.828470 
342.924500 51.502224 
597.663269 8.850283 
624.372192 306.478058 
624.095276 201.672623 
499.569489 104.502792 
527.707275 221.564972 
468.160095 371.178619 
443.054321 100.744926 
406.478729 198.918152 
127.847427 230.784378 
481.361267 109.818878 
546.424194 193.384567 
466.650879 15.447340 
208.480850 103.304787 
134.504822 54.389664 
89.434975 61.628693 
412.712219 166.828995 
513.507507 46.078640 
236.905609 148.989838 
40.210552 22.069939 
589.202820 268.208862 
451.333527 282.890472 
445.251495 50.831627 
399.760193 167.106598 
459.435913 388.867493 
561.771851 167.878784 
383.041718 77.656700 
137.018600 188.193039 
551.854248 416.150238 
585.688049 224.843872 
462.835846 68.952194 
362.452545 116.447548 
286.293030 53.936981 
392.845551 131.844849 
583.883545 198.938095 
182.636932 225.646500 
67.706299 112.369934 
251.184540 273.950378 
629.242126 128.816742 
552.745972 27.454092 
323.402100 78.769997 
328.712799 445.957764 
500.805023 56.168369 
489.417023 59.241436 
564.804199 146.557358 
624.245300 263.585358 
177.595551 173.000351 
308.637451 201.684952 
582.421814 43.046692 
144.692734 20.664330 
183.758286 412.934509 
416.414215 397.489777 
210.612167 133.540787 
388.128601 106.681763 
367.517212 360.056702 
225.806686 432.972351 
399.278229 385.722839 
113.193878 287.779388 
169.361359 22.546043 
550.838989 39.860085 
137.456345 102.296867 
278.378265 50.682434 
132.770355 455.297363 
48.260853 356.703735 
106.696724 434.359375 
62.945152 244.865524 
523.956909 348.796661 
523.956909 348.796661 
616.553162 170.142883 
555.692261 146.960281 
187.175644 179.787399 
624.057861 281.240814 
187.726028 197.919708 
89.527710 164.486008 
425.908081 137.389328 
581.008118 17.098095 
542.096252 10.423348 
374.755463 299.027802 
132.877518 76.562492 
611.710083 109.138138 
78.338455 384.151367 
439.795990 180.799576 
128.409424 246.634674 
500.936493 121.304321 
547.893860 101.516418 
77.245300 193.246521 
135.583740 255.503967 
156.939728 439.604065 
585.642334 200.632660 
86.416306 255.504913 
455.933655 66.428932 
335.500031 180.557892 
164.940903 234.568573 
385.277191 99.458138 
405.988312 177.065079 
380.903839 130.867599 
31.734352 70.374886 
401.266693 153.150436 
534.820618 47.469574 
70.661797 358.130280 
71.627121 228.005371 
516.557312 106.274300 
21.099375 206.751083 
113.548477 287.468018 
41.847492 90.631996 
59.917244 315.774017 
622.422546 108.072243 
8.564044 243.252167 
401.697327 214.407822 
187.893372 22.988441 
238.890869 220.523483 
25.982843 33.773823 
470.053070 216.933167 
126.660278 171.844147 
553.243591 49.368149 
93.032593 180.918976 
181.388123 17.667997 
308.637451 201.684952 
207.098312 187.095291 
16.097710 92.855133 
18.994698 161.432358 
28.817400 239.321671 
188.137222 76.894272 
638.526794 137.710556 
9.786097 192.020203 
494.122070 282.795685 
442.358368 263.534668 
353.302734 303.680145 
468.065125 327.348175 
550.016357 129.401520 
43.330601 368.429779 
235.258514 197.964111 
22.952597 451.254242 
267.090759 205.464935 
127.610413 409.526337 
201.467361 220.727982 
555.779114 384.861206 
90.086296 390.953796 
240.989014 340.776276 
372.566772 450.684113 
295.720795 143.408005 
