500
184.707306 350.800232 
206.138031 381.338898 
151.567917 307.358856 
151.567917 307.358856 
172.921478 346.676666 
36.051708 132.422043 
254.982681 434.600281 
81.581711 231.835312 
137.900162 323.480072 
203.324646 358.153992 
93.583321 252.851852 
168.608719 376.630768 
158.752029 366.332031 
136.924698 265.178833 
185.959366 312.336090 
147.976364 308.994019 
254.982681 434.600281 
251.736649 349.272003 
218.251465 421.765991 
273.300415 448.392487 
203.324646 358.153992 
180.942520 381.069427 
120.850090 224.839706 
60.021034 239.532532 
82.729271 274.304626 
106.616272 244.992554 
198.594406 428.102814 
146.059296 337.029694 
40.757378 210.459549 
150.106140 292.348938 
189.267334 415.348755 
190.990997 408.613220 
194.223755 387.616028 
198.594406 428.102814 
139.211197 236.165939 
122.262428 333.277649 
73.273682 189.973175 
248.335098 462.440155 
308.716400 466.563385 
185.959366 312.336090 
124.467850 263.621429 
17.310425 170.781418 
189.831909 345.914825 
135.431061 281.913727 
111.870262 283.577667 
221.387177 437.118896 
92.153572 268.705048 
254.621475 415.842529 
356.043854 183.670685 
446.012054 324.956116 
325.824677 459.476044 
111.431000 294.893341 
427.685608 353.058624 
262.055054 350.580383 
214.839218 336.043457 
48.250458 244.147873 
117.422768 312.539001 
427.685608 353.058624 
360.644287 125.714752 
236.420044 382.053223 
70.063980 206.408676 
182.983047 205.618759 
462.483337 318.343689 
25.966299 252.321564 
442.793671 233.360016 
457.422363 306.567505 
332.833984 178.723495 
453.823853 189.121521 
45.423695 214.077362 
355.884521 429.764923 
105.163643 197.875992 
388.994598 418.442963 
54.943001 167.801407 
149.170670 204.076385 
343.321381 273.343719 
416.277405 330.520782 
490.801849 171.907486 
70.322952 129.588440 
160.989899 269.594513 
254.358658 319.486755 
273.549591 136.438889 
418.852661 304.426178 
117.422768 312.539001 
222.258087 319.774780 
457.152588 112.985176 
363.698151 179.886292 
172.921478 346.676666 
125.201538 165.636017 
456.377441 332.796509 
465.641846 286.361694 
407.016022 310.586060 
416.277405 330.520782 
427.927521 214.642563 
154.092712 263.842377 
397.748871 281.976776 
327.328552 163.590988 
137.670761 297.646210 
512.068237 303.101898 
405.810608 422.651459 
367.053253 200.172760 
372.672668 456.389740 
427.538727 227.389526 
166.053192 114.646614 
39.699516 166.731094 
195.838470 66.215500 
234.614838 121.792580 
553.210266 241.951660 
372.672668 456.389740 
524.908264 330.743927 
266.771576 358.919189 
493.805939 123.455612 
312.327606 141.456482 
123.391777 120.704735 
195.838470 66.215500 
388.876282 390.761658 
218.551071 254.514511 
387.516632 239.081100 
90.567619 114.850204 
487.899536 140.739120 
374.716949 413.138519 
231.461868 114.860710 
493.805939 123.455612 
367.053253 200.172760 
127.198898 186.926895 
438.589691 245.523163 
404.303680 30.778656 
468.910126 334.506287 
351.810150 136.940750 
460.017822 137.006378 
526.026672 148.699127 
327.211243 249.553375 
175.686310 179.918610 
136.064667 167.924469 
492.600677 155.168045 
485.803284 120.418877 
538.850647 247.691376 
436.986908 441.813416 
257.708252 320.801880 
325.824677 459.476044 
434.948792 406.072296 
346.791870 323.286896 
481.737701 441.219208 
320.873596 103.940132 
467.642487 145.712418 
285.012878 465.996155 
505.051666 449.072906 
348.964020 197.122253 
228.757416 450.966217 
262.475433 372.942230 
264.401367 299.500122 
215.194763 259.598969 
453.823853 189.121521 
475.627625 200.901581 
215.194763 259.598969 
434.928314 125.313591 
240.823929 321.705811 
215.194763 259.598969 
384.711700 397.222534 
440.269806 164.332230 
404.303680 30.778656 
404.303680 30.778656 
443.696869 449.777374 
616.065918 222.908859 
384.494049 323.047729 
325.824677 459.476044 
216.854050 280.681549 
445.058777 129.040436 
106.506592 115.939285 
365.234619 370.944550 
295.464630 147.119141 
346.791870 323.286896 
80.170784 149.260498 
616.065918 222.908859 
328.964600 190.947571 
215.194763 259.598969 
192.369308 102.069710 
288.241669 255.643814 
436.986908 441.813416 
205.950424 297.271698 
286.149719 173.227692 
380.585754 353.022095 
214.620865 287.346710 
479.157867 333.445160 
326.574005 467.926514 
335.138489 268.118134 
97.908051 132.922409 
370.436157 265.296967 
192.935745 242.404587 
500.540405 128.257950 
173.773132 186.443253 
222.258087 319.774780 
365.182251 39.890560 
216.854050 280.681549 
347.774994 283.093079 
600.667053 211.480804 
111.606171 131.619370 
262.475433 372.942230 
436.986908 441.813416 
326.574005 467.926514 
457.496582 205.678818 
176.040375 191.587296 
326.574005 467.926514 
526.026672 148.699127 
216.854050 280.681549 
109.999512 101.922112 
216.854050 280.681549 
493.795441 113.708061 
216.854050 280.681549 
241.303085 292.933990 
234.614838 121.792580 
462.483337 318.343689 
130.358566 156.655075 
553.210266 241.951660 
134.162201 59.802479 
390.462189 92.259384 
550.323425 252.529358 
151.567917 307.358856 
352.289246 213.018066 
524.908264 330.743927 
216.854050 280.681549 
436.986908 441.813416 
201.214554 288.626587 
97.908051 132.922409 
550.323425 252.529358 
286.254822 97.607903 
216.854050 280.681549 
193.152481 362.541718 
326.574005 467.926514 
400.369537 154.307053 
346.791870 323.286896 
445.058777 129.040436 
479.157867 333.445160 
595.067627 336.568054 
131.870926 108.546989 
326.377747 84.790535 
235.650787 271.830353 
472.275024 258.240753 
445.058777 129.040436 
386.332550 174.633743 
467.642487 145.712418 
550.323425 252.529358 
509.665405 359.612549 
297.924377 172.746338 
462.483337 318.343689 
349.195435 339.608734 
205.950424 297.271698 
389.410187 44.530319 
550.323425 252.529358 
261.840637 361.700592 
446.403259 455.389648 
456.166351 470.468170 
346.791870 323.286896 
564.105347 245.982040 
550.323425 252.529358 
216.854050 280.681549 
149.225647 318.528748 
225.173752 116.173279 
293.074158 208.609909 
240.823929 321.705811 
274.670044 212.025406 
69.206444 84.747688 
77.523346 204.600494 
489.785431 254.229843 
346.791870 323.286896 
191.993744 296.082886 
214.620865 287.346710 
215.194763 259.598969 
216.854050 280.681549 
496.265289 217.304260 
265.575073 193.550156 
135.291824 151.803146 
352.289246 213.018066 
553.210266 241.951660 
442.501160 124.453529 
346.791870 323.286896 
187.974838 132.021225 
462.483337 318.343689 
462.483337 318.343689 
538.589966 424.174347 
215.194763 259.598969 
326.574005 467.926514 
147.976364 308.994019 
191.993744 296.082886 
216.854050 280.681549 
550.323425 252.529358 
492.876373 207.712112 
195.838470 66.215500 
495.852570 79.680679 
609.282471 249.469589 
201.184692 136.163605 
436.986908 441.813416 
325.824677 459.476044 
81.990784 251.878021 
412.742767 212.053879 
32.636463 110.423424 
489.785431 254.229843 
216.854050 280.681549 
325.824677 459.476044 
275.404144 162.001083 
367.095917 392.342468 
538.850647 247.691376 
191.993744 296.082886 
346.791870 323.286896 
403.203186 239.056854 
346.791870 323.286896 
218.551071 254.514511 
216.854050 280.681549 
216.854050 280.681549 
254.358658 319.486755 
41.334373 65.013763 
216.854050 280.681549 
575.676453 398.315430 
550.323425 252.529358 
438.589691 245.523163 
538.850647 247.691376 
79.219612 128.279541 
9.223322 160.552032 
457.496582 205.678818 
216.854050 280.681549 
147.976364 308.994019 
428.229523 158.412994 
336.609528 145.142654 
273.224762 308.704834 
201.214554 288.626587 
538.850647 247.691376 
538.850647 247.691376 
369.261017 114.231728 
538.850647 247.691376 
39.699516 166.731094 
242.861328 336.948547 
185.959366 312.336090 
185.959366 312.336090 
80.170784 149.260498 
262.475433 372.942230 
242.861328 336.948547 
205.950424 297.271698 
216.854050 280.681549 
234.614838 121.792580 
150.106140 292.348938 
387.516632 239.081100 
262.475433 372.942230 
528.087097 206.101349 
236.410202 8.610371 
261.840637 361.700592 
592.402161 250.301407 
592.402161 250.301407 
553.210266 241.951660 
168.608719 376.630768 
404.303680 30.778656 
474.816223 305.159241 
462.483337 318.343689 
218.551071 254.514511 
561.493469 270.330505 
567.066772 399.563385 
216.854050 280.681549 
192.935745 242.404587 
467.473480 105.220955 
135.291824 151.803146 
406.680328 375.725098 
419.130859 376.826538 
306.579407 152.536362 
191.993744 296.082886 
465.065826 246.692596 
553.210266 241.951660 
326.574005 467.926514 
36.051708 132.422043 
236.410202 8.610371 
223.413910 223.517212 
346.791870 323.286896 
106.616272 244.992554 
592.402161 250.301407 
465.065826 246.692596 
194.223755 387.616028 
526.852539 198.765488 
288.241669 255.643814 
216.854050 280.681549 
151.567917 307.358856 
117.909416 136.160797 
365.182251 39.890560 
239.818817 181.843307 
185.959366 312.336090 
344.097687 157.448349 
349.195435 339.608734 
164.367889 122.466164 
564.105347 245.982040 
261.013336 151.776596 
427.927521 214.642563 
135.431061 281.913727 
151.567917 307.358856 
331.841705 111.455948 
347.774994 283.093079 
441.135040 77.777390 
237.886826 436.755096 
368.785919 51.665749 
218.551071 254.514511 
406.680328 375.725098 
443.696869 449.777374 
41.334373 65.013763 
39.699516 166.731094 
180.942520 381.069427 
178.407990 76.991440 
365.435638 231.773804 
445.058777 129.040436 
343.321381 273.343719 
77.523346 204.600494 
205.149734 434.139771 
292.112946 162.133011 
462.483337 318.343689 
553.210266 241.951660 
404.303680 30.778656 
124.467850 263.621429 
453.177002 231.217331 
406.680328 375.725098 
504.138611 146.279724 
430.232056 381.331726 
243.929749 197.285507 
105.456482 124.941872 
505.051666 449.072906 
150.106140 292.348938 
172.921478 346.676666 
504.138611 146.279724 
442.501160 124.453529 
609.282471 249.469589 
347.774994 283.093079 
235.650787 271.830353 
481.737701 441.219208 
595.067627 336.568054 
218.551071 254.514511 
218.551071 254.514511 
93.583321 252.851852 
93.583321 252.851852 
509.665405 359.612549 
235.650787 271.830353 
581.013733 233.159912 
461.515472 339.289703 
240.823929 321.705811 
235.878952 314.957336 
403.550659 225.423767 
110.037849 328.625458 
236.410202 8.610371 
150.106140 292.348938 
468.910126 334.506287 
620.533936 250.261932 
122.262428 333.277649 
541.691101 257.138275 
489.785431 254.229843 
473.067627 117.497467 
120.850090 224.839706 
24.230942 78.017929 
60.021034 239.532532 
460.017822 137.006378 
479.157867 333.445160 
538.850647 247.691376 
553.210266 241.951660 
575.676453 398.315430 
595.067627 336.568054 
457.496582 205.678818 
441.298920 175.749710 
214.620865 287.346710 
493.805939 123.455612 
623.309082 339.493530 
445.058777 129.040436 
165.918152 148.316559 
502.779999 433.840302 
585.103943 351.722321 
448.733734 201.860992 
436.986908 441.813416 
254.358658 319.486755 
235.650787 271.830353 
518.130615 200.700317 
474.011169 152.074905 
437.059143 127.529404 
110.037849 328.625458 
151.567917 307.358856 
288.907806 233.433228 
553.210266 241.951660 
550.323425 252.529358 
564.105347 245.982040 
564.105347 245.982040 
457.422363 306.567505 
409.090485 103.363663 
208.486542 31.531975 
149.225647 318.528748 
445.058777 129.040436 
195.838470 66.215500 
303.475525 265.615356 
442.451141 298.901520 
529.540344 214.605042 
185.959366 312.336090 
470.911346 130.427109 
365.234619 370.944550 
168.608719 376.630768 
405.237091 50.217068 
136.848587 191.287674 
137.900162 323.480072 
511.887024 249.166534 
564.105347 245.982040 
467.473480 105.220955 
151.567917 307.358856 
278.045837 175.089890 
