500
370.464691 433.871979 
385.591705 428.142853 
380.952454 349.603088 
586.484497 264.770966 
517.107605 322.214111 
355.507935 407.843048 
415.877075 375.509064 
481.252960 372.034760 
428.229950 412.551331 
312.429382 424.985474 
359.267090 388.136108 
357.840729 421.593689 
414.177704 334.062347 
377.214966 450.858917 
469.857788 399.516968 
327.106171 452.057129 
415.877075 375.509064 
575.963623 275.341858 
395.895203 360.273254 
357.883850 354.159973 
434.646515 401.243744 
357.025024 451.405060 
341.535858 416.106293 
481.917023 334.786621 
585.200317 275.556946 
588.413330 247.860916 
526.545715 349.291626 
294.733673 435.255249 
368.161713 384.145813 
612.463074 251.473969 
338.443787 96.352646 
309.084900 436.719513 
357.025024 451.405060 
611.122070 286.841156 
597.860474 309.089264 
438.161316 112.968483 
597.860474 309.089264 
368.161713 384.145813 
445.077515 347.296173 
418.799713 316.291107 
570.737122 267.762909 
417.348907 365.146912 
443.034241 389.522949 
270.816101 194.694656 
401.501221 386.590057 
622.558472 206.294678 
214.425171 180.224304 
623.973328 287.685150 
449.884674 153.703171 
295.380127 436.840729 
574.201538 331.066895 
535.688354 272.789459 
540.576172 290.771271 
279.605927 195.990814 
449.884674 153.703171 
425.660461 130.749664 
218.456482 82.931587 
421.929596 113.280426 
434.463928 61.696320 
288.456329 450.758911 
357.883850 354.159973 
429.642273 342.916748 
416.813568 420.896912 
288.663452 186.975342 
520.201721 147.786102 
235.549072 48.554497 
493.979492 206.240997 
589.699036 257.638123 
246.014450 219.652267 
507.795837 202.882568 
293.256805 99.095352 
357.088165 222.832626 
281.878357 204.226532 
210.066040 267.819672 
254.813354 402.076019 
434.935883 121.697159 
621.495300 206.704178 
213.014252 418.833771 
243.021851 84.389862 
167.874023 466.904266 
235.224960 83.883598 
400.918579 153.930893 
623.973328 287.685150 
288.663452 186.975342 
238.776871 12.838634 
386.535217 318.744354 
621.495300 206.704178 
621.495300 206.704178 
330.204987 173.734711 
283.961426 180.958054 
270.374146 473.264984 
514.815125 187.395905 
542.591675 225.794601 
501.199310 214.573410 
127.170082 332.169464 
251.535858 56.700504 
425.783936 159.847763 
388.899139 315.398987 
147.649979 422.793304 
535.688354 272.789459 
268.389374 186.736481 
127.170082 332.169464 
326.326935 131.847488 
621.495300 206.704178 
168.551178 412.836731 
480.023834 198.425674 
235.549072 48.554497 
316.654083 342.591797 
156.793213 444.233063 
241.342010 43.040257 
404.750549 166.774521 
308.144440 80.240349 
233.802414 259.810547 
221.749451 230.360031 
334.703583 117.839935 
101.386261 369.816833 
621.495300 206.704178 
281.932281 60.042969 
199.185852 350.850006 
252.889587 77.902786 
329.639526 427.893555 
314.830566 28.850203 
621.495300 206.704178 
243.154297 68.947182 
123.382347 134.195953 
227.105652 106.852554 
575.510132 309.141205 
265.802795 21.122969 
224.269730 190.651718 
369.115417 305.331879 
314.005310 129.241898 
236.344284 371.404968 
238.776871 12.838634 
441.484497 319.272430 
621.495300 206.704178 
236.271164 120.092506 
444.528961 54.444908 
232.512421 97.774078 
160.907135 427.893036 
631.823364 283.214203 
217.351471 408.744690 
421.929596 113.280426 
622.558472 206.294678 
400.614532 403.287811 
542.591675 225.794601 
558.135437 93.356361 
181.118179 305.487915 
278.318237 225.945969 
188.735764 303.565643 
441.998505 200.613846 
129.233429 127.865288 
535.688354 272.789459 
547.943237 154.644028 
238.362320 72.275337 
425.783936 159.847763 
627.864624 253.972153 
293.256805 99.095352 
175.921387 440.155457 
272.644318 224.173370 
322.143921 401.639130 
631.060303 203.370148 
130.821014 159.692719 
224.236618 248.009109 
320.951477 346.730988 
545.570435 273.345032 
320.951477 346.730988 
168.597855 467.814484 
621.495300 206.704178 
463.871460 85.424957 
622.558472 206.294678 
330.093811 274.256531 
261.253876 217.005447 
346.326080 124.432991 
508.643066 167.986603 
631.823364 283.214203 
177.251480 426.502808 
235.392853 270.449463 
169.893570 369.832520 
324.812866 434.072784 
359.640686 326.302399 
110.463463 391.743500 
185.524246 214.102203 
412.867249 190.361908 
511.668793 366.295502 
248.272415 261.558716 
545.570435 273.345032 
188.941681 460.794556 
129.233429 127.865288 
558.135437 93.356361 
201.656342 407.183716 
265.802795 21.122969 
215.583755 447.216888 
241.167419 444.068146 
542.591675 225.794601 
545.570435 273.345032 
441.484497 319.272430 
439.893738 99.362419 
350.288422 230.084351 
327.909241 63.127316 
570.737122 267.762909 
182.665634 316.210083 
367.199158 220.177780 
627.864624 253.972153 
421.929596 113.280426 
162.085175 341.802673 
235.161682 420.996216 
622.558472 206.294678 
622.558472 206.294678 
299.095581 203.560791 
232.512421 97.774078 
307.501831 42.696674 
186.953247 145.129028 
346.326080 124.432991 
175.921387 440.155457 
361.371155 10.238400 
377.702393 235.128784 
314.830566 28.850203 
588.413330 247.860916 
158.217331 401.798187 
123.382347 134.195953 
589.699036 257.638123 
621.495300 206.704178 
547.943237 154.644028 
570.620483 146.044189 
622.558472 206.294678 
372.512543 15.666498 
232.512421 97.774078 
466.035950 44.063656 
547.943237 154.644028 
428.630829 318.698547 
203.323380 32.973274 
439.893738 99.362419 
284.499512 261.006866 
264.838684 285.281311 
631.060303 203.370148 
357.883850 354.159973 
545.570435 273.345032 
423.402069 228.635422 
337.136261 328.313324 
129.233429 127.865288 
600.211975 212.577255 
169.406265 431.327393 
478.394928 156.117905 
64.934456 226.530533 
284.421936 279.917358 
267.107178 163.262268 
188.735764 303.565643 
622.558472 206.294678 
168.201080 206.525940 
600.211975 212.577255 
64.167191 244.823502 
621.495300 206.704178 
249.805756 250.148941 
436.723083 188.158035 
231.435776 56.388798 
162.388123 160.989471 
258.495178 118.922638 
356.805664 362.092712 
570.620483 146.044189 
299.095581 203.560791 
622.558472 206.294678 
539.082092 56.536686 
361.371155 10.238400 
357.883850 354.159973 
372.512543 15.666498 
229.871994 104.978409 
252.889587 77.902786 
64.167191 244.823502 
428.630829 318.698547 
588.413330 247.860916 
421.929596 113.280426 
421.929596 113.280426 
622.558472 206.294678 
354.389496 375.008484 
248.535522 270.291046 
622.558472 206.294678 
232.512421 97.774078 
545.570435 273.345032 
631.060303 203.370148 
227.728348 100.011818 
162.388123 160.989471 
235.161682 420.996216 
320.951477 346.730988 
600.211975 212.577255 
27.772579 249.797821 
357.840729 421.593689 
341.535858 416.106293 
386.535217 318.744354 
128.248810 120.225723 
177.568726 373.135620 
316.654083 342.591797 
368.161713 384.145813 
600.211975 212.577255 
355.386353 441.019379 
545.570435 273.345032 
238.776871 12.838634 
372.512543 15.666498 
379.234558 298.041107 
18.832703 187.884109 
309.146790 143.700684 
330.093811 274.256531 
287.281982 332.298370 
172.808716 249.419189 
359.640686 326.302399 
441.484497 319.272430 
226.135834 46.258652 
168.100510 209.202103 
355.507935 407.843048 
400.614532 403.287811 
631.060303 203.370148 
621.495300 206.704178 
545.570435 273.345032 
353.013580 59.599030 
229.539734 207.223373 
329.639526 427.893555 
130.821014 159.692719 
168.100510 209.202103 
372.512543 15.666498 
329.639526 427.893555 
354.389496 375.008484 
441.484497 319.272430 
168.597855 467.814484 
600.211975 212.577255 
219.085861 402.257690 
168.100510 209.202103 
188.941681 460.794556 
570.737122 267.762909 
329.639526 427.893555 
162.388123 160.989471 
558.135437 93.356361 
307.894501 99.015884 
386.535217 318.744354 
556.944031 164.479446 
231.254837 237.996811 
242.121994 201.661392 
248.823013 308.299500 
621.495300 206.704178 
388.899139 315.398987 
353.415955 98.197456 
197.045700 339.040222 
361.371155 10.238400 
227.167160 474.294342 
421.929596 113.280426 
600.211975 212.577255 
372.502197 15.452711 
322.620087 183.191971 
588.413330 247.860916 
181.556351 92.824173 
499.364746 354.832977 
469.961975 271.729828 
129.233429 127.865288 
631.060303 203.370148 
424.534180 103.218689 
423.402069 228.635422 
129.452515 147.536621 
589.707764 321.381134 
128.248810 120.225723 
354.389496 375.008484 
293.416870 465.283813 
434.646515 401.243744 
400.614532 403.287811 
243.021851 84.389862 
290.627289 289.579407 
622.558472 206.294678 
357.883850 354.159973 
388.899139 315.398987 
319.732239 155.223587 
250.142868 147.539215 
631.060303 203.370148 
537.092163 75.475594 
346.326080 124.432991 
547.943237 154.644028 
370.891510 157.755157 
575.510132 309.141205 
575.510132 309.141205 
288.456329 450.758911 
239.301346 96.715408 
622.558472 206.294678 
491.076324 387.012085 
417.348907 365.146912 
622.558472 206.294678 
368.161713 384.145813 
330.204987 173.734711 
353.415955 98.197456 
356.805664 362.092712 
341.535858 416.106293 
290.581177 351.993317 
322.506195 28.728865 
421.929596 113.280426 
368.161713 384.145813 
443.034241 389.522949 
309.084900 436.719513 
621.495300 206.704178 
377.702393 235.128784 
342.361023 260.555237 
570.737122 267.762909 
319.573334 193.846878 
413.121796 50.852379 
621.495300 206.704178 
143.323868 159.662552 
315.766541 37.976856 
64.167191 244.823502 
243.021851 84.389862 
314.005310 129.241898 
417.348907 365.146912 
337.136261 328.313324 
316.654083 342.591797 
333.341583 107.339554 
622.558472 206.294678 
316.654083 342.591797 
232.512421 97.774078 
116.922897 115.742752 
329.639526 427.893555 
18.832703 187.884109 
357.840729 421.593689 
18.832703 187.884109 
222.992508 282.692230 
627.864624 253.972153 
238.684738 254.181335 
18.832703 187.884109 
370.464691 433.871979 
194.626190 55.202412 
386.535217 318.744354 
277.923767 316.460754 
400.614532 403.287811 
380.952454 349.603088 
283.961426 180.958054 
519.633484 24.225647 
307.501831 42.696674 
123.382347 134.195953 
133.433029 353.243835 
265.802795 21.122969 
439.893738 99.362419 
570.737122 267.762909 
412.867249 190.361908 
387.767334 387.567291 
64.167191 244.823502 
353.013580 59.599030 
355.386353 441.019379 
359.640686 326.302399 
327.909241 63.127316 
575.510132 309.141205 
316.654083 342.591797 
329.639526 427.893555 
199.981033 127.634621 
387.767334 387.567291 
322.506195 28.728865 
368.161713 384.145813 
434.646515 401.243744 
537.092163 75.475594 
429.804871 78.600739 
186.330200 107.189293 
346.326080 124.432991 
355.386353 441.019379 
64.167191 244.823502 
428.630829 318.698547 
357.840729 421.593689 
442.175049 118.051788 
129.233429 127.865288 
294.733673 435.255249 
168.551178 412.836731 
377.214966 450.858917 
377.214966 450.858917 
37.871052 236.139725 
196.603928 208.240585 
228.070206 33.681210 
226.298584 86.919601 
55.160744 273.871704 
116.922897 115.742752 
329.639526 427.893555 
240.449661 412.010071 
428.229950 412.551331 
412.867249 190.361908 
18.832703 187.884109 
219.085861 402.257690 
589.699036 257.638123 
127.170082 332.169464 
313.851532 54.107674 
18.832703 187.884109 
64.167191 244.823502 
622.558472 206.294678 
116.922897 115.742752 
387.767334 387.567291 
353.013580 59.599030 
129.452515 147.536621 
399.115051 129.718384 
361.468323 47.263508 
363.037628 53.257961 
600.211975 212.577255 
276.832336 109.299522 
361.371155 10.238400 
538.359741 320.138367 
150.207581 361.351349 
64.167191 244.823502 
434.463928 61.696320 
387.767334 387.567291 
622.558472 206.294678 
517.107605 322.214111 
338.514679 45.827419 
313.851532 54.107674 
