500
138.607681 245.821136 
74.725929 38.814938 
74.725929 38.814938 
155.140152 297.680084 
123.450890 271.742126 
120.273872 256.103271 
201.276108 281.138184 
90.332771 41.836971 
139.275040 200.898376 
138.607681 245.821136 
169.435806 262.147369 
170.101929 311.941864 
164.604218 334.027466 
169.435806 262.147369 
220.924911 300.891754 
170.101929 311.941864 
55.007610 59.156345 
161.924805 376.179932 
138.252396 157.871384 
148.678970 245.737030 
75.820213 150.506195 
85.536530 191.344208 
131.346054 316.901001 
102.563400 174.002197 
167.269516 252.585480 
160.042374 391.615936 
117.663475 171.856720 
145.132080 290.286652 
108.821815 209.549911 
140.583557 324.495239 
134.404022 245.919800 
137.049194 359.621582 
192.049576 399.885986 
151.447495 335.123047 
141.368591 374.974854 
201.076248 257.563416 
142.970001 230.841675 
141.368591 374.974854 
106.522804 69.506996 
71.386192 122.386322 
51.085003 39.279198 
149.040298 313.053833 
98.860809 150.527008 
138.375961 227.242874 
157.109299 354.790283 
161.546707 294.939758 
160.303604 213.979599 
125.844688 252.016724 
205.040573 420.148621 
176.533432 424.481842 
188.398621 293.626434 
192.598480 344.500946 
63.697079 92.925774 
106.555885 220.253815 
59.435585 71.069992 
104.308525 123.927948 
458.192261 283.414001 
105.224960 239.341721 
373.263641 199.462234 
160.303604 213.979599 
192.049576 399.885986 
227.987442 324.356079 
382.474854 383.015991 
81.653404 221.318649 
56.921722 89.621117 
211.382050 316.348969 
396.955841 146.281891 
105.224960 239.341721 
231.335388 448.043182 
202.891190 160.827011 
409.345795 363.205872 
125.377800 303.294769 
197.347183 245.454254 
370.356689 208.016724 
427.059845 362.341522 
400.407806 402.840210 
382.474854 383.015991 
361.974243 209.092957 
171.985489 147.718140 
323.815369 431.218445 
322.830322 417.201324 
486.737335 191.236420 
491.457977 167.032425 
376.077637 453.590607 
330.468994 279.343597 
311.731049 126.942734 
390.807770 334.840302 
463.321716 238.133713 
95.619972 81.618309 
122.992149 50.771030 
437.489624 275.614258 
81.840996 75.245590 
377.539459 336.222137 
416.497375 373.747223 
132.877029 215.888306 
381.511810 198.407684 
338.133240 441.099518 
240.834351 433.127808 
379.462524 306.145966 
157.032104 124.084511 
352.803986 170.849258 
295.577972 461.625854 
430.034485 253.471420 
311.880524 421.072784 
481.910004 157.134735 
175.974228 60.665962 
490.933655 202.265656 
516.827637 184.696335 
147.228516 44.209217 
333.109161 405.236176 
262.838287 34.488255 
185.703751 217.108109 
539.707520 319.881195 
205.054352 134.706207 
523.217651 189.721497 
17.931261 78.867462 
95.996140 319.469238 
466.939819 171.009766 
145.132080 290.286652 
262.838287 34.488255 
479.503845 256.090820 
427.587982 379.957611 
280.193756 99.698364 
294.058868 454.475830 
219.641205 218.971146 
512.561890 204.505920 
385.230591 154.160706 
346.481232 144.841202 
523.217651 189.721497 
316.944305 327.681488 
384.200134 214.949997 
502.088440 194.093536 
17.931261 78.867462 
425.398590 264.764801 
469.502380 72.151794 
279.536163 91.969658 
463.762451 286.436462 
360.879089 469.638306 
218.209137 69.616783 
220.681427 345.841797 
360.879089 469.638306 
311.150299 165.571945 
246.964218 277.140961 
429.269379 286.284241 
469.502380 72.151794 
240.450333 328.226105 
200.935944 139.535004 
603.700195 325.250610 
340.979828 201.768219 
523.590393 321.773041 
233.939377 294.858490 
331.437653 290.329620 
171.241089 109.651627 
249.615158 333.220001 
344.352844 196.341187 
475.074066 178.544571 
437.293243 381.157379 
438.898529 383.767822 
539.707520 319.881195 
127.990906 194.760818 
338.382019 366.812195 
570.787598 242.449799 
469.502380 72.151794 
240.450333 328.226105 
472.587128 413.771820 
328.703247 144.423996 
591.292236 289.762573 
81.840996 75.245590 
499.585876 188.775192 
493.147461 268.498718 
544.621399 224.574097 
357.862549 438.634613 
125.482010 72.871216 
463.321716 238.133713 
531.821106 330.496979 
147.699768 63.460716 
161.979370 50.489868 
349.729309 364.053650 
527.863037 196.654297 
365.938568 113.000771 
248.073730 456.671936 
316.944305 327.681488 
201.026688 144.850082 
209.339127 243.376877 
548.095154 328.916626 
161.251312 66.957741 
209.339127 243.376877 
436.490784 125.614464 
197.347183 245.454254 
162.121979 406.993195 
204.264084 246.921860 
531.821106 330.496979 
132.747910 126.337402 
352.867401 186.454437 
204.264084 246.921860 
95.996140 319.469238 
427.059845 362.341522 
360.879089 469.638306 
138.607681 245.821136 
383.719025 261.743958 
209.339127 243.376877 
209.339127 243.376877 
248.073730 456.671936 
322.352783 169.344147 
240.450333 328.226105 
248.073730 456.671936 
360.879089 469.638306 
322.675812 126.451035 
209.339127 243.376877 
324.808533 271.742432 
517.722351 357.088928 
531.821106 330.496979 
295.577972 461.625854 
475.074066 178.544571 
349.691315 340.285278 
197.347183 245.454254 
284.252686 244.201096 
188.050674 51.927460 
280.193756 99.698364 
429.269379 286.284241 
463.762451 286.436462 
147.699768 63.460716 
472.587128 413.771820 
220.681427 345.841797 
416.740753 245.663223 
475.074066 178.544571 
457.063171 308.301117 
170.036392 97.006439 
359.007416 224.840942 
360.879089 469.638306 
523.590393 321.773041 
449.857147 200.525009 
304.945587 151.424423 
444.160645 67.371696 
531.821106 330.496979 
405.138489 201.014084 
313.204010 343.976501 
142.970001 230.841675 
316.944305 327.681488 
427.059845 362.341522 
17.931261 78.867462 
555.127380 342.847107 
555.127380 342.847107 
517.663086 333.349792 
431.495697 68.338509 
545.506165 424.938660 
444.160645 67.371696 
209.339127 243.376877 
286.904449 198.043335 
169.931885 38.467949 
591.292236 289.762573 
526.913696 181.151688 
230.101395 241.590714 
517.722351 357.088928 
248.073730 456.671936 
263.039734 82.895157 
157.848450 58.371990 
316.944305 327.681488 
238.563843 331.026764 
468.982697 174.424011 
197.347183 245.454254 
244.011017 102.008247 
490.933655 202.265656 
316.944305 327.681488 
531.821106 330.496979 
492.872650 278.523773 
308.951019 387.577545 
209.339127 243.376877 
305.396118 201.337967 
469.502380 72.151794 
157.109299 354.790283 
284.922729 177.816666 
383.719025 261.743958 
449.319977 391.519531 
614.039001 341.051208 
616.200195 434.926392 
523.590393 321.773041 
311.632019 400.360992 
531.821106 330.496979 
378.902893 96.437943 
511.928040 219.320465 
457.141846 417.757812 
185.703751 217.108109 
474.363525 173.475739 
169.435806 262.147369 
252.695236 288.677795 
316.944305 327.681488 
240.450333 328.226105 
209.339127 243.376877 
523.590393 321.773041 
134.404022 245.919800 
539.707520 319.881195 
197.347183 245.454254 
346.535767 444.373718 
555.127380 342.847107 
131.346054 316.901001 
41.483650 54.186737 
209.339127 243.376877 
359.007416 224.840942 
92.369255 169.916138 
140.583557 324.495239 
423.793884 187.064209 
209.339127 243.376877 
219.641205 218.971146 
134.404022 245.919800 
531.821106 330.496979 
591.292236 289.762573 
431.495697 68.338509 
523.590393 321.773041 
368.006866 156.445801 
209.339127 243.376877 
209.339127 243.376877 
302.844788 164.250107 
572.428284 343.700165 
444.160645 67.371696 
235.912750 441.514221 
475.074066 178.544571 
65.773834 15.606388 
138.607681 245.821136 
491.908081 88.115921 
248.073730 456.671936 
539.707520 319.881195 
504.071228 164.296097 
193.128586 255.497833 
209.339127 243.376877 
523.590393 321.773041 
220.681427 345.841797 
330.468994 279.343597 
169.435806 262.147369 
517.663086 333.349792 
81.840996 75.245590 
539.707520 319.881195 
373.333588 123.814926 
453.807495 295.878143 
370.693542 170.536758 
228.074005 263.763458 
219.641205 218.971146 
427.059845 362.341522 
213.806442 76.586433 
316.944305 327.681488 
331.437653 290.329620 
169.435806 262.147369 
24.142582 33.626972 
616.200195 434.926392 
117.663475 171.856720 
523.590393 321.773041 
484.722778 137.319946 
486.737335 191.236420 
209.339127 243.376877 
284.252686 244.201096 
409.820190 138.838943 
143.686401 220.309738 
481.910004 157.134735 
429.269379 286.284241 
430.034485 253.471420 
145.132080 290.286652 
90.332771 41.836971 
453.807495 295.878143 
157.109299 354.790283 
209.339127 243.376877 
138.607681 245.821136 
204.264084 246.921860 
201.076248 257.563416 
313.204010 343.976501 
539.707520 319.881195 
317.716858 379.698090 
228.020966 301.878693 
140.583557 324.495239 
315.059143 434.254303 
294.820465 136.999847 
175.664032 396.626556 
528.992188 151.254501 
132.877029 215.888306 
230.101395 241.590714 
337.185303 152.821823 
157.109299 354.790283 
544.621399 224.574097 
281.702179 51.643536 
17.931261 78.867462 
626.024902 422.401855 
319.990021 157.542038 
527.467773 279.344727 
517.722351 357.088928 
517.663086 333.349792 
66.995186 117.785652 
151.447495 335.123047 
189.568542 238.310333 
448.315887 276.737061 
603.700195 325.250610 
360.879089 469.638306 
365.307190 247.204010 
234.779739 191.973801 
331.437653 290.329620 
555.127380 342.847107 
486.737335 191.236420 
274.411011 91.214111 
145.132080 290.286652 
491.457977 167.032425 
240.174561 35.828247 
179.520782 72.667435 
264.865906 157.741791 
427.059845 362.341522 
308.951019 387.577545 
492.872650 278.523773 
548.095154 328.916626 
295.659576 258.593567 
527.467773 279.344727 
248.073730 456.671936 
523.217651 189.721497 
616.200195 434.926392 
475.074066 178.544571 
457.141846 417.757812 
102.563400 174.002197 
315.059143 434.254303 
559.105774 351.413391 
219.641205 218.971146 
280.193756 99.698364 
427.587982 379.957611 
220.924911 300.891754 
355.406921 396.907684 
548.095154 328.916626 
523.590393 321.773041 
315.059143 434.254303 
134.404022 245.919800 
214.875076 191.639832 
262.569458 173.704834 
539.707520 319.881195 
138.607681 245.821136 
292.724304 223.256882 
418.318329 361.386047 
375.268524 410.611755 
614.039001 341.051208 
545.506165 424.938660 
138.252396 157.871384 
201.276108 281.138184 
102.563400 174.002197 
491.908081 88.115921 
162.965622 280.881317 
449.319977 391.519531 
81.840996 75.245590 
140.583557 324.495239 
138.607681 245.821136 
531.169128 435.931458 
384.200134 214.949997 
223.543442 331.780762 
293.623749 22.465784 
568.097595 322.582581 
162.965622 280.881317 
240.174561 35.828247 
437.293243 381.157379 
175.974228 60.665962 
219.641205 218.971146 
453.999939 247.755280 
616.200195 434.926392 
138.607681 245.821136 
201.076248 257.563416 
542.007812 357.271393 
475.074066 178.544571 
472.587128 413.771820 
572.428284 343.700165 
511.653534 336.149292 
169.435806 262.147369 
116.562576 133.034210 
461.400085 253.069290 
213.806442 76.586433 
531.821106 330.496979 
438.898529 383.767822 
531.821106 330.496979 
265.882996 75.502724 
219.641205 218.971146 
200.043640 415.538849 
414.768646 337.255920 
331.437653 290.329620 
131.346054 316.901001 
418.318329 361.386047 
160.042374 391.615936 
538.876709 185.440247 
474.363525 173.475739 
75.820213 150.506195 
176.533432 424.481842 
176.685760 94.099457 
593.262024 309.454193 
475.202850 185.955078 
134.404022 245.919800 
262.838287 34.488255 
164.429825 131.679703 
469.502380 72.151794 
355.406921 396.907684 
17.931261 78.867462 
120.273872 256.103271 
616.200195 434.926392 
548.095154 328.916626 
548.095154 328.916626 
179.520782 72.667435 
219.641205 218.971146 
616.200195 434.926392 
165.816620 81.012970 
486.603668 174.305710 
463.766663 163.227554 
455.254700 221.515732 
