500
267.244812 433.658569 
307.872833 421.804413 
339.166199 438.093567 
394.599670 435.663696 
407.927704 442.712219 
318.301208 415.387238 
282.951019 436.089172 
336.258789 406.036560 
327.893829 444.159698 
342.212250 397.537903 
152.998062 439.415802 
246.319870 442.186218 
450.207520 410.177979 
194.381775 444.409515 
251.305420 403.958008 
336.258789 406.036560 
263.850494 412.980988 
267.524048 403.706177 
374.879211 395.709991 
367.029816 448.011810 
330.953613 425.620514 
123.118866 397.356232 
318.042114 408.240814 
539.006897 395.265747 
372.649628 432.873383 
212.193710 405.794556 
313.617584 445.354126 
161.024780 417.956757 
318.787476 365.924835 
386.402985 386.131073 
115.630959 396.027924 
280.337555 388.570282 
180.998383 383.178558 
184.678268 422.266754 
444.871674 438.340607 
532.338623 404.030334 
246.293137 406.506500 
289.877014 389.571228 
263.850494 412.980988 
427.627106 415.620636 
246.319870 442.186218 
220.269485 428.156433 
526.138000 439.018311 
289.877014 389.571228 
363.937317 384.101868 
95.230103 396.985046 
427.627106 415.620636 
526.138000 439.018311 
326.436310 382.830261 
525.561584 389.746643 
262.277435 417.335266 
187.298874 407.337708 
115.630959 396.027924 
149.035233 451.396515 
228.331543 434.491364 
549.175476 426.628113 
530.254150 424.926056 
486.130951 394.755585 
241.089218 381.797729 
221.568573 458.275635 
241.089218 381.797729 
131.695892 397.673248 
524.994751 399.330597 
343.841827 354.468964 
545.533813 390.811584 
343.841827 354.468964 
124.523842 434.110199 
367.986725 355.734344 
35.944096 466.925323 
264.713776 451.695648 
300.401337 177.036362 
476.559753 230.781021 
466.380798 198.342575 
476.559753 230.781021 
355.290405 369.097137 
206.241241 323.442169 
258.634552 135.864563 
360.078278 362.891449 
472.643066 181.109009 
452.317474 225.258896 
413.571655 403.339233 
366.753387 106.709061 
310.287445 53.839832 
488.995239 335.289459 
501.629089 302.597748 
182.868607 347.665894 
488.284485 298.168457 
138.617477 341.786194 
211.598846 209.969635 
452.317474 225.258896 
281.159393 191.293930 
520.078003 339.605499 
338.552307 342.020538 
479.402344 194.557861 
352.505524 47.677731 
360.476990 243.576385 
332.314178 67.999580 
266.669067 185.989197 
431.005646 219.680054 
303.241730 168.525894 
342.520660 31.854282 
434.367462 205.667068 
291.445312 191.590271 
342.520660 31.854282 
483.957886 292.106659 
540.893494 260.679596 
214.007294 198.177551 
154.036865 351.295105 
106.716301 224.014801 
515.565613 292.958679 
88.584457 435.961182 
340.024323 54.217968 
377.087372 65.135414 
379.042603 149.731522 
389.132599 95.611229 
319.426788 170.931030 
266.549072 327.197998 
106.716301 224.014801 
307.136688 421.194946 
342.806763 339.962006 
229.083984 412.007568 
239.628647 182.864395 
103.525017 313.764587 
480.564880 283.681885 
507.381989 428.133240 
632.232422 286.124634 
488.718079 310.139069 
214.145187 40.987782 
343.495544 66.942207 
261.935486 149.179214 
459.050476 176.935013 
382.868652 24.537916 
363.084290 189.981903 
370.838806 141.801514 
604.402100 75.795235 
336.800049 37.231853 
424.159424 447.316406 
182.286362 312.718933 
316.356140 71.648087 
468.802979 67.680748 
397.343811 153.061264 
216.844559 153.690155 
350.646393 30.152988 
305.541595 76.215385 
240.387817 29.487211 
366.378845 107.580276 
365.925446 205.994873 
174.912949 230.384003 
199.926132 53.075214 
330.583740 321.705688 
490.082367 138.977600 
468.687897 78.547913 
484.396149 183.009964 
125.900322 277.721680 
308.107483 93.706055 
513.381897 338.497803 
147.043304 335.286774 
393.646240 142.092636 
206.343872 43.239265 
201.569656 306.904999 
616.472168 82.462273 
96.106384 340.976898 
191.144363 319.927948 
449.972900 159.182877 
233.142212 201.374802 
447.069397 267.447327 
424.643921 245.792404 
305.242279 332.510254 
7.021650 37.866833 
283.083191 357.424561 
230.258636 224.608429 
210.418915 51.038548 
312.006958 275.431183 
480.738464 35.209927 
227.080505 25.089533 
351.703156 247.158875 
205.374146 28.169188 
252.079941 91.171410 
288.062775 202.797302 
212.761597 43.631523 
520.936096 272.940918 
507.566620 45.828918 
498.623718 70.312752 
569.423462 243.360626 
132.514511 249.590042 
495.240967 80.941742 
104.245338 330.637054 
446.819336 67.358559 
372.393738 247.026855 
576.273438 218.935059 
164.647141 236.006180 
72.910309 187.962738 
10.917753 27.109503 
274.399780 339.201172 
483.954498 181.293488 
490.267395 382.160095 
495.476654 53.530716 
149.462921 377.814423 
324.233643 63.623653 
89.496361 323.162354 
584.828735 75.524704 
110.483734 25.158562 
185.447113 318.043060 
600.406921 362.843842 
377.453735 357.249390 
382.868652 24.537916 
568.571106 37.921097 
134.504929 331.926056 
621.806946 110.473633 
621.159668 359.118500 
623.814270 376.515839 
482.851318 138.122879 
83.822487 16.072184 
185.284683 49.528099 
415.151428 91.237640 
481.006500 58.435677 
510.793671 143.432816 
183.963486 11.252340 
96.106384 340.976898 
574.783569 211.011200 
160.646881 33.821262 
499.156860 34.718338 
100.007103 300.146484 
325.169006 196.856339 
253.967270 214.510284 
312.693634 147.799942 
296.179138 358.194946 
620.111938 37.905781 
638.198242 424.563507 
279.618774 242.680328 
508.322693 29.271473 
613.768677 395.373718 
250.371292 252.506027 
629.914673 77.327744 
293.997650 166.648270 
414.266418 284.332581 
393.979034 272.519165 
450.594025 308.656189 
536.752319 172.816376 
415.056274 196.148010 
247.029709 223.014801 
270.946472 168.245819 
608.117615 364.524139 
86.934692 382.674316 
332.936615 54.386929 
82.316437 310.877319 
335.607422 26.349424 
70.743172 15.304717 
267.017334 255.890381 
359.150543 149.453186 
55.463612 284.125153 
204.128250 134.959045 
326.517578 302.803986 
343.495544 66.942207 
184.734558 31.818918 
525.656311 23.485003 
447.133698 255.240219 
543.393066 371.545837 
116.044090 316.456299 
325.877472 106.156822 
340.109741 145.390625 
477.652985 73.171997 
17.203920 36.336914 
86.934692 382.674316 
141.802948 16.272503 
133.700607 319.364502 
273.978119 452.311798 
628.054871 383.910492 
465.216034 160.821930 
341.178802 454.763367 
551.658691 130.982941 
96.877800 362.980286 
598.651855 284.006256 
94.808235 329.913269 
137.429260 403.486053 
211.914154 31.857212 
125.884506 28.870022 
243.407394 231.034546 
506.782867 79.370735 
31.629978 53.687557 
217.188828 61.284946 
311.972076 45.759743 
153.400711 240.441544 
235.518723 409.074768 
389.775604 185.109528 
288.824890 21.128325 
343.898895 320.510315 
298.487854 59.758518 
228.758789 42.004807 
626.851685 285.936462 
303.982880 338.587036 
305.046173 125.080055 
165.026718 265.080872 
580.894348 405.065979 
565.192505 203.648315 
402.317902 208.213165 
548.483582 381.261902 
517.168030 283.615601 
173.411591 52.407471 
585.773010 283.028320 
582.508545 216.796677 
419.730865 38.871349 
55.728069 284.516815 
11.944784 10.489051 
495.656097 156.483337 
249.680603 449.066010 
464.767517 96.803673 
405.996552 78.335083 
245.316254 303.749756 
176.039841 44.231174 
265.636017 23.323969 
599.677124 217.547195 
523.830017 42.986973 
372.589020 447.451080 
220.000839 450.376404 
360.747375 469.759949 
240.819870 58.178123 
235.997757 16.753025 
278.692810 69.524666 
94.513893 431.170593 
304.537811 50.272614 
586.164246 308.701111 
551.610840 35.018208 
273.373749 44.335957 
82.562820 143.727310 
312.030518 275.681335 
576.064758 88.612831 
310.030853 79.092888 
614.685852 120.969620 
300.048096 50.971291 
326.450439 196.307663 
403.888580 156.500443 
121.501808 249.051392 
48.402557 31.542177 
429.694427 117.581665 
177.187897 17.180681 
416.983948 62.595627 
146.706985 309.406647 
259.370117 95.636818 
256.350769 167.129364 
99.341080 115.497177 
306.763062 343.918762 
187.864365 67.971695 
132.250290 206.170425 
565.744995 433.443512 
498.827667 93.074371 
245.832123 195.033859 
52.506454 92.577232 
90.727585 120.509560 
603.853088 42.356564 
175.913910 29.207520 
552.215942 88.885605 
363.084290 189.981903 
607.008484 406.744537 
134.526306 13.761770 
231.023010 9.195437 
360.476990 243.576385 
581.103699 22.649046 
355.333313 418.842957 
225.452484 110.347847 
339.746918 99.105453 
180.998383 383.178558 
433.794647 160.100418 
20.486204 247.751022 
130.204514 283.990875 
224.434677 265.098755 
60.530102 195.955215 
160.148987 61.611122 
55.905144 388.924377 
178.128632 8.987839 
600.168030 33.186108 
207.408310 134.288239 
418.227325 429.586670 
631.307007 25.383198 
331.752075 468.247284 
148.709091 103.114609 
616.249146 188.629257 
616.249146 188.629257 
439.425171 96.015877 
548.045288 279.805847 
486.637390 189.666031 
142.295715 304.936218 
552.874146 78.501663 
461.136475 54.043339 
604.546509 223.944397 
42.349983 127.511238 
63.185898 43.467686 
165.034637 348.064606 
133.826065 52.921879 
142.568054 28.973503 
276.264282 29.247309 
375.855469 215.414108 
602.494629 323.116791 
18.362957 399.823486 
565.002808 281.186005 
82.038162 41.211048 
624.333862 180.248291 
240.588989 118.688171 
214.806061 229.459488 
76.924744 32.767548 
573.906128 102.862396 
217.589035 12.878469 
293.997650 166.648270 
73.946022 351.352020 
228.685623 172.957336 
55.902077 275.829224 
581.347290 471.603149 
402.441315 98.895187 
449.507660 289.716919 
77.381180 124.181740 
325.678619 44.304089 
242.784821 212.046616 
589.620728 206.136749 
595.090515 37.105232 
572.175781 151.172714 
300.048096 50.971291 
257.355255 57.348648 
215.792465 302.952606 
254.129013 39.393581 
325.808197 472.937225 
368.853149 9.877748 
617.566406 447.184631 
406.513519 50.876194 
426.938843 75.606560 
241.954437 286.684052 
188.650787 232.106323 
108.616806 63.054550 
263.983185 47.014496 
632.664368 465.790314 
428.013519 66.533340 
526.477356 321.865021 
499.898224 248.540085 
45.065529 46.348652 
150.451294 54.730022 
142.295715 304.936218 
451.222168 30.377771 
407.992004 31.800695 
329.847656 269.773071 
637.859924 403.130432 
564.015442 213.955017 
563.935120 213.011795 
270.380127 267.768738 
173.098938 127.784958 
218.191650 221.605988 
563.008423 224.626389 
54.962852 404.739532 
454.412445 109.779198 
609.369568 309.128235 
561.177734 295.940094 
159.882385 64.151779 
568.181641 397.126129 
317.184692 12.117730 
552.894836 147.700409 
611.266846 283.967163 
134.001068 410.371094 
260.791840 440.483429 
278.055786 78.114014 
453.370453 14.398612 
65.193604 269.870300 
75.211174 360.642242 
345.983826 471.860840 
332.467163 241.385422 
263.983185 47.014496 
520.184326 67.484917 
543.029297 313.823639 
407.921021 64.465012 
576.251160 119.748306 
489.307678 366.495453 
239.602753 270.295532 
581.347290 471.603149 
566.005127 90.153114 
428.953308 57.932091 
183.078735 171.010345 
552.068542 22.911535 
75.163170 351.905975 
47.988625 402.109131 
417.788635 27.573730 
627.541016 438.058014 
442.441864 95.898087 
422.206879 54.446461 
125.884506 28.870022 
593.116638 435.925629 
426.276276 33.725018 
156.969452 244.779617 
157.082153 261.148499 
298.487854 59.758518 
286.006256 66.782089 
295.326080 261.002502 
408.295258 125.117897 
528.958008 80.368370 
338.932281 388.840637 
159.094604 316.683472 
141.290207 308.083160 
373.404785 264.417450 
83.797852 408.128754 
319.345581 179.291519 
57.179424 255.410812 
148.515015 103.797417 
15.604926 67.178650 
63.451008 56.145103 
