496
636.923950 204.020325 
635.958923 279.098755 
634.891663 336.740906 
635.204407 290.829926 
631.911377 316.374969 
631.911377 316.374969 
631.232849 225.664505 
629.055176 470.511108 
628.005859 42.294956 
628.005859 42.294956 
624.817261 311.199219 
624.817261 311.199219 
623.077942 205.392929 
616.346558 218.642380 
614.099915 293.799835 
610.037231 329.957367 
605.055786 14.075369 
601.272583 56.310730 
596.669556 305.998718 
587.799377 351.380768 
585.271973 196.483246 
583.787781 377.203766 
579.056946 300.897919 
577.873108 102.015038 
577.873108 102.015038 
575.806396 211.129715 
575.806396 211.129715 
575.216370 220.258041 
567.262695 310.981476 
562.063965 293.258972 
554.065369 98.325867 
554.065369 98.325867 
552.415527 45.038818 
551.121033 332.250183 
550.272461 360.490295 
546.191772 151.086746 
546.485291 49.829487 
534.739929 191.427292 
532.383179 417.945435 
531.791748 225.717316 
529.064941 125.641289 
524.688721 241.183716 
520.780151 256.849243 
510.795471 197.009140 
508.485443 231.409912 
502.382538 139.213806 
499.709778 172.916855 
499.709778 172.916855 
497.076569 212.082382 
496.000305 202.872116 
494.292999 171.593338 
493.957306 145.713074 
491.819824 432.499054 
491.965179 29.603786 
489.039032 151.237503 
487.599304 240.558426 
488.330841 141.710068 
484.030518 236.220398 
481.637512 204.495422 
475.973267 215.919113 
473.465698 252.836700 
473.047821 183.107651 
469.139069 115.235046 
467.240967 339.543213 
465.174652 362.145355 
463.812225 463.819153 
464.015991 201.656815 
462.871277 472.012115 
460.001831 97.821373 
460.001831 97.821373 
458.713440 168.281097 
457.921387 309.989716 
455.552765 162.956909 
451.014984 262.301392 
442.079437 347.682312 
442.269836 184.829346 
442.269836 184.829346 
439.430359 174.095001 
438.781067 354.688080 
436.871735 346.041077 
434.656189 437.760712 
434.758728 157.557739 
429.086060 449.142853 
420.138306 418.882202 
415.547729 370.652313 
416.118164 284.147095 
415.222656 414.481323 
409.976868 471.804382 
410.168640 407.763947 
409.921600 169.796417 
405.768402 315.742004 
405.002075 464.247284 
405.106262 266.549011 
401.493073 477.361542 
399.985931 263.739166 
399.910706 99.202370 
399.910706 99.202370 
396.585175 230.833328 
396.585175 230.833328 
395.683746 177.250229 
394.707001 74.493553 
389.694794 77.042000 
386.511414 307.054718 
386.294586 316.371765 
386.384552 297.441986 
386.482971 235.055008 
380.207703 40.516579 
377.322021 209.218918 
370.619873 213.231262 
360.461884 385.430084 
358.250092 250.063690 
358.250092 250.063690 
353.806702 325.430786 
353.806702 325.430786 
351.122986 91.428947 
351.122986 91.428947 
343.402985 398.424530 
343.402985 398.424530 
342.328461 262.550323 
337.758270 312.474091 
336.949860 463.242218 
337.017151 142.412964 
333.879333 298.550934 
334.237244 137.081223 
332.892548 387.293854 
327.765442 169.936401 
327.382385 35.645786 
326.212402 164.851562 
321.573303 310.068970 
315.191742 8.062872 
314.482422 178.195984 
309.247559 12.752596 
308.532806 239.614578 
303.193604 409.293854 
302.447784 138.979370 
300.975708 426.781921 
300.975708 426.781921 
300.890228 335.609558 
295.016144 9.139105 
291.424377 211.764740 
290.353821 450.847046 
289.903076 416.329315 
288.540375 49.354687 
286.277252 291.634766 
280.921844 118.108551 
277.951324 437.856781 
275.074463 275.005096 
274.211029 443.288025 
274.211029 443.288025 
274.211029 443.288025 
274.424622 427.053955 
273.970367 32.988312 
270.312042 27.554001 
270.161163 339.198517 
268.401886 5.382521 
264.001831 430.091858 
264.001831 430.091858 
264.697296 379.975830 
263.545624 123.750259 
262.540741 368.126587 
265.144958 265.586212 
258.131592 456.461395 
258.131592 456.461395 
257.097717 142.665436 
254.439270 26.489769 
254.439270 26.489769 
246.469498 244.341003 
247.021088 208.480865 
246.400085 45.336010 
244.951584 225.533676 
239.574417 443.916840 
238.682083 272.786835 
234.487259 430.123566 
234.094971 393.020172 
232.704849 355.882141 
233.072235 38.287815 
225.848602 389.762329 
220.542755 385.802612 
214.152588 463.034790 
214.061172 405.393372 
211.305511 363.418457 
209.880844 225.930939 
209.880844 225.930939 
205.074661 330.822876 
204.616882 150.311813 
203.300995 450.989044 
201.326111 361.406525 
198.557755 385.101898 
196.128571 42.659248 
190.792374 70.822144 
190.406097 172.343842 
187.629822 466.601532 
183.188324 324.472321 
181.949432 304.064972 
175.784103 320.178040 
174.909592 387.747345 
174.619202 282.657440 
173.061447 399.538971 
173.604630 314.117371 
171.498520 13.398903 
170.436920 425.766693 
166.950195 358.506165 
164.440216 250.218979 
164.440216 250.218979 
160.440872 363.573730 
158.148636 342.877075 
157.042221 188.893372 
154.362534 291.333954 
150.917740 342.022430 
146.722672 34.751354 
144.446579 356.997253 
143.274002 12.139166 
142.376160 410.687744 
142.172455 387.925690 
139.674377 259.983795 
134.217133 401.629242 
127.618721 142.502121 
120.815659 413.515198 
120.921852 141.394592 
120.232513 381.090729 
117.110268 220.488983 
114.522675 159.135040 
114.522675 159.135040 
114.862022 41.981655 
114.862022 41.981655 
108.661484 76.969620 
104.454620 201.584747 
104.130058 367.413055 
99.219490 373.137634 
95.465996 90.188385 
92.517036 435.221161 
91.824753 54.371506 
85.868446 30.625629 
85.868446 30.625629 
81.380005 158.404144 
79.864578 349.385986 
78.890152 4.204726 
74.994766 390.846802 
72.818512 83.873459 
71.576675 237.639542 
67.093941 378.137604 
64.935349 392.387451 
65.198677 346.567047 
63.843403 274.724609 
59.652519 9.396871 
59.652519 9.396871 
58.491440 264.203369 
58.555771 27.885838 
52.047077 446.383575 
51.466484 257.301849 
51.466484 257.301849 
45.909500 443.894714 
40.832054 447.813873 
36.453411 257.055542 
31.200153 370.457825 
30.171232 475.042023 
29.733128 197.032837 
29.993616 8.068373 
27.231123 85.626587 
25.953878 305.615448 
23.762447 476.436859 
17.290039 174.401382 
15.853304 332.238953 
13.464151 32.045692 
9.693020 455.616821 
9.673498 445.718781 
8.767456 194.875351 
8.335336 15.209617 
3.140234 77.869621 
634.992249 160.224731 
633.978333 443.133118 
630.082214 453.890564 
620.513855 233.248993 
609.538391 335.957092 
609.538391 335.957092 
604.816589 346.496979 
594.144348 373.307251 
592.560364 294.437805 
591.162598 42.535892 
588.493530 388.422699 
585.536377 196.874832 
581.825745 406.938049 
582.044922 337.547180 
577.814453 437.532562 
577.259705 231.820038 
575.051758 474.116241 
573.882324 411.186005 
570.256775 465.695374 
568.462891 53.415188 
566.671753 376.503998 
564.075317 448.231934 
558.961792 439.788849 
557.177429 464.927643 
549.914673 401.748566 
544.893616 140.023132 
544.893616 140.023132 
537.474976 167.235443 
534.138733 378.447815 
533.241333 214.882858 
532.408142 178.632477 
531.115601 237.468109 
529.698730 151.888901 
524.955933 164.543640 
523.018494 224.049835 
522.336914 45.749714 
519.609497 345.531128 
517.880249 83.643532 
515.099670 203.278336 
512.179932 428.136200 
510.667450 368.077271 
508.873901 350.592346 
508.116089 264.214844 
506.473236 467.238556 
506.418671 237.801331 
506.495056 149.073990 
499.543457 401.571808 
499.574463 132.064438 
499.197113 464.727509 
494.256989 418.571320 
492.290955 377.885437 
490.548706 426.269958 
490.222107 289.107056 
487.603424 208.756668 
487.148712 120.946671 
483.917816 219.851517 
479.975067 63.043140 
473.207001 267.892975 
469.480713 214.421829 
469.480713 214.421829 
458.131256 133.334061 
457.035553 469.749390 
449.855530 161.071823 
430.580963 429.961365 
428.238556 437.368164 
424.719971 297.007324 
425.207489 178.047363 
422.808105 259.393829 
420.909790 274.360748 
419.430725 22.724026 
411.289307 332.278320 
410.741364 256.391602 
400.411407 362.311859 
399.870605 164.947845 
399.870605 164.947845 
395.167725 285.966125 
394.679779 38.813934 
394.679779 38.813934 
393.970276 257.985199 
390.628693 228.493988 
388.919983 389.828766 
385.454529 361.375549 
383.644653 423.651337 
379.334351 243.465073 
374.450928 153.802002 
374.330963 295.010803 
373.755341 47.341522 
362.944153 402.886017 
361.381226 238.319580 
359.840607 289.706055 
349.295471 273.303802 
346.930664 439.197205 
344.821045 122.805061 
343.937012 203.583557 
343.217682 403.062531 
343.217682 403.062531 
342.512360 421.241638 
342.512360 421.241638 
340.951935 430.028625 
340.951935 430.028625 
335.757751 148.489761 
331.611176 224.861801 
330.712372 427.160217 
330.969055 401.907318 
329.027924 435.240356 
324.644104 409.351501 
323.530670 252.905899 
323.807526 8.552707 
322.212311 115.075157 
318.153137 223.134995 
316.767212 417.375885 
315.122345 374.842957 
311.152344 211.226929 
310.045532 55.380650 
308.686096 413.000519 
308.063141 426.613098 
304.199799 443.767853 
301.832916 42.905983 
297.157440 126.530922 
297.157440 126.530922 
295.925934 377.499634 
289.296844 233.841125 
287.273254 388.953217 
283.983948 310.713287 
279.049744 384.676941 
273.012634 125.265732 
270.649872 205.580811 
267.594971 216.582794 
261.957428 331.268616 
257.697845 291.287506 
257.697845 291.287506 
237.111008 324.500244 
218.793518 426.552856 
218.793518 426.552856 
216.314575 457.950287 
216.840347 33.681690 
214.723572 447.274933 
214.723572 447.274933 
209.994370 261.319946 
207.205521 320.899719 
193.866348 225.759628 
191.027283 321.817169 
191.492432 191.283142 
191.492432 191.283142 
188.682434 255.741058 
188.682434 255.741058 
179.845184 393.017303 
163.347290 407.828064 
154.868866 86.243958 
151.692352 114.504539 
150.733215 98.839729 
132.677628 451.728394 
125.434479 188.041275 
119.856346 302.918335 
120.063934 208.059189 
115.343925 457.516632 
113.019249 386.332733 
113.149269 288.013123 
112.042221 400.631561 
106.270363 10.564456 
102.053772 429.274414 
97.971024 167.176361 
92.954865 201.194168 
91.250420 372.372650 
89.072250 413.597260 
88.783836 392.114105 
79.822433 185.059708 
78.975876 399.562256 
78.975876 399.562256 
77.991531 256.373505 
71.799492 46.988831 
71.799492 46.988831 
59.327400 15.984402 
57.484955 353.841980 
53.656231 347.280304 
49.417206 370.925873 
47.883560 45.074356 
47.883560 45.074356 
46.000519 26.530107 
46.000519 26.530107 
42.348156 196.993759 
31.630358 171.871780 
19.840799 121.881714 
17.184797 104.484108 
14.706009 343.255280 
14.706009 343.255280 
13.996064 313.716187 
12.944504 97.090012 
634.278442 244.365356 
632.094849 305.655640 
595.934448 434.651337 
592.597168 449.457733 
593.132568 407.365417 
593.339111 214.284592 
593.012024 78.889694 
583.819946 225.588348 
581.182678 346.176758 
576.943176 386.177917 
576.915710 373.798401 
572.089294 327.075470 
565.836182 129.093979 
564.188171 145.203506 
552.489136 309.683807 
552.613037 214.341370 
543.571899 410.799042 
542.441772 427.964325 
540.992859 180.853516 
536.754639 150.362900 
531.087036 112.048927 
529.411865 357.916656 
527.266968 142.120117 
526.059265 380.996094 
523.041992 192.374161 
520.558655 356.776825 
519.498230 231.948639 
517.765808 291.716675 
518.335938 245.862961 
515.316101 149.043335 
503.570343 77.513626 
498.704285 176.063828 
498.704285 176.063828 
492.485016 377.202576 
488.772644 120.825310 
488.001007 41.585217 
486.959900 281.047546 
486.963135 129.704941 
486.963135 129.704941 
