500
470.797852 309.482422 
470.151642 329.289429 
470.797852 309.482422 
427.960419 304.274323 
406.117828 403.566650 
373.967926 432.020630 
585.044373 150.177979 
500.029816 335.221375 
562.760925 188.963913 
448.896210 274.131531 
470.972687 370.007141 
433.700317 341.250641 
595.392578 135.213181 
500.394043 322.632935 
531.582886 212.916382 
426.723114 381.785736 
433.700317 341.250641 
494.188110 348.247681 
606.920837 129.471756 
430.334991 276.772614 
444.139069 377.987946 
553.635925 231.299637 
563.497314 128.058807 
457.570312 405.365936 
529.639526 302.835480 
398.067596 438.597626 
545.035645 112.650414 
562.208862 120.494919 
571.425720 53.078957 
525.959961 234.223572 
567.649658 138.554749 
525.959961 234.223572 
427.673157 348.994965 
485.783722 323.917969 
559.273926 142.757172 
408.780121 415.878632 
501.686737 307.479950 
464.059052 326.205109 
479.024902 255.942535 
457.570312 405.365936 
538.100220 290.025513 
538.100220 290.025513 
556.230957 112.870697 
393.582275 466.953766 
606.920837 129.471756 
446.053741 306.166656 
481.845825 270.216278 
441.166718 374.593384 
609.397705 124.767914 
594.960754 161.159714 
442.660217 417.574615 
432.391785 419.689789 
609.397705 124.767914 
409.504181 448.347717 
254.667587 225.451675 
356.557709 92.991684 
198.773331 241.362747 
536.169983 174.054001 
389.423737 100.254593 
445.748383 267.137756 
443.806610 256.129578 
446.042450 125.190536 
312.269440 183.774109 
344.918701 79.196411 
485.263245 141.537216 
295.710327 177.513687 
417.194244 274.547729 
226.309906 131.837723 
434.626251 367.675110 
175.608810 143.742081 
460.804993 382.412811 
475.127808 393.738281 
389.423737 100.254593 
453.868378 123.831657 
197.054672 102.851379 
263.015564 222.099304 
335.647217 439.408447 
344.381012 413.101532 
154.222992 155.579361 
257.873749 249.323364 
343.401031 206.537079 
505.425323 116.296677 
314.544434 87.537010 
463.989410 113.726402 
168.282623 130.175400 
271.435425 126.977409 
135.926407 83.602486 
360.477173 80.345245 
238.680008 319.260468 
507.465668 240.977783 
593.723389 98.164185 
548.729370 38.253807 
151.057114 116.379692 
335.647217 439.408447 
356.690094 134.050735 
346.511108 124.592186 
462.261597 96.839226 
470.341064 342.182495 
199.233948 416.192657 
151.057114 116.379692 
438.163177 123.144920 
169.001907 115.752731 
259.452637 206.805496 
571.425720 53.078957 
229.988464 280.847626 
212.382767 245.248642 
544.302490 195.865387 
252.322784 122.776382 
566.230408 58.401791 
199.233948 416.192657 
368.182648 330.591187 
357.945526 67.681374 
417.331116 270.767517 
571.425720 53.078957 
571.425720 53.078957 
575.710205 172.171524 
226.309906 131.837723 
245.815521 259.373199 
312.949615 395.970337 
388.852722 357.968353 
232.772964 366.008331 
229.775406 107.286987 
389.065002 186.056213 
180.386581 133.347366 
470.341064 342.182495 
392.076263 299.696625 
571.425720 53.078957 
191.665802 285.635437 
248.650467 220.025543 
463.752899 130.215012 
433.536133 451.394073 
171.714142 170.184143 
345.460815 264.240082 
144.730850 148.299194 
275.171936 465.562042 
163.832977 77.845734 
464.923553 248.092468 
505.425323 116.296677 
323.503540 392.248962 
238.162094 360.654541 
424.167114 285.987976 
315.331543 437.386658 
239.972870 132.245804 
341.317047 216.412643 
562.208862 120.494919 
277.259552 248.878830 
405.498688 144.685471 
270.932983 249.313477 
165.309784 135.666321 
173.071762 160.555252 
268.779907 294.485596 
395.958191 272.421204 
393.403687 323.264557 
98.973122 238.636139 
571.425720 53.078957 
98.973122 238.636139 
593.723389 98.164185 
241.094101 294.618805 
354.971161 11.593565 
271.379395 142.932877 
389.065002 186.056213 
571.425720 53.078957 
413.218506 327.271393 
234.155075 407.117310 
375.489105 150.904388 
571.425720 53.078957 
532.267090 155.590775 
352.923492 58.853191 
251.727631 31.422880 
532.267090 155.590775 
396.050079 137.448151 
174.702667 168.761063 
282.793121 13.178434 
350.960327 199.195892 
532.267090 155.590775 
285.848755 126.623810 
571.425720 53.078957 
571.425720 53.078957 
374.071228 332.084595 
270.321808 226.996399 
264.303162 283.769592 
474.738831 51.476547 
344.918701 79.196411 
464.923553 248.092468 
399.777649 323.931000 
354.971161 11.593565 
353.216217 456.506805 
262.084503 161.953232 
393.403687 323.264557 
285.848755 126.623810 
566.230408 58.401791 
447.853943 83.159592 
240.562408 20.474541 
284.019348 217.045624 
251.727631 31.422880 
211.567307 75.703819 
474.738831 51.476547 
320.078064 395.326599 
566.230408 58.401791 
556.230957 112.870697 
333.767761 45.525314 
347.217163 395.248505 
275.498718 76.117081 
259.665344 147.198059 
548.729370 38.253807 
325.813690 183.610245 
545.035645 112.650414 
545.035645 112.650414 
284.019348 217.045624 
352.923492 58.853191 
389.065002 186.056213 
392.076263 299.696625 
532.267090 155.590775 
306.771027 446.601776 
285.266052 90.296707 
437.480164 156.484940 
413.218506 327.271393 
238.214935 82.830299 
156.649246 223.987686 
443.806610 256.129578 
585.044373 150.177979 
151.435516 124.939644 
568.333130 24.456375 
173.071762 160.555252 
532.267090 155.590775 
413.218506 327.271393 
299.640533 275.927429 
378.771667 308.337189 
409.504181 448.347717 
562.208862 120.494919 
553.635925 231.299637 
571.425720 53.078957 
413.218506 327.271393 
571.425720 53.078957 
173.071762 160.555252 
374.071228 332.084595 
314.544434 87.537010 
235.460388 199.743515 
93.687897 206.294418 
416.314148 341.037384 
238.162094 360.654541 
571.425720 53.078957 
545.035645 112.650414 
277.540833 100.596146 
115.820053 118.768745 
207.995529 153.562042 
408.606873 342.310608 
568.333130 24.456375 
309.424164 292.119080 
135.926407 83.602486 
282.793121 13.178434 
403.243927 179.007004 
389.065002 186.056213 
253.015366 19.460114 
98.973122 238.636139 
180.386581 133.347366 
393.403687 323.264557 
234.436661 246.305435 
313.727051 431.030334 
424.167114 285.987976 
426.723114 381.785736 
240.562408 20.474541 
240.562408 20.474541 
412.531586 459.696869 
225.033127 257.042450 
452.257233 254.817215 
474.738831 51.476547 
89.300575 239.841339 
417.194244 274.547729 
275.498718 76.117081 
393.403687 323.264557 
416.314148 341.037384 
205.880127 166.449905 
556.230957 112.870697 
199.233948 416.192657 
294.925812 307.137329 
585.044373 150.177979 
31.421753 343.981720 
444.139069 377.987946 
448.432159 143.262680 
400.515198 260.297485 
389.065002 186.056213 
345.460815 264.240082 
623.813782 81.059326 
500.394043 322.632935 
403.160400 318.395630 
367.543640 20.893459 
532.267090 155.590775 
173.071762 160.555252 
500.029816 335.221375 
393.403687 323.264557 
337.420776 336.392944 
196.915848 273.865082 
393.403687 323.264557 
437.729187 279.021545 
393.403687 323.264557 
417.194244 274.547729 
393.403687 323.264557 
72.153252 393.567413 
452.257233 254.817215 
437.729187 279.021545 
571.425720 53.078957 
402.776428 81.304466 
416.314148 341.037384 
251.727631 31.422880 
464.923553 248.092468 
589.450134 46.191132 
433.700317 341.250641 
263.020233 387.190765 
263.748322 401.130127 
115.701759 265.155945 
261.827332 308.806763 
586.784790 181.875961 
585.044373 150.177979 
464.923553 248.092468 
215.260574 67.143921 
272.917694 301.618713 
434.626251 367.675110 
368.182648 330.591187 
393.403687 323.264557 
344.918701 79.196411 
532.267090 155.590775 
393.403687 323.264557 
286.690125 418.792328 
416.314148 341.037384 
277.540833 100.596146 
215.260574 67.143921 
242.258865 282.693146 
235.729034 384.268738 
403.243927 179.007004 
433.700317 341.250641 
482.985443 116.129730 
389.065002 186.056213 
556.230957 112.870697 
253.181763 19.464117 
165.601379 161.037689 
401.275238 294.037079 
144.730850 148.299194 
482.985443 116.129730 
475.383667 406.678955 
212.473190 193.897324 
553.635925 231.299637 
350.960327 199.195892 
593.723389 98.164185 
392.076263 299.696625 
389.065002 186.056213 
185.190491 237.183090 
31.421753 343.981720 
277.540833 100.596146 
357.344513 369.973511 
417.194244 274.547729 
31.421753 343.981720 
172.583893 287.514221 
217.071625 55.667763 
292.464233 334.724304 
257.392792 325.278137 
377.415771 152.494873 
532.538574 251.033371 
482.985443 116.129730 
593.584412 175.843216 
175.608810 143.742081 
575.710205 172.171524 
575.710205 172.171524 
452.257233 254.817215 
433.700317 341.250641 
417.490570 111.889908 
98.973122 238.636139 
500.394043 322.632935 
482.985443 116.129730 
416.314148 341.037384 
367.569214 206.734055 
319.542236 297.535034 
415.205566 88.018692 
238.214935 82.830299 
474.738831 51.476547 
507.465668 240.977783 
344.918701 79.196411 
475.127808 393.738281 
259.665344 147.198059 
562.208862 120.494919 
101.388130 372.713623 
571.425720 53.078957 
251.727631 31.422880 
378.771667 308.337189 
31.421753 343.981720 
256.539642 292.848663 
321.849274 327.554932 
417.490570 111.889908 
240.562408 20.474541 
288.057312 127.647987 
93.687897 206.294418 
93.687897 206.294418 
313.727051 431.030334 
175.608810 143.742081 
217.071625 55.667763 
296.499298 200.824234 
426.723114 381.785736 
378.771667 308.337189 
31.421753 343.981720 
211.567307 75.703819 
262.799347 426.369171 
350.960327 199.195892 
417.194244 274.547729 
253.015366 19.460114 
373.967926 432.020630 
144.730850 148.299194 
541.369324 282.059967 
306.047668 326.464172 
251.727631 31.422880 
424.167114 285.987976 
444.139069 377.987946 
214.725296 431.842926 
402.776428 81.304466 
173.071762 160.555252 
465.273285 192.355713 
357.945526 67.681374 
350.920685 351.719208 
277.605499 166.548462 
585.044373 150.177979 
26.489635 342.587555 
433.405701 125.364555 
285.848755 126.623810 
341.317047 216.412643 
452.461243 334.356598 
285.848755 126.623810 
259.452637 206.805496 
368.767609 354.963928 
606.920837 129.471756 
260.886322 460.456787 
408.780121 415.878632 
240.562408 20.474541 
251.727631 31.422880 
593.723389 98.164185 
575.457031 22.702425 
373.967926 432.020630 
423.651459 277.583557 
275.171936 465.562042 
430.334991 276.772614 
563.497314 128.058807 
482.985443 116.129730 
316.843506 332.761780 
500.394043 322.632935 
152.826889 137.867294 
460.804993 382.412811 
239.972870 132.245804 
304.739746 185.756058 
417.490570 111.889908 
144.730850 148.299194 
73.746803 377.934692 
240.562408 20.474541 
263.835175 56.598904 
452.461243 334.356598 
575.710205 172.171524 
374.071228 332.084595 
475.383667 406.678955 
417.194244 274.547729 
389.423737 100.254593 
493.021912 359.469299 
507.465668 240.977783 
452.461243 334.356598 
343.401031 206.537079 
507.465668 240.977783 
403.460480 290.218628 
571.425720 53.078957 
324.286926 271.337616 
426.723114 381.785736 
263.835175 56.598904 
277.540833 100.596146 
51.406898 395.903931 
390.076660 429.885437 
582.796692 119.126480 
101.388130 372.713623 
199.233948 416.192657 
305.842010 29.307901 
464.059052 326.205109 
159.976700 202.657547 
389.065002 186.056213 
178.590439 156.336456 
475.383667 406.678955 
378.771667 308.337189 
441.905670 262.083191 
333.533966 104.971626 
275.498718 76.117081 
349.625824 246.787140 
88.492790 251.298203 
93.687897 206.294418 
500.029816 335.221375 
544.302490 195.865387 
409.504181 448.347717 
457.570312 405.365936 
367.569214 206.734055 
606.920837 129.471756 
289.933777 473.158783 
286.690125 418.792328 
354.971161 11.593565 
464.923553 248.092468 
217.071625 55.667763 
390.076660 429.885437 
463.752899 130.215012 
420.829041 399.302979 
