48
278.628235 429.993500 
175.935028 324.846924 
197.005020 330.649231 
201.410507 302.901733 
139.826202 338.140625 
94.424606 335.150238 
197.663742 277.753571 
197.663742 277.753571 
483.721130 371.952301 
237.286118 293.182800 
499.166168 90.216583 
403.523224 90.775726 
127.928284 336.265472 
140.213409 130.917984 
511.527679 88.015388 
403.523224 90.775726 
458.277710 84.218803 
177.421188 60.826370 
278.740692 247.989990 
190.073669 356.127319 
250.623947 310.211243 
104.312233 195.105743 
116.289864 223.728241 
127.928284 336.265472 
419.911102 331.716766 
199.096680 348.204620 
206.963547 280.626251 
195.668213 300.990204 
269.971497 306.017212 
360.736816 282.743286 
201.149002 316.580353 
367.287659 187.862305 
110.635193 267.757233 
256.747681 268.825317 
127.928284 336.265472 
157.473206 257.675995 
469.048981 222.229416 
461.420502 160.182770 
454.959015 226.435760 
295.389008 242.435074 
456.425415 169.300156 
147.053909 182.299469 
262.693146 352.084442 
148.160614 129.693207 
275.483582 254.059479 
455.250397 154.627914 
224.387192 232.413956 
156.099701 178.164886 
