500
450.795959 366.184601 
433.715393 404.922882 
500.790344 323.770355 
414.477661 322.658478 
480.857208 365.020447 
376.236328 416.195099 
446.114807 394.425964 
456.033691 335.230927 
452.435577 353.949402 
478.959473 327.732239 
483.329010 352.836639 
516.946045 308.683655 
526.206909 327.166290 
486.951324 338.379730 
456.033691 335.230927 
376.633881 428.698669 
400.620056 398.084656 
523.489807 270.616028 
526.206909 327.166290 
472.765900 376.585846 
609.515137 184.209015 
417.667084 397.324829 
515.217651 338.568817 
599.564392 99.497704 
414.421234 394.479980 
523.489807 270.616028 
473.946442 298.007202 
572.746460 185.676498 
414.382996 359.197815 
454.241821 324.349731 
414.382996 359.197815 
530.975647 303.056854 
578.773804 172.167053 
423.158539 455.888123 
409.979156 436.090851 
574.712463 155.633743 
399.388245 438.581757 
446.801819 349.738037 
426.766052 426.707184 
414.421234 394.479980 
551.193665 272.037048 
362.182983 449.153259 
533.077515 249.823593 
288.139160 98.701591 
438.520569 278.396027 
445.566071 418.927856 
426.766052 426.707184 
258.291290 214.316071 
599.259094 150.839584 
439.488281 288.240784 
409.922241 290.821045 
604.446899 210.104935 
399.963440 403.708679 
381.471649 101.578728 
200.423233 220.418930 
432.454651 327.060852 
385.828827 343.778809 
412.586761 114.504219 
309.887177 381.159546 
266.861725 212.609787 
372.247803 86.067131 
621.474243 180.990753 
581.399719 183.158875 
476.815796 84.586914 
246.552261 116.974564 
412.586761 114.504219 
272.394470 200.860931 
307.334137 173.899887 
258.804077 113.426697 
315.345886 458.836731 
483.694153 141.121719 
272.394470 200.860931 
366.565216 131.501465 
291.883118 120.406647 
322.422028 182.964172 
579.907227 163.986374 
178.443481 81.778923 
170.797211 126.927734 
175.143875 89.129318 
349.004303 211.087112 
291.209290 40.200962 
526.761169 211.966660 
254.099121 93.857681 
314.388824 414.744629 
226.249817 303.816437 
387.597015 89.654076 
392.545807 129.190369 
524.157532 150.397110 
621.474243 180.990753 
393.815491 413.457672 
581.095215 80.469498 
450.795959 366.184601 
222.853500 83.516106 
392.545807 129.190369 
485.087769 123.880135 
280.680878 444.618958 
583.690430 217.738037 
374.513153 142.407745 
170.545502 392.479858 
276.610413 137.976883 
351.905609 337.416840 
257.988281 237.996277 
265.919495 196.840897 
234.850876 470.735352 
236.783203 454.485809 
604.446899 210.104935 
386.982788 76.939064 
599.564392 99.497704 
231.254044 134.850235 
455.996002 145.365128 
224.185410 264.684113 
170.545502 392.479858 
480.827515 156.622833 
414.860687 303.097382 
286.297058 392.200562 
614.226746 147.888809 
194.605057 53.483898 
304.541870 122.625969 
173.574600 96.934990 
518.846375 155.478241 
397.549316 198.600647 
599.564392 99.497704 
385.828827 343.778809 
599.564392 99.497704 
287.670471 92.859322 
243.649475 245.920105 
201.285538 110.720673 
192.954193 91.163734 
213.079193 226.423538 
599.564392 99.497704 
276.062378 240.835938 
194.570145 120.280998 
410.596069 287.130707 
99.343788 209.844528 
260.932220 152.441071 
493.318756 21.199612 
460.949677 273.442749 
187.578735 147.340622 
599.564392 99.497704 
194.605057 53.483898 
414.860687 303.097382 
246.552261 116.974564 
253.242615 207.793182 
463.495331 98.085655 
301.769104 439.061127 
175.143875 89.129318 
218.441971 344.587769 
385.301575 314.936890 
390.848602 162.623093 
272.986511 218.710480 
389.019012 284.760651 
280.857178 433.593170 
505.039642 81.598747 
420.814484 160.775925 
185.191956 261.873962 
289.107513 135.527115 
99.384781 194.271439 
547.929138 235.702698 
537.933655 199.997238 
269.916748 241.191086 
377.990234 334.411926 
260.205322 284.818665 
357.046906 340.291321 
99.343788 209.844528 
249.655960 464.085358 
599.564392 99.497704 
232.742432 280.269348 
537.933655 199.997238 
412.400818 151.935959 
614.226746 147.888809 
624.926392 109.028877 
460.949677 273.442749 
386.607239 52.376270 
345.064362 220.473358 
537.933655 199.997238 
109.011322 219.405457 
357.046906 340.291321 
493.318756 21.199612 
189.463455 136.816727 
259.680847 162.879135 
189.463455 136.816727 
397.549316 198.600647 
297.114502 390.340179 
293.073792 470.901764 
110.181435 210.215225 
624.926392 109.028877 
438.520569 278.396027 
372.247803 86.067131 
524.157532 150.397110 
377.990234 334.411926 
537.933655 199.997238 
599.564392 99.497704 
99.343788 209.844528 
599.564392 99.497704 
472.684540 107.778015 
206.543564 389.591187 
292.862091 393.127289 
385.714508 308.381073 
373.695038 22.900631 
357.496796 205.441788 
377.990234 334.411926 
189.463455 136.816727 
523.466309 65.622612 
241.976074 59.764477 
377.990234 334.411926 
288.498230 211.019318 
288.498230 211.019318 
293.881165 272.213623 
257.723602 273.445099 
574.712463 155.633743 
385.828827 343.778809 
217.230011 359.176727 
574.712463 155.633743 
223.217316 413.350464 
414.421234 394.479980 
109.011322 219.405457 
110.181435 210.215225 
166.189178 262.677246 
75.869537 314.856659 
341.061523 268.595520 
543.535278 293.277344 
414.477661 322.658478 
397.549316 198.600647 
526.761169 211.966660 
413.124298 194.087982 
276.608887 153.093353 
599.564392 99.497704 
594.287903 103.453400 
243.524185 185.518005 
258.804077 113.426697 
624.926392 109.028877 
310.262085 191.011826 
310.262085 191.011826 
357.046906 340.291321 
139.311844 85.703514 
366.257385 317.277313 
601.532471 71.286507 
500.790344 323.770355 
201.285538 110.720673 
601.825317 70.895874 
377.990234 334.411926 
599.564392 99.497704 
218.441971 344.587769 
599.564392 99.497704 
250.863922 297.511902 
427.266998 394.868805 
99.343788 209.844528 
184.840515 139.289505 
304.541870 122.625969 
537.933655 199.997238 
223.219299 447.872589 
224.542923 135.389450 
601.825317 70.895874 
371.498474 460.916321 
300.279297 289.593384 
385.828827 343.778809 
397.549316 198.600647 
311.564392 86.492012 
389.389435 249.739899 
267.138824 70.790985 
599.564392 99.497704 
377.990234 334.411926 
283.637329 301.516388 
182.609497 35.280949 
414.860687 303.097382 
594.287903 103.453400 
574.712463 155.633743 
377.990234 334.411926 
49.417568 348.459351 
397.549316 198.600647 
537.933655 199.997238 
88.350128 213.640030 
624.926392 109.028877 
162.990433 196.137634 
263.034973 292.748322 
400.620056 398.084656 
551.193665 272.037048 
88.350128 213.640030 
394.871918 467.650177 
397.549316 198.600647 
357.046906 340.291321 
435.803802 264.947601 
110.181435 210.215225 
397.549316 198.600647 
189.213898 144.748016 
114.825172 228.825943 
480.857208 365.020447 
212.146576 367.853760 
624.926392 109.028877 
377.990234 334.411926 
388.429321 331.467285 
377.990234 334.411926 
624.926392 109.028877 
377.990234 334.411926 
238.397491 375.190735 
18.322573 292.897095 
221.814545 175.998566 
429.368286 409.952972 
192.516708 251.519577 
304.541870 122.625969 
390.866486 307.219543 
258.804077 113.426697 
351.905609 337.416840 
599.564392 99.497704 
320.617157 338.021942 
353.776245 475.894775 
165.130295 90.321678 
377.990234 334.411926 
372.247803 86.067131 
594.287903 103.453400 
110.181435 210.215225 
624.926392 109.028877 
460.949677 273.442749 
109.011322 219.405457 
624.926392 109.028877 
220.665100 147.419312 
505.039642 81.598747 
537.933655 199.997238 
442.990906 178.010788 
393.815491 413.457672 
223.860138 239.945389 
138.194626 109.149933 
505.039642 81.598747 
390.905579 402.467102 
601.862244 223.630203 
385.301575 314.936890 
250.607178 41.131569 
182.713806 411.515778 
377.990234 334.411926 
624.926392 109.028877 
236.538010 388.982208 
412.954529 294.142090 
614.226746 147.888809 
460.949677 273.442749 
279.756683 10.016006 
166.189178 262.677246 
526.761169 211.966660 
279.756683 10.016006 
109.011322 219.405457 
181.996399 153.825302 
414.382996 359.197815 
302.097931 95.569290 
267.826172 88.219833 
236.120636 268.417023 
619.144531 95.194115 
189.463455 136.816727 
258.804077 113.426697 
139.678070 149.192886 
181.996399 153.825302 
302.097931 95.569290 
362.182983 449.153259 
234.788971 230.177948 
38.476360 318.634064 
397.549316 198.600647 
372.893280 472.362457 
422.318939 387.023804 
342.800323 29.908262 
386.607239 52.376270 
243.865479 471.128448 
196.277451 75.010574 
527.643494 287.149506 
371.115417 75.719078 
250.607178 41.131569 
444.143372 431.325317 
463.072357 343.485413 
413.124298 194.087982 
88.350128 213.640030 
351.905609 337.416840 
276.424011 328.510681 
341.061523 268.595520 
442.990906 178.010788 
18.322573 292.897095 
400.620056 398.084656 
583.690430 217.738037 
583.690430 217.738037 
231.576157 413.743896 
243.537415 313.194092 
414.421234 394.479980 
460.949677 273.442749 
414.860687 303.097382 
624.926392 109.028877 
246.950241 51.473240 
414.382996 359.197815 
599.564392 99.497704 
444.143372 431.325317 
366.257385 317.277313 
276.610413 137.976883 
624.926392 109.028877 
241.976074 59.764477 
450.795959 366.184601 
454.241821 324.349731 
414.382996 359.197815 
445.566071 418.927856 
187.660889 213.295273 
103.107040 167.970932 
81.327545 191.404633 
440.240906 106.847076 
110.181435 210.215225 
310.262085 191.011826 
386.982788 76.939064 
429.368286 409.952972 
366.257385 317.277313 
592.381836 229.788788 
351.905609 337.416840 
248.454697 281.062469 
450.795959 366.184601 
303.724823 197.318192 
351.905609 337.416840 
203.238968 61.960854 
291.209290 40.200962 
463.072357 343.485413 
560.740356 143.089264 
414.382996 359.197815 
417.667084 397.324829 
505.039642 81.598747 
81.438934 333.075134 
81.438934 333.075134 
297.027008 49.893421 
483.329010 352.836639 
579.907227 163.986374 
588.789124 177.045334 
610.993225 176.963882 
470.875458 218.430832 
428.254669 98.183846 
445.566071 418.927856 
233.215027 445.031586 
85.315102 150.162369 
385.828827 343.778809 
469.907990 387.353912 
427.266998 394.868805 
463.072357 343.485413 
103.107040 167.970932 
194.570145 120.280998 
177.801422 300.816284 
614.226746 147.888809 
18.322573 292.897095 
414.860687 303.097382 
609.205811 70.471115 
314.661804 183.980743 
454.241821 324.349731 
194.605057 53.483898 
172.864685 110.136612 
393.031952 83.751236 
414.477661 322.658478 
175.337372 366.745728 
148.642395 160.975449 
373.695038 22.900631 
376.633881 428.698669 
184.840515 139.289505 
560.740356 143.089264 
18.322573 292.897095 
148.642395 160.975449 
258.804077 113.426697 
265.919495 196.840897 
385.301575 314.936890 
74.142365 335.164398 
614.226746 147.888809 
236.783203 454.485809 
409.500244 308.816284 
599.564392 99.497704 
18.322573 292.897095 
621.474243 180.990753 
537.933655 199.997238 
435.803802 264.947601 
18.322573 292.897095 
434.300812 355.253143 
610.993225 176.963882 
385.301575 314.936890 
103.107040 167.970932 
20.990881 308.066681 
480.857208 365.020447 
103.874397 211.153961 
610.993225 176.963882 
583.690430 217.738037 
493.318756 21.199612 
304.541870 122.625969 
427.266998 394.868805 
427.266998 394.868805 
434.300812 355.253143 
304.035187 428.828796 
505.039642 81.598747 
168.945801 175.590591 
483.329010 352.836639 
385.301575 314.936890 
297.027008 49.893421 
397.549316 198.600647 
181.996399 153.825302 
417.667084 397.324829 
442.990906 178.010788 
318.871735 271.695129 
267.138824 70.790985 
356.432037 109.645515 
174.031693 291.401184 
13.948923 302.575775 
189.463455 136.816727 
253.019058 476.675720 
429.368286 409.952972 
81.327545 191.404633 
397.549316 198.600647 
348.089966 251.791946 
