500
263.850494 412.980988 
318.301208 415.387238 
282.951019 436.089172 
267.244812 433.658569 
318.787476 365.924835 
221.863800 396.891876 
263.850494 412.980988 
289.877014 389.571228 
336.258789 406.036560 
355.333313 418.842957 
289.877014 389.571228 
343.841827 354.468964 
336.258789 406.036560 
394.599670 435.663696 
180.998383 383.178558 
267.524048 403.706177 
532.338623 404.030334 
327.893829 444.159698 
539.006897 395.265747 
280.337555 388.570282 
407.927704 442.712219 
307.872833 421.804413 
339.166199 438.093567 
220.269485 428.156433 
370.687469 453.446045 
427.627106 415.620636 
352.459473 431.645142 
549.175476 426.628113 
386.560974 454.510040 
296.179138 358.194946 
251.305420 403.958008 
386.560974 454.510040 
86.934692 382.674316 
262.277435 417.335266 
560.063965 433.593079 
560.063965 433.593079 
330.953613 425.620514 
524.994751 399.330597 
246.293137 406.506500 
187.298874 407.337708 
161.024780 417.956757 
372.649628 432.873383 
318.042114 408.240814 
241.089218 381.797729 
265.415192 427.093597 
450.207520 410.177979 
444.871674 438.340607 
548.483582 381.261902 
326.436310 382.830261 
374.879211 395.709991 
408.295258 125.117897 
246.319870 442.186218 
300.401337 177.036362 
241.089218 381.797729 
427.627106 415.620636 
367.986725 355.734344 
137.429260 403.486053 
476.559753 230.781021 
355.290405 369.097137 
258.634552 135.864563 
246.319870 442.186218 
486.130951 394.755585 
206.241241 323.442169 
466.380798 198.342575 
313.617584 445.354126 
283.083191 357.424561 
307.120667 182.449051 
545.533813 390.811584 
472.643066 181.109009 
501.325684 221.016235 
228.331543 434.491364 
476.559753 230.781021 
306.108887 190.482620 
182.868607 347.665894 
501.629089 302.597748 
488.284485 298.168457 
332.314178 67.999580 
310.287445 53.839832 
540.893494 260.679596 
360.476990 243.576385 
433.794647 160.100418 
211.598846 209.969635 
434.367462 205.667068 
366.753387 106.709061 
75.211174 360.642242 
95.230103 396.985046 
393.646240 142.092636 
431.005646 219.680054 
479.402344 194.557861 
600.406921 362.843842 
235.518723 409.074768 
303.241730 168.525894 
515.565613 292.958679 
35.944096 466.925323 
402.317902 208.213165 
154.036865 351.295105 
266.669067 185.989197 
520.078003 339.605499 
569.423462 243.360626 
370.838806 141.801514 
488.718079 310.139069 
298.487854 59.758518 
103.525017 313.764587 
343.495544 66.942207 
336.800049 37.231853 
76.811607 335.796661 
480.564880 283.681885 
106.716301 224.014801 
206.343872 43.239265 
342.520660 31.854282 
182.286362 312.718933 
459.050476 176.935013 
307.136688 421.194946 
106.716301 224.014801 
305.541595 76.215385 
389.132599 95.611229 
484.396149 183.009964 
174.912949 230.384003 
513.381897 338.497803 
266.549072 327.197998 
352.505524 47.677731 
507.381989 428.133240 
342.520660 31.854282 
261.935486 149.179214 
239.628647 182.864395 
604.402100 75.795235 
319.426788 170.931030 
548.045288 279.805847 
340.024323 54.217968 
565.744995 433.443512 
379.042603 149.731522 
585.773010 283.028320 
214.145187 40.987782 
580.109741 406.683502 
167.534302 228.163315 
490.082367 138.977600 
125.900322 277.721680 
240.387817 29.487211 
565.744995 433.443512 
247.029709 223.014801 
330.583740 321.705688 
397.343811 153.061264 
632.232422 286.124634 
199.926132 53.075214 
160.646881 33.821262 
185.447113 318.043060 
291.704529 207.696182 
79.782066 240.093002 
342.806763 339.962006 
372.393738 247.026855 
147.043304 335.286774 
468.687897 78.547913 
383.902374 338.334503 
580.109741 406.683502 
288.062775 202.797302 
316.356140 71.648087 
7.021650 37.866833 
365.925446 205.994873 
100.007103 300.146484 
212.193710 405.794556 
447.069397 267.447327 
616.472168 82.462273 
274.399780 339.201172 
233.142212 201.374802 
332.936615 54.386929 
227.080505 25.089533 
406.905151 87.979874 
520.936096 272.940918 
382.868652 24.537916 
96.877800 362.980286 
366.378845 107.580276 
507.566620 45.828918 
468.802979 67.680748 
96.106384 340.976898 
89.496361 323.162354 
447.133698 255.240219 
565.002808 281.186005 
350.646393 30.152988 
216.844559 153.690155 
498.623718 70.312752 
480.738464 35.209927 
212.761597 43.631523 
191.144363 319.927948 
82.316437 310.877319 
523.830017 42.986973 
141.802948 16.272503 
104.245338 330.637054 
495.476654 53.530716 
252.079941 91.171410 
608.117615 364.524139 
424.159424 447.316406 
568.571106 37.921097 
149.462921 377.814423 
598.651855 284.006256 
281.159393 191.293930 
552.068542 22.911535 
273.978119 452.311798 
10.917753 27.109503 
483.954498 181.293488 
621.159668 359.118500 
110.483734 25.158562 
495.656097 156.483337 
584.828735 75.524704 
495.240967 80.941742 
576.273438 218.935059 
133.700607 319.364502 
253.967270 214.510284 
184.734558 31.818918 
490.267395 382.160095 
72.910309 187.962738 
217.589035 12.878469 
214.007294 198.177551 
210.418915 51.038548 
623.814270 376.515839 
351.703156 247.158875 
621.806946 110.473633 
488.995239 335.289459 
184.678268 422.266754 
185.284683 49.528099 
628.054871 383.910492 
183.963486 11.252340 
311.972076 45.759743 
312.006958 275.431183 
293.997650 166.648270 
482.851318 138.122879 
96.106384 340.976898 
377.453735 357.249390 
325.169006 196.856339 
359.150543 149.453186 
65.948143 6.884023 
405.996552 78.335083 
574.783569 211.011200 
446.819336 67.358559 
510.793671 143.432816 
393.979034 272.519165 
134.504929 331.926056 
70.743172 15.304717 
543.393066 371.545837 
626.851685 285.936462 
325.877472 106.156822 
603.853088 42.356564 
230.258636 224.608429 
629.914673 77.327744 
414.266418 284.332581 
312.693634 147.799942 
125.884506 28.870022 
499.156860 34.718338 
508.322693 29.271473 
525.656311 23.485003 
205.374146 28.169188 
563.008423 224.626389 
267.017334 255.890381 
335.607422 26.349424 
536.752319 172.816376 
450.594025 308.656189 
607.008484 406.744537 
153.400711 240.441544 
94.808235 329.913269 
211.914154 31.857212 
310.030853 79.092888 
175.913910 29.207520 
481.006500 58.435677 
165.026718 265.080872 
343.495544 66.942207 
341.178802 454.763367 
525.561584 389.746643 
62.566452 199.427933 
415.151428 91.237640 
201.569656 306.904999 
217.188828 61.284946 
564.015442 213.955017 
279.618774 242.680328 
620.111938 37.905781 
638.198242 424.563507 
477.652985 73.171997 
17.203920 36.336914 
83.822487 16.072184 
37.577999 332.136749 
250.371292 252.506027 
363.084290 189.981903 
449.972900 159.182877 
55.905144 388.924377 
11.944784 10.489051 
467.954071 304.968506 
207.408310 134.288239 
366.575165 53.945793 
228.758789 42.004807 
502.764679 17.088951 
340.109741 145.390625 
306.763062 343.918762 
173.411591 52.407471 
360.747375 469.759949 
121.501808 249.051392 
343.898895 320.510315 
31.629978 53.687557 
82.562820 143.727310 
133.826065 52.921879 
278.677521 10.749857 
235.997757 16.753025 
565.192505 203.648315 
326.450439 196.307663 
415.056274 196.148010 
580.894348 405.065979 
419.730865 38.871349 
303.982880 338.587036 
220.000839 450.376404 
582.508545 216.796677 
305.046173 125.080055 
563.935120 213.011795 
176.039841 44.231174 
61.805916 10.161316 
613.768677 395.373718 
372.589020 447.451080 
256.350769 167.129364 
142.568054 28.973503 
530.254150 424.926056 
187.864365 67.971695 
243.407394 231.034546 
599.677124 217.547195 
94.513893 431.170593 
231.023010 9.195437 
464.767517 96.803673 
577.156494 206.275360 
442.441864 95.898087 
86.934692 382.674316 
602.433716 22.237091 
551.610840 35.018208 
304.537811 50.272614 
541.780884 107.862358 
270.946472 168.245819 
589.620728 206.136749 
614.685852 120.969620 
240.819870 58.178123 
360.476990 243.576385 
48.402557 31.542177 
512.713745 115.146095 
451.222168 30.377771 
180.998383 383.178558 
461.136475 54.043339 
229.710663 148.721466 
225.452484 110.347847 
325.678619 44.304089 
148.547501 360.820221 
130.204514 283.990875 
569.199280 434.011536 
498.827667 93.074371 
342.212250 397.537903 
20.486204 247.751022 
331.752075 468.247284 
160.148987 61.611122 
521.143677 178.081146 
142.295715 304.936218 
249.680603 449.066010 
280.540253 51.731274 
312.030518 275.681335 
99.341080 115.497177 
416.983948 62.595627 
201.529617 397.285950 
300.048096 50.971291 
363.084290 189.981903 
146.706985 309.406647 
426.938843 75.606560 
76.924744 32.767548 
576.064758 88.612831 
52.506454 92.577232 
543.726868 74.751427 
338.552307 342.020538 
581.103699 22.649046 
116.044090 316.456299 
177.187897 17.180681 
288.824890 21.128325 
449.507660 289.716919 
566.005127 90.153114 
173.098938 127.784958 
73.946022 351.352020 
616.249146 188.629257 
616.249146 188.629257 
214.806061 229.459488 
418.227325 429.586670 
57.179424 255.410812 
428.013519 66.533340 
63.740303 249.180023 
134.526306 13.761770 
375.855469 215.414108 
245.832123 195.033859 
159.882385 64.151779 
454.807312 66.395393 
221.568573 458.275635 
82.038162 41.211048 
631.307007 25.383198 
325.808197 472.937225 
4.076043 276.979675 
242.784821 212.046616 
382.868652 24.537916 
438.051697 69.060188 
600.168030 33.186108 
278.692810 69.524666 
436.383118 330.688171 
148.709091 103.114609 
617.237488 4.563136 
228.685623 172.957336 
245.316254 303.749756 
188.650787 232.106323 
142.295715 304.936218 
164.647141 236.006180 
324.233643 63.623653 
77.381180 124.181740 
586.164246 308.701111 
343.841827 354.468964 
224.434677 265.098755 
624.333862 180.248291 
454.412445 109.779198 
329.847656 269.773071 
428.953308 57.932091 
150.451294 54.730022 
65.193604 269.870300 
141.290207 308.083160 
439.425171 96.015877 
368.853149 9.877748 
204.162827 149.000534 
593.116638 435.925629 
63.185898 43.467686 
293.997650 166.648270 
175.825439 118.854759 
263.983185 47.014496 
573.906128 102.862396 
63.451008 56.145103 
304.050201 17.757742 
305.105560 304.441986 
239.602753 270.295532 
317.184692 12.117730 
264.713776 451.695648 
295.326080 261.002502 
484.772583 144.893219 
360.078278 362.891449 
499.898224 248.540085 
604.546509 223.944397 
552.874146 78.501663 
581.347290 471.603149 
483.957886 292.106659 
36.183495 134.502731 
606.812744 123.152969 
297.782410 77.937447 
389.775604 185.109528 
75.163170 351.905975 
90.727585 120.509560 
467.394440 166.884384 
486.637390 189.666031 
218.191650 221.605988 
625.123413 318.502869 
98.558075 53.035667 
65.783714 260.742004 
635.709473 361.459564 
222.510452 468.870728 
576.251160 119.748306 
602.494629 323.116791 
257.355255 57.348648 
426.276276 33.725018 
178.128632 8.987839 
568.181641 397.126129 
561.177734 295.940094 
407.921021 64.465012 
617.566406 447.184631 
520.184326 67.484917 
156.969452 244.779617 
581.347290 471.603149 
72.538269 427.585266 
138.617477 341.786194 
240.588989 118.688171 
157.082153 261.148499 
569.199280 434.011536 
45.065529 46.348652 
372.523895 218.743286 
63.126873 378.985046 
146.512558 236.772308 
55.463612 284.125153 
120.441399 124.223648 
118.662575 435.250427 
332.467163 241.385422 
298.487854 59.758518 
376.445953 332.222656 
273.373749 44.335957 
417.788635 27.573730 
534.729492 470.435547 
215.792465 302.952606 
536.993835 99.332748 
506.782867 79.370735 
151.960953 329.762512 
407.992004 31.800695 
276.264282 29.247309 
172.465775 107.659775 
141.290207 308.083160 
286.006256 66.782089 
625.146667 148.761032 
627.004028 167.283661 
552.894836 147.700409 
300.048096 50.971291 
217.930161 132.089249 
18.362957 399.823486 
263.983185 47.014496 
