500
59.087639 85.039024 
126.127831 290.464539 
131.856506 305.590668 
95.111061 213.834930 
210.396759 300.952423 
33.957565 119.016914 
237.785889 437.107635 
80.394569 232.791977 
152.156921 275.507294 
19.899326 88.865944 
184.491028 335.877106 
138.406815 277.841431 
187.965225 401.252960 
147.449020 348.230255 
171.863693 279.266968 
135.014923 232.435135 
225.937592 334.177734 
109.241028 208.456116 
109.141083 297.214966 
63.626625 194.233276 
160.483292 389.858063 
107.921707 247.093491 
184.491028 335.877106 
86.734428 190.375763 
82.005661 262.843994 
199.726654 315.895294 
27.499260 107.892632 
205.840057 277.883911 
158.756317 354.646515 
108.595047 277.025085 
225.213165 401.916412 
143.893692 261.535919 
51.545151 197.013519 
210.708527 446.546112 
124.744759 214.733749 
175.854065 288.161652 
123.278885 229.088486 
463.647339 258.443756 
108.595047 277.025085 
54.804379 167.549210 
85.831070 147.407623 
447.031525 358.161316 
175.854065 288.161652 
212.703735 365.077484 
243.708847 338.799561 
80.003609 108.908531 
194.853058 337.348938 
170.477097 363.034241 
365.305359 190.816086 
173.409943 321.501129 
34.846905 137.615158 
379.775696 134.425156 
406.296814 369.884644 
123.159248 215.380127 
287.210541 455.688324 
269.228912 460.576080 
41.036278 138.967606 
364.009186 199.605911 
406.296814 369.884644 
429.250366 345.660522 
477.068115 138.456451 
446.719574 341.929596 
498.304138 354.464508 
205.840057 277.883911 
217.083344 349.641876 
28.190796 200.694183 
139.103149 336.813568 
373.024658 208.663467 
412.213928 440.201752 
511.445312 155.549591 
353.758972 413.979492 
340.347717 166.014450 
357.117432 427.795837 
460.904724 213.256775 
337.167358 277.088165 
355.773468 201.878357 
292.180298 130.066055 
12.999568 104.334663 
157.923981 174.813385 
438.302826 354.935852 
93.091522 87.871353 
141.166229 133.014236 
475.610229 163.021774 
476.116425 155.224960 
406.069092 320.918610 
373.024658 208.663467 
56.536079 119.004356 
241.255615 306.535248 
386.265350 250.205124 
379.041931 203.961411 
372.604095 434.815125 
334.205322 462.591644 
345.426636 421.199341 
227.830536 47.170086 
503.299408 171.535736 
400.152130 345.783966 
244.600952 308.899078 
287.210541 455.688324 
373.263519 188.389389 
227.830536 47.170086 
428.152557 246.326920 
147.163269 88.551178 
361.574188 400.023987 
511.445312 155.549591 
217.408218 236.654099 
115.766968 76.793167 
516.959778 161.341949 
393.225494 324.750580 
479.759613 228.144516 
300.189453 153.802414 
329.639954 141.749451 
442.160126 254.703644 
190.183182 21.386267 
499.956909 201.932297 
209.149994 119.185844 
482.097107 172.889694 
72.277206 123.996033 
531.149841 234.830566 
44.440403 234.042908 
491.052765 163.154358 
453.197998 146.968719 
425.804321 43.382225 
538.877075 185.802780 
369.348297 144.269699 
254.668106 289.115417 
430.758087 234.005310 
188.595032 156.344315 
240.727524 361.484436 
439.774445 48.248768 
439.907501 156.271133 
505.555084 364.528961 
462.225952 152.512421 
132.106873 80.907143 
151.255295 137.351456 
446.719574 341.929596 
156.712173 320.614594 
334.205322 462.591644 
254.512054 101.118195 
334.054047 198.318207 
92.184959 88.598312 
256.434326 108.735764 
549.957153 281.327637 
359.386078 361.998535 
432.134369 49.233448 
287.210541 455.688324 
405.355927 467.942902 
487.724731 158.362396 
400.152130 345.783966 
460.904724 213.256775 
119.844551 95.921371 
335.826569 192.644302 
158.360641 242.143936 
400.307312 50.821014 
311.990875 144.236603 
213.269028 240.951492 
213.269028 240.951492 
286.654968 465.570404 
213.269028 240.951492 
90.543922 228.168274 
474.575165 383.871582 
285.743469 250.093796 
342.994537 181.253891 
435.567078 266.325928 
392.013336 428.642853 
87.458061 162.927109 
133.497192 97.251465 
289.550537 155.392853 
190.167480 89.893570 
168.256516 30.463453 
345.897644 105.524345 
369.637848 332.867310 
99.178093 108.943970 
193.704208 431.668457 
298.441284 168.272415 
213.269028 240.951492 
432.134369 49.233448 
286.654968 465.570404 
544.335510 292.509827 
538.877075 185.802780 
112.783058 135.583771 
137.162170 67.601585 
115.932343 161.167450 
439.774445 48.248768 
334.205322 462.591644 
544.335510 292.509827 
286.654968 465.570404 
240.727524 361.484436 
460.637573 359.893738 
329.915649 270.288422 
496.872681 247.909256 
243.789917 102.665627 
339.822235 287.199158 
446.719574 341.929596 
218.197342 82.085175 
139.003784 155.161728 
500.670105 384.422394 
462.225952 152.512421 
601.212769 261.946320 
356.237579 218.990677 
517.304199 227.501587 
414.870972 106.953308 
435.567078 266.325928 
119.844551 95.921371 
544.335510 292.509827 
324.871216 297.702393 
531.149841 234.830566 
158.201752 78.217285 
544.335510 292.509827 
286.654968 465.570404 
425.804321 43.382225 
549.957153 281.327637 
33.148506 209.785492 
286.654968 465.570404 
405.355927 467.942902 
569.599182 300.772766 
569.599182 300.772766 
569.599182 300.772766 
462.225952 152.512421 
515.936340 386.035950 
405.355927 467.942902 
527.026733 123.323395 
460.637573 359.893738 
213.269028 240.951492 
298.993134 204.499496 
544.335510 292.509827 
274.718689 184.838669 
331.473755 343.097412 
205.840057 277.883911 
56.536079 119.004356 
231.686661 257.136230 
286.654968 465.570404 
432.134369 49.233448 
128.672638 89.406273 
403.882080 398.394989 
446.719574 341.929596 
574.357605 382.978577 
190.183182 21.386267 
396.737762 187.107162 
256.434326 108.735764 
280.008484 204.294464 
353.474121 88.201118 
309.851044 169.805771 
371.841919 356.723114 
503.611115 151.435776 
399.010345 82.388557 
441.077332 178.495209 
205.840057 277.883911 
213.269028 240.951492 
205.840057 277.883911 
59.092960 62.475002 
455.021606 149.871918 
482.097107 172.889694 
241.301376 348.630676 
500.670105 384.422394 
184.991486 274.389221 
241.255615 306.535248 
138.406815 277.841431 
153.279480 121.554070 
289.708923 168.535553 
549.957153 281.327637 
462.225952 152.512421 
569.599182 300.772766 
459.988190 147.728378 
286.654968 465.570404 
399.010345 82.388557 
205.840057 277.883911 
544.335510 292.509827 
139.003784 155.161728 
213.269028 240.951492 
356.237579 218.990677 
138.406815 277.841431 
559.963623 287.758118 
143.893692 261.535919 
241.255615 306.535248 
439.774445 48.248768 
186.864395 97.568710 
205.840057 277.883911 
569.599182 300.772766 
217.408218 236.654099 
175.854065 288.161652 
118.980515 275.385773 
56.718967 29.193363 
286.654968 465.570404 
544.335510 292.509827 
261.958893 299.234558 
416.299164 229.146973 
285.743469 250.093796 
549.957153 281.327637 
92.184959 88.598312 
125.059784 28.945240 
49.250622 91.901642 
227.701614 207.281982 
310.580841 92.808716 
27.879381 50.599266 
240.727524 361.484436 
513.741333 146.135818 
350.797882 88.100525 
156.712173 320.614594 
286.654968 465.570404 
500.401093 273.013580 
352.776672 149.539795 
217.408218 236.654099 
400.307312 50.821014 
99.178093 108.943970 
350.797882 88.100525 
549.957153 281.327637 
611.099792 298.155029 
184.991486 274.389221 
59.092960 62.475002 
240.727524 361.484436 
109.241028 208.456116 
118.980515 275.385773 
157.742340 139.085861 
350.797882 88.100525 
358.161530 162.871384 
399.010345 82.388557 
460.984100 227.894516 
241.255615 306.535248 
322.003235 151.254883 
462.225952 152.512421 
549.957153 281.327637 
251.700546 168.823044 
461.802521 273.415985 
56.536079 119.004356 
220.959763 117.045700 
92.184959 88.598312 
376.808014 242.620071 
95.111061 213.834930 
549.957153 281.327637 
467.175873 101.556511 
153.279480 121.554070 
432.134369 49.233448 
92.184959 88.598312 
205.168198 419.365875 
286.654968 465.570404 
456.781311 344.534180 
412.463348 49.452633 
389.986237 124.737236 
439.774445 48.248768 
184.991486 274.389221 
158.756317 354.646515 
205.840057 277.883911 
59.087639 85.039024 
331.473755 343.097412 
156.712173 320.614594 
475.610229 163.021774 
270.420593 210.627289 
205.840057 277.883911 
404.776398 239.732254 
131.856506 305.590668 
412.460846 170.142838 
48.677792 30.678698 
435.567078 266.325928 
405.355927 467.942902 
402.244812 290.891510 
463.284546 159.301315 
172.987289 411.075867 
549.957153 281.327637 
194.853058 337.348938 
175.854065 288.161652 
386.265350 250.205124 
544.551758 292.500793 
461.802521 273.415985 
197.907059 276.805542 
95.111061 213.834930 
143.893692 261.535919 
611.099792 298.155029 
447.031525 358.161316 
208.006699 210.581177 
446.719574 341.929596 
175.854065 288.161652 
531.271118 242.506210 
87.458061 162.927109 
170.477097 363.034241 
324.871216 297.702393 
299.444794 262.361023 
244.600952 308.899078 
366.153107 239.573303 
509.147614 333.121796 
574.482544 308.861664 
400.337311 63.323803 
522.023193 235.766586 
475.610229 163.021774 
430.758087 234.005310 
194.853058 337.348938 
231.686661 257.136230 
217.408218 236.654099 
452.660461 253.341629 
544.551758 292.500793 
217.408218 236.654099 
624.278320 376.875610 
462.225952 152.512421 
241.255615 306.535248 
549.957153 281.327637 
444.257263 36.922901 
439.774445 48.248768 
559.963623 287.758118 
559.963623 287.758118 
544.551758 292.500793 
277.307800 142.992523 
305.818665 158.684738 
544.335510 292.509827 
95.111061 213.834930 
126.127831 290.464539 
504.797577 114.626205 
574.482544 308.861664 
241.255615 306.535248 
544.551758 292.500793 
574.357605 382.978577 
447.031525 358.161316 
243.539246 197.923752 
156.712173 320.614594 
210.396759 300.952423 
535.774353 439.633514 
379.041931 203.961411 
75.689415 19.222631 
517.304199 227.501587 
569.599182 300.772766 
425.804321 43.382225 
578.823486 278.357147 
206.756165 53.433025 
439.774445 48.248768 
59.087639 85.039024 
460.637573 359.893738 
569.599182 300.772766 
172.432877 307.767365 
500.401093 273.013580 
118.980515 275.385773 
496.872681 247.909256 
549.957153 281.327637 
217.408218 236.654099 
574.357605 382.978577 
432.365021 119.981377 
205.840057 277.883911 
531.271118 242.506210 
175.854065 288.161652 
158.756317 354.646515 
586.780151 299.023010 
118.980515 275.385773 
481.399200 349.804871 
452.810699 106.330193 
435.567078 266.325928 
241.301376 348.630676 
27.879381 50.599266 
544.335510 292.509827 
441.948181 362.175079 
569.599182 300.772766 
147.163269 88.551178 
109.141083 297.214966 
109.141083 297.214966 
474.575165 383.871582 
49.250622 91.901642 
183.967712 122.977097 
544.335510 292.509827 
351.759369 116.603905 
526.318604 148.070297 
569.599182 300.772766 
473.080353 146.298630 
459.988190 147.728378 
559.963623 287.758118 
109.141083 297.214966 
444.257263 36.922901 
249.921570 60.595356 
601.212769 261.946320 
147.449020 348.230255 
544.335510 292.509827 
147.989899 160.449692 
558.993958 317.098846 
369.637848 332.867310 
73.703766 145.586441 
157.742340 139.085861 
205.840057 277.883911 
227.830536 47.170086 
505.890839 233.851227 
544.335510 292.509827 
444.257263 36.922901 
172.432877 307.767365 
34.347977 166.695465 
500.401093 273.013580 
412.463348 49.452633 
231.686661 257.136230 
430.281647 319.115112 
506.742096 283.037598 
27.879381 50.599266 
450.700470 196.832382 
531.271118 242.506210 
578.823486 278.357147 
240.727524 361.484436 
239.861649 458.359741 
198.648666 70.207573 
498.304138 354.464508 
172.432877 307.767365 
444.257263 36.922901 
59.087639 85.039024 
237.785889 437.107635 
514.172974 258.514465 
210.708527 446.546112 
492.080780 146.236938 
290.434784 228.115982 
252.035233 184.629776 
