500
318.301208 415.387238 
355.333313 418.842957 
263.850494 412.980988 
263.850494 412.980988 
307.872833 421.804413 
427.627106 415.620636 
267.244812 433.658569 
336.258789 406.036560 
327.893829 444.159698 
221.863800 396.891876 
313.617584 445.354126 
289.877014 389.571228 
262.277435 417.335266 
427.627106 415.620636 
360.078278 362.891449 
394.599670 435.663696 
450.207520 410.177979 
339.166199 438.093567 
336.258789 406.036560 
180.998383 383.178558 
539.006897 395.265747 
386.560974 454.510040 
282.951019 436.089172 
608.117615 364.524139 
251.305420 403.958008 
370.687469 453.446045 
367.029816 448.011810 
352.459473 431.645142 
386.560974 454.510040 
486.130951 394.755585 
201.174728 376.327637 
264.713776 451.695648 
444.871674 438.340607 
545.533813 390.811584 
289.877014 389.571228 
212.193710 405.794556 
318.042114 408.240814 
235.518723 409.074768 
220.269485 428.156433 
548.483582 381.261902 
407.927704 442.712219 
413.571655 403.339233 
300.401337 177.036362 
466.380798 198.342575 
228.331543 434.491364 
206.343872 43.239265 
476.559753 230.781021 
367.986725 355.734344 
549.175476 426.628113 
532.338623 404.030334 
326.436310 382.830261 
246.319870 442.186218 
476.559753 230.781021 
258.634552 135.864563 
374.879211 395.709991 
206.241241 323.442169 
472.643066 181.109009 
600.406921 362.843842 
393.646240 142.092636 
459.050476 176.935013 
281.159393 191.293930 
366.753387 106.709061 
488.995239 335.289459 
501.629089 302.597748 
149.462921 377.814423 
182.868607 347.665894 
360.476990 243.576385 
452.317474 225.258896 
377.087372 65.135414 
241.089218 381.797729 
187.298874 407.337708 
338.552307 342.020538 
211.598846 209.969635 
434.367462 205.667068 
246.319870 442.186218 
318.787476 365.924835 
310.287445 53.839832 
303.241730 168.525894 
307.136688 421.194946 
138.617477 341.786194 
479.402344 194.557861 
449.972900 159.182877 
431.005646 219.680054 
452.317474 225.258896 
370.838806 141.801514 
232.046585 383.841522 
402.317902 208.213165 
266.669067 185.989197 
246.576141 417.228149 
408.295258 125.117897 
515.565613 292.958679 
319.345581 179.291519 
520.078003 339.605499 
379.042603 149.731522 
125.900322 277.721680 
35.944096 466.925323 
507.381989 428.133240 
106.716301 224.014801 
174.912949 230.384003 
513.381897 338.497803 
472.241241 412.942963 
490.082367 138.977600 
214.145187 40.987782 
377.453735 357.249390 
342.520660 31.854282 
239.628647 182.864395 
103.525017 313.764587 
106.716301 224.014801 
480.564880 283.681885 
266.549072 327.197998 
274.399780 339.201172 
363.084290 189.981903 
352.505524 47.677731 
488.718079 310.139069 
167.534302 228.163315 
342.520660 31.854282 
160.646881 33.821262 
319.345581 179.291519 
154.036865 351.295105 
397.343811 153.061264 
484.396149 183.009964 
261.935486 149.179214 
332.314178 67.999580 
580.109741 406.683502 
382.868652 24.537916 
560.063965 433.593079 
332.467163 241.385422 
182.286362 312.718933 
147.043304 335.286774 
366.575165 53.945793 
336.800049 37.231853 
548.045288 279.805847 
342.806763 339.962006 
543.393066 371.545837 
523.889771 260.511017 
604.402100 75.795235 
72.910309 187.962738 
216.844559 153.690155 
343.495544 66.942207 
569.423462 243.360626 
306.108887 190.482620 
240.387817 29.487211 
424.159424 447.316406 
330.583740 321.705688 
89.496361 323.162354 
305.541595 76.215385 
366.378845 107.580276 
389.132599 95.611229 
199.926132 53.075214 
343.841827 354.468964 
184.734558 31.818918 
483.957886 292.106659 
339.746918 99.105453 
79.782066 240.093002 
616.472168 82.462273 
424.643921 245.792404 
10.917753 27.109503 
205.374146 28.169188 
523.830017 42.986973 
316.356140 71.648087 
449.507660 289.716919 
233.142212 201.374802 
580.109741 406.683502 
480.738464 35.209927 
82.316437 310.877319 
76.811607 335.796661 
623.814270 376.515839 
288.062775 202.797302 
306.763062 343.918762 
132.514511 249.590042 
312.006958 275.431183 
585.773010 283.028320 
283.083191 357.424561 
247.029709 223.014801 
447.069397 267.447327 
468.802979 67.680748 
273.978119 452.311798 
7.021650 37.866833 
351.703156 247.158875 
498.623718 70.312752 
372.523895 218.743286 
343.841827 354.468964 
96.106384 340.976898 
350.646393 30.152988 
185.447113 318.043060 
560.063965 433.593079 
355.290405 369.097137 
495.240967 80.941742 
212.761597 43.631523 
365.925446 205.994873 
495.476654 53.530716 
372.393738 247.026855 
104.245338 330.637054 
576.273438 218.935059 
621.159668 359.118500 
598.651855 284.006256 
496.553345 124.003151 
191.144363 319.927948 
382.868652 24.537916 
568.571106 37.921097 
210.418915 51.038548 
335.607422 26.349424 
468.687897 78.547913 
293.997650 166.648270 
483.954498 181.293488 
134.504929 331.926056 
72.910309 187.962738 
252.079941 91.171410 
393.979034 272.519165 
506.782867 79.370735 
110.483734 25.158562 
482.851318 138.122879 
141.802948 16.272503 
227.080505 25.089533 
196.478729 433.275543 
183.963486 11.252340 
325.169006 196.856339 
565.002808 281.186005 
96.106384 340.976898 
190.263214 174.536789 
372.649628 432.873383 
446.819336 67.358559 
305.046173 125.080055 
70.743172 15.304717 
499.156860 34.718338 
490.267395 382.160095 
185.284683 49.528099 
629.914673 77.327744 
100.007103 300.146484 
207.408310 134.288239 
536.752319 172.816376 
510.793671 143.432816 
574.783569 211.011200 
405.996552 78.335083 
507.566620 45.828918 
312.693634 147.799942 
187.864365 67.971695 
343.495544 66.942207 
217.188828 61.284946 
340.109741 145.390625 
450.594025 308.656189 
253.967270 214.510284 
296.179138 358.194946 
414.266418 284.332581 
228.758789 42.004807 
632.232422 286.124634 
389.775604 185.109528 
508.322693 29.271473 
563.008423 224.626389 
17.203920 36.336914 
330.953613 425.620514 
164.647141 236.006180 
279.618774 242.680328 
265.636017 23.323969 
267.017334 255.890381 
55.463612 284.125153 
525.561584 389.746643 
201.569656 306.904999 
82.038162 41.211048 
311.972076 45.759743 
415.056274 196.148010 
481.006500 58.435677 
564.015442 213.955017 
415.151428 91.237640 
250.371292 252.506027 
326.450439 196.307663 
173.411591 52.407471 
121.501808 249.051392 
288.824890 21.128325 
565.192505 203.648315 
153.396606 272.243317 
620.111938 37.905781 
638.198242 424.563507 
175.913910 29.207520 
116.044090 316.456299 
577.156494 206.275360 
211.914154 31.857212 
303.982880 338.587036 
341.178802 454.763367 
607.008484 406.744537 
406.905151 87.979874 
540.893494 260.679596 
235.997757 16.753025 
165.026718 265.080872 
525.656311 23.485003 
626.851685 285.936462 
359.150543 149.453186 
617.237488 4.563136 
55.728069 284.516815 
582.508545 216.796677 
614.685852 120.969620 
230.258636 224.608429 
467.954071 304.968506 
325.678619 44.304089 
31.629978 53.687557 
376.215973 176.325089 
176.039841 44.231174 
563.935120 213.011795 
106.861237 102.552200 
249.680603 449.066010 
133.826065 52.921879 
584.828735 75.524704 
363.084290 189.981903 
240.588989 118.688171 
628.054871 383.910492 
142.568054 28.973503 
613.768677 395.373718 
325.877472 106.156822 
256.350769 167.129364 
343.898895 320.510315 
278.692810 69.524666 
433.794647 160.100418 
178.128632 8.987839 
180.998383 383.178558 
360.747375 469.759949 
240.819870 58.178123 
11.944784 10.489051 
177.187897 17.180681 
304.537811 50.272614 
589.620728 206.136749 
293.997650 166.648270 
270.946472 168.245819 
125.884506 28.870022 
495.656097 156.483337 
48.402557 31.542177 
603.853088 42.356564 
428.953308 57.932091 
520.936096 272.940918 
419.730865 38.871349 
465.216034 160.821930 
82.562820 143.727310 
552.068542 22.911535 
325.808197 472.937225 
530.254150 424.926056 
541.780884 107.862358 
576.251160 119.748306 
245.832123 195.033859 
548.483032 45.778931 
225.452484 110.347847 
551.610840 35.018208 
245.316254 303.749756 
498.827667 93.074371 
461.136475 54.043339 
52.506454 92.577232 
600.168030 33.186108 
76.924744 32.767548 
422.206879 54.446461 
312.030518 275.681335 
217.589035 12.878469 
580.894348 405.065979 
581.103699 22.649046 
599.677124 217.547195 
569.199280 434.011536 
418.227325 429.586670 
111.301254 329.111084 
372.589020 447.451080 
416.983948 62.595627 
224.434677 265.098755 
331.752075 468.247284 
54.962852 404.739532 
616.249146 188.629257 
616.249146 188.629257 
130.204514 283.990875 
214.806061 229.459488 
134.526306 13.761770 
426.938843 75.606560 
428.013519 66.533340 
160.148987 61.611122 
229.710663 148.721466 
342.212250 397.537903 
477.652985 73.171997 
273.373749 44.335957 
75.211174 360.642242 
133.700607 319.364502 
211.688980 83.921402 
552.874146 78.501663 
602.494629 323.116791 
573.906128 102.862396 
565.744995 433.443512 
4.076043 276.979675 
220.000839 450.376404 
99.341080 115.497177 
73.946022 351.352020 
625.123413 318.502869 
621.806946 110.473633 
228.685623 172.957336 
72.538269 427.585266 
464.767517 96.803673 
146.706985 309.406647 
360.476990 243.576385 
68.910751 153.924728 
242.784821 212.046616 
624.333862 180.248291 
431.119141 255.069046 
88.584457 435.961182 
502.764679 17.088951 
148.547501 360.820221 
148.709091 103.114609 
552.894836 147.700409 
366.788971 37.712093 
499.898224 248.540085 
239.602753 270.295532 
94.808235 329.913269 
324.233643 63.623653 
298.487854 59.758518 
62.566452 199.427933 
366.788971 37.712093 
417.788635 27.573730 
188.650787 232.106323 
576.064758 88.612831 
63.185898 43.467686 
375.855469 215.414108 
521.143677 178.081146 
526.477356 321.865021 
368.853149 9.877748 
77.381180 124.181740 
172.465775 107.659775 
157.082153 261.148499 
263.983185 47.014496 
562.023926 81.437859 
407.992004 31.800695 
604.546509 223.944397 
300.048096 50.971291 
175.825439 118.854759 
108.616806 63.054550 
606.555725 132.588501 
631.307007 25.383198 
57.179424 255.410812 
581.347290 471.603149 
265.415192 427.093597 
132.250290 206.170425 
142.295715 304.936218 
222.510452 468.870728 
276.264282 29.247309 
95.230103 396.985046 
47.068508 72.487007 
602.433716 22.237091 
520.184326 67.484917 
587.343811 133.719696 
345.074188 103.500366 
263.983185 47.014496 
184.678268 422.266754 
65.193604 269.870300 
90.727585 120.509560 
439.425171 96.015877 
304.050201 17.757742 
627.004028 167.283661 
221.568573 458.275635 
257.355255 57.348648 
231.023010 9.195437 
611.266846 283.967163 
512.713745 115.146095 
254.129013 39.393581 
528.958008 80.368370 
351.096893 64.670601 
152.998062 439.415802 
310.030853 79.092888 
75.163170 351.905975 
436.383118 330.688171 
194.381775 444.409515 
317.184692 12.117730 
486.637390 189.666031 
295.326080 261.002502 
453.370453 14.398612 
278.055786 78.114014 
271.280060 83.150208 
609.369568 309.128235 
71.196465 167.690781 
280.337555 388.570282 
291.909698 324.567627 
568.181641 397.126129 
407.921021 64.465012 
141.290207 308.083160 
329.847656 269.773071 
120.441399 124.223648 
25.134827 128.115509 
581.347290 471.603149 
332.936615 54.386929 
55.905144 388.924377 
338.932281 388.840637 
220.861847 62.117622 
550.549988 305.830292 
63.451008 56.145103 
565.744995 433.443512 
451.222168 30.377771 
300.048096 50.971291 
448.691284 101.511475 
345.983826 471.860840 
30.962812 151.042542 
561.177734 295.940094 
452.840698 91.307274 
159.882385 64.151779 
45.065529 46.348652 
243.407394 231.034546 
267.524048 403.706177 
426.276276 33.725018 
298.487854 59.758518 
183.078735 171.010345 
83.822487 16.072184 
569.199280 434.011536 
