500
221.863800 396.891876 
307.872833 421.804413 
201.529617 397.285950 
318.301208 415.387238 
336.258789 406.036560 
336.258789 406.036560 
263.850494 412.980988 
282.951019 436.089172 
267.244812 433.658569 
184.678268 422.266754 
220.269485 428.156433 
267.524048 403.706177 
152.998062 439.415802 
72.538269 427.585266 
407.927704 442.712219 
339.166199 438.093567 
262.277435 417.335266 
263.850494 412.980988 
161.024780 417.956757 
180.998383 383.178558 
280.337555 388.570282 
327.893829 444.159698 
394.599670 435.663696 
194.381775 444.409515 
343.841827 354.468964 
251.305420 403.958008 
212.193710 405.794556 
367.029816 448.011810 
318.787476 365.924835 
59.910202 427.630341 
370.687469 453.446045 
343.841827 354.468964 
123.118866 397.356232 
360.078278 362.891449 
95.230103 396.985046 
124.523842 434.110199 
289.877014 389.571228 
71.860504 444.735382 
386.560974 454.510040 
450.207520 410.177979 
486.130951 394.755585 
427.627106 415.620636 
326.436310 382.830261 
427.627106 415.620636 
221.568573 458.275635 
289.877014 389.571228 
200.491547 398.370636 
86.934692 382.674316 
363.937317 384.101868 
338.552307 342.020538 
258.634552 135.864563 
486.637390 189.666031 
300.401337 177.036362 
318.042114 408.240814 
246.319870 442.186218 
264.713776 451.695648 
86.934692 382.674316 
452.317474 225.258896 
310.287445 53.839832 
472.643066 181.109009 
246.319870 442.186218 
149.035233 451.396515 
319.345581 179.291519 
206.241241 323.442169 
472.241241 412.942963 
307.120667 182.449051 
366.753387 106.709061 
501.629089 302.597748 
94.513893 431.170593 
154.036865 351.295105 
488.284485 298.168457 
342.520660 31.854282 
377.087372 65.135414 
306.108887 190.482620 
182.868607 347.665894 
363.084290 189.981903 
35.944096 466.925323 
211.598846 209.969635 
540.893494 260.679596 
332.314178 67.999580 
154.036865 351.295105 
367.986725 355.734344 
520.078003 339.605499 
266.669067 185.989197 
342.520660 31.854282 
319.345581 179.291519 
330.953613 425.620514 
88.584457 435.961182 
75.211174 360.642242 
479.402344 194.557861 
459.050476 176.935013 
434.367462 205.667068 
352.505524 47.677731 
340.024323 54.217968 
452.317474 225.258896 
431.005646 219.680054 
515.565613 292.958679 
106.716301 224.014801 
316.356140 71.648087 
379.042603 149.731522 
291.445312 191.590271 
109.912918 368.950958 
488.718079 310.139069 
246.293137 406.506500 
340.024323 54.217968 
266.549072 327.197998 
103.525017 313.764587 
480.564880 283.681885 
106.716301 224.014801 
229.083984 412.007568 
307.136688 421.194946 
343.495544 66.942207 
490.082367 138.977600 
261.935486 149.179214 
484.396149 183.009964 
241.089218 381.797729 
76.811607 335.796661 
382.868652 24.537916 
389.132599 95.611229 
393.646240 142.092636 
182.286362 312.718933 
206.343872 43.239265 
212.761597 43.631523 
576.273438 218.935059 
239.628647 182.864395 
366.378845 107.580276 
370.838806 141.801514 
305.541595 76.215385 
131.695892 397.673248 
476.559753 230.781021 
303.241730 168.525894 
513.381897 338.497803 
240.387817 29.487211 
382.868652 24.537916 
54.962852 404.739532 
184.734558 31.818918 
147.043304 335.286774 
397.343811 153.061264 
342.806763 339.962006 
468.802979 67.680748 
520.936096 272.940918 
216.844559 153.690155 
524.994751 399.330597 
308.107483 93.706055 
89.496361 323.162354 
288.062775 202.797302 
424.159424 447.316406 
274.399780 339.201172 
447.069397 267.447327 
199.926132 53.075214 
233.142212 201.374802 
96.877800 362.980286 
283.083191 357.424561 
372.393738 247.026855 
424.643921 245.792404 
306.763062 343.918762 
247.029709 223.014801 
160.646881 33.821262 
10.917753 27.109503 
137.429260 403.486053 
495.240967 80.941742 
365.925446 205.994873 
227.080505 25.089533 
311.972076 45.759743 
104.245338 330.637054 
488.995239 335.289459 
507.566620 45.828918 
569.423462 243.360626 
164.647141 236.006180 
132.514511 249.590042 
214.145187 40.987782 
281.159393 191.293930 
498.623718 70.312752 
336.800049 37.231853 
616.472168 82.462273 
149.462921 377.814423 
183.963486 11.252340 
305.242279 332.510254 
523.889771 260.511017 
632.232422 286.124634 
584.828735 75.524704 
210.418915 51.038548 
4.076043 276.979675 
483.954498 181.293488 
495.476654 53.530716 
96.106384 340.976898 
351.703156 247.158875 
7.021650 37.866833 
94.808235 329.913269 
621.806946 110.473633 
624.333862 180.248291 
507.381989 428.133240 
48.402557 31.542177 
568.571106 37.921097 
185.284683 49.528099 
482.851318 138.122879 
291.704529 207.696182 
415.056274 196.148010 
510.793671 143.432816 
407.921021 64.465012 
205.374146 28.169188 
574.783569 211.011200 
134.504929 331.926056 
70.743172 15.304717 
55.463612 284.125153 
297.782410 77.937447 
110.483734 25.158562 
253.967270 214.510284 
201.569656 306.904999 
481.006500 58.435677 
450.594025 308.656189 
151.284592 224.447510 
495.656097 156.483337 
233.307541 193.838150 
296.179138 358.194946 
377.453735 357.249390 
490.267395 382.160095 
325.169006 196.856339 
508.322693 29.271473 
332.936615 54.386929 
185.447113 318.043060 
252.079941 91.171410 
446.819336 67.358559 
355.290405 369.097137 
620.111938 37.905781 
638.198242 424.563507 
629.914673 77.327744 
608.117615 364.524139 
55.902077 275.829224 
415.151428 91.237640 
305.046173 125.080055 
414.266418 284.332581 
270.946472 168.245819 
174.912949 230.384003 
393.979034 272.519165 
228.758789 42.004807 
72.910309 187.962738 
536.752319 172.816376 
75.163170 351.905975 
602.494629 323.116791 
267.017334 255.890381 
312.693634 147.799942 
517.168030 283.615601 
250.371292 252.506027 
235.997757 16.753025 
207.408310 134.288239 
310.030853 79.092888 
526.477356 321.865021 
133.700607 319.364502 
477.652985 73.171997 
100.007103 300.146484 
279.618774 242.680328 
406.905151 87.979874 
539.006897 395.265747 
273.978119 452.311798 
628.054871 383.910492 
265.636017 23.323969 
525.656311 23.485003 
623.814270 376.515839 
243.407394 231.034546 
173.411591 52.407471 
55.728069 284.516815 
116.044090 316.456299 
613.768677 395.373718 
625.123413 318.502869 
63.185898 43.467686 
125.884506 28.870022 
476.559753 230.781021 
604.546509 223.944397 
343.495544 66.942207 
165.026718 265.080872 
335.607422 26.349424 
245.316254 303.749756 
11.944784 10.489051 
343.898895 320.510315 
288.824890 21.128325 
121.501808 249.051392 
304.537811 50.272614 
17.203920 36.336914 
96.106384 340.976898 
325.877472 106.156822 
464.767517 96.803673 
551.610840 35.018208 
543.393066 371.545837 
466.380798 198.342575 
177.187897 17.180681 
442.441864 95.898087 
130.204514 283.990875 
273.373749 44.335957 
256.350769 167.129364 
293.997650 166.648270 
211.914154 31.857212 
582.508545 216.796677 
499.156860 34.718338 
220.000839 450.376404 
148.547501 360.820221 
600.406921 362.843842 
230.258636 224.608429 
416.983948 62.595627 
249.680603 449.066010 
240.819870 58.178123 
419.730865 38.871349 
176.039841 44.231174 
345.074188 103.500366 
82.562820 143.727310 
576.064758 88.612831 
245.832123 195.033859 
372.589020 447.451080 
217.188828 61.284946 
360.747375 469.759949 
626.851685 285.936462 
331.752075 468.247284 
405.996552 78.335083 
326.450439 196.307663 
134.001068 410.371094 
52.506454 92.577232 
631.307007 25.383198 
235.518723 409.074768 
603.853088 42.356564 
111.301254 329.111084 
366.788971 37.712093 
241.014053 217.260834 
552.215942 88.885605 
433.794647 160.100418 
83.797852 408.128754 
541.780884 107.862358 
60.530102 195.955215 
530.254150 424.926056 
225.452484 110.347847 
599.677124 217.547195 
198.730148 296.170685 
545.533813 390.811584 
160.148987 61.611122 
413.571655 403.339233 
175.825439 118.854759 
523.830017 42.986973 
342.212250 397.537903 
134.526306 13.761770 
49.838291 438.463928 
581.103699 22.649046 
76.924744 32.767548 
45.065529 46.348652 
175.913910 29.207520 
142.295715 304.936218 
363.084290 189.981903 
467.394440 166.884384 
402.441315 98.895187 
348.830353 211.981384 
614.685852 120.969620 
300.048096 50.971291 
468.687897 78.547913 
418.227325 429.586670 
270.380127 267.768738 
229.710663 148.721466 
439.425171 96.015877 
224.434677 265.098755 
325.678619 44.304089 
499.898224 248.540085 
132.250290 206.170425 
375.855469 215.414108 
506.782867 79.370735 
90.727585 120.509560 
525.561584 389.746643 
108.616806 63.054550 
447.133698 255.240219 
231.023010 9.195437 
278.055786 78.114014 
604.402100 75.795235 
77.381180 124.181740 
165.034637 348.064606 
276.264282 29.247309 
520.184326 67.484917 
228.685623 172.957336 
180.998383 383.178558 
341.178802 454.763367 
532.338623 404.030334 
133.826065 52.921879 
372.649628 432.873383 
214.806061 229.459488 
146.706985 309.406647 
298.487854 59.758518 
188.650787 232.106323 
304.050201 17.757742 
293.997650 166.648270 
548.045288 279.805847 
31.629978 53.687557 
426.938843 75.606560 
565.192505 203.648315 
451.222168 30.377771 
498.827667 93.074371 
324.233643 63.623653 
360.476990 243.576385 
187.864365 67.971695 
257.355255 57.348648 
73.946022 351.352020 
68.910751 153.924728 
607.008484 406.744537 
263.983185 47.014496 
461.136475 54.043339 
325.808197 472.937225 
157.082153 261.148499 
263.983185 47.014496 
42.349983 127.511238 
242.784821 212.046616 
153.400711 240.441544 
580.894348 405.065979 
581.347290 471.603149 
598.651855 284.006256 
278.692810 69.524666 
156.137115 115.130814 
48.439777 186.562393 
305.105560 304.441986 
483.957886 292.106659 
148.709091 103.114609 
428.953308 57.932091 
246.576141 417.228149 
215.792465 302.952606 
329.847656 269.773071 
564.015442 213.955017 
561.177734 295.940094 
303.982880 338.587036 
563.935120 213.011795 
616.249146 188.629257 
616.249146 188.629257 
563.008423 224.626389 
452.840698 91.307274 
600.168030 33.186108 
125.884506 28.870022 
576.251160 119.748306 
602.433716 22.237091 
453.370453 14.398612 
150.451294 54.730022 
609.369568 309.128235 
617.566406 447.184631 
338.932281 388.840637 
560.063965 433.593079 
55.905144 388.924377 
552.874146 78.501663 
297.782410 77.937447 
426.276276 33.725018 
173.098938 127.784958 
260.791840 440.483429 
65.193604 269.870300 
263.677917 271.781067 
65.193604 269.870300 
480.738464 35.209927 
156.969452 244.779617 
495.656097 156.483337 
217.589035 12.878469 
454.412445 109.779198 
577.156494 206.275360 
548.483582 381.261902 
183.078735 171.010345 
552.068542 22.911535 
159.882385 64.151779 
527.850891 192.986862 
115.630959 396.027924 
332.467163 241.385422 
317.184692 12.117730 
146.512558 236.772308 
595.090515 37.105232 
585.773010 283.028320 
558.188232 118.373596 
120.441399 124.223648 
99.341080 115.497177 
448.691284 101.511475 
295.326080 261.002502 
611.266846 283.967163 
407.992004 31.800695 
417.788635 27.573730 
368.853149 9.877748 
428.013519 66.533340 
565.744995 433.443512 
456.994781 44.296234 
528.958008 80.368370 
65.783714 260.742004 
62.566452 199.427933 
637.859924 403.130432 
63.451008 56.145103 
178.128632 8.987839 
286.006256 66.782089 
239.602753 270.295532 
57.179424 255.410812 
582.444885 453.114319 
141.802948 16.272503 
505.539246 156.338303 
256.713867 231.254547 
141.290207 308.083160 
345.983826 471.860840 
568.181641 397.126129 
580.109741 406.683502 
579.677368 194.305359 
159.094604 316.683472 
565.002808 281.186005 
20.486204 247.751022 
569.199280 434.011536 
580.109741 406.683502 
300.048096 50.971291 
18.362957 399.823486 
64.056831 94.822182 
