500
381.567596 76.515938 
431.558044 96.951248 
435.973694 76.653839 
353.137299 84.971931 
472.894287 89.274506 
362.221008 79.371460 
364.817535 122.716225 
616.922729 148.857193 
382.292938 46.082474 
362.221008 79.371460 
434.908264 93.938866 
278.808197 38.530552 
278.808197 38.530552 
444.864075 60.596733 
306.857239 20.089611 
530.541443 127.810501 
369.893494 48.249409 
324.616333 111.359993 
478.673553 153.439728 
393.959656 73.979950 
545.655762 110.290176 
458.466370 75.860275 
508.335693 91.633659 
478.284607 121.849930 
178.562622 29.411974 
588.248901 186.203369 
256.122650 36.266735 
408.523071 114.820908 
176.859024 13.995981 
317.047577 31.085514 
559.282288 160.423889 
216.881210 38.091934 
458.466370 75.860275 
547.606445 149.210022 
431.558044 96.951248 
373.395203 62.229233 
307.527740 80.576614 
92.351349 25.362616 
570.436890 125.160576 
440.905060 110.171738 
379.720093 83.247841 
363.371979 104.496574 
553.421448 100.787682 
167.222458 19.805801 
382.981873 137.540344 
568.756348 81.885269 
153.581955 29.664532 
421.866638 68.794060 
197.975983 318.066986 
160.103760 21.787840 
314.994019 115.300255 
331.284119 16.395201 
452.125183 136.016815 
331.284119 16.395201 
477.820190 98.237267 
99.461800 29.919685 
345.702179 22.608437 
322.047760 75.420135 
487.690002 69.160851 
182.642883 20.954552 
604.214050 135.206650 
400.049591 110.722115 
316.912598 306.932617 
168.757309 229.563477 
337.528259 138.408234 
456.059113 201.151474 
435.512054 83.933670 
485.764832 134.011688 
400.049591 110.722115 
342.434143 359.166321 
227.674057 427.880371 
157.235855 243.225647 
628.818787 153.137421 
312.380646 299.244232 
316.340088 292.056091 
382.981873 137.540344 
194.401016 94.196556 
270.777985 11.469159 
619.407898 191.230927 
330.576630 295.785828 
171.194550 120.036079 
527.495422 169.291061 
265.742676 257.260986 
513.625305 189.968719 
485.972534 185.769592 
229.221222 351.291870 
165.827423 78.896088 
282.970490 222.656143 
209.544647 222.158173 
525.813843 207.072052 
424.786896 104.622505 
598.617554 138.139679 
181.827377 128.559174 
411.935120 306.513092 
393.959656 73.979950 
120.197319 145.849213 
250.345474 399.125488 
591.497375 210.632278 
513.625305 189.968719 
585.565735 169.966202 
201.966980 233.597214 
166.889297 250.535355 
155.816620 228.025497 
204.908569 351.976410 
154.049911 124.880280 
248.967438 219.044174 
599.182739 162.923141 
571.020325 254.524277 
514.624573 328.392761 
99.461800 29.919685 
292.285461 28.603647 
339.459991 299.052795 
184.435501 143.784760 
299.182526 297.936676 
581.080933 233.694916 
170.567123 196.152405 
366.243256 457.600525 
233.551666 304.998108 
205.836182 384.293976 
297.863098 305.470764 
92.351349 25.362616 
172.013168 82.202843 
92.351349 25.362616 
514.624573 328.392761 
92.351349 25.362616 
400.654358 176.847061 
186.817337 117.383713 
343.807556 345.060425 
549.658691 245.056671 
333.503052 138.893158 
239.009171 395.909515 
238.346237 408.869385 
187.414795 422.095856 
312.153564 313.882141 
238.919281 315.863434 
375.794739 321.462982 
474.466309 219.597000 
277.113159 397.847778 
351.914490 309.591705 
143.322968 232.098389 
99.461800 29.919685 
103.122833 116.953934 
331.777893 9.640946 
227.674057 427.880371 
299.182526 297.936676 
97.597191 263.927826 
116.984352 357.569519 
365.945740 457.542877 
254.659698 405.314606 
170.567123 196.152405 
126.879265 343.093292 
459.442047 304.070831 
338.623749 160.070190 
92.351349 25.362616 
86.803726 108.201889 
236.164841 426.584534 
108.045868 120.326416 
308.490082 235.119064 
623.852295 133.390335 
99.461800 29.919685 
506.955078 114.331673 
229.221222 351.291870 
214.200195 293.653229 
397.942352 285.117584 
515.278503 210.174133 
211.359268 172.441238 
222.835663 200.172867 
573.498291 198.756195 
207.252960 48.412434 
292.944794 223.159592 
263.703064 243.480453 
116.984352 357.569519 
366.243256 457.600525 
88.661034 244.741562 
92.351349 25.362616 
387.559784 308.146393 
339.916565 285.959930 
339.548553 210.901108 
186.812973 354.352539 
382.559784 280.908936 
92.842392 406.902100 
499.735626 295.759338 
72.025040 402.455170 
114.082336 343.569489 
187.414795 422.095856 
200.601944 45.869164 
99.461800 29.919685 
92.351349 25.362616 
554.682922 229.597366 
99.461800 29.919685 
99.461800 29.919685 
239.009171 395.909515 
259.842285 429.305359 
262.406555 274.913483 
565.818298 221.777954 
178.562622 29.411974 
157.235855 243.225647 
431.558044 96.951248 
453.035187 299.702332 
548.778320 259.961121 
387.763763 356.732727 
389.388855 153.300232 
314.994019 115.300255 
389.388855 153.300232 
207.252960 48.412434 
598.091187 95.003662 
223.669693 410.005371 
341.890594 28.013857 
178.363907 375.310669 
215.103607 149.193298 
92.351349 25.362616 
303.624847 279.168060 
526.063538 217.027313 
232.120758 436.580536 
123.694878 394.377625 
366.243256 457.600525 
114.082336 343.569489 
153.581955 29.664532 
153.581955 29.664532 
356.064453 459.419586 
97.597191 263.927826 
244.167862 410.192017 
468.717163 186.510269 
468.717163 186.510269 
141.031631 7.265667 
105.238579 357.465912 
88.661034 244.741562 
212.700333 400.131439 
559.777771 78.964989 
179.229874 347.752167 
86.803726 108.201889 
364.817535 122.716225 
390.133514 133.090256 
207.252960 48.412434 
525.888428 310.711609 
390.277710 252.992218 
108.045868 120.326416 
295.155640 329.936554 
160.103760 21.787840 
316.410248 18.783911 
293.453522 353.612030 
245.020813 168.525131 
565.818298 221.777954 
119.034760 42.972446 
108.045868 120.326416 
440.905060 110.171738 
303.624847 279.168060 
366.243256 457.600525 
124.210571 295.697479 
144.418488 273.359711 
412.045654 205.953079 
272.050476 400.861206 
126.879265 343.093292 
126.879265 343.093292 
267.227264 365.213135 
376.752808 170.240799 
166.889297 250.535355 
302.604736 119.250160 
200.601944 45.869164 
373.386078 241.352905 
126.879265 343.093292 
563.144226 232.639206 
389.388855 153.300232 
103.680687 316.667572 
124.210571 295.697479 
341.625183 323.486328 
598.091187 95.003662 
64.933502 33.155529 
214.885056 88.007591 
402.339569 127.611916 
458.848480 113.096977 
153.581955 29.664532 
472.750610 212.836365 
452.013031 100.050186 
203.228409 315.810150 
202.957397 131.146896 
508.163666 398.144989 
359.134949 253.896698 
253.405869 309.957031 
366.243256 457.600525 
389.388855 153.300232 
124.210571 295.697479 
92.351349 25.362616 
262.406555 274.913483 
636.985657 111.888687 
453.035187 299.702332 
380.387695 436.501526 
423.136658 171.022125 
389.388855 153.300232 
114.082336 343.569489 
434.908264 93.938866 
523.013000 225.296829 
375.547760 339.670319 
124.210571 295.697479 
431.558044 96.951248 
326.235657 157.351974 
114.082336 343.569489 
568.756348 81.885269 
126.879265 343.093292 
116.984352 357.569519 
389.388855 153.300232 
453.596283 186.879303 
389.388855 153.300232 
99.461800 29.919685 
514.350525 457.791168 
549.658691 245.056671 
389.388855 153.300232 
389.044922 275.376038 
341.508057 134.642700 
366.243256 457.600525 
352.808350 330.468140 
463.735199 300.285065 
32.753860 294.106689 
389.388855 153.300232 
487.810242 331.773529 
573.498291 198.756195 
119.034760 42.972446 
501.770935 241.167923 
116.984352 357.569519 
474.989685 270.534332 
64.933502 33.155529 
119.034760 42.972446 
286.109497 400.294586 
400.654358 176.847061 
374.615967 355.560699 
78.753326 367.207581 
382.292938 46.082474 
402.339569 127.611916 
116.984352 357.569519 
99.461800 29.919685 
99.461800 29.919685 
339.548553 210.901108 
549.658691 245.056671 
400.654358 176.847061 
126.879265 343.093292 
87.427063 334.195770 
599.182739 162.923141 
78.753326 367.207581 
402.339569 127.611916 
126.879265 343.093292 
27.223091 225.755615 
599.182739 162.923141 
157.235855 243.225647 
153.581955 29.664532 
402.339569 127.611916 
636.985657 111.888687 
78.753326 367.207581 
189.776871 305.575531 
105.238579 357.465912 
324.616333 111.359993 
325.854309 468.835388 
126.879265 343.093292 
393.792023 365.005737 
103.680687 316.667572 
259.842285 429.305359 
389.388855 153.300232 
227.131622 9.163076 
400.049591 110.722115 
295.948792 441.038666 
599.182739 162.923141 
339.998260 373.760864 
99.461800 29.919685 
167.535141 373.010864 
372.610718 286.983490 
599.182739 162.923141 
247.479355 105.539703 
375.762787 309.085724 
160.103760 21.787840 
523.013000 225.296829 
353.137299 84.971931 
635.678650 266.768463 
269.164246 406.719269 
160.103760 21.787840 
269.164246 406.719269 
376.752808 170.240799 
598.091187 95.003662 
108.045868 120.326416 
125.862221 259.931793 
337.528259 138.408234 
156.397766 373.737610 
245.020813 168.525131 
400.654358 176.847061 
250.345474 399.125488 
190.989883 297.589905 
496.938538 75.406181 
285.030365 269.924622 
323.071503 14.682543 
124.210571 295.697479 
105.238579 357.465912 
418.236542 250.725922 
262.378510 393.659180 
282.970490 222.656143 
369.893494 48.249409 
214.200195 293.653229 
153.795044 172.595825 
382.981873 137.540344 
341.508057 134.642700 
457.376099 58.203407 
414.831543 286.796844 
393.792023 365.005737 
376.752808 170.240799 
87.427063 334.195770 
449.679535 82.736702 
32.753860 294.106689 
440.905060 110.171738 
434.908264 93.938866 
238.919281 315.863434 
337.528259 138.408234 
383.015137 293.271729 
356.064453 459.419586 
424.697540 190.554413 
203.228409 315.810150 
400.049591 110.722115 
178.363907 375.310669 
80.605484 351.148529 
488.526154 267.501495 
293.143402 11.763541 
262.378510 393.659180 
364.817535 122.716225 
254.950623 294.533264 
501.770935 241.167923 
214.200195 293.653229 
373.395203 62.229233 
250.345474 399.125488 
146.924713 246.191666 
34.099087 276.020142 
149.388458 327.164185 
92.351349 25.362616 
297.863098 305.470764 
156.397766 373.737610 
97.392044 376.753967 
103.680687 316.667572 
203.228409 315.810150 
269.138123 264.315674 
506.955078 114.331673 
119.034760 42.972446 
116.984352 357.569519 
353.137299 84.971931 
262.378510 393.659180 
337.528259 138.408234 
272.050476 400.861206 
457.376099 58.203407 
390.799347 93.394783 
179.229874 347.752167 
444.864075 60.596733 
109.946777 105.872971 
87.427063 334.195770 
126.879265 343.093292 
214.578552 291.159180 
321.415466 209.745132 
352.699341 461.671967 
259.842285 429.305359 
373.395203 62.229233 
449.679535 82.736702 
431.558044 96.951248 
99.461800 29.919685 
365.945740 457.542877 
411.886780 226.995361 
398.869904 382.151367 
114.082336 343.569489 
492.278229 438.417419 
116.984352 357.569519 
431.558044 96.951248 
145.970398 332.369385 
105.238579 357.465912 
333.056183 441.273712 
183.971054 249.784317 
179.229874 347.752167 
402.339569 127.611916 
369.893494 48.249409 
88.661034 244.741562 
304.071106 427.974823 
440.905060 110.171738 
350.111816 230.178482 
409.801727 400.685120 
526.738525 265.187042 
331.777893 9.640946 
105.238579 357.465912 
337.528259 138.408234 
382.292938 46.082474 
444.864075 60.596733 
146.924713 246.191666 
178.363907 375.310669 
549.658691 245.056671 
92.351349 25.362616 
34.093006 284.867889 
163.767151 237.223343 
382.292938 46.082474 
440.905060 110.171738 
549.658691 245.056671 
214.200195 293.653229 
390.799347 93.394783 
622.902161 285.413177 
248.381989 422.561890 
545.655762 110.290176 
352.699341 461.671967 
488.627594 432.210815 
390.799347 93.394783 
502.931854 190.563538 
400.654358 176.847061 
