536
183.407089 358.943634 
192.296310 305.084778 
146.056076 340.167297 
258.806885 287.506989 
186.319870 257.108215 
202.058640 308.976868 
202.058640 308.976868 
179.893295 309.622589 
332.264008 208.694611 
360.896301 198.678665 
191.996567 331.421356 
178.045532 347.190979 
290.038269 304.943756 
216.436600 279.394623 
478.343658 105.519791 
480.528778 269.009552 
186.319870 257.108215 
259.990845 307.581482 
203.439819 262.650513 
280.774292 330.562042 
210.828308 402.547943 
102.220749 31.724537 
170.757233 407.445618 
252.262497 281.827148 
292.852600 349.813477 
372.804077 457.915344 
233.773270 342.920715 
252.262497 281.827148 
566.582642 121.114876 
257.241669 327.021301 
216.834824 342.635925 
290.948914 406.628998 
587.604797 352.338593 
304.580566 329.027466 
267.550568 296.060150 
230.634064 354.604156 
547.256592 87.289192 
411.047028 458.349976 
360.896301 198.678665 
188.039734 393.174530 
274.976715 292.193756 
78.630348 166.192719 
501.377960 372.504822 
209.445251 296.212311 
173.835846 386.000610 
216.312149 279.536987 
283.771362 318.848389 
546.757812 155.529648 
506.210419 263.966980 
601.305786 372.791992 
274.707611 365.259033 
621.725037 372.552551 
132.770355 455.297363 
503.732635 129.635971 
200.694778 114.994766 
267.651611 333.756042 
258.356903 351.724945 
308.971710 434.929993 
199.939438 294.283997 
292.852600 349.813477 
282.246246 392.332123 
114.252342 26.283121 
302.305786 413.220764 
235.510544 194.960617 
568.780334 189.019867 
199.939438 294.283997 
313.920624 254.590775 
501.377960 372.504822 
585.474060 371.908905 
201.983841 309.349426 
293.122040 244.774704 
69.062408 242.398987 
512.424072 253.267288 
203.077164 358.180084 
162.989395 312.593109 
460.953949 124.282387 
267.090759 205.464935 
180.035751 340.251678 
428.629944 281.831207 
605.379700 90.450485 
310.747284 290.846405 
374.755463 299.027802 
23.256466 358.435059 
258.433838 300.547882 
160.778168 391.187805 
234.655457 77.872986 
160.326813 171.912094 
287.706116 375.296509 
348.259796 296.714233 
92.960304 134.437820 
186.728653 446.858124 
23.372772 358.034332 
100.453003 408.788452 
166.112061 428.484070 
384.856720 324.850525 
161.643661 69.598396 
357.590485 130.633530 
337.178894 292.573425 
164.263351 322.396179 
349.173004 314.619629 
124.267471 106.128105 
312.477844 279.646362 
299.022522 307.430206 
319.779144 311.218201 
95.706627 364.700989 
99.255135 62.492634 
528.390869 64.286987 
302.848419 290.410309 
183.229187 295.116791 
592.197693 81.391106 
146.703415 236.466949 
421.976196 99.755249 
229.046936 127.611626 
250.622253 350.475128 
126.752151 35.308910 
568.839478 417.670197 
462.302704 448.980225 
547.164612 127.563187 
379.341644 358.608124 
367.517212 360.056702 
25.254124 312.816589 
302.305786 413.220764 
584.410278 171.287781 
241.387009 52.266739 
208.900513 334.576935 
482.707611 140.416321 
425.697540 304.373352 
298.206146 269.156189 
589.250366 122.791924 
80.818558 110.245049 
129.690720 360.124939 
596.449158 27.815861 
193.265060 115.837700 
94.769775 148.610840 
203.160355 387.186737 
194.584930 451.557251 
189.147842 149.297913 
62.912460 173.660904 
157.913208 225.281677 
513.507507 46.078640 
362.452545 116.447548 
542.366272 379.337280 
137.018600 188.193039 
521.936035 401.429413 
310.079468 401.300140 
113.193878 287.779388 
326.108459 380.201050 
125.216270 138.087479 
16.739019 405.047546 
202.314316 254.459152 
78.542267 358.580353 
91.904945 409.505554 
558.718384 349.401428 
158.398544 325.938232 
273.994232 350.926453 
206.809052 372.808075 
167.314072 347.647156 
472.315430 288.621399 
310.861877 19.834309 
59.272057 324.328369 
508.947449 151.535751 
144.353989 40.164097 
176.682266 145.855591 
501.617035 178.047653 
155.851334 329.588165 
200.560867 401.729156 
244.721664 321.395691 
352.191498 281.136719 
199.555817 425.059082 
407.020111 415.673645 
545.751526 323.393219 
225.806686 432.972351 
187.175644 179.787399 
592.568481 54.411995 
226.599609 157.218567 
89.556633 359.195923 
242.193207 131.766006 
548.360596 80.794777 
591.290039 139.896652 
563.189758 458.397064 
199.097870 370.489166 
404.000885 163.604156 
362.719879 48.936527 
485.761688 54.191860 
113.548477 287.468018 
570.794739 52.380119 
612.794128 135.926056 
160.587021 118.715027 
157.913208 225.281677 
33.970474 170.539383 
62.442303 392.539551 
357.188873 343.913696 
70.661797 358.130280 
136.350983 129.237228 
555.779114 384.861206 
127.847427 230.784378 
431.218323 40.313671 
275.620972 78.438461 
531.679932 364.894226 
156.367859 361.666809 
246.361710 398.339233 
282.027496 206.584534 
111.324867 89.657639 
263.401794 140.178955 
202.314316 254.459152 
146.115234 364.249451 
594.454895 144.000198 
459.321869 31.782486 
389.145325 407.678497 
100.898445 359.708588 
137.594574 239.466263 
303.455688 399.777557 
361.713318 365.748077 
234.426941 172.446808 
451.333527 282.890472 
169.044647 321.875946 
488.376434 96.113716 
410.493286 308.966827 
120.652000 121.170227 
488.953461 188.728546 
452.468903 40.207466 
536.270508 372.049347 
251.157211 140.654526 
344.438568 20.429501 
134.504822 54.389664 
525.869751 455.942688 
182.636932 225.646500 
493.871674 304.533386 
528.518311 117.405663 
426.403656 37.447712 
242.646912 254.273560 
141.642288 420.850281 
169.044647 321.875946 
378.587494 309.899414 
458.656708 16.965624 
600.727966 64.176750 
84.990219 298.684570 
106.931946 191.320328 
449.936188 139.170242 
40.210552 22.069939 
112.225967 115.318123 
542.137329 24.832554 
206.809052 372.808075 
509.804962 220.669632 
352.399628 64.938980 
516.962158 93.074860 
208.307892 458.234039 
615.503723 177.576401 
153.635178 467.194427 
592.822021 94.832100 
549.112549 72.254539 
331.586273 130.073303 
55.617012 262.941040 
313.616241 118.799942 
244.657547 115.134239 
309.492584 90.006561 
173.744461 442.479828 
233.582718 413.933075 
254.692795 373.756714 
236.874359 158.990097 
36.038498 358.449127 
81.880051 51.894344 
201.983841 309.349426 
569.738464 370.920288 
593.176941 69.393089 
245.449615 59.394615 
402.992188 75.573448 
115.448471 354.873749 
426.993866 12.775101 
90.005257 30.128286 
554.722107 181.932693 
74.817924 90.661911 
266.961273 36.229309 
522.919373 57.017124 
365.336884 5.898579 
252.786545 118.651825 
562.438965 138.072784 
459.321869 31.782486 
71.580750 234.147964 
331.052979 286.791168 
388.128601 106.681763 
240.404785 72.511223 
89.754044 19.916756 
51.041668 247.078323 
493.871674 304.533386 
600.827698 92.304901 
423.297089 106.804512 
617.825378 153.352585 
142.036194 442.656677 
577.607178 29.710041 
445.251495 50.831627 
533.405273 166.479080 
481.361267 109.818878 
452.287231 71.989761 
223.761581 172.346313 
536.688660 259.427063 
338.051941 303.726562 
618.301392 122.675423 
299.926086 259.763702 
310.861877 19.834309 
235.835236 192.012344 
160.917419 464.419189 
204.020706 129.202332 
606.850342 113.947159 
90.913063 167.107254 
146.798019 386.739532 
53.314114 352.485413 
463.626953 129.983597 
310.735535 56.002266 
591.041748 158.117218 
201.736649 31.049341 
28.419580 351.548492 
601.204773 107.579277 
389.759064 24.892378 
598.072449 143.095184 
508.193878 113.851578 
39.162659 136.078583 
516.509460 126.109337 
168.067307 298.446442 
252.029739 158.735962 
401.733337 261.331512 
189.902557 45.513382 
555.632202 283.514526 
263.918396 103.450897 
610.050232 216.800049 
340.092072 78.256500 
181.366165 66.209747 
447.207031 375.738770 
546.424194 193.384567 
581.279236 151.185638 
478.509064 154.585648 
164.927887 95.922501 
236.105957 165.186279 
211.095261 37.493481 
507.536011 138.204025 
523.956909 348.796661 
523.956909 348.796661 
552.745972 27.454092 
139.068893 152.805832 
201.152634 162.978653 
367.079407 338.870300 
251.109146 165.080215 
154.397858 147.329803 
479.057404 180.245972 
257.173248 53.714413 
180.047119 77.333130 
406.360565 135.386490 
406.537811 369.553009 
101.948959 161.741638 
212.712112 183.575378 
586.979065 108.215599 
261.908417 86.009048 
401.226898 36.064938 
182.865173 135.601791 
413.981049 230.117279 
258.783966 40.519417 
162.309387 356.375732 
610.032593 134.422745 
415.803986 260.684631 
216.834824 342.635925 
542.344238 257.062683 
513.489746 168.505783 
49.022152 308.495605 
371.542908 442.142792 
275.732727 24.532169 
489.847534 425.651093 
417.100128 447.165710 
597.715088 31.004120 
247.602554 384.113953 
553.243591 49.368149 
615.799744 80.772820 
613.501892 121.076157 
472.316833 87.092018 
595.122131 183.808640 
132.791870 67.433151 
207.561569 350.145325 
628.714355 453.998169 
579.127747 397.614136 
89.434975 61.628693 
320.317108 263.443359 
130.906631 65.826851 
385.748810 209.911514 
210.954422 160.536865 
454.019409 76.874794 
500.323822 79.647369 
101.291435 179.779602 
482.237366 80.657585 
422.964203 447.217896 
506.482819 86.644089 
254.754318 76.588142 
569.461548 27.853628 
498.013519 200.823868 
468.160095 371.178619 
452.746063 195.479874 
423.678192 92.995300 
611.807556 310.285095 
286.293030 53.936981 
509.181580 100.772522 
18.811102 244.126282 
139.331177 267.250122 
527.877014 88.448875 
583.883545 198.938095 
212.396439 173.921616 
31.264460 293.963745 
103.268646 131.580032 
599.620178 330.960297 
119.997108 252.545654 
391.496155 465.122559 
358.064819 84.774330 
91.904945 409.505554 
149.842102 63.255634 
617.341614 330.764496 
536.518005 236.361847 
252.868164 101.442390 
308.932770 140.191940 
632.076538 168.857742 
398.723450 116.614738 
516.291931 203.224152 
476.824005 104.133011 
611.710083 109.138138 
28.657656 112.015511 
67.955261 44.898659 
141.902267 57.571289 
236.905609 148.989838 
585.688049 224.843872 
439.795990 180.799576 
31.541142 88.502266 
516.966187 19.281414 
440.008667 170.830200 
318.141510 455.429688 
455.933655 66.428932 
438.262360 107.526039 
365.278503 141.444885 
336.297546 64.711319 
538.929260 74.981163 
168.668686 426.803589 
103.029175 19.890739 
280.108917 273.036835 
607.495972 15.889331 
48.181576 167.536911 
186.766037 90.166069 
48.651531 120.141830 
402.199310 275.767578 
468.530884 78.656883 
203.321671 147.274689 
625.651428 156.439850 
112.694138 241.115341 
278.378265 50.682434 
49.879650 153.012360 
53.851059 294.687317 
438.837402 269.909546 
483.358551 169.972778 
264.610077 60.723091 
546.303467 193.094162 
398.723450 116.614738 
593.321838 125.190132 
431.423492 164.907013 
626.200562 274.675720 
527.973389 100.376503 
401.697327 214.407822 
509.790771 219.516876 
116.629616 264.578705 
201.813934 43.155624 
383.116302 10.153268 
500.295319 79.890381 
530.346069 251.044312 
17.478954 363.837830 
547.195251 108.436600 
224.435699 12.853561 
505.120331 428.764648 
592.669800 112.418060 
175.996719 217.276520 
208.480850 103.304787 
201.467361 220.727982 
472.855255 244.778641 
385.911652 89.107071 
297.656372 99.921196 
523.886230 124.071609 
581.008118 17.098095 
120.906334 421.593964 
568.830750 111.938545 
256.290649 63.152542 
275.457703 36.927353 
499.569489 104.502792 
596.339783 160.789459 
527.707275 221.564972 
569.790039 275.421692 
629.242126 128.816742 
210.716888 97.656754 
98.115898 252.359955 
445.364716 185.079025 
157.815979 422.134613 
9.786097 192.020203 
345.757782 99.411064 
232.636398 41.377388 
579.549133 241.148972 
632.229492 144.428802 
301.869171 164.167267 
624.372192 306.478058 
534.820618 47.469574 
188.137222 76.894272 
15.475231 107.677711 
406.478729 198.918152 
477.235077 198.260666 
405.817596 11.816780 
585.642334 200.632660 
564.804199 146.557358 
323.402100 78.769997 
289.404327 454.369751 
48.260853 356.703735 
212.697952 23.938446 
230.118652 131.805481 
622.840820 98.177956 
434.682892 197.462250 
609.905823 398.868652 
425.908081 137.389328 
342.924500 51.502224 
308.637451 201.684952 
638.526794 137.710556 
382.629242 156.035660 
561.768860 223.754776 
96.997963 155.992279 
437.174316 92.530212 
399.760193 167.106598 
21.468542 127.633247 
264.277313 253.918716 
500.936493 121.304321 
392.845551 131.844849 
312.574860 72.394676 
404.144348 52.176041 
399.278229 385.722839 
525.532227 166.358780 
611.736572 160.027847 
41.847492 90.631996 
548.742737 90.900627 
67.706299 112.369934 
