500
193.815536 370.796051 
155.077179 353.715363 
236.229691 420.790314 
237.341553 334.477570 
194.979660 400.857178 
143.804871 296.236267 
83.874237 273.661316 
165.573395 366.114594 
224.769211 376.033844 
33.775536 180.676117 
206.050461 372.435913 
232.267868 398.959442 
207.163284 403.328949 
63.808064 284.868561 
251.316223 436.946014 
110.847313 282.184235 
33.775536 180.676117 
232.833725 446.206879 
221.620331 406.951355 
224.769211 376.033844 
131.301559 296.634216 
161.915390 320.620026 
289.383972 443.489746 
232.833725 446.206879 
183.414215 392.765900 
162.675858 337.667114 
221.431473 435.218018 
165.519791 334.420959 
289.383972 443.489746 
46.834797 215.068130 
68.067917 233.166565 
261.992859 393.946320 
49.683720 198.985611 
200.802200 334.382904 
235.650330 374.241760 
200.802200 334.382904 
256.943085 450.975616 
104.112038 343.158722 
123.906891 329.980225 
121.417297 319.387054 
210.261948 366.801849 
133.292847 346.766052 
165.519791 334.420959 
310.176422 453.077515 
461.298401 208.139160 
281.604401 358.520844 
141.071960 365.565796 
133.292847 346.766052 
345.683929 178.291321 
22.126362 183.606110 
271.758331 359.487457 
269.178955 329.922272 
156.291306 319.963226 
458.421265 301.471649 
74.873993 247.266693 
339.581055 120.423241 
232.939194 352.454773 
216.221252 305.828888 
445.495789 332.586792 
178.840469 229.887177 
68.193039 249.859283 
347.390198 186.861740 
45.336170 262.325836 
473.932953 292.247864 
16.598595 240.731171 
475.413086 396.815796 
443.025391 166.552246 
445.495789 332.586792 
359.139069 192.394455 
386.100159 227.334183 
446.573761 178.804230 
101.164055 235.341431 
418.878326 403.694183 
359.139069 192.394455 
428.498566 286.565216 
439.593231 211.882980 
377.035858 242.422012 
478.221069 98.443520 
470.870636 95.143730 
433.072449 90.797012 
348.912872 269.004303 
519.799133 211.209198 
348.033356 446.761200 
23.467329 240.769821 
466.142334 174.099167 
145.255188 234.388702 
256.183533 146.249832 
470.345825 307.596924 
430.809631 312.545837 
409.602753 444.157654 
146.542328 313.815796 
54.848309 174.677567 
193.815536 370.796051 
476.483887 142.853455 
430.809631 312.545837 
436.119873 405.087769 
115.381012 200.680862 
417.592255 294.513153 
167.520142 90.545509 
72.793694 156.908737 
422.023132 196.610382 
222.583176 271.905609 
322.003723 177.988297 
66.903778 336.948608 
287.963470 471.194397 
363.159088 185.919510 
105.514198 156.783203 
483.060883 306.982666 
425.149750 151.253983 
414.634766 375.995789 
295.315887 144.185394 
167.520142 90.545509 
98.901939 291.113586 
403.377197 400.827515 
256.902588 334.860657 
167.799438 206.297058 
506.516052 114.605064 
437.374054 224.542084 
463.065125 93.575089 
404.522003 438.846405 
361.399323 317.549316 
216.221252 305.828888 
467.140656 207.670441 
140.297974 312.485199 
314.079895 163.649475 
350.156036 19.334045 
449.279358 121.285553 
468.836090 112.954185 
333.576447 133.079193 
319.164062 196.062363 
538.800720 413.318695 
439.719238 114.569893 
272.869293 330.596039 
407.558563 180.932297 
73.443695 238.487167 
286.557312 380.949646 
92.347488 314.875488 
506.516052 114.605064 
256.902588 334.860657 
413.499725 107.360016 
443.025391 166.552246 
550.785950 199.284546 
89.095634 213.074631 
352.206818 173.242615 
461.914398 383.495453 
120.938850 221.769089 
470.870636 95.143730 
215.412262 138.441971 
89.098289 140.535446 
295.052338 355.803741 
245.063156 305.301605 
43.999332 76.377907 
608.505859 172.173782 
397.376770 310.848602 
341.289520 192.986511 
275.239319 309.019012 
126.406837 200.857208 
478.401245 425.039642 
399.223877 340.814484 
298.125854 105.192177 
350.156036 19.334045 
424.473267 209.107742 
68.090851 192.182434 
318.808838 189.916748 
225.587982 297.990204 
275.181305 180.205307 
82.825783 173.126434 
219.708694 277.046906 
295.052338 355.803741 
279.730682 152.742432 
360.002716 457.933624 
408.064087 332.400787 
350.156036 19.334045 
365.670349 19.423925 
95.914635 169.655975 
286.557312 380.949646 
507.623749 306.607269 
549.281006 212.174072 
339.526642 265.064362 
550.785950 199.284546 
360.002716 457.933624 
340.594543 29.011288 
219.708694 277.046906 
423.183258 109.463478 
538.800720 413.318695 
397.120880 179.680847 
549.281006 212.174072 
423.183258 109.463478 
361.399323 317.549316 
169.659882 217.114594 
216.221252 305.828888 
349.784851 30.181372 
39.950043 260.311554 
281.604401 358.520844 
473.932953 292.247864 
409.602753 444.157654 
225.587982 297.990204 
223.413177 304.065308 
225.587982 297.990204 
324.297119 467.927582 
452.221924 392.684540 
170.408798 126.543549 
30.942707 215.991943 
9.926977 224.221191 
166.872589 212.861893 
591.403137 163.793259 
537.099365 293.695038 
354.558197 277.496796 
225.587982 297.990204 
360.002716 457.933624 
423.183258 109.463478 
225.587982 297.990204 
494.377411 443.466309 
500.235565 161.975998 
225.587982 297.990204 
287.786377 213.881165 
87.952652 154.772659 
295.052338 355.803741 
348.636780 208.378815 
286.554901 177.723602 
216.221252 305.828888 
82.825783 173.126434 
549.281006 212.174072 
223.413177 304.065308 
200.823273 137.230011 
348.636780 208.378815 
447.409515 428.258636 
146.649551 143.217316 
225.587982 297.990204 
122.630737 185.558258 
165.519791 334.420959 
340.594543 29.011288 
575.109619 211.664108 
575.109619 211.664108 
349.784851 30.181372 
297.322754 86.189178 
291.404480 261.061523 
549.281006 212.174072 
266.723358 463.535309 
237.341553 334.477570 
361.399323 317.549316 
348.033356 446.761200 
473.932953 292.247864 
565.885864 303.871490 
365.806152 333.119781 
406.906738 196.608658 
374.482025 163.524124 
446.573761 178.804230 
219.708694 277.046906 
474.296478 59.311874 
105.042007 95.587868 
242.722672 286.257385 
236.229691 420.790314 
449.279358 121.285553 
590.767212 353.789673 
215.412262 138.441971 
36.065399 100.774025 
262.488098 170.863937 
165.130905 347.266998 
420.709961 104.840652 
437.374054 224.542084 
360.002716 457.933624 
424.610687 144.542892 
350.156036 19.334045 
361.399323 317.549316 
473.507904 231.564240 
310.260101 309.389465 
270.518646 220.245743 
272.854065 447.644897 
549.281006 212.174072 
87.638161 292.893616 
489.208954 187.138779 
225.587982 297.990204 
258.483582 203.637329 
361.399323 317.549316 
216.221252 305.828888 
256.902588 334.860657 
223.413177 304.065308 
225.587982 297.990204 
361.399323 317.549316 
549.281006 212.174072 
363.862366 82.990372 
223.881241 11.379449 
267.251678 183.034958 
161.915390 320.620026 
567.789185 382.582825 
361.399323 317.549316 
162.675858 337.667114 
219.708694 277.046906 
9.579596 281.823853 
550.785950 199.284546 
366.431641 6.164997 
295.052338 355.803741 
225.587982 297.990204 
349.784851 30.181372 
361.399323 317.549316 
216.221252 305.828888 
575.109619 211.664108 
415.252014 109.213890 
331.173950 34.825172 
194.979660 400.857178 
192.146255 132.146561 
225.587982 297.990204 
162.675858 337.667114 
228.532532 308.429108 
225.587982 297.990204 
225.587982 297.990204 
184.809280 158.397491 
384.001373 141.814590 
150.046295 349.367401 
308.480438 112.516716 
565.885864 303.871490 
437.374054 224.542084 
252.780426 310.866455 
56.748920 257.156433 
599.418701 351.987549 
68.090851 192.182434 
549.281006 212.174072 
222.583176 271.905609 
221.978043 240.617142 
469.678345 85.130249 
269.178955 329.922272 
225.587982 297.990204 
473.932953 292.247864 
331.173950 34.825172 
349.784851 30.181372 
286.557312 380.949646 
350.156036 19.334045 
412.580658 140.665131 
478.401245 425.039642 
40.449272 283.930603 
549.281006 212.174072 
146.542328 313.815796 
320.054626 143.860153 
450.850067 58.194592 
606.857971 199.014053 
478.401245 425.039642 
157.532745 310.905212 
245.063156 305.301605 
518.868408 170.607239 
550.785950 199.284546 
148.484207 102.713814 
225.587982 297.990204 
171.017792 156.538010 
286.557312 380.949646 
88.843269 163.871063 
297.322754 86.189178 
68.090851 192.182434 
406.174500 101.996567 
200.802200 334.382904 
464.430664 222.097961 
471.780182 187.826218 
225.587982 297.990204 
291.582977 156.120651 
423.183258 109.463478 
329.325409 154.492645 
410.807129 59.677979 
449.321533 181.010422 
122.630737 185.558258 
608.801636 287.518311 
14.900346 176.201202 
406.174500 101.996567 
464.430664 222.097961 
568.531433 381.305878 
110.847313 282.184235 
361.399323 317.549316 
361.399323 317.549316 
172.976501 342.319000 
530.091736 262.800323 
507.623749 306.607269 
473.932953 292.247864 
429.904358 83.752159 
484.989502 116.277374 
550.785950 199.284546 
365.806152 333.119781 
484.280914 291.115387 
518.868408 170.607239 
128.674561 364.143250 
216.514496 383.072144 
221.620331 406.951355 
222.583176 271.905609 
231.489410 196.423965 
599.418701 351.987549 
614.586060 290.918182 
291.404480 261.061523 
161.915390 320.620026 
614.586060 290.918182 
146.256104 151.576157 
246.805969 163.537430 
165.519791 334.420959 
286.557312 380.949646 
30.942707 215.991943 
256.902588 334.860657 
508.526855 166.950226 
200.802200 334.382904 
550.785950 199.284546 
128.674561 364.143250 
242.722672 286.257385 
422.023132 196.610382 
473.932953 292.247864 
193.815536 370.796051 
500.235565 161.975998 
608.505859 172.173782 
235.650330 374.241760 
614.586060 290.918182 
200.802200 334.382904 
141.071960 365.565796 
346.704834 107.660858 
453.152924 360.240875 
349.784851 30.181372 
368.988190 230.262085 
519.799133 211.209198 
483.060883 306.982666 
150.046295 349.367401 
242.722672 286.257385 
518.868408 170.607239 
222.583176 271.905609 
278.937500 168.454712 
193.815536 370.796051 
362.681824 223.724838 
222.583176 271.905609 
498.039154 123.238907 
245.063156 305.301605 
216.514496 383.072144 
88.053688 247.962952 
575.109619 211.664108 
200.802200 334.382904 
162.675858 337.667114 
608.801636 287.518311 
478.401245 425.039642 
510.106628 217.026993 
569.281860 232.566177 
582.575928 216.956116 
207.163284 403.328949 
162.675858 337.667114 
461.816132 348.254547 
549.281006 212.174072 
141.071960 365.565796 
114.968407 153.215042 
575.739929 187.674377 
586.477051 351.953400 
550.785950 199.284546 
295.052338 355.803741 
172.646088 389.907990 
165.130905 347.266998 
392.029053 23.107048 
216.514496 383.072144 
439.719238 114.569893 
565.885864 303.871490 
259.183716 97.801422 
565.885864 303.871490 
256.902588 334.860657 
23.467329 240.769821 
376.019226 234.661850 
565.885864 303.871490 
235.650330 374.241760 
237.341553 334.477570 
476.248779 313.031921 
52.715351 135.544937 
399.024567 68.642387 
537.099365 293.695038 
548.810181 387.543549 
420.709961 104.840652 
399.024567 68.642387 
539.109558 313.903503 
363.159088 185.919510 
245.063156 305.301605 
193.111633 95.505463 
549.281006 212.174072 
105.514198 156.783203 
251.183746 329.500244 
449.694336 92.971268 
571.087585 179.730881 
114.651749 165.645996 
582.575928 216.956116 
606.857971 199.014053 
392.029053 23.107048 
569.281860 232.566177 
194.979660 400.857178 
549.281006 212.174072 
599.816650 303.765778 
437.374054 224.542084 
165.130905 347.266998 
165.130905 347.266998 
366.431641 6.164997 
204.750549 354.301697 
131.171204 224.035187 
478.401245 425.039642 
384.409241 88.946106 
207.163284 403.328949 
245.063156 305.301605 
269.178955 329.922272 
510.106628 217.026993 
406.174500 101.996567 
22.126362 183.606110 
63.808064 284.868561 
361.399323 317.549316 
489.208954 187.138779 
162.675858 337.667114 
272.869293 330.596039 
