536
201.983841 309.349426 
192.296310 305.084778 
179.893295 309.622589 
252.262497 281.827148 
252.262497 281.827148 
23.256466 358.435059 
258.806885 287.506989 
274.976715 292.193756 
186.319870 257.108215 
186.319870 257.108215 
183.229187 295.116791 
259.990845 307.581482 
89.556633 359.195923 
592.197693 81.391106 
53.851059 294.687317 
601.305786 372.791992 
78.630348 166.192719 
292.852600 349.813477 
332.264008 208.694611 
146.056076 340.167297 
203.439819 262.650513 
170.757233 407.445618 
191.996567 331.421356 
23.372772 358.034332 
621.725037 372.552551 
216.436600 279.394623 
209.445251 296.212311 
100.898445 359.708588 
292.852600 349.813477 
307.891357 357.344116 
229.046936 127.611626 
193.265060 115.837700 
547.256592 87.289192 
293.122040 244.774704 
188.039734 393.174530 
480.528778 269.009552 
189.147842 149.297913 
304.580566 329.027466 
94.769775 148.610840 
503.732635 129.635971 
51.041668 247.078323 
389.145325 407.678497 
59.272057 324.328369 
328.839935 217.221161 
69.062408 242.398987 
460.953949 124.282387 
522.919373 57.017124 
587.604797 352.338593 
506.210419 263.966980 
407.020111 415.673645 
290.948914 406.628998 
290.038269 304.943756 
360.896301 198.678665 
600.727966 64.176750 
92.960304 134.437820 
482.707611 140.416321 
478.343658 105.519791 
216.312149 279.536987 
242.193207 131.766006 
80.818558 110.245049 
349.173004 314.619629 
589.250366 122.791924 
303.494812 393.889435 
533.405273 166.479080 
202.058640 308.976868 
546.757812 155.529648 
273.994232 350.926453 
501.377960 372.504822 
39.162659 136.078583 
111.324867 89.657639 
555.632202 283.514526 
566.582642 121.114876 
312.477844 279.646362 
568.839478 417.670197 
233.773270 342.920715 
319.779144 311.218201 
337.178894 292.573425 
569.461548 27.853628 
99.255135 62.492634 
307.891357 357.344116 
223.761581 172.346313 
137.018600 188.193039 
267.651611 333.756042 
200.694778 114.994766 
176.682266 145.855591 
310.079468 401.300140 
308.971710 434.929993 
16.739019 405.047546 
124.267471 106.128105 
257.241669 327.021301 
146.798019 386.739532 
125.216270 138.087479 
463.626953 129.983597 
234.655457 77.872986 
612.794128 135.926056 
542.137329 24.832554 
327.932678 217.717026 
528.390869 64.286987 
605.379700 90.450485 
136.350983 129.237228 
161.643661 69.598396 
512.424072 253.267288 
283.771362 318.848389 
244.721664 321.395691 
488.953461 188.728546 
102.220749 31.724537 
160.587021 118.715027 
36.038498 358.449127 
245.449615 59.394615 
615.503723 177.576401 
264.610077 60.723091 
74.817924 90.661911 
114.252342 26.283121 
180.927231 300.806976 
365.336884 5.898579 
592.568481 54.411995 
501.617035 178.047653 
404.000885 163.604156 
126.752151 35.308910 
91.904945 409.505554 
592.822021 94.832100 
185.197296 408.743500 
506.482819 86.644089 
507.536011 138.204025 
508.947449 151.535751 
482.237366 80.657585 
100.453003 408.788452 
421.976196 99.755249 
226.599609 157.218567 
252.786545 118.651825 
313.920624 254.590775 
591.290039 139.896652 
160.326813 171.912094 
251.157211 140.654526 
547.164612 127.563187 
528.518311 117.405663 
233.582718 413.933075 
89.754044 19.916756 
594.454895 144.000198 
449.936188 139.170242 
584.410278 171.287781 
452.287231 71.989761 
84.990219 298.684570 
98.115898 252.359955 
252.029739 158.735962 
210.954422 160.536865 
41.101124 223.321213 
33.970474 170.539383 
357.188873 343.913696 
112.225967 115.318123 
157.913208 225.281677 
402.992188 75.573448 
357.188873 343.913696 
372.804077 457.915344 
240.404785 72.511223 
55.617012 262.941040 
383.116302 10.153268 
357.590485 130.633530 
208.900513 334.576935 
562.438965 138.072784 
212.697952 23.938446 
90.005257 30.128286 
53.314114 352.485413 
600.827698 92.304901 
313.616241 118.799942 
181.366165 66.209747 
49.022152 308.495605 
185.197296 408.743500 
593.176941 69.393089 
606.850342 113.947159 
348.259796 296.714233 
298.206146 269.156189 
617.825378 153.352585 
120.652000 121.170227 
542.366272 379.337280 
236.105957 165.186279 
258.783966 40.519417 
391.496155 465.122559 
25.254124 312.816589 
241.387009 52.266739 
508.193878 113.851578 
581.279236 151.185638 
513.489746 168.505783 
28.419580 351.548492 
21.471025 234.088089 
234.426941 172.446808 
423.297089 106.804512 
103.029175 19.890739 
516.962158 93.074860 
632.076538 168.857742 
236.874359 158.990097 
591.041748 158.117218 
516.509460 126.109337 
415.803986 260.684631 
274.707611 365.259033 
326.108459 380.201050 
452.746063 195.479874 
62.912460 173.660904 
352.191498 281.136719 
183.758286 412.934509 
285.385498 173.557632 
78.542267 358.580353 
500.323822 79.647369 
18.811102 244.126282 
601.204773 107.579277 
568.780334 189.019867 
119.997108 252.545654 
320.317108 263.443359 
536.518005 236.361847 
180.047119 77.333130 
422.964203 447.217896 
478.509064 154.585648 
479.057404 180.245972 
488.376434 96.113716 
527.973389 100.376503 
182.865173 135.601791 
521.936035 401.429413 
417.100128 447.165710 
266.961273 36.229309 
599.620178 330.960297 
516.291931 203.224152 
598.072449 143.095184 
81.880051 51.894344 
183.758286 412.934509 
90.913063 167.107254 
71.580750 234.147964 
536.688660 259.427063 
244.657547 115.134239 
104.767113 240.249359 
472.316833 87.092018 
438.837402 269.909546 
182.636932 225.646500 
577.607178 29.710041 
48.181576 167.536911 
398.723450 116.614738 
160.917419 464.419189 
509.181580 100.772522 
124.014931 186.740402 
318.141510 455.429688 
610.032593 134.422745 
447.207031 375.738770 
527.877014 88.448875 
618.301392 122.675423 
411.047028 458.349976 
554.722107 181.932693 
553.243591 49.368149 
595.122131 183.808640 
597.715088 31.004120 
312.574860 72.394676 
440.008667 170.830200 
127.847427 230.784378 
236.905609 148.989838 
413.981049 230.117279 
115.448471 354.873749 
95.706627 364.700989 
371.542908 442.142792 
500.295319 79.890381 
398.723450 116.614738 
625.651428 156.439850 
235.835236 192.012344 
103.268646 131.580032 
310.735535 56.002266 
462.302704 448.980225 
340.092072 78.256500 
101.291435 179.779602 
257.173248 53.714413 
70.661797 358.130280 
431.218323 40.313671 
120.906334 421.593964 
615.799744 80.772820 
423.678192 92.995300 
199.555817 425.059082 
613.501892 121.076157 
583.883545 198.938095 
593.321838 125.190132 
101.948959 161.741638 
252.868164 101.442390 
89.267067 316.086426 
129.690720 360.124939 
263.401794 140.178955 
211.095261 37.493481 
200.560867 401.729156 
362.719879 48.936527 
468.530884 78.656883 
256.290649 63.152542 
549.112549 72.254539 
345.757782 99.411064 
638.526794 137.710556 
132.770355 455.297363 
579.549133 241.148972 
201.152634 162.978653 
212.712112 183.575378 
477.235077 198.260666 
628.714355 453.998169 
425.697540 304.373352 
62.442303 392.539551 
204.020706 129.202332 
201.736649 31.049341 
49.879650 153.012360 
154.397858 147.329803 
189.902557 45.513382 
438.262360 107.526039 
39.082729 428.943512 
401.540863 358.982544 
282.027496 206.584534 
406.360565 135.386490 
91.111061 7.495589 
525.869751 455.942688 
525.532227 166.358780 
106.434418 174.020325 
570.794739 52.380119 
454.019409 76.874794 
548.360596 80.794777 
137.781723 113.589615 
144.353989 40.164097 
164.927887 95.922501 
48.651531 120.141830 
212.396439 173.921616 
254.754318 76.588142 
297.656372 99.921196 
531.679932 364.894226 
611.085571 291.971100 
610.050232 216.800049 
168.668686 426.803589 
406.537811 369.553009 
597.241516 186.872482 
186.766037 90.166069 
431.423492 164.907013 
251.109146 165.080215 
406.478729 198.918152 
443.054321 100.744926 
335.485413 281.245758 
112.694138 241.115341 
67.955261 44.898659 
96.997963 155.992279 
232.636398 41.377388 
374.755463 299.027802 
210.716888 97.656754 
201.813934 43.155624 
139.068893 152.805832 
116.629616 264.578705 
586.979065 108.215599 
342.924500 51.502224 
546.424194 193.384567 
557.258301 203.234314 
538.929260 74.981163 
405.817596 11.816780 
498.013519 200.823868 
188.137222 76.894272 
485.761688 54.191860 
208.480850 103.304787 
230.118652 131.805481 
62.945152 244.865524 
139.331177 267.250122 
31.734352 70.374886 
308.932770 140.191940 
338.051941 303.726562 
208.307892 458.234039 
438.190887 80.691124 
367.517212 360.056702 
21.468542 127.633247 
243.882919 227.560577 
581.008118 17.098095 
617.341614 330.764496 
170.860291 191.565613 
275.620972 78.438461 
521.907166 250.040283 
146.703415 236.466949 
474.128540 376.684235 
596.339783 160.789459 
318.300720 43.415604 
426.993866 12.775101 
437.174316 92.530212 
91.904945 409.505554 
551.854248 416.150238 
267.090759 205.464935 
476.824005 104.133011 
16.820465 17.975399 
254.058273 395.775940 
523.886230 124.071609 
445.251495 50.831627 
589.202820 268.208862 
410.493286 308.966827 
513.507507 46.078640 
338.051941 303.726562 
336.297546 64.711319 
106.931946 191.320328 
592.669800 112.418060 
547.195251 108.436600 
629.242126 128.816742 
481.361267 109.818878 
134.504822 54.389664 
462.835846 68.952194 
207.098312 187.095291 
568.830750 111.938545 
399.760193 167.106598 
93.032593 180.918976 
622.840820 98.177956 
626.200562 274.675720 
622.422546 108.072243 
483.358551 169.972778 
624.057861 281.240814 
210.612167 133.540787 
28.657656 112.015511 
632.229492 144.428802 
624.372192 306.478058 
547.443176 175.673904 
382.629242 156.035660 
116.427811 469.424500 
261.908417 86.009048 
401.266693 153.150436 
21.099375 206.751083 
439.795990 180.799576 
405.988312 177.065079 
167.314072 347.647156 
181.388123 17.667997 
472.315430 288.621399 
550.016357 129.401520 
144.692734 20.664330 
388.128601 106.681763 
516.557312 106.274300 
611.710083 109.138138 
141.902267 57.571289 
445.364716 185.079025 
352.399628 64.938980 
297.066315 76.556053 
247.602554 384.113953 
547.893860 101.516418 
573.146912 444.017639 
135.583740 255.503967 
451.333527 282.890472 
187.175644 179.787399 
425.908081 137.389328 
137.456345 102.296867 
416.414215 397.489777 
362.452545 116.447548 
137.594574 239.466263 
90.131142 371.358093 
513.507507 46.078640 
115.578720 395.826660 
203.321671 147.274689 
263.918396 103.450897 
197.552826 134.342712 
40.210552 22.069939 
382.629242 156.035660 
58.513618 441.731598 
113.548477 287.468018 
323.402100 78.769997 
89.434975 61.628693 
554.314819 14.021294 
616.553162 170.142883 
36.770103 431.753510 
527.707275 221.564972 
611.736572 160.027847 
392.845551 131.844849 
412.712219 166.828995 
127.610413 409.526337 
207.561569 350.145325 
225.806686 432.972351 
289.404327 454.369751 
459.435913 388.867493 
136.278717 123.954819 
555.692261 146.960281 
218.936539 36.906120 
106.696724 434.359375 
114.352814 138.353470 
564.804199 146.557358 
128.409424 246.634674 
187.893372 22.988441 
500.936493 121.304321 
187.726028 197.919708 
29.042185 21.641691 
561.771851 167.878784 
126.660278 171.844147 
72.841324 9.828470 
138.759125 88.110420 
22.952597 451.254242 
130.906631 65.826851 
25.982843 33.773823 
392.824158 302.898590 
542.096252 10.423348 
605.495056 271.142456 
113.193878 287.779388 
328.712799 445.957764 
500.805023 56.168369 
596.449158 27.815861 
455.933655 66.428932 
142.036194 442.656677 
516.966187 19.281414 
607.495972 15.889331 
286.293030 53.936981 
17.478954 363.837830 
489.417023 59.241436 
59.917244 315.774017 
453.594604 53.370094 
201.467361 220.727982 
484.750427 103.563583 
201.899109 303.890015 
306.329529 127.788567 
353.302734 303.680145 
416.930817 136.211807 
33.324932 9.429664 
331.586273 130.073303 
383.041718 77.656700 
555.779114 384.861206 
312.813873 183.260208 
21.481802 451.387329 
43.009232 152.768219 
67.706299 112.369934 
530.346069 251.044312 
636.447083 209.258713 
624.245300 263.585358 
132.877518 76.562492 
565.081482 339.688751 
112.270172 295.848206 
156.939728 439.604065 
404.144348 52.176041 
146.115234 364.249451 
48.260853 356.703735 
442.358368 263.534668 
626.938904 12.443205 
214.512924 44.690838 
600.599304 283.480164 
623.131348 298.409424 
545.751526 323.393219 
494.122070 282.795685 
432.431763 99.595451 
309.492584 90.006561 
140.359543 69.521492 
552.745972 27.454092 
624.095276 201.672623 
308.637451 201.684952 
399.278229 385.722839 
564.949646 358.587830 
169.361359 22.546043 
434.955109 325.563232 
