500
269.535248 46.128017 
254.407684 51.857487 
259.047546 130.396881 
53.515804 215.229019 
122.892303 157.785843 
284.492065 72.156944 
224.122711 104.491020 
158.746933 107.965111 
211.769852 67.448753 
282.157471 58.407471 
280.733276 91.863647 
327.564270 55.015102 
225.822281 145.937668 
262.785034 29.141054 
170.142059 80.483162 
224.122711 104.491020 
312.906372 27.921940 
64.036423 204.658264 
244.104889 119.726669 
282.116058 125.840080 
205.353424 78.756165 
282.974854 28.595226 
298.464233 63.893661 
158.083466 145.213165 
54.799679 204.443161 
51.586506 232.139206 
113.454170 130.708389 
345.266235 44.744911 
271.838440 95.854073 
27.536280 228.525620 
330.911530 43.278847 
301.556183 383.647339 
282.974854 28.595226 
28.877970 193.158859 
42.139496 170.910736 
201.838684 367.031525 
42.139496 170.910736 
271.838440 95.854073 
194.922470 132.703766 
221.200424 163.708832 
69.256439 212.241791 
222.650986 114.853081 
196.965775 90.477051 
369.183929 285.305359 
238.498749 93.410011 
425.574860 299.775665 
190.115356 326.296814 
344.620056 43.159309 
17.441732 273.705383 
65.798042 148.933121 
104.311623 207.210571 
99.423889 189.228897 
360.394104 284.009186 
190.115356 326.296814 
214.339493 349.250336 
421.543579 397.067688 
218.070374 366.719574 
205.535919 418.303864 
351.543762 29.240974 
282.116058 125.840080 
210.357773 137.083221 
223.186432 59.103096 
351.336548 293.024658 
119.798248 332.213928 
16.032579 192.311554 
404.450714 431.445374 
146.020554 273.758881 
50.301155 222.361923 
393.985535 260.347717 
132.204193 277.117401 
346.743164 380.904724 
282.911835 257.167358 
358.121613 275.773499 
429.933929 212.180313 
401.223145 467.161285 
18.504353 273.296326 
385.186676 77.923935 
205.064087 358.302917 
426.985748 61.166241 
396.978210 395.610260 
404.774963 396.116425 
239.081436 326.069061 
351.336548 293.024658 
472.155029 13.075137 
253.464767 161.255646 
18.504353 273.296326 
18.504353 273.296326 
309.794983 306.265350 
356.038574 299.041962 
125.184891 292.604095 
97.408302 254.205322 
138.800644 265.426666 
512.829956 147.830536 
388.463867 423.299713 
214.216110 320.152435 
251.100876 164.600998 
104.311623 207.210571 
371.610626 293.263489 
512.829956 147.830536 
313.672913 348.152557 
471.448822 67.163261 
18.504353 273.296326 
159.976074 281.574158 
404.450714 431.445374 
492.394592 57.149143 
323.345917 137.408218 
16.032579 192.311554 
483.206818 35.766983 
398.657990 436.959747 
235.249435 313.225494 
331.855530 399.759613 
406.197601 220.189438 
418.250549 249.639938 
305.296295 362.159973 
538.613708 110.183182 
358.067688 419.957031 
440.814148 129.149994 
387.110565 402.097412 
18.504353 273.296326 
325.169464 451.149780 
396.845703 411.052826 
369.648224 6.754053 
18.504353 273.296326 
516.617554 345.803741 
413.280334 373.369781 
64.489319 170.859131 
374.197235 458.877075 
415.730286 289.348297 
270.884583 174.668106 
325.994659 350.758087 
403.655701 108.595032 
198.515488 160.727585 
401.223145 467.161285 
18.504353 273.296326 
403.728851 359.907501 
195.470993 425.555084 
407.487549 382.225891 
479.092865 52.106903 
422.648590 71.255318 
218.070374 366.719574 
17.441732 273.705383 
239.385361 76.712181 
81.864517 386.643646 
97.408302 254.205322 
458.881805 174.512085 
361.681763 254.054031 
451.264221 176.434341 
198.001495 279.386169 
510.766571 352.134521 
104.311623 207.210571 
92.056770 325.355988 
401.637604 407.724487 
214.216110 320.152435 
346.743164 380.904724 
464.078613 39.844559 
367.355713 255.826569 
317.855865 78.360977 
8.914679 276.608551 
509.178955 320.307312 
415.763397 231.990860 
319.048492 133.269028 
94.429688 206.654922 
319.048492 133.269028 
17.441732 273.705383 
18.504353 273.296326 
176.128555 394.575165 
309.906189 205.743500 
378.746124 262.994537 
293.673767 355.567017 
12.138541 226.028351 
131.357040 312.013397 
462.748505 53.497211 
404.607147 209.550537 
470.106445 110.167480 
529.536560 88.256516 
454.475891 265.898407 
227.132751 289.638153 
471.400543 12.183096 
128.331116 113.704247 
391.727570 218.441269 
94.429688 206.654922 
510.766571 352.134521 
438.067535 73.384163 
81.864517 386.643646 
451.064575 19.191818 
374.197235 458.877075 
424.416168 32.783081 
398.832520 35.932045 
404.372314 9.942779 
97.408302 254.205322 
94.429688 206.654922 
8.264706 196.782303 
198.515488 160.727585 
200.106262 380.637604 
289.711578 249.915649 
312.090759 416.872650 
69.256439 212.241791 
457.334381 163.789917 
272.800842 259.822205 
281.093536 153.430435 
218.070374 366.719574 
477.914825 138.197342 
404.838287 59.003784 
17.441732 273.705383 
17.441732 273.705383 
407.487549 382.225891 
341.303925 276.082977 
332.498322 437.303040 
453.046692 334.870911 
293.673767 355.567017 
8.264706 196.782303 
464.078613 39.844559 
262.297607 244.871216 
325.169464 451.149780 
51.586506 232.139206 
481.782684 78.201782 
516.617554 345.803741 
50.301155 222.361923 
12.138541 226.028351 
92.056770 325.355988 
18.504353 273.296326 
17.441732 273.705383 
69.379501 333.955811 
407.487549 382.225891 
94.429688 206.654922 
173.964035 435.936340 
92.056770 325.355988 
216.440903 251.581375 
211.369049 161.301376 
436.676575 447.026703 
200.106262 380.637604 
355.500519 218.993134 
375.161316 194.718689 
282.116058 125.840080 
94.429688 206.654922 
302.863739 151.686676 
510.766571 352.134521 
39.787937 267.422791 
470.593719 48.672646 
161.605026 323.882111 
17.441732 273.705383 
575.065552 253.469452 
372.892792 316.737701 
355.133698 200.182053 
451.264221 176.434341 
471.799042 273.474243 
18.504353 273.296326 
39.787937 267.422791 
278.715210 469.945160 
390.194244 229.851059 
203.276932 291.841980 
408.563965 423.610870 
8.914679 276.608551 
477.611755 319.010468 
381.504578 361.077393 
283.194641 117.906868 
69.379501 333.955811 
401.223145 467.161285 
17.441732 273.705383 
100.918076 423.463531 
282.116058 125.840080 
410.128052 375.021606 
387.110565 402.097412 
211.369049 161.301376 
51.586506 232.139206 
612.157898 230.140457 
218.070374 366.719574 
218.070374 366.719574 
17.441732 273.705383 
8.914679 276.608551 
285.610809 104.991440 
253.464767 161.255646 
391.464447 209.708954 
17.441732 273.705383 
341.303925 276.082977 
407.487549 382.225891 
94.429688 206.654922 
412.271637 379.988190 
477.611755 319.010468 
404.838287 59.003784 
319.048492 133.269028 
278.715210 469.945160 
39.787937 267.422791 
267.484406 464.348938 
282.157471 58.407471 
298.464233 63.893661 
253.464767 161.255646 
511.751556 359.774963 
462.431274 106.864395 
271.838440 95.854073 
323.345917 137.408218 
401.223145 467.161285 
284.614563 38.980446 
39.787937 267.422791 
94.429688 206.654922 
17.441732 273.705383 
260.765442 181.958893 
8.914679 276.608551 
330.853119 336.299286 
621.164734 292.112579 
309.906189 205.743500 
397.804413 277.935059 
352.718018 147.701614 
467.191345 230.580887 
267.484406 464.348938 
198.515488 160.727585 
413.864166 433.741333 
471.899475 270.797913 
471.400543 12.183096 
284.492065 72.156944 
239.385361 76.712181 
94.429688 206.654922 
286.986450 420.401154 
410.460205 272.776672 
509.178955 320.307312 
471.899475 270.797913 
18.504353 273.296326 
285.610809 104.991440 
198.515488 160.727585 
39.787937 267.422791 
420.914154 77.742325 
471.899475 270.797913 
477.611755 319.010468 
69.256439 212.241791 
451.064575 19.191818 
81.864517 386.643646 
332.105499 380.984131 
253.464767 161.255646 
83.056015 315.520630 
408.745178 242.003174 
407.487549 382.225891 
391.176971 171.700378 
251.100876 164.600998 
286.584290 381.802521 
442.954285 140.959778 
18.504353 273.296326 
218.070374 366.719574 
39.787937 267.422791 
317.379913 296.808044 
561.956360 223.064438 
51.586506 232.139206 
267.500824 464.555084 
458.443726 387.175934 
8.914679 276.608551 
170.462524 208.650742 
140.635452 125.166824 
510.766571 352.134521 
215.465805 376.781281 
510.547424 332.463379 
50.291824 158.618790 
511.751556 359.774963 
346.582733 14.672130 
205.353424 78.756165 
8.914679 276.608551 
239.385361 76.712181 
396.978210 395.610260 
349.372711 190.420609 
282.116058 125.840080 
17.441732 273.705383 
251.100876 164.600998 
320.267761 324.776398 
389.857147 332.460754 
102.907829 404.524414 
293.673767 355.567017 
92.056770 325.355988 
269.108490 322.244904 
64.489319 170.859131 
64.489319 170.859131 
400.698639 383.284607 
148.923691 92.988152 
309.794983 306.265350 
222.650986 114.853081 
271.838440 95.854073 
17.441732 273.705383 
351.543762 29.240974 
286.584290 381.802521 
283.194641 117.906868 
17.441732 273.705383 
298.464233 63.893661 
216.440903 251.581375 
349.418823 128.006699 
218.070374 366.719574 
271.838440 95.854073 
18.504353 273.296326 
317.493896 451.271240 
278.715210 469.945160 
330.911530 43.278847 
196.965775 90.477051 
262.297607 244.871216 
297.638977 219.444763 
69.256439 212.241791 
320.426666 286.153107 
226.878204 429.147614 
496.676056 320.337219 
324.233398 442.023193 
396.978210 395.610260 
18.504353 273.296326 
325.994659 350.758087 
222.650986 114.853081 
116.707191 195.131683 
302.863739 151.686676 
323.345917 137.408218 
306.658356 372.660461 
17.441732 273.705383 
323.345917 137.408218 
407.487549 382.225891 
253.464767 161.255646 
523.077087 364.257263 
621.164734 292.112579 
621.164734 292.112579 
282.157471 58.407471 
417.007507 197.307770 
401.315247 225.818649 
621.164734 292.112579 
269.535248 46.128017 
445.373779 424.797668 
253.464767 161.255646 
201.838684 367.031525 
362.076263 163.539185 
239.385361 76.712181 
259.047546 130.396881 
120.366516 455.774323 
356.038574 299.041962 
332.498322 437.303040 
516.617554 345.803741 
506.566986 126.756172 
374.197235 458.877075 
200.106262 380.637604 
252.233139 92.431923 
69.256439 212.241791 
227.132751 289.638153 
284.614563 38.980446 
286.986450 420.401154 
312.090759 416.872650 
64.489319 170.859131 
12.138541 226.028351 
323.345917 137.408218 
440.018890 352.365326 
252.233139 92.431923 
317.493896 451.271240 
271.838440 95.854073 
205.353424 78.756165 
281.093536 153.430435 
102.907829 404.524414 
284.614563 38.980446 
210.195190 401.399200 
453.669800 372.810760 
293.673767 355.567017 
413.820435 412.274689 
211.369049 161.301376 
282.157471 58.407471 
345.266235 44.744911 
499.073730 169.648407 
197.824951 361.948212 
510.766571 352.134521 
471.448822 67.163261 
262.785034 29.141054 
262.785034 29.141054 
443.396210 271.759521 
411.929779 446.318909 
413.701416 393.080444 
262.785034 29.141054 
523.077087 364.257263 
621.164734 292.112579 
211.769852 67.448753 
399.550293 67.989914 
584.839233 206.128296 
621.164734 292.112579 
227.132751 289.638153 
420.914154 77.742325 
602.192200 243.900192 
50.301155 222.361923 
326.148926 425.891388 
512.829956 147.830536 
621.164734 292.112579 
523.077087 364.257263 
252.233139 92.431923 
286.986450 420.401154 
510.547424 332.463379 
17.441732 273.705383 
240.884979 350.281586 
278.531708 432.736542 
276.962402 426.742126 
39.787937 267.422791 
363.167694 370.700439 
17.441732 273.705383 
101.640190 159.861755 
489.792419 118.648659 
205.535919 418.303864 
252.233139 92.431923 
621.164734 292.112579 
122.892303 157.785843 
301.485229 434.172363 
326.148926 425.891388 
113.454170 130.708389 
301.485229 434.172363 
331.884033 210.434799 
31.896055 213.547440 
375.370209 172.035126 
211.769852 67.448753 
