500
258.431946 403.484192 
208.442764 383.049042 
204.026245 403.346039 
286.862732 395.028107 
167.106369 390.723572 
277.778778 400.628418 
275.182434 357.283752 
257.707184 433.917633 
277.778778 400.628418 
23.077385 331.142822 
205.091202 386.061005 
361.191986 441.469696 
361.191986 441.469696 
195.135910 419.403290 
333.142700 459.910339 
109.458549 352.189484 
270.106476 431.750671 
315.383606 368.640015 
161.326492 326.560211 
246.040131 406.019989 
94.344353 369.709961 
181.533844 404.139740 
131.664398 388.366425 
161.715591 358.150116 
461.437958 450.587952 
51.751129 293.796631 
383.877228 443.733185 
231.477448 365.179321 
322.952454 448.914581 
80.717773 319.575958 
463.140900 466.003998 
423.119080 441.908081 
181.533844 404.139740 
92.394432 330.789886 
208.442764 383.049042 
266.605042 417.770325 
332.473053 399.423492 
69.563156 354.839111 
199.094940 369.828308 
260.279877 396.752136 
547.648376 454.637115 
276.628296 375.503693 
86.578331 379.212158 
472.777710 460.194275 
257.018066 342.459625 
71.243721 398.114685 
486.418121 450.335480 
218.133377 411.206146 
442.024017 161.933014 
479.896088 458.212067 
325.006226 364.699860 
308.715942 463.604828 
187.874939 343.983215 
308.715942 463.604828 
162.179749 381.762848 
540.537903 450.080292 
294.298187 457.391754 
317.952179 404.579773 
457.357605 459.045959 
152.309921 410.839203 
35.785942 344.793427 
239.950348 369.277954 
323.087402 173.067383 
471.242706 250.436523 
369.221954 468.530701 
302.471802 341.591797 
183.940872 278.848541 
204.488083 396.066559 
154.235336 345.988220 
239.950348 369.277954 
297.565857 120.833687 
412.326141 52.119987 
482.764130 236.774338 
327.619354 180.755768 
323.659912 187.943909 
257.018066 342.459625 
445.598969 385.803436 
499.144806 471.874603 
20.592592 288.769409 
309.423401 184.214157 
468.805481 359.963898 
112.504669 310.708099 
374.257355 222.739014 
126.374695 290.031281 
154.027390 294.230408 
410.778748 128.708115 
474.172546 401.103912 
357.029510 257.343842 
430.455353 257.841827 
114.186157 272.927948 
11.181461 326.862823 
215.213181 375.377533 
41.382420 341.860260 
458.172638 351.440826 
228.064896 173.486923 
246.040131 406.019989 
519.802673 334.150787 
389.654694 80.874527 
48.502522 269.367737 
126.374695 290.031281 
54.434624 310.033936 
438.032959 246.402832 
473.110748 229.464691 
484.183289 251.974472 
40.431034 316.466064 
435.091492 128.023621 
69.002281 225.429031 
485.950104 355.119720 
391.032562 260.955841 
125.375427 151.607239 
540.537903 450.080292 
347.720398 451.388855 
300.540009 180.947205 
455.564636 336.215302 
340.817505 182.063324 
58.919106 246.305145 
469.432892 283.847595 
406.448700 175.001999 
434.163574 95.706154 
547.648376 454.637115 
342.136902 174.529266 
467.986847 397.796997 
547.648376 454.637115 
125.375427 151.607239 
308.377319 470.455963 
239.345642 303.152924 
547.648376 454.637115 
453.182617 362.616272 
273.754913 22.398573 
296.192444 134.939575 
90.341301 234.943329 
306.496887 341.106812 
400.990906 84.090744 
401.653748 71.130630 
452.585205 57.904121 
327.846436 166.117874 
401.080719 164.136520 
264.205261 158.537033 
165.533676 260.403015 
288.085510 170.408310 
496.677124 247.901703 
540.537903 450.080292 
362.766846 82.785126 
536.877197 363.046051 
412.326141 52.119987 
340.817505 182.063324 
542.402832 216.072189 
523.015625 122.430298 
385.340057 74.685562 
469.432892 283.847595 
513.120605 136.906845 
180.557983 175.929138 
547.648376 454.637115 
301.376251 319.929779 
553.196289 371.798096 
274.054291 22.456961 
403.835052 53.415718 
531.954102 359.673584 
331.509949 244.880951 
540.537903 450.080292 
133.045639 365.668427 
410.778748 128.708115 
425.799591 186.347183 
242.057678 194.882416 
16.190079 346.612946 
124.721489 269.825867 
428.640442 307.559021 
417.164246 279.827209 
66.501801 281.243805 
432.747101 431.587708 
347.055206 256.840393 
376.296906 236.519608 
523.015625 122.430298 
551.338989 235.258545 
252.440231 171.853622 
547.648376 454.637115 
273.754913 22.398573 
300.083557 194.040054 
300.451447 269.098877 
453.187012 125.647461 
257.440216 199.091080 
547.157593 73.097862 
140.264374 184.240677 
567.974976 77.544815 
525.917786 136.430389 
452.585205 57.904121 
439.398041 434.130798 
540.537903 450.080292 
85.317062 250.402649 
547.648376 454.637115 
540.537903 450.080292 
540.537903 450.080292 
400.990906 84.090744 
380.157745 50.694473 
377.593323 205.086456 
74.181694 258.222046 
461.437958 450.587952 
482.764130 236.774338 
208.442764 383.049042 
186.964813 180.297699 
91.221748 220.038864 
252.236328 123.267197 
250.611206 326.699799 
325.006226 364.699860 
250.611206 326.699799 
432.747101 431.587708 
41.908875 384.996338 
416.330383 69.994591 
461.635803 104.689514 
547.648376 454.637115 
424.896393 330.806671 
116.009125 256.476807 
486.418121 450.335480 
113.936447 262.972656 
407.879211 43.419369 
525.917786 136.430389 
516.304749 85.622780 
486.418121 450.335480 
273.754913 22.398573 
542.402832 216.072189 
395.832153 69.808037 
335.217651 200.920273 
171.282837 293.489746 
171.282837 293.489746 
534.761353 122.533951 
551.338989 235.258545 
427.299652 79.868591 
80.222153 401.035004 
460.770081 132.247833 
283.933868 20.581516 
553.196289 371.798096 
323.610657 461.149536 
275.182434 357.283752 
249.866333 346.909698 
432.747101 431.587708 
114.111511 169.288376 
249.722290 227.007797 
531.954102 359.673584 
344.844360 150.063385 
479.896088 458.212067 
394.818359 311.641602 
346.546448 126.387985 
74.181694 258.222046 
520.965210 437.027618 
531.954102 359.673584 
199.094940 369.828308 
298.110382 451.991638 
273.754913 22.398573 
515.789429 184.302475 
227.954361 274.046906 
495.580139 206.637589 
367.949463 79.138779 
513.120605 136.906845 
513.120605 136.906845 
372.772705 114.786842 
263.247192 309.759216 
473.110748 229.464691 
267.200226 239.097839 
337.395142 360.749725 
439.398041 434.130798 
513.120605 136.906845 
76.855736 247.360794 
250.611206 326.699799 
575.066284 446.844818 
536.319336 163.332397 
515.789429 184.302475 
41.908875 384.996338 
346.600769 468.708038 
412.864532 470.705963 
425.114929 391.992401 
237.660049 352.387695 
181.151459 366.902863 
486.418121 450.335480 
40.431034 316.466064 
167.249405 267.163635 
187.987503 379.949951 
436.771576 164.189850 
437.042725 348.853210 
131.836319 81.855019 
335.217651 200.920273 
280.865051 226.103302 
386.594086 170.042664 
299.184906 157.443039 
547.648376 454.637115 
250.611206 326.699799 
515.789429 184.302475 
377.593323 205.086456 
186.964813 180.297699 
259.612335 43.498413 
273.754913 22.398573 
216.863373 308.977905 
250.611206 326.699799 
525.917786 136.430389 
205.091202 386.061005 
264.452148 140.329742 
515.789429 184.302475 
208.442764 383.049042 
313.764374 322.648010 
525.917786 136.430389 
71.243721 398.114685 
513.120605 136.906845 
523.015625 122.430298 
250.611206 326.699799 
186.403717 293.120697 
250.611206 326.699799 
540.537903 450.080292 
90.341301 234.943329 
273.754913 22.398573 
250.611206 326.699799 
250.955078 204.623993 
287.191650 149.531876 
176.264801 179.714951 
250.611206 326.699799 
125.655640 21.940392 
66.501801 281.243805 
520.965210 437.027618 
138.229080 238.832077 
523.015625 122.430298 
302.471802 341.591797 
165.010300 209.465652 
575.066284 446.844818 
520.965210 437.027618 
353.890442 79.705505 
239.345642 303.152924 
265.384003 124.439522 
561.246582 112.792435 
257.707184 433.917633 
237.660049 352.387695 
523.015625 122.430298 
540.537903 450.080292 
540.537903 450.080292 
300.451447 269.098877 
90.341301 234.943329 
239.345642 303.152924 
513.120605 136.906845 
552.572876 145.804428 
392.418579 374.707367 
561.246582 112.792435 
237.660049 352.387695 
40.431034 316.466064 
513.120605 136.906845 
612.776917 254.244400 
607.036987 185.658417 
482.764130 236.774338 
486.418121 450.335480 
237.660049 352.387695 
561.246582 112.792435 
450.222900 174.424301 
534.761353 122.533951 
315.383606 368.640015 
513.120605 136.906845 
246.208023 114.994263 
40.431034 316.466064 
536.319336 163.332397 
380.157745 50.694473 
250.611206 326.699799 
344.051178 38.961262 
239.950348 369.277954 
316.931854 465.317505 
300.001740 106.239159 
540.537903 450.080292 
472.464874 106.989128 
394.818359 311.641602 
267.389282 193.016510 
264.237183 170.914261 
479.896088 458.212067 
286.862732 395.028107 
370.835724 73.280685 
479.896088 458.212067 
370.835724 73.280685 
263.247192 309.759216 
41.908875 384.996338 
531.954102 359.673584 
465.846771 41.104897 
514.137756 220.068176 
302.471802 341.591797 
483.602386 106.262444 
151.526047 147.892776 
239.345642 303.152924 
389.654694 80.874527 
449.010162 182.410202 
143.061462 404.593811 
354.969635 210.075378 
607.036987 185.658417 
515.789429 184.302475 
534.761353 122.533951 
221.763443 229.274063 
377.621490 86.340805 
357.029510 257.343842 
270.106476 431.750671 
425.799591 186.347183 
486.204987 307.404297 
257.018066 342.459625 
182.623825 421.796509 
225.168472 193.203171 
246.208023 114.994263 
263.247192 309.759216 
552.572876 145.804428 
190.321106 397.263611 
199.094940 369.828308 
205.091202 386.061005 
401.080719 164.136520 
302.471802 341.591797 
283.933868 20.581516 
525.917786 136.430389 
256.984863 186.728287 
116.009125 256.476807 
215.302460 289.445587 
239.950348 369.277954 
436.771576 164.189850 
461.635803 104.689514 
151.473846 212.498505 
559.394653 128.851624 
377.621490 86.340805 
385.049377 185.466721 
275.182434 357.283752 
547.648376 454.637115 
138.229080 238.832077 
425.799591 186.347183 
266.605042 417.770325 
389.654694 80.874527 
605.900879 203.979858 
493.075287 233.808350 
490.611511 152.835831 
342.136902 174.529266 
483.602386 106.262444 
542.607788 103.246223 
536.319336 163.332397 
436.771576 164.189850 
370.861877 215.684296 
133.045639 365.668427 
520.965210 437.027618 
523.015625 122.430298 
377.621490 86.340805 
286.862732 395.028107 
302.471802 341.591797 
367.949463 79.138779 
182.623825 421.796509 
249.204544 386.605469 
460.770081 132.247833 
195.135910 419.403290 
530.053223 374.127014 
552.572876 145.804428 
513.120605 136.906845 
318.584534 270.254883 
287.173340 18.529617 
425.420990 188.840439 
380.157745 50.694473 
266.605042 417.770325 
190.321106 397.263611 
208.442764 383.049042 
540.537903 450.080292 
147.721664 41.582520 
274.054291 22.456961 
228.113220 253.004639 
241.130112 97.848602 
525.917786 136.430389 
523.015625 122.430298 
208.442764 383.049042 
494.029602 147.630630 
534.761353 122.533951 
306.944031 38.726276 
456.028900 230.215607 
460.770081 132.247833 
237.660049 352.387695 
270.106476 431.750671 
551.338989 235.258545 
335.928864 52.025185 
199.094940 369.828308 
289.888153 249.821579 
230.198212 79.315048 
113.261490 214.812973 
308.377319 470.455963 
534.761353 122.533951 
302.471802 341.591797 
257.707184 433.917633 
195.135910 419.403290 
493.075287 233.808350 
461.635803 104.689514 
547.648376 454.637115 
287.173340 18.529617 
90.341301 234.943329 
605.906982 195.132111 
476.232849 242.776657 
257.707184 433.917633 
199.094940 369.828308 
90.341301 234.943329 
425.799591 186.347183 
249.204544 386.605469 
538.231262 89.894989 
94.344353 369.709961 
249.204544 386.605469 
137.068146 289.436493 
151.534088 48.032585 
239.345642 303.152924 
239.950348 369.277954 
255.742050 165.396240 
159.373077 175.740692 
566.677612 135.763229 
540.537903 450.080292 
