536
241.673462 291.365234 
207.390549 304.756683 
194.678436 304.765717 
183.715637 351.961060 
477.520874 323.065033 
199.891220 370.452728 
173.818939 326.171967 
241.816833 303.729340 
255.195099 282.070282 
578.563110 350.528534 
237.695419 288.083191 
269.771179 316.522095 
578.563110 350.528534 
278.214722 305.948639 
207.390549 304.756683 
154.309036 339.260590 
118.178955 167.200394 
237.695419 288.083191 
306.433411 235.229843 
201.776733 317.615875 
196.946274 296.399933 
196.456528 333.030975 
207.986877 277.049988 
118.178955 167.200394 
81.941002 369.387329 
519.413269 161.561844 
288.320190 241.482224 
187.673187 312.263000 
140.517319 225.906845 
103.121719 264.806458 
428.037506 17.871264 
187.673187 312.263000 
215.876602 285.590546 
539.083496 62.268803 
394.699036 276.181824 
509.138519 20.702635 
118.178955 167.200394 
431.991943 133.741272 
144.260681 111.294571 
143.163498 157.735779 
262.243073 365.211731 
476.261444 176.715424 
211.485382 297.411743 
270.656647 334.033386 
513.442993 187.543762 
433.328552 206.091446 
444.254150 333.870575 
199.428101 353.467163 
276.024445 361.990967 
126.460274 158.032822 
564.757385 392.880951 
476.261444 176.715424 
378.549042 279.974609 
325.176392 373.074677 
263.206848 264.707184 
457.725098 175.368530 
547.537903 44.492878 
416.289001 151.420181 
105.444435 338.670868 
152.097961 186.579910 
509.138519 20.702635 
494.295349 167.496490 
214.163254 44.381916 
240.360611 315.766113 
226.622070 328.085419 
245.262024 320.428925 
513.442993 187.543762 
256.663208 356.528412 
256.654388 310.451904 
270.040131 357.012939 
289.699615 455.952118 
214.163254 44.381916 
431.991943 133.741272 
493.309204 214.370590 
249.838776 330.209900 
290.516937 294.657288 
274.320465 287.843994 
105.444435 338.670868 
127.501808 107.514153 
381.176147 177.510864 
195.948196 300.494171 
399.013763 283.036072 
284.654358 248.031631 
385.957672 341.699341 
603.752136 67.222839 
128.073807 15.332705 
325.176392 373.074677 
297.905975 309.115051 
508.333923 56.981441 
101.479454 169.436386 
480.042145 433.983887 
483.865265 107.316750 
215.876602 285.590546 
533.256592 46.841011 
189.416733 362.152191 
284.654358 248.031631 
177.082733 142.600952 
110.298889 212.447845 
515.363159 205.470551 
543.515869 200.418533 
443.196075 178.771729 
105.444435 338.670868 
98.601875 283.922180 
127.501808 107.514153 
223.294281 146.922943 
247.086990 196.536133 
515.363159 205.470551 
378.239777 142.098236 
197.816971 274.586365 
270.656647 334.033386 
345.993774 141.755447 
478.220734 220.175674 
108.300613 202.080673 
255.121445 148.082993 
457.725098 175.368530 
385.957672 341.699341 
197.816971 274.586365 
175.442078 249.186340 
281.735992 137.202606 
634.419983 393.153534 
411.400085 144.832291 
476.377686 195.057098 
476.261444 176.715424 
39.172806 427.925079 
494.295349 167.496490 
479.809174 157.848511 
439.910583 68.405289 
90.369812 211.932556 
487.435242 241.091370 
205.085785 46.349361 
537.264648 170.388809 
81.941002 369.387329 
431.991943 133.741272 
262.536560 76.880081 
411.400085 144.832291 
143.163498 157.735779 
313.309021 391.044373 
358.527405 159.321533 
454.982544 348.023438 
176.934540 212.929672 
134.280731 129.369400 
273.186371 382.738922 
205.085785 46.349361 
126.460274 158.032822 
454.982544 348.023438 
306.433411 235.229843 
142.853699 182.370712 
126.460274 158.032822 
119.223160 40.571163 
211.522766 201.782547 
479.253418 126.099136 
186.636581 243.691040 
523.192688 217.319519 
154.795731 143.798920 
120.722733 108.082710 
299.119751 459.995117 
202.138214 302.591919 
461.836975 66.918533 
94.323196 345.292664 
113.049500 360.799072 
81.941002 369.387329 
302.657806 326.130402 
515.363159 205.470551 
311.001892 182.545258 
143.073425 171.163666 
634.419983 393.153534 
106.590034 44.266029 
421.712830 122.166435 
433.328552 206.091446 
420.249481 146.109314 
302.657806 326.130402 
27.887691 335.155273 
212.109695 320.222748 
532.654663 313.047028 
260.775726 301.557037 
401.520752 155.289368 
564.757385 392.880951 
136.283722 107.656654 
603.752136 67.222839 
136.283722 107.656654 
547.537903 44.492878 
431.991943 133.741272 
195.213715 135.621658 
152.097961 186.579910 
170.583557 362.095276 
325.176392 373.074677 
238.578812 150.870728 
81.560814 262.062561 
507.544464 349.058899 
285.839233 70.783195 
442.403076 104.667427 
142.853699 182.370712 
112.060944 196.225281 
103.717751 196.329834 
134.280731 129.369400 
221.058228 206.966873 
562.805481 320.466400 
120.433754 202.018265 
145.559052 15.439235 
175.442078 249.186340 
373.203583 21.616367 
145.684692 307.040497 
313.309021 391.044373 
221.058228 206.966873 
536.289978 185.915466 
103.717751 196.329834 
232.606659 267.746826 
597.519409 176.917542 
420.249481 146.109314 
297.081726 297.195496 
302.724457 287.019897 
134.280731 129.369400 
410.443054 346.473541 
588.383484 55.168167 
238.578812 150.870728 
240.931366 459.131958 
461.836975 66.918533 
462.919312 57.504192 
154.309036 339.260590 
231.177246 15.208271 
135.945786 339.475769 
162.832413 137.608337 
142.902847 79.391953 
543.515869 200.418533 
128.073807 15.332705 
614.956909 477.310486 
460.703979 21.531385 
430.804077 151.003891 
564.757385 392.880951 
214.163254 44.381916 
578.955933 32.579720 
549.760681 289.471802 
485.860016 428.568085 
317.925140 94.888367 
317.650421 124.466797 
111.707672 154.544128 
271.853271 127.004997 
272.398804 205.991943 
221.058228 206.966873 
106.590034 44.266029 
493.309204 214.370590 
195.939880 158.287445 
315.814972 52.463821 
540.658569 125.142265 
239.855118 163.123901 
312.028809 150.942795 
152.796509 162.442413 
612.745422 101.195961 
195.887115 213.510269 
154.795731 143.798920 
115.072609 104.019493 
27.887691 335.155273 
587.433594 71.976028 
239.855118 163.123901 
120.577003 372.121002 
363.544922 120.056465 
462.151367 89.141991 
280.389954 348.810608 
562.675110 43.337738 
145.559052 15.439235 
479.253418 126.099136 
398.225739 190.247269 
498.787231 164.308014 
188.969559 124.519920 
112.060944 196.225281 
145.684692 307.040497 
170.583557 362.095276 
145.559052 15.439235 
581.641235 64.302696 
214.417160 129.251465 
206.335556 358.764343 
542.768982 168.886871 
299.119751 459.995117 
393.122131 153.789017 
454.982544 348.023438 
70.052948 280.934082 
89.598213 296.181763 
339.595825 138.690018 
414.834381 102.847397 
614.933533 213.949829 
464.806915 96.833809 
393.122131 153.789017 
457.577942 223.507446 
144.314285 144.718857 
221.058228 206.966873 
599.968750 133.600662 
442.459015 288.141113 
485.860016 428.568085 
218.250504 137.442612 
634.419983 393.153534 
103.717751 196.329834 
316.837311 189.696472 
446.357941 155.722198 
239.855118 163.123901 
564.656555 63.840332 
337.239594 371.460663 
452.242493 99.064590 
378.239777 142.098236 
417.753418 207.227173 
220.631058 22.482208 
245.640076 187.066925 
401.520752 155.289368 
477.520874 323.065033 
435.991760 41.596050 
618.816467 470.619385 
234.002563 366.674652 
394.699036 276.181824 
184.770004 392.441803 
211.522766 201.782547 
465.285156 257.928162 
494.938477 301.921906 
152.710220 65.043442 
337.975861 11.963778 
259.935883 346.659180 
540.547119 288.522522 
442.403076 104.667427 
142.902847 79.391953 
161.851944 258.564026 
239.855118 163.123901 
427.306763 396.446655 
304.888031 156.902542 
393.122131 153.789017 
549.760681 289.471802 
479.253418 126.099136 
391.384613 191.043137 
482.196686 80.882614 
232.953979 185.767166 
402.975037 337.597992 
204.658539 197.654297 
442.403076 104.667427 
401.520752 155.289368 
374.673035 165.133530 
622.081360 227.737946 
347.986359 302.361603 
510.997925 402.192749 
292.795227 472.119751 
549.760681 289.471802 
583.102173 306.718262 
478.220734 220.175674 
145.684692 307.040497 
76.980911 339.269745 
400.703522 168.712067 
456.822296 213.948181 
364.848541 392.399445 
504.694214 106.202248 
240.650375 361.362885 
231.177246 15.208271 
374.673035 165.133530 
364.848541 392.399445 
549.760681 289.471802 
587.433594 71.976028 
142.902847 79.391953 
376.437592 230.037994 
299.119751 459.995117 
304.888031 156.902542 
47.159519 26.750401 
221.058228 206.966873 
564.757385 392.880951 
204.454620 372.220490 
160.442001 51.011375 
58.128975 143.332138 
190.066650 18.469364 
574.994202 99.297958 
208.178802 83.886200 
457.577942 223.507446 
154.795731 143.798920 
210.992554 391.085724 
536.289978 185.915466 
104.969978 17.960764 
101.479454 169.436386 
464.604828 171.239853 
443.196075 178.771729 
401.520752 155.289368 
196.456528 333.030975 
289.821930 301.557068 
449.771973 217.001846 
482.196686 80.882614 
596.362854 253.641022 
317.925140 94.888367 
317.925140 94.888367 
446.357941 155.722198 
306.433411 235.229843 
483.865265 107.316750 
578.955933 32.579720 
363.544922 120.056465 
323.226929 172.442596 
607.369202 473.916962 
188.969559 124.519920 
431.246216 91.197456 
408.195984 394.771301 
340.361145 31.238140 
91.798409 112.014061 
612.745422 101.195961 
573.613647 82.428604 
482.196686 80.882614 
142.902847 79.391953 
6.872009 36.162491 
478.018219 306.797455 
117.532478 131.014694 
348.626038 51.079590 
477.520874 323.065033 
19.522148 49.790787 
478.220734 220.175674 
439.900635 46.105091 
370.749359 152.128281 
269.336121 194.638184 
441.836029 226.889786 
387.687744 99.820137 
120.722733 108.082710 
137.590836 383.452698 
515.363159 205.470551 
65.789902 16.997372 
208.178802 83.886200 
111.389717 431.136963 
89.808365 148.657135 
612.745422 101.195961 
564.757385 392.880951 
470.447540 268.238251 
473.647766 197.533020 
493.309204 214.370590 
299.119751 459.995117 
622.081360 227.737946 
515.082642 185.025864 
554.378052 350.529510 
105.444435 338.670868 
452.242493 99.064590 
378.162262 85.035263 
263.993561 123.356628 
564.656555 63.840332 
269.336121 194.638184 
191.172089 249.420853 
478.220734 220.175674 
196.456528 333.030975 
612.227051 135.415085 
414.834381 102.847397 
151.420273 21.563751 
373.203583 21.616367 
460.841766 291.800568 
271.853271 127.004997 
333.206024 163.262390 
420.249481 146.109314 
47.159519 26.750401 
306.433411 235.229843 
413.433685 115.256622 
462.758057 104.371780 
330.845520 330.749817 
106.590034 44.266029 
380.423828 143.391037 
333.206024 163.262390 
308.954193 336.923706 
555.857849 280.757355 
146.634964 205.838043 
145.949234 290.422760 
243.617462 477.776367 
413.433685 115.256622 
474.300354 428.494720 
204.658539 197.654297 
166.839447 389.821320 
160.020584 179.110504 
564.757385 392.880951 
227.330841 213.449234 
397.776062 326.844849 
397.776062 326.844849 
532.654663 313.047028 
198.619736 125.750740 
40.724091 291.269958 
89.808365 148.657135 
227.126282 232.332520 
100.124092 114.587952 
622.081360 227.737946 
464.806915 96.833809 
195.213715 135.621658 
310.705841 297.149628 
364.848541 392.399445 
616.638306 190.179016 
592.505981 204.779022 
446.357941 155.722198 
281.051971 181.657593 
421.838501 137.202148 
460.841766 291.800568 
227.126282 232.332520 
464.604828 171.239853 
43.960587 370.921539 
484.879303 226.925247 
391.971161 173.578400 
345.344818 217.087585 
12.377592 291.747192 
180.789200 256.121704 
431.039856 204.870300 
285.839233 70.783195 
202.138214 302.591919 
446.357941 155.722198 
69.301094 72.258156 
191.751434 81.720879 
317.925140 94.888367 
215.256302 158.603699 
478.220734 220.175674 
379.715088 254.690613 
47.159519 26.750401 
542.768982 168.886871 
240.931366 459.131958 
449.357819 123.438934 
73.933868 262.822296 
76.980911 339.269745 
392.664429 69.256424 
186.636581 243.691040 
210.925079 116.002586 
477.520874 323.065033 
153.622574 212.441406 
191.751434 81.720879 
629.249695 66.867691 
493.309204 214.370590 
173.818939 326.171967 
81.120499 56.372604 
243.617462 477.776367 
537.264648 170.388809 
88.248299 260.308350 
144.314285 144.718857 
629.249695 66.867691 
227.126282 232.332520 
234.002563 366.674652 
102.889313 304.636871 
594.820618 271.133636 
312.028809 150.942795 
345.344818 217.087585 
615.899780 252.040573 
184.109268 84.916023 
401.520752 155.289368 
274.948425 91.195091 
164.748306 314.582520 
70.499657 238.621948 
418.842438 352.062622 
592.505981 204.779022 
306.433411 235.229843 
456.822296 213.948181 
391.384613 191.043137 
