500
248.871490 426.008911 
306.980255 405.524109 
234.102036 420.933319 
160.486176 418.815643 
394.490631 430.991577 
33.662079 340.358002 
304.353699 437.852844 
332.179749 372.951050 
155.282974 395.388275 
306.980255 405.524109 
211.972992 425.601379 
512.922363 462.869751 
254.664383 378.744537 
359.500427 394.917572 
223.316879 388.881653 
291.819214 442.044098 
394.490631 430.991577 
211.972992 425.601379 
195.308334 376.979675 
132.097290 386.882202 
158.085373 356.256622 
98.456223 360.268005 
179.028534 353.229431 
239.752914 391.359192 
332.676392 458.576874 
218.209106 390.745728 
232.983353 403.919708 
500.033661 437.955048 
23.455502 352.283447 
407.748444 456.215912 
30.958807 379.003418 
335.527008 452.653625 
493.485443 431.937622 
338.262177 367.733490 
19.307816 388.065918 
297.958344 424.591797 
93.961365 396.601959 
195.396896 414.854126 
581.735840 411.722076 
70.984283 355.083252 
184.423935 437.267181 
358.965881 444.789886 
300.841339 381.056366 
23.455502 352.283447 
57.536041 391.954895 
159.892883 380.932770 
111.501572 368.777679 
263.853058 381.589447 
263.853058 381.589447 
175.381821 373.529266 
120.542587 406.959442 
288.658539 404.785583 
39.832928 397.730103 
295.891968 362.890259 
520.361633 418.359192 
91.799637 357.877045 
107.700081 361.997253 
348.352722 462.371185 
492.244476 218.272903 
425.435455 141.321136 
348.352722 462.371185 
311.299164 173.685791 
188.445648 407.289764 
475.232178 257.536926 
508.854065 430.292511 
418.577209 429.451538 
27.563269 418.567200 
43.761585 381.439972 
479.814819 208.625305 
91.799637 357.877045 
487.860718 471.083740 
63.377663 388.433380 
468.344391 203.134781 
323.258789 421.623474 
501.486237 252.033722 
137.673203 322.376251 
347.237152 361.844116 
277.196442 126.301201 
533.193787 298.060089 
137.673203 322.376251 
487.563995 332.360352 
471.403107 457.299866 
487.860718 471.083740 
383.000366 416.369843 
581.897949 443.341858 
11.988356 372.734344 
123.079834 307.940948 
474.830658 326.079041 
382.932709 443.323242 
361.278381 71.354836 
337.664337 389.408142 
346.737823 402.538513 
342.952179 54.644718 
389.931274 114.862068 
128.148819 345.914246 
57.758915 315.973389 
499.605377 371.990234 
217.944550 190.926941 
359.231506 250.694519 
371.508759 60.007286 
483.848053 223.265869 
165.498657 322.280121 
437.369659 226.056839 
58.146473 364.187836 
406.863495 221.672012 
70.199020 269.297333 
290.096161 184.639404 
513.824585 426.406036 
394.076660 160.975327 
468.344391 203.134781 
113.014618 186.771713 
385.631470 460.348663 
171.231354 286.724426 
362.898712 457.608337 
405.556152 77.730377 
378.269775 38.716995 
371.508759 60.007286 
409.524109 155.637314 
469.833069 310.544891 
92.720749 275.123108 
278.238312 140.725739 
29.503767 421.202393 
251.474930 316.385773 
113.014618 186.771713 
58.146473 364.187836 
494.906464 216.711273 
345.422455 48.968822 
355.878571 65.827202 
276.526917 176.690674 
394.137573 286.490662 
581.735840 411.722076 
250.716766 169.413193 
372.407227 72.417496 
414.827179 168.328400 
178.587555 204.421402 
378.269775 38.716995 
385.210754 55.805443 
413.893555 109.936119 
74.607964 148.766266 
475.232178 257.536926 
581.735840 411.722076 
472.172607 337.615509 
499.361328 89.898140 
200.877640 392.865112 
63.715778 291.739563 
217.708038 365.313171 
29.503767 421.202393 
493.103088 369.215485 
362.156799 379.025391 
418.734070 37.941792 
578.883240 404.675293 
468.344391 203.134781 
581.735840 411.722076 
535.051514 178.323074 
63.745609 229.264511 
356.823822 149.357834 
546.827209 448.728210 
312.182983 353.681061 
133.009552 303.276184 
122.444527 242.556931 
422.486816 262.791046 
546.827209 448.728210 
246.085159 31.069550 
297.347137 202.332733 
319.851227 472.737335 
334.158051 78.940758 
344.206604 75.141411 
349.751404 251.920654 
315.476318 322.507294 
421.987000 450.174469 
386.647003 39.033699 
252.956589 322.438629 
549.585449 321.272095 
252.956589 322.438629 
276.640198 416.648804 
77.597054 324.615051 
241.601791 184.619385 
504.859985 101.910896 
492.539337 104.639946 
269.641235 357.501892 
438.809418 287.681488 
236.417465 38.433842 
74.607964 148.766266 
178.829910 295.792999 
245.871338 203.615875 
333.178375 94.395454 
235.405960 208.798721 
74.607964 148.766266 
267.529755 337.489624 
76.635147 281.995087 
394.137573 286.490662 
536.245361 37.244404 
226.205811 56.712269 
369.033905 255.140961 
499.605377 371.990234 
555.043335 323.657410 
184.750305 383.626923 
581.735840 411.722076 
386.816498 151.468826 
61.828320 221.836487 
133.726959 216.933090 
389.931274 114.862068 
224.072021 323.426300 
516.397827 37.811031 
504.859985 101.910896 
479.814819 208.625305 
395.881683 461.909851 
20.127676 411.336914 
358.970490 198.777374 
218.193802 306.442230 
218.193802 306.442230 
627.749023 55.923309 
267.529755 337.489624 
205.150238 391.238068 
90.639153 290.836823 
267.529755 337.489624 
581.735840 411.722076 
499.361328 89.898140 
267.529755 337.489624 
448.978302 156.405334 
121.784821 292.519135 
581.735840 411.722076 
274.397125 344.723450 
486.558105 200.808029 
522.349426 471.856110 
535.051514 178.323074 
373.289795 159.032593 
305.735138 272.932251 
504.859985 101.910896 
418.734070 37.941792 
370.535431 195.457993 
581.897949 443.341858 
155.276306 210.651459 
314.210754 166.593124 
549.585449 321.272095 
165.479782 210.362854 
520.361633 418.359192 
335.527008 452.653625 
279.143188 81.384918 
121.122414 298.467987 
27.563269 418.567200 
549.585449 321.272095 
370.535431 195.457993 
520.361633 418.359192 
442.543304 275.987885 
348.593323 469.340729 
344.206604 75.141411 
326.757629 198.806641 
178.587555 204.421402 
218.193802 306.442230 
607.155396 399.490173 
315.503448 189.127228 
344.206604 75.141411 
249.613754 468.974091 
394.137573 286.490662 
269.641235 357.501892 
372.407227 72.417496 
269.641235 357.501892 
80.585907 301.119110 
440.072632 109.413147 
578.883240 404.675293 
284.035065 161.732849 
406.252869 297.435150 
328.906372 146.670090 
362.156799 379.025391 
330.728210 171.214966 
526.529114 87.401070 
526.529114 87.401070 
358.970490 198.777374 
365.424622 58.770985 
156.837067 194.881516 
607.155396 399.490173 
581.897949 443.341858 
279.218506 233.377197 
80.585907 301.119110 
225.087036 117.117294 
259.653748 202.820786 
301.515991 453.911591 
276.245056 318.592316 
134.642136 270.820099 
267.529755 337.489624 
312.182983 353.681061 
370.514069 42.428993 
394.137573 286.490662 
29.503767 421.202393 
267.199921 248.001343 
499.523224 118.590271 
252.956589 322.438629 
468.344391 203.134781 
246.085159 31.069550 
196.747253 147.944672 
520.361633 418.359192 
581.897949 443.341858 
326.216858 123.450951 
413.991028 359.708313 
442.152527 323.325592 
581.735840 411.722076 
248.576263 239.130417 
267.529755 337.489624 
581.897949 443.341858 
178.587555 204.421402 
504.859985 101.910896 
394.137573 286.490662 
218.193802 306.442230 
264.784607 330.032104 
174.388474 293.306519 
350.108673 108.108261 
242.463501 10.810620 
267.529755 337.489624 
267.529755 337.489624 
453.581512 326.277832 
504.859985 101.910896 
492.539337 104.639946 
578.883240 404.675293 
581.897949 443.341858 
581.735840 411.722076 
223.316879 388.881653 
546.827209 448.728210 
252.956589 322.438629 
297.049255 334.918243 
90.522980 60.257553 
526.529114 87.401070 
258.895905 365.520172 
267.529755 337.489624 
593.506958 136.763657 
267.529755 337.489624 
344.206604 75.141411 
427.801422 129.961121 
522.349426 471.856110 
394.137573 286.490662 
267.529755 337.489624 
470.242371 197.655762 
328.310028 322.638733 
504.859985 101.910896 
323.081970 363.797394 
246.004929 217.221054 
274.571533 15.750166 
581.897949 443.341858 
218.193802 306.442230 
235.391495 289.439087 
323.081970 363.797394 
246.085159 31.069550 
304.353699 437.852844 
218.193802 306.442230 
499.361328 89.898140 
267.529755 337.489624 
326.757629 198.806641 
224.072021 323.426300 
394.164764 128.061066 
271.906708 156.694138 
77.597054 324.615051 
499.361328 89.898140 
394.137573 286.490662 
362.156799 379.025391 
499.732056 121.862122 
27.563269 418.567200 
359.231506 250.694519 
269.641235 357.501892 
267.529755 337.489624 
138.483307 178.681915 
134.642136 270.820099 
258.895905 365.520172 
499.361328 89.898140 
308.603729 37.500084 
215.107132 383.046722 
581.897949 443.341858 
535.179260 72.631577 
218.193802 306.442230 
337.386566 78.888603 
258.895905 365.520172 
547.702881 63.336514 
305.735138 272.932251 
159.892883 380.932770 
291.819214 442.044098 
263.853058 381.589447 
568.344421 447.970093 
492.539337 104.639946 
492.539337 104.639946 
520.361633 418.359192 
350.572205 369.373535 
63.745609 229.264511 
578.883240 404.675293 
468.344391 203.134781 
253.176880 181.591644 
216.710617 442.835114 
479.814819 208.625305 
435.689667 152.049728 
499.523224 118.590271 
499.361328 89.898140 
371.219055 184.810837 
27.563269 418.567200 
276.640198 416.648804 
261.264587 353.848511 
299.984222 308.174652 
5.939236 268.111786 
156.837067 194.881516 
532.586853 107.187698 
425.089203 118.887810 
267.529755 337.489624 
276.640198 416.648804 
246.085159 31.069550 
407.748444 456.215912 
414.827179 168.328400 
372.561890 31.150192 
241.128662 199.594772 
435.689667 152.049728 
221.298141 246.833801 
263.853058 381.589447 
58.146473 364.187836 
369.033905 255.140961 
401.007446 50.430286 
546.827209 448.728210 
340.904602 67.360359 
158.085373 356.256622 
270.982788 33.505264 
416.307465 147.585144 
304.353699 437.852844 
549.585449 321.272095 
29.503767 421.202393 
406.252869 297.435150 
120.433075 80.097542 
33.662079 340.358002 
361.278381 71.354836 
602.665466 399.738403 
276.640198 416.648804 
302.818970 351.244812 
162.008942 236.709244 
536.263245 88.780182 
457.826630 80.271721 
225.115540 306.769104 
125.403770 250.076141 
546.827209 448.728210 
479.814819 208.625305 
234.102036 420.933319 
450.361023 99.858650 
508.012207 186.761887 
344.206604 75.141411 
526.529114 87.401070 
473.846100 287.969910 
312.182983 353.681061 
218.193802 306.442230 
276.245056 318.592316 
369.033905 255.140961 
297.049255 334.918243 
568.344421 447.970093 
236.621277 66.120926 
593.506958 136.763657 
229.113403 325.288727 
218.475220 210.312042 
486.558105 200.808029 
61.448013 407.245178 
238.153442 271.843079 
504.859985 101.910896 
1.730602 419.534485 
472.745300 124.691467 
158.085373 356.256622 
155.282974 395.388275 
139.072800 453.550507 
427.801422 129.961121 
457.826630 80.271721 
581.897949 443.341858 
223.316879 388.881653 
348.216309 204.609589 
323.258789 421.623474 
584.755493 270.968170 
324.061340 270.235291 
578.883240 404.675293 
592.125610 253.317886 
515.552612 66.726784 
278.771729 14.718314 
134.642136 270.820099 
492.244476 218.272903 
394.164764 128.061066 
594.770325 426.817566 
594.770325 426.817566 
439.975128 311.730072 
295.891968 362.890259 
499.732056 121.862122 
74.607964 148.766266 
611.568542 405.453644 
81.672447 40.907909 
92.720749 275.123108 
532.586853 107.187698 
121.784821 292.519135 
542.269226 209.839310 
344.206604 75.141411 
57.536041 391.954895 
304.353699 437.852844 
581.897949 443.341858 
402.313385 124.251801 
349.751404 251.920654 
440.072632 109.413147 
248.531357 198.917389 
383.000366 416.369843 
578.883240 404.675293 
486.558105 200.808029 
414.827179 168.328400 
218.607864 208.581970 
440.072632 109.413147 
325.456818 77.184601 
