500
446.185211 109.204498 
484.922821 126.284546 
403.770294 59.209660 
402.658569 145.522552 
445.020416 79.142845 
496.195190 183.763794 
556.125732 206.338715 
474.426300 113.885445 
415.231171 103.966583 
606.224426 299.324005 
433.949432 107.564316 
407.732239 81.040474 
432.836548 76.670967 
576.191772 195.131439 
388.683807 43.054050 
529.153564 197.817398 
606.224426 299.324005 
407.166321 33.793159 
418.379944 73.048805 
415.231171 103.966583 
508.698975 183.366577 
478.084656 159.379959 
350.616180 36.510262 
407.166321 33.793159 
456.585876 87.234093 
477.325867 142.334305 
418.568726 44.782162 
474.479980 145.578964 
350.616180 36.510262 
593.165283 264.931976 
571.932129 246.833771 
378.007202 86.053688 
590.316345 281.014404 
439.197693 145.617065 
404.349701 105.758232 
439.197693 145.617065 
383.056793 29.024323 
535.888062 136.841324 
516.091003 150.020462 
518.581787 160.611465 
429.738037 113.198135 
506.707153 133.233963 
474.479980 145.578964 
329.823608 26.922413 
178.701599 271.860840 
617.875610 296.393799 
358.395630 121.479134 
498.927887 114.434006 
506.707153 133.233963 
294.316071 301.708679 
368.242065 120.512848 
370.820953 150.077682 
483.708679 160.036545 
181.578720 178.528336 
565.125671 232.733444 
300.418976 359.576752 
407.060974 127.545258 
423.778839 174.171158 
194.504211 147.413208 
461.159576 250.112854 
594.664612 217.674377 
292.609802 293.138245 
166.067139 187.752213 
623.401367 239.268753 
164.586899 83.184204 
196.974579 313.447754 
194.504211 147.413208 
280.860901 287.605530 
253.899948 252.666016 
193.428024 301.196411 
538.836243 244.656464 
221.121674 76.305840 
280.860901 287.605530 
211.501465 193.434784 
200.406219 268.117096 
262.964172 237.577942 
161.778946 381.556427 
169.129318 384.856384 
206.927505 389.202972 
291.087097 210.995697 
120.200966 268.790863 
291.966644 33.238789 
616.532654 239.230148 
173.857635 305.900909 
494.744812 245.611298 
383.816437 333.750183 
169.654190 172.402954 
209.190369 167.454132 
230.397110 35.842384 
585.151672 305.322388 
493.457947 166.186203 
446.185211 109.204498 
163.515167 337.145874 
209.190369 167.454132 
203.880096 74.912239 
524.618958 279.319122 
222.407730 185.486862 
472.479858 389.454498 
567.206116 323.091156 
217.976868 283.389587 
417.416840 208.094391 
317.996277 302.011719 
573.096252 143.051376 
276.840881 294.080475 
534.485840 323.216797 
156.939102 173.017273 
214.850250 328.746002 
225.365204 104.004250 
499.956726 167.692078 
344.684113 335.814606 
472.479858 389.454498 
541.097046 188.885071 
236.622787 79.172470 
383.097351 145.139297 
472.200562 273.702911 
133.483887 365.394928 
202.626205 255.458511 
176.934891 386.424927 
235.478241 41.153660 
278.600647 162.450668 
423.778839 174.171158 
172.859329 272.329559 
289.844574 460.658295 
325.920105 316.350525 
190.720642 358.714539 
171.163803 367.045807 
306.423523 346.920807 
320.835968 283.937622 
101.199265 66.681274 
200.280884 365.429962 
367.130768 149.403992 
232.441208 299.067719 
566.556213 241.512817 
353.442810 99.050377 
227.028946 372.667358 
547.652466 165.124542 
133.483887 365.394928 
383.097351 145.139297 
196.974579 313.447754 
89.214012 280.715515 
550.904297 266.925354 
550.691833 339.358185 
287.793182 306.757385 
178.085632 96.504608 
519.061157 258.230927 
169.129318 384.856384 
424.587769 341.558044 
344.947510 124.196320 
394.936890 174.698425 
596.000671 403.622070 
31.494171 307.826233 
242.623047 169.151443 
352.036438 8.803878 
298.710480 287.013489 
364.760651 170.980988 
513.593140 279.142822 
161.598770 54.960365 
240.775848 139.185669 
341.873138 374.808899 
289.844574 460.658295 
215.526443 270.892242 
571.909180 287.817535 
321.191162 290.083252 
387.149719 172.999969 
414.411896 182.009750 
364.818665 299.794678 
630.078979 255.786621 
557.174194 306.873596 
420.291321 202.953110 
289.844574 460.658295 
344.947510 124.196320 
360.269348 327.257568 
279.997253 22.066381 
231.935913 147.599228 
630.411377 198.179321 
544.085388 310.343994 
353.442810 99.050377 
132.376282 173.392761 
90.719009 267.826019 
300.473358 214.935654 
89.214012 280.715515 
299.405457 450.988708 
420.291321 202.953110 
216.816772 370.536469 
101.199265 66.681274 
242.879120 300.319153 
90.719009 267.826019 
216.816772 370.536469 
278.600647 162.450668 
394.936890 174.698425 
470.340210 262.885559 
423.778839 174.171158 
290.215271 449.818573 
600.049866 219.688354 
358.395630 121.479134 
166.067139 187.752213 
192.161621 51.140766 
230.397110 35.842384 
414.411896 182.009750 
416.586761 175.934647 
414.411896 182.009750 
187.778030 87.315460 
469.591187 353.456421 
315.700806 12.068764 
609.078186 264.003784 
473.127350 267.138000 
48.596859 316.206146 
102.900612 186.304993 
285.441803 202.503220 
414.411896 182.009750 
279.997253 22.066381 
216.816772 370.536469 
414.411896 182.009750 
145.622620 36.533703 
139.764465 318.023804 
414.411896 182.009750 
352.213623 266.118835 
552.047058 325.227295 
344.947510 124.196320 
353.445068 302.276398 
291.672272 271.547882 
423.778839 174.171158 
557.174194 306.873596 
90.719009 267.826019 
439.176727 342.770020 
493.350433 336.782684 
414.411896 182.009750 
474.479980 145.578964 
299.405457 450.988708 
64.890297 268.336212 
64.890297 268.336212 
373.277557 16.463648 
290.215271 449.818573 
342.677246 393.810822 
348.595490 218.938461 
90.719009 267.826019 
291.672272 271.547882 
402.658569 145.522552 
278.600647 162.450668 
291.966644 33.238789 
166.067139 187.752213 
74.114166 176.128555 
233.093353 283.391418 
293.486572 471.159698 
265.517975 316.475861 
193.428024 301.196411 
274.425964 147.139542 
420.291321 202.953110 
165.703506 420.688110 
534.958008 384.412109 
397.277344 193.742630 
403.770294 59.209660 
190.720642 358.714539 
49.232777 126.210312 
424.587769 341.558044 
293.486572 471.159698 
603.934631 379.225861 
377.511902 309.136078 
474.868317 132.733459 
219.289413 375.159515 
202.626205 255.458511 
279.997253 22.066381 
215.389328 335.457092 
289.844574 460.658295 
278.600647 162.450668 
166.492035 248.435806 
329.739899 170.610535 
369.541504 259.702728 
90.719009 267.826019 
367.147217 32.354778 
552.361877 187.106415 
150.790985 292.861206 
414.411896 182.009750 
381.516418 276.362671 
278.600647 162.450668 
416.193115 468.453339 
423.778839 174.171158 
383.097351 145.139297 
387.149719 172.999969 
416.586761 175.934647 
414.411896 182.009750 
278.600647 162.450668 
90.719009 267.826019 
276.137665 397.009552 
372.748322 296.965057 
478.084656 159.379959 
72.210915 97.417038 
278.600647 162.450668 
477.325867 142.334305 
273.586548 473.779541 
420.291321 202.953110 
89.214012 280.715515 
344.947510 124.196320 
630.411377 198.179321 
414.411896 182.009750 
290.215271 449.818573 
278.600647 162.450668 
423.778839 174.171158 
64.890297 268.336212 
224.747986 370.786133 
308.825989 445.174774 
445.020416 79.142845 
447.853760 347.853424 
414.411896 182.009750 
477.325867 142.334305 
411.467438 171.570877 
414.411896 182.009750 
414.411896 182.009750 
455.190735 321.602509 
255.998566 338.185425 
489.953766 130.632645 
331.519684 367.483124 
74.114166 176.128555 
202.626205 255.458511 
583.251465 222.843246 
40.581314 128.012451 
571.909180 287.817535 
90.719009 267.826019 
417.416840 208.094391 
516.076538 295.550232 
418.021942 239.382843 
170.321640 394.869720 
370.820953 150.077682 
387.149719 172.999969 
414.411896 182.009750 
166.067139 187.752213 
308.825989 445.174774 
290.215271 449.818573 
353.442810 99.050377 
516.076538 295.550232 
227.419403 339.334930 
161.598770 54.960365 
599.550537 196.069397 
90.719009 267.826019 
33.141975 280.986084 
319.945435 336.139862 
493.457947 166.186203 
189.149933 421.805359 
161.598770 54.960365 
482.467010 169.094376 
394.936890 174.698425 
121.131592 309.392792 
89.214012 280.715515 
491.515747 377.286163 
414.411896 182.009750 
468.982208 323.461975 
310.674744 324.741180 
293.486572 471.159698 
353.442810 99.050377 
551.156738 316.128937 
342.677246 393.810822 
571.909180 287.817535 
233.825211 378.003662 
439.197693 145.617065 
175.569397 257.902039 
168.219818 292.173798 
414.411896 182.009750 
348.416992 323.879364 
216.816772 370.536469 
193.428024 301.196411 
229.192886 420.321960 
625.099670 303.798737 
274.425964 147.139542 
233.825211 378.003662 
175.569397 257.902039 
529.153564 197.817398 
278.600647 162.450668 
278.600647 162.450668 
467.023590 137.681061 
109.908241 217.199692 
132.376282 173.392761 
166.067139 187.752213 
155.010468 363.722656 
89.214012 280.715515 
155.719086 188.884598 
121.131592 309.392792 
511.325012 115.856544 
423.485596 96.927910 
418.379944 73.048805 
417.416840 208.094391 
408.510590 283.576019 
40.581314 128.012451 
348.595490 218.938461 
609.078186 264.003784 
478.084656 159.379959 
25.413734 189.081863 
31.513176 193.128113 
493.743896 328.423828 
25.413734 189.081863 
393.194031 316.462585 
474.479980 145.578964 
31.513176 193.128113 
353.442810 99.050377 
383.097351 145.139297 
131.473267 313.049835 
439.197693 145.617065 
89.214012 280.715515 
511.325012 115.856544 
397.277344 193.742630 
217.976868 283.389587 
166.067139 187.752213 
139.764465 318.023804 
446.185211 109.204498 
31.494171 307.826233 
404.349701 105.758232 
439.197693 145.617065 
498.927887 114.434006 
293.295410 372.339081 
186.847061 119.759186 
290.215271 449.818573 
271.011780 249.737854 
120.200966 268.790863 
156.939102 173.017273 
489.953766 130.632645 
397.277344 193.742630 
25.413734 189.081863 
121.131592 309.392792 
417.416840 208.094391 
361.062469 311.545319 
446.185211 109.204498 
277.318146 256.275146 
417.416840 208.094391 
141.960953 356.761139 
394.936890 174.698425 
423.485596 96.927910 
551.946350 232.037231 
64.890297 268.336212 
439.197693 145.617065 
477.325867 142.334305 
161.598770 54.960365 
129.893417 262.972992 
70.718079 247.434006 
57.424114 263.043945 
432.836548 76.670967 
477.325867 142.334305 
90.719009 267.826019 
178.183853 131.745453 
498.927887 114.434006 
525.031555 326.784973 
64.260384 292.325836 
53.522903 128.046600 
89.214012 280.715515 
344.947510 124.196320 
467.354065 90.092194 
474.868317 132.733459 
423.485596 96.927910 
247.970871 456.892883 
74.114166 176.128555 
380.816284 382.198578 
200.280884 365.429962 
383.097351 145.139297 
616.532654 239.230148 
263.980774 245.338150 
404.349701 105.758232 
402.658569 145.522552 
163.751251 166.968094 
587.284851 344.455200 
240.975479 411.357605 
102.900612 186.304993 
91.189789 92.456459 
219.289413 375.159515 
240.975479 411.357605 
100.890465 166.096527 
276.840881 294.080475 
394.936890 174.698425 
90.719009 267.826019 
534.485840 323.216797 
388.816376 150.499878 
387.149719 172.999969 
68.912361 300.269165 
190.270203 386.977417 
33.141975 280.986084 
57.424114 263.043945 
247.970871 456.892883 
70.718079 247.434006 
445.020416 79.142845 
90.719009 267.826019 
617.875610 296.393799 
40.183353 176.234222 
202.626205 255.458511 
474.868317 132.733459 
474.868317 132.733459 
435.252625 125.698883 
508.828796 255.964828 
161.598770 54.960365 
255.590652 391.054016 
432.836548 76.670967 
394.936890 174.698425 
370.820953 150.077682 
129.893417 262.972992 
233.825211 378.003662 
576.191772 195.131439 
278.600647 162.450668 
477.325867 142.334305 
367.130768 149.403992 
90.719009 267.826019 
351.695099 241.128265 
150.790985 292.861206 
189.645462 203.567871 
371.401245 385.968536 
