500
389.482513 89.202271 
409.289520 89.848183 
564.898010 151.526123 
389.482513 89.202271 
384.274414 132.039597 
528.357788 150.501114 
483.565277 153.881134 
512.020752 186.032028 
415.221313 59.970131 
354.131531 111.103836 
450.007263 89.027298 
421.250854 126.299690 
402.633118 59.606354 
569.385498 203.003204 
292.916412 28.417269 
546.953735 166.417709 
461.785736 133.276794 
592.499207 172.520721 
421.250854 126.299690 
428.247681 65.811699 
356.772491 129.664917 
457.986877 115.859879 
485.366028 102.429642 
382.835449 30.360489 
518.598999 161.934097 
314.224152 34.040863 
314.224152 34.040863 
428.994232 132.326569 
403.917938 74.216064 
495.878357 151.219711 
387.480103 58.313225 
406.205139 95.941010 
335.942047 80.974937 
485.366028 102.429642 
370.025452 21.899776 
370.025452 21.899776 
586.846619 170.398071 
386.166748 113.946259 
350.216278 78.154137 
454.593964 118.833328 
593.235168 233.266998 
611.764709 187.987122 
497.575195 117.339027 
499.691132 127.608543 
305.451660 305.332397 
172.991684 203.442261 
321.362732 361.226685 
567.628357 186.658798 
254.053864 23.829716 
180.254608 170.576279 
347.137909 114.251732 
336.129669 116.193474 
205.190445 113.957542 
263.774139 247.730530 
560.043701 190.048904 
159.196365 215.081253 
561.151062 197.864899 
221.537125 74.736732 
257.513763 264.289673 
354.548065 142.805832 
211.837784 333.690033 
447.674591 125.373596 
223.742004 384.391113 
627.971497 201.911057 
192.655807 14.965213 
462.412628 99.194916 
473.738190 84.872177 
180.254608 170.576279 
203.831802 106.131615 
182.851517 362.945312 
583.859558 122.959930 
302.099304 296.984436 
519.408508 224.353027 
493.101562 215.619095 
235.579407 405.777039 
329.323364 302.126251 
286.537079 216.598953 
196.296844 54.574661 
167.536850 245.455688 
193.726440 96.010582 
210.175446 391.717285 
206.977325 288.564514 
160.345291 199.522858 
399.260468 321.320007 
319.227142 461.167786 
320.978027 52.534328 
593.920715 217.240738 
592.713684 258.392456 
196.379730 408.943115 
519.408508 224.353027 
214.050751 203.309921 
204.592209 213.488953 
176.839249 97.738388 
630.531555 337.319885 
422.182251 89.659203 
196.379730 408.943115 
496.192688 360.766052 
203.144958 121.836906 
195.752808 390.998077 
286.805511 300.547333 
360.847656 330.011536 
325.248627 347.617249 
202.776474 307.677307 
496.192688 360.766052 
410.591187 191.817352 
578.091187 278.949615 
147.681229 202.054276 
350.767487 142.668839 
564.781250 297.904694 
211.837784 333.690033 
339.373199 314.184479 
475.970398 247.050430 
437.968323 171.147324 
446.008331 327.227051 
187.287079 330.224487 
266.056244 170.934998 
213.347427 379.613464 
422.182251 89.659203 
379.696594 167.923706 
365.635406 368.334381 
300.025543 311.349518 
210.215027 96.247108 
250.244141 388.324188 
531.394165 126.464035 
545.562012 284.828064 
275.865692 15.697845 
319.227142 461.167786 
344.240051 214.539200 
228.299210 415.269135 
157.845764 396.167023 
328.092377 95.076416 
196.296844 54.574661 
472.248840 236.496262 
440.654541 321.837921 
365.987915 135.832855 
517.386658 244.668472 
562.968079 283.653961 
608.746277 213.060165 
212.245819 320.027130 
296.412628 218.682968 
328.878845 282.740479 
100.475807 319.435974 
331.028412 27.456053 
224.685425 154.501343 
576.580933 243.124985 
329.313263 289.067078 
215.666260 394.690186 
240.555191 386.928253 
374.485565 291.220093 
352.421173 164.041809 
403.264526 166.596298 
99.459198 306.981781 
99.459198 306.981781 
91.974403 205.105194 
374.618835 318.905914 
222.932907 288.620636 
266.056244 170.934998 
407.271698 146.781708 
565.074097 264.826843 
487.117310 325.844940 
230.904388 184.510849 
66.882378 364.543854 
235.590759 27.732920 
138.853195 207.076508 
235.590759 27.732920 
217.448273 163.949905 
248.761047 385.297363 
279.195892 209.039688 
403.264526 166.596298 
78.076157 302.623016 
412.084595 185.928772 
398.395599 156.839584 
235.590759 27.732920 
206.623581 274.151184 
412.084595 185.928772 
306.996368 289.678192 
93.178398 277.206818 
552.899597 270.510010 
363.769623 295.696838 
131.476547 85.261192 
159.196365 215.081253 
328.092377 95.076416 
403.264526 166.596298 
111.423096 308.272278 
403.264526 166.596298 
403.930939 160.222290 
111.423096 308.272278 
403.264526 166.596298 
241.953156 297.915833 
403.264526 166.596298 
206.623581 274.151184 
536.509827 206.783844 
412.084595 185.928772 
163.159622 112.146057 
556.541626 345.027100 
155.703735 348.432892 
131.476547 85.261192 
111.423096 308.272278 
99.459198 306.981781 
475.326630 239.921936 
523.822754 260.046387 
74.015396 107.091225 
475.248474 212.782806 
156.117065 284.501251 
297.300598 276.047607 
227.198059 300.334595 
118.253876 11.270648 
297.300598 276.047607 
263.610321 234.186234 
125.522606 226.227112 
138.853195 207.076508 
266.056244 170.934998 
379.696594 167.923706 
235.590759 27.732920 
526.601746 253.228989 
170.296707 274.733887 
236.484970 122.519844 
100.475807 319.435974 
162.830246 321.785065 
303.987610 403.350769 
336.129669 116.193474 
204.939758 408.564209 
87.833214 318.358582 
240.555191 386.928253 
235.590759 27.732920 
403.264526 166.596298 
319.227142 461.167786 
355.927429 260.359497 
412.084595 185.928772 
388.337250 181.228333 
286.294464 466.312042 
407.271698 146.781708 
240.555191 386.928253 
412.084595 185.928772 
167.536850 245.455688 
159.196365 215.081253 
279.743500 324.539612 
421.037476 143.685715 
258.605499 156.507126 
440.654541 321.837921 
51.771770 141.737915 
180.596085 282.459106 
111.423096 308.272278 
198.768692 444.179871 
192.655807 14.965213 
233.562134 352.004456 
422.310638 151.393127 
192.655807 14.965213 
372.173523 250.649185 
111.423096 308.272278 
213.347427 379.613464 
403.264526 166.596298 
565.074097 264.826843 
111.423096 308.272278 
511.030365 246.272949 
365.987915 135.832855 
461.785736 133.276794 
99.459198 306.981781 
539.696899 147.468414 
111.423096 308.272278 
111.423096 308.272278 
311.303864 6.293415 
111.423096 308.272278 
337.042419 334.966888 
78.076157 302.623016 
159.196365 215.081253 
159.196365 215.081253 
131.476547 85.261192 
99.459198 306.981781 
354.548065 142.805832 
403.264526 166.596298 
156.117065 284.501251 
403.264526 166.596298 
266.056244 170.934998 
421.037476 143.685715 
319.842621 470.695312 
246.449753 354.119781 
403.930939 160.222290 
326.146027 324.841156 
457.986877 115.859879 
496.192688 360.766052 
387.137360 265.074188 
266.056244 170.934998 
223.262634 111.567833 
340.297485 159.484802 
266.056244 170.934998 
344.240051 214.539200 
402.633118 59.606354 
398.395599 156.839584 
100.893456 192.456329 
235.590759 27.732920 
240.555191 386.928253 
415.221313 59.970131 
403.264526 166.596298 
403.264526 166.596298 
416.392944 222.579224 
353.865082 363.084137 
403.264526 166.596298 
359.021423 122.270760 
403.264526 166.596298 
354.548065 142.805832 
403.264526 166.596298 
359.021423 122.270760 
228.299210 415.269135 
111.423096 308.272278 
576.580933 243.124985 
161.304489 157.223633 
421.037476 143.685715 
345.155914 444.298157 
328.092377 95.076416 
421.250854 126.299690 
60.084476 323.067291 
467.190765 296.979767 
481.130096 296.251648 
345.155914 444.298157 
388.806763 298.172668 
111.423096 308.272278 
328.092377 95.076416 
147.144028 344.739380 
381.618713 287.082306 
410.591187 191.817352 
387.480103 58.313225 
100.475807 319.435974 
518.598999 161.934097 
403.264526 166.596298 
159.196365 215.081253 
403.264526 166.596298 
498.792358 273.309875 
421.037476 143.685715 
180.596085 282.459106 
147.144028 344.739380 
74.015396 107.091225 
362.693115 317.741119 
464.268738 324.270966 
421.250854 126.299690 
99.463661 306.816437 
196.129745 77.014496 
266.056244 170.934998 
100.475807 319.435974 
74.015396 107.091225 
241.037704 394.398590 
374.037048 158.724747 
111.423096 308.272278 
228.299210 415.269135 
561.012756 274.788269 
196.129745 77.014496 
486.679321 84.616531 
273.897308 347.526825 
111.423096 308.272278 
279.195892 209.039688 
379.696594 167.923706 
74.672218 292.467743 
258.605499 156.507126 
317.183014 374.809540 
180.596085 282.459106 
449.973541 202.655472 
354.548065 142.805832 
367.514130 387.416260 
135.667664 342.928406 
414.724335 267.535767 
405.278137 302.607239 
412.084595 185.928772 
608.746277 213.060165 
99.463661 306.816437 
28.849510 243.957504 
547.520020 191.741135 
196.129745 77.014496 
223.742004 384.391113 
583.195862 334.132660 
421.250854 126.299690 
191.889938 142.509415 
402.633118 59.606354 
196.129745 77.014496 
312.633057 465.104248 
523.822754 260.046387 
286.734070 192.430771 
377.535004 240.457748 
528.357788 150.501114 
168.018677 144.794373 
162.830246 321.785065 
131.476547 85.261192 
320.978027 52.534328 
473.738190 84.872177 
227.198059 300.334595 
388.337250 181.228333 
372.848663 303.460358 
407.554901 238.150742 
191.889938 142.509415 
207.647736 271.943512 
511.030365 246.272949 
223.742004 384.391113 
135.667664 342.928406 
280.824310 263.500732 
461.785736 133.276794 
388.337250 181.228333 
155.703735 348.432892 
99.459198 306.981781 
608.746277 213.060165 
506.369171 297.200653 
279.195892 209.039688 
354.548065 142.805832 
512.020752 186.032028 
228.299210 415.269135 
319.227142 461.167786 
362.059967 18.630930 
457.986877 115.859879 
406.464203 253.952316 
93.178398 277.206818 
222.501892 237.458115 
365.987915 135.832855 
457.986877 115.859879 
511.842926 345.274719 
528.357788 150.501114 
389.982086 400.484253 
161.304489 157.223633 
240.555191 386.928253 
147.681229 202.054276 
431.719208 209.079330 
246.548477 282.394501 
205.365036 126.595589 
286.294464 466.312042 
206.623581 274.151184 
138.853195 207.076508 
28.849510 243.957504 
296.412628 218.682968 
206.623581 274.151184 
286.805511 300.547333 
64.954803 307.726349 
434.963928 191.232391 
545.562012 284.828064 
540.456787 299.113678 
495.878357 151.219711 
266.056244 170.934998 
68.864037 134.320969 
76.999367 336.148926 
272.072571 93.351036 
240.227844 409.695435 
512.020752 186.032028 
74.672218 292.467743 
357.583221 136.348343 
356.772491 129.664917 
196.129745 77.014496 
412.761780 243.156509 
402.633118 59.606354 
111.423096 308.272278 
462.412628 99.194916 
87.833214 318.358582 
212.245819 320.027130 
265.756042 255.260178 
191.889938 142.509415 
228.299210 415.269135 
111.423096 308.272278 
414.358490 107.538368 
136.598907 296.164825 
412.084595 185.928772 
486.679321 84.616531 
354.548065 142.805832 
470.016937 360.256866 
180.254608 170.576279 
32.393837 225.860489 
564.898010 151.526123 
100.475807 319.435974 
439.469116 66.978058 
414.358490 107.538368 
286.537079 216.598953 
320.978027 52.534328 
370.218506 156.539444 
351.337616 235.713089 
461.785736 133.276794 
217.953110 407.021423 
180.596085 282.459106 
61.882702 237.274063 
593.920715 217.240738 
32.393837 225.860489 
286.294464 466.312042 
496.192688 360.766052 
100.475807 319.435974 
275.865692 15.697845 
282.657837 400.022217 
87.833214 318.358582 
236.336487 381.409576 
388.337250 181.228333 
342.083069 118.094254 
184.971619 226.465973 
156.117065 284.501251 
326.787140 210.374161 
422.310638 151.393127 
553.165283 115.925529 
109.307907 254.157990 
415.221313 59.970131 
485.366028 102.429642 
312.633057 465.104248 
99.459198 306.981781 
286.734070 192.430771 
498.792358 273.309875 
328.092377 95.076416 
135.667664 342.928406 
509.887970 169.925156 
210.215027 96.247108 
87.833214 318.358582 
