500
55.905144 388.924377 
267.244812 433.658569 
282.951019 436.089172 
184.678268 422.266754 
318.787476 365.924835 
72.538269 427.585266 
450.207520 410.177979 
194.381775 444.409515 
267.524048 403.706177 
39.727703 424.689117 
336.258789 406.036560 
262.277435 417.335266 
394.599670 435.663696 
327.893829 444.159698 
280.337555 388.570282 
221.863800 396.891876 
355.290405 369.097137 
187.298874 407.337708 
264.713776 451.695648 
152.998062 439.415802 
370.687469 453.446045 
220.269485 428.156433 
336.258789 406.036560 
161.024780 417.956757 
221.568573 458.275635 
326.436310 382.830261 
59.910202 427.630341 
296.179138 358.194946 
339.166199 438.093567 
246.319870 442.186218 
413.571655 403.339233 
251.305420 403.958008 
149.035233 451.396515 
444.871674 438.340607 
201.529617 397.285950 
289.877014 389.571228 
212.193710 405.794556 
408.295258 125.117897 
246.319870 442.186218 
124.523842 434.110199 
123.118866 397.356232 
486.637390 189.666031 
289.877014 389.571228 
374.879211 395.709991 
367.986725 355.734344 
86.934692 382.674316 
342.212250 397.537903 
352.459473 431.645142 
300.401337 177.036362 
318.042114 408.240814 
88.584457 435.961182 
258.634552 135.864563 
476.559753 230.781021 
200.491547 398.370636 
206.343872 43.239265 
486.130951 394.755585 
94.513893 431.170593 
307.120667 182.449051 
476.559753 230.781021 
466.380798 198.342575 
310.287445 53.839832 
472.643066 181.109009 
510.793671 143.432816 
283.083191 357.424561 
363.937317 384.101868 
35.944096 466.925323 
313.617584 445.354126 
319.345581 179.291519 
540.893494 260.679596 
342.520660 31.854282 
488.284485 298.168457 
266.669067 185.989197 
501.629089 302.597748 
366.753387 106.709061 
360.476990 243.576385 
306.108887 190.482620 
211.598846 209.969635 
49.838291 438.463928 
182.868607 347.665894 
479.402344 194.557861 
75.211174 360.642242 
138.617477 341.786194 
332.314178 67.999580 
324.233643 63.623653 
434.367462 205.667068 
319.345581 179.291519 
54.962852 404.739532 
338.552307 342.020538 
363.084290 189.981903 
319.426788 170.931030 
515.565613 292.958679 
520.078003 339.605499 
488.718079 310.139069 
106.716301 224.014801 
352.505524 47.677731 
452.317474 225.258896 
342.806763 339.962006 
543.393066 371.545837 
303.241730 168.525894 
106.716301 224.014801 
379.042603 149.731522 
103.525017 313.764587 
480.564880 283.681885 
342.520660 31.854282 
266.549072 327.197998 
76.811607 335.796661 
350.646393 30.152988 
431.005646 219.680054 
389.132599 95.611229 
235.893738 214.450989 
239.628647 182.864395 
393.646240 142.092636 
449.972900 159.182877 
377.087372 65.135414 
159.362503 276.504578 
343.495544 66.942207 
95.230103 396.985046 
422.206879 54.446461 
459.050476 176.935013 
340.024323 54.217968 
305.541595 76.215385 
10.917753 27.109503 
382.868652 24.537916 
261.935486 149.179214 
330.583740 321.705688 
370.838806 141.801514 
182.286362 312.718933 
240.387817 29.487211 
214.145187 40.987782 
308.107483 93.706055 
490.082367 138.977600 
316.356140 71.648087 
89.496361 323.162354 
147.043304 335.286774 
484.396149 183.009964 
307.872833 421.804413 
513.381897 338.497803 
167.534302 228.163315 
291.704529 207.696182 
377.453735 357.249390 
174.912949 230.384003 
468.802979 67.680748 
447.069397 267.447327 
210.418915 51.038548 
205.374146 28.169188 
79.782066 240.093002 
332.936615 54.386929 
452.317474 225.258896 
366.378845 107.580276 
96.106384 340.976898 
288.062775 202.797302 
241.089218 381.797729 
365.925446 205.994873 
233.142212 201.374802 
306.763062 343.918762 
274.399780 339.201172 
212.761597 43.631523 
184.734558 31.818918 
196.478729 433.275543 
521.143677 178.081146 
312.006958 275.431183 
281.159393 191.293930 
397.343811 153.061264 
520.936096 272.940918 
137.429260 403.486053 
104.245338 330.637054 
230.258636 224.608429 
125.900322 277.721680 
72.910309 187.962738 
216.844559 153.690155 
424.643921 245.792404 
96.877800 362.980286 
424.159424 447.316406 
247.029709 223.014801 
160.646881 33.821262 
199.926132 53.075214 
495.240967 80.941742 
507.566620 45.828918 
382.868652 24.537916 
125.996857 368.184418 
82.316437 310.877319 
149.462921 377.814423 
616.472168 82.462273 
488.995239 335.289459 
227.080505 25.089533 
498.623718 70.312752 
576.273438 218.935059 
7.021650 37.866833 
351.703156 247.158875 
415.151428 91.237640 
164.647141 236.006180 
372.393738 247.026855 
483.954498 181.293488 
132.514511 249.590042 
154.036865 351.295105 
569.423462 243.360626 
185.284683 49.528099 
201.569656 306.904999 
325.169006 196.856339 
407.921021 64.465012 
252.079941 91.171410 
632.232422 286.124634 
96.106384 340.976898 
584.828735 75.524704 
586.164246 308.701111 
422.206879 54.446461 
100.007103 300.146484 
508.322693 29.271473 
495.476654 53.530716 
582.508545 216.796677 
446.819336 67.358559 
183.963486 11.252340 
490.267395 382.160095 
585.773010 283.028320 
620.111938 37.905781 
638.198242 424.563507 
568.571106 37.921097 
574.783569 211.011200 
482.851318 138.122879 
548.045288 279.805847 
415.056274 196.148010 
629.914673 77.327744 
608.117615 364.524139 
279.618774 242.680328 
477.652985 73.171997 
250.371292 252.506027 
414.266418 284.332581 
311.972076 45.759743 
83.797852 408.128754 
536.752319 172.816376 
450.594025 308.656189 
304.537811 50.272614 
94.808235 329.913269 
499.898224 248.540085 
393.979034 272.519165 
564.730164 94.248688 
389.775604 185.109528 
312.693634 147.799942 
293.997650 166.648270 
267.017334 255.890381 
207.408310 134.288239 
253.967270 214.510284 
447.133698 255.240219 
336.800049 37.231853 
55.463612 284.125153 
325.877472 106.156822 
623.814270 376.515839 
70.743172 15.304717 
175.913910 29.207520 
461.136475 54.043339 
310.030853 79.092888 
343.495544 66.942207 
228.758789 42.004807 
72.910309 187.962738 
82.038162 41.211048 
235.518723 409.074768 
539.006897 395.265747 
133.700607 319.364502 
243.407394 231.034546 
525.656311 23.485003 
464.767517 96.803673 
273.978119 452.311798 
173.411591 52.407471 
499.156860 34.718338 
429.694427 117.581665 
600.406921 362.843842 
628.054871 383.910492 
154.036865 351.295105 
116.044090 316.456299 
326.450439 196.307663 
613.768677 395.373718 
481.006500 58.435677 
125.884506 28.870022 
249.680603 449.066010 
17.203920 36.336914 
130.204514 283.990875 
523.830017 42.986973 
288.824890 21.128325 
176.039841 44.231174 
360.747375 469.759949 
419.730865 38.871349 
235.997757 16.753025 
211.914154 31.857212 
11.944784 10.489051 
343.898895 320.510315 
359.150543 149.453186 
312.030518 275.681335 
405.996552 78.335083 
217.188828 61.284946 
303.982880 338.587036 
560.063965 433.593079 
245.316254 303.749756 
190.263214 174.536789 
603.853088 42.356564 
240.819870 58.178123 
335.607422 26.349424 
298.487854 59.758518 
76.924744 32.767548 
551.610840 35.018208 
148.547501 360.820221 
256.350769 167.129364 
121.501808 249.051392 
372.589020 447.451080 
442.441864 95.898087 
204.128250 134.959045 
220.000839 450.376404 
507.381989 428.133240 
548.483032 45.778931 
141.802948 16.272503 
48.402557 31.542177 
565.744995 433.443512 
563.008423 224.626389 
151.960953 329.762512 
300.048096 50.971291 
270.946472 168.245819 
55.728069 284.516815 
240.588989 118.688171 
372.649628 432.873383 
245.832123 195.033859 
621.806946 110.473633 
576.064758 88.612831 
224.434677 265.098755 
52.506454 92.577232 
134.001068 410.371094 
165.026718 265.080872 
325.678619 44.304089 
375.855469 215.414108 
530.254150 424.926056 
468.687897 78.547913 
273.373749 44.335957 
173.759048 141.456680 
45.065529 46.348652 
604.402100 75.795235 
418.227325 429.586670 
525.561584 389.746643 
173.098938 127.784958 
231.023010 9.195437 
433.794647 160.100418 
82.562820 143.727310 
577.156494 206.275360 
73.946022 351.352020 
565.192505 203.648315 
453.370453 14.398612 
134.526306 13.761770 
307.136688 421.194946 
142.295715 304.936218 
270.380127 267.768738 
177.187897 17.180681 
407.992004 31.800695 
545.533813 390.811584 
305.046173 125.080055 
402.317902 208.213165 
363.084290 189.981903 
4.076043 276.979675 
18.362957 399.823486 
153.400711 240.441544 
68.910751 153.924728 
341.178802 454.763367 
188.650787 232.106323 
180.998383 383.178558 
495.656097 156.483337 
90.727585 120.509560 
225.452484 110.347847 
278.692810 69.524666 
506.782867 79.370735 
300.048096 50.971291 
505.539246 156.338303 
160.148987 61.611122 
305.105560 304.441986 
624.333862 180.248291 
331.752075 468.247284 
325.808197 472.937225 
532.338623 404.030334 
600.168030 33.186108 
373.404785 264.417450 
329.847656 269.773071 
607.008484 406.744537 
228.685623 172.957336 
198.730148 296.170685 
614.685852 120.969620 
211.688980 83.921402 
416.983948 62.595627 
142.295715 304.936218 
426.938843 75.606560 
293.997650 166.648270 
77.381180 124.181740 
63.185898 43.467686 
148.709091 103.114609 
604.546509 223.944397 
602.494629 323.116791 
10.933035 360.690491 
439.425171 96.015877 
428.013519 66.533340 
609.369568 309.128235 
150.451294 54.730022 
187.864365 67.971695 
616.249146 188.629257 
616.249146 188.629257 
317.184692 12.117730 
214.806061 229.459488 
242.784821 212.046616 
451.222168 30.377771 
617.566406 447.184631 
407.927704 442.712219 
304.050201 17.757742 
165.034637 348.064606 
254.129013 39.393581 
595.090515 37.105232 
617.483765 235.087418 
263.850494 412.980988 
241.954437 286.684052 
246.576141 417.228149 
483.957886 292.106659 
600.112122 153.255707 
218.191650 221.605988 
548.483582 381.261902 
156.137115 115.130814 
276.264282 29.247309 
215.792465 302.952606 
561.177734 295.940094 
625.123413 318.502869 
631.307007 25.383198 
480.738464 35.209927 
222.510452 468.870728 
133.826065 52.921879 
297.782410 77.937447 
470.563110 55.233410 
178.128632 8.987839 
454.412445 109.779198 
579.677368 194.305359 
526.477356 321.865021 
438.051697 69.060188 
271.280060 83.150208 
621.159668 359.118500 
428.953308 57.932091 
180.998383 383.178558 
75.163170 351.905975 
152.226868 360.174744 
527.981262 94.666725 
467.394440 166.884384 
581.347290 471.603149 
598.651855 284.006256 
360.078278 362.891449 
502.764679 17.088951 
31.629978 53.687557 
157.082153 261.148499 
217.589035 12.878469 
576.251160 119.748306 
332.467163 241.385422 
108.616806 63.054550 
62.566452 199.427933 
63.126873 378.985046 
146.706985 309.406647 
142.568054 28.973503 
229.710663 148.721466 
63.740303 249.180023 
581.103699 22.649046 
156.969452 244.779617 
563.935120 213.011795 
615.046082 175.384384 
263.850494 412.980988 
88.511024 171.316101 
132.250290 206.170425 
625.146667 148.761032 
550.549988 305.830292 
520.184326 67.484917 
565.744995 433.443512 
286.006256 66.782089 
175.825439 118.854759 
597.794495 446.512817 
512.713745 115.146095 
564.015442 213.955017 
141.290207 308.083160 
47.988625 402.109131 
589.620728 206.136749 
452.840698 91.307274 
581.347290 471.603149 
340.109741 145.390625 
109.912918 368.950958 
368.853149 9.877748 
528.958008 80.368370 
120.441399 124.223648 
65.193604 269.870300 
552.068542 22.911535 
345.074188 103.500366 
345.983826 471.860840 
63.451008 56.145103 
568.181641 397.126129 
115.630959 396.027924 
349.576050 269.235870 
572.175781 151.172714 
65.783714 260.742004 
498.827667 93.074371 
427.627106 415.620636 
582.444885 453.114319 
467.938782 81.461639 
99.341080 115.497177 
57.179424 255.410812 
295.326080 261.002502 
239.602753 270.295532 
