108
391.536774 366.038116 
388.306854 99.768349 
359.560913 366.411285 
359.560913 366.411285 
359.560913 366.411285 
377.680145 79.062820 
487.030243 131.488525 
447.598480 367.410461 
168.505066 190.704071 
406.844452 72.242928 
80.786026 157.163483 
478.762726 341.021484 
398.440643 91.580185 
97.073990 89.139130 
447.598480 367.410461 
148.222656 122.317169 
25.173288 344.496399 
237.304550 140.307724 
478.353363 279.021423 
478.353363 279.021423 
175.326981 139.151154 
468.462067 61.513824 
480.579224 385.883545 
295.993683 66.935104 
345.730988 351.748352 
328.979889 21.419893 
473.171173 224.885544 
388.306854 99.768349 
451.867584 213.889908 
501.788605 52.169136 
425.939941 408.937225 
220.626907 100.527420 
422.968597 426.205048 
193.953186 69.938187 
377.680145 79.062820 
434.874176 83.889175 
467.748627 78.131454 
109.096329 423.136292 
280.950439 54.610184 
296.077362 319.729584 
160.657089 33.183594 
479.612335 394.822144 
368.263367 62.131939 
467.748627 78.131454 
313.072235 409.901917 
470.199097 314.130432 
392.166229 176.919342 
70.917381 211.033112 
184.446854 40.300350 
387.651978 71.817360 
467.748627 78.131454 
142.618454 52.921082 
201.187622 237.952560 
63.584129 110.538155 
69.763565 348.859650 
362.309631 174.565277 
155.115829 28.215473 
406.528137 55.261787 
467.748627 78.131454 
58.077759 371.982513 
364.277283 125.736694 
124.666084 218.071732 
403.248596 153.417465 
151.575073 420.453369 
244.424377 109.908562 
307.343933 160.489899 
256.877136 134.064346 
132.373932 414.141235 
276.320068 329.724426 
495.410248 92.781433 
98.819359 222.493454 
68.966164 299.618561 
145.850418 416.081085 
46.705444 376.030701 
296.759979 357.904938 
346.038849 231.015869 
307.343933 160.489899 
221.850052 325.639771 
406.528137 55.261787 
447.746185 177.415009 
442.834930 77.455627 
236.021423 79.347534 
115.009048 43.418278 
43.819363 331.964355 
306.219116 419.704529 
45.500584 435.951569 
336.833618 97.469986 
59.117519 24.301607 
452.264038 306.586334 
359.848785 116.562210 
401.614502 287.429565 
325.650604 420.847992 
79.796204 430.727753 
98.383255 406.102173 
420.625000 277.555847 
88.722939 78.815453 
132.706879 145.138214 
125.217758 201.204025 
328.979889 21.419893 
287.732727 177.368332 
292.839905 332.792786 
408.078552 117.382484 
68.736107 377.279144 
139.374420 43.709267 
340.448975 198.854187 
112.942032 227.070862 
464.935364 152.533157 
442.556427 202.585190 
