500
209.199905 104.707390 
178.661270 126.138367 
252.641876 71.568047 
252.641876 71.568047 
213.322296 92.921921 
125.399269 174.982758 
236.519897 57.900333 
201.846329 123.324638 
183.369385 88.608612 
294.820923 56.925037 
193.668213 78.751999 
247.663895 105.959335 
251.006256 67.975311 
125.399269 174.982758 
210.728012 171.736664 
138.234131 138.251404 
111.607536 193.300446 
178.930649 100.942368 
201.846329 123.324638 
335.160309 40.850067 
53.618759 261.573761 
131.897141 118.594513 
222.970184 66.059746 
20.117723 329.760040 
267.651093 70.106133 
144.651199 109.267387 
151.386642 110.990913 
172.384003 114.223892 
131.897141 118.594513 
93.436272 228.716446 
323.833740 59.211323 
226.722321 42.262463 
97.559837 168.335083 
50.890980 269.335388 
247.663895 105.959335 
296.377838 44.468166 
214.085190 109.831902 
278.089691 55.427437 
276.422089 31.870947 
54.948116 278.731415 
122.881050 141.387253 
144.157227 174.621048 
376.329315 276.043854 
235.043869 366.012085 
100.523956 245.824646 
265.106659 31.431158 
206.941406 347.685608 
209.419678 182.054993 
25.454233 244.298096 
52.468933 250.835785 
223.956604 134.839157 
247.460983 37.422626 
206.941406 347.685608 
434.285278 280.644287 
177.946793 156.419998 
354.381256 102.983055 
241.656342 382.483307 
27.142668 325.952332 
326.639954 362.793640 
253.432632 377.422241 
381.276489 252.833969 
370.878510 373.824036 
130.235504 275.884491 
141.557022 308.994568 
362.124542 25.163553 
355.923645 69.170654 
286.656281 263.321411 
229.479218 336.277435 
388.092560 410.801788 
290.406006 80.989670 
240.513290 174.358719 
423.561157 193.549576 
255.573837 338.852692 
247.460983 37.422626 
315.008453 26.616253 
240.225479 142.257904 
447.014771 377.152527 
380.113708 283.698151 
213.322296 92.921921 
394.363983 45.201534 
227.203522 376.377350 
273.638306 385.641876 
249.413956 327.016022 
229.479218 336.277435 
345.357422 347.927551 
296.157684 74.092789 
278.023224 317.748871 
396.409027 247.328552 
262.353638 57.670929 
256.898071 432.068268 
137.348526 325.810608 
359.827301 287.053162 
103.610153 292.672729 
332.610443 347.538757 
445.353394 86.053185 
56.430153 216.030075 
281.158875 49.815880 
112.562309 230.936874 
493.784515 115.838470 
438.207397 154.614853 
103.610153 292.672729 
94.003128 205.013260 
229.256073 444.908234 
529.221313 324.303711 
201.080963 186.771606 
418.543549 232.327606 
436.544342 413.805969 
439.295258 43.391758 
493.784515 115.838470 
169.238220 308.876404 
305.485504 138.551056 
320.918915 307.516815 
419.260803 407.899567 
20.117723 329.760040 
146.861481 294.716980 
445.139282 151.461868 
436.544342 413.805969 
359.827301 287.053162 
373.073212 47.198906 
314.476990 358.589630 
20.117723 329.760040 
225.493637 388.910126 
423.059265 271.810120 
422.993652 380.017853 
411.300842 446.026611 
310.446564 247.211243 
380.081390 95.686317 
392.075531 56.064667 
404.831970 412.600677 
439.581177 405.803314 
14.446304 279.634918 
118.186554 356.986908 
239.198044 177.708359 
100.523956 245.824646 
153.927734 354.948822 
236.713089 266.791840 
118.780769 401.737701 
456.060211 240.874023 
414.287628 387.642426 
110.927109 425.051666 
362.877747 268.964020 
187.057785 182.475449 
109.033592 148.757278 
260.499878 184.401382 
434.995941 355.552551 
444.060791 26.506397 
370.878510 373.824036 
359.098358 395.627686 
20.117723 329.760040 
238.294235 160.823914 
300.401031 135.194748 
162.777481 304.711578 
395.667786 360.269897 
110.222603 363.696869 
529.221313 324.303711 
457.951324 29.720503 
236.952209 304.493988 
253.432632 377.422241 
100.523956 245.824646 
279.318604 136.853928 
430.959534 365.058746 
189.055527 285.234589 
20.117723 329.760040 
412.880859 215.464600 
236.713089 266.791840 
369.052399 248.964783 
300.401031 135.194748 
457.930298 112.369316 
304.356201 208.241669 
118.186554 356.986908 
262.728485 125.950462 
13.732157 342.124451 
386.772308 206.149734 
27.142668 325.952332 
206.977921 300.585815 
272.653259 134.620880 
226.554871 399.157837 
291.881866 255.138489 
445.128784 10.768843 
92.073509 246.573990 
294.703064 290.436218 
317.595367 112.935760 
14.446304 279.634918 
431.742035 420.540344 
373.556824 93.773109 
240.225479 142.257904 
427.077576 17.908054 
12.492411 245.965607 
92.073509 246.573990 
92.073509 246.573990 
520.109497 285.182434 
279.318604 136.853928 
276.906921 267.774994 
428.380646 31.606180 
187.057785 182.475449 
118.186554 356.986908 
354.321259 377.496552 
368.412598 96.040413 
411.300842 446.026611 
312.306732 458.844757 
112.562309 230.936874 
20.117723 329.760040 
446.291931 413.795380 
438.207397 154.614853 
241.656342 382.483307 
403.344910 50.358562 
500.197510 54.162193 
467.740601 310.462250 
54.948116 278.731415 
53.942989 306.664062 
252.641876 71.568047 
229.256073 444.908234 
346.665131 272.847168 
279.318604 136.853928 
198.299500 181.840530 
35.319408 351.786285 
118.186554 356.986908 
427.077576 17.908054 
462.392120 206.254715 
197.459137 113.152527 
27.142668 325.952332 
27.142668 325.952332 
405.692932 320.369507 
291.298157 12.151508 
236.713089 266.791840 
92.073509 246.573990 
430.959534 365.058746 
226.554871 399.157837 
451.453033 51.870899 
475.209503 246.377731 
288.169678 155.650772 
301.759552 392.274902 
430.959534 365.058746 
27.142668 325.952332 
92.073509 246.573990 
385.366180 306.332489 
27.142668 325.952332 
414.287628 387.642426 
220.416183 269.323730 
515.469727 309.410339 
200.387482 429.665405 
92.073509 246.573990 
387.253662 217.924362 
262.728485 125.950462 
198.299500 181.840530 
104.610344 366.403259 
89.531876 376.166168 
262.728485 125.950462 
346.665131 272.847168 
279.318604 136.853928 
241.471298 69.225288 
443.826721 145.173767 
351.390106 213.074173 
238.294235 160.823914 
305.770142 409.785400 
236.713089 266.791840 
263.917175 111.993698 
20.117723 329.760040 
419.433533 465.827423 
347.645508 194.713531 
27.142668 325.952332 
35.319408 351.786285 
236.713089 266.791840 
279.318604 136.853928 
342.695618 416.265381 
366.449829 185.575089 
27.142668 325.952332 
237.318512 170.844467 
237.318512 170.844467 
435.546448 362.500946 
427.978760 107.974846 
312.306732 458.844757 
300.401031 135.194748 
20.117723 329.760040 
263.917175 111.993698 
92.073509 246.573990 
279.318604 136.853928 
605.713562 180.294235 
54.948116 278.731415 
352.287872 412.876434 
20.117723 329.760040 
493.784515 115.838470 
480.319305 415.852570 
12.492411 245.965607 
423.836426 121.184692 
226.554871 399.157837 
118.186554 356.986908 
347.946228 332.742798 
305.770142 409.785400 
100.523956 245.824646 
397.998932 195.404114 
167.657578 287.095856 
263.917175 111.993698 
236.713089 266.791840 
320.943115 323.202484 
305.485504 138.551056 
279.318604 136.853928 
307.430939 470.585724 
573.162842 211.140686 
240.513290 174.358719 
312.306732 458.844757 
279.318604 136.853928 
198.299500 181.840530 
314.476990 358.589630 
20.117723 329.760040 
354.321259 377.496552 
279.318604 136.853928 
251.006256 67.975311 
401.586914 348.229584 
414.857361 256.609497 
251.295166 193.224777 
271.373322 121.214539 
406.495209 55.943260 
237.318512 170.844467 
445.768372 289.261261 
223.051453 162.861328 
247.663895 105.959335 
247.663895 105.959335 
187.057785 182.475449 
100.523956 245.824646 
223.051453 162.861328 
262.728485 125.950462 
279.318604 136.853928 
438.207397 154.614853 
267.651093 70.106133 
312.306732 458.844757 
320.918915 307.516815 
187.057785 182.475449 
353.898682 448.087128 
198.299500 181.840530 
183.369385 88.608612 
254.840775 394.816254 
529.221313 324.303711 
279.318604 136.853928 
317.595367 112.935760 
454.779022 387.473450 
183.173477 339.130890 
407.463684 226.579330 
263.917175 111.993698 
313.307526 385.065765 
312.306732 458.844757 
92.073509 246.573990 
336.482788 143.413895 
236.713089 266.791840 
54.948116 278.731415 
313.307526 385.065765 
172.384003 114.223892 
14.910516 358.028656 
454.779022 387.473450 
361.234497 446.852478 
304.356201 208.241669 
236.713089 266.791840 
279.318604 136.853928 
252.641876 71.568047 
123.244164 157.887360 
423.839203 37.909431 
520.109497 285.182434 
50.890980 269.335388 
378.156677 159.818756 
247.663895 105.959335 
56.430153 216.030075 
56.430153 216.030075 
633.045959 231.928955 
437.533813 84.367882 
408.223389 181.013321 
345.357422 347.927551 
252.641876 71.568047 
448.543884 251.841568 
278.089691 55.427437 
14.446304 279.634918 
276.906921 267.774994 
226.554871 399.157837 
482.222626 361.135040 
198.299500 181.840530 
508.334137 288.785828 
50.890980 269.335388 
633.045959 231.928955 
220.416183 269.323730 
305.485504 138.551056 
184.274887 326.680359 
110.222603 363.696869 
167.081146 235.079422 
315.008453 26.616253 
576.373230 190.891220 
178.930649 100.942368 
483.008545 98.408012 
430.959534 365.058746 
328.226349 285.435455 
594.049194 213.119370 
430.959534 365.058746 
402.242828 264.250122 
286.656281 263.321411 
125.860298 125.149841 
397.866974 212.112946 
241.656342 382.483307 
296.377838 44.468166 
263.917175 111.993698 
328.782654 373.177032 
184.274887 326.680359 
413.720123 424.138428 
178.668243 350.232086 
312.306732 458.844757 
362.714478 163.929733 
435.058136 25.456511 
213.322296 92.921921 
267.651093 70.106133 
110.927109 425.051666 
413.720123 424.138428 
435.546448 362.500946 
276.906921 267.774994 
239.198044 177.708359 
288.169678 155.650772 
118.780769 401.737701 
305.485504 138.551056 
200.387482 429.665405 
288.169678 155.650772 
599.387085 194.758759 
571.043213 190.381210 
220.710175 381.515625 
238.294235 160.823914 
245.042633 155.878998 
334.576202 323.550659 
231.374329 30.037905 
267.651093 70.106133 
225.493637 388.910126 
226.722321 42.262463 
529.221313 324.303711 
305.770142 409.785400 
442.501953 393.068542 
335.160309 40.850067 
422.993652 380.017853 
236.952209 304.493988 
226.554871 399.157837 
302.861603 461.690430 
411.300842 446.026611 
610.057739 210.409897 
27.142668 325.952332 
354.321259 377.496552 
384.250305 361.298920 
272.653259 134.620880 
278.089691 55.427437 
436.544342 413.805969 
571.043213 190.381210 
430.959534 365.058746 
411.683472 85.918221 
241.656342 382.483307 
484.255066 139.988129 
15.611763 293.976654 
358.139038 368.733704 
312.306732 458.844757 
118.186554 356.986908 
126.159729 422.779999 
240.513290 174.358719 
288.169678 155.650772 
407.925049 394.011230 
144.157227 174.621048 
432.470551 357.059082 
178.930649 100.942368 
278.089691 55.427437 
231.374329 30.037905 
605.713562 180.294235 
135.722260 458.432373 
626.698486 240.895157 
49.046871 315.627289 
252.641876 71.568047 
326.566772 208.907822 
50.890980 269.335388 
253.432632 377.422241 
456.636292 329.090363 
528.468018 128.486526 
241.471298 69.225288 
53.618759 261.573761 
430.959534 365.058746 
493.784515 115.838470 
294.384613 223.475510 
261.098511 362.451111 
345.395355 449.539948 
247.663895 105.959335 
429.572815 390.911316 
236.713089 266.791840 
189.055527 285.234589 
183.369385 88.608612 
509.782990 325.237152 
368.712311 56.848595 
236.713089 266.791840 
236.519897 57.900333 
310.833527 431.887085 
20.117723 329.760040 
625.939697 185.247101 
576.373230 190.891220 
454.779022 387.473450 
56.430153 216.030075 
252.641876 71.568047 
571.043213 190.381210 
92.073509 246.573990 
384.910126 198.045837 
131.897141 118.594513 
252.641876 71.568047 
540.783936 306.577362 
183.369385 88.608612 
