536
89.556633 359.195923 
146.056076 340.167297 
360.896301 198.678665 
201.983841 309.349426 
183.407089 358.943634 
100.898445 359.708588 
258.806885 287.506989 
259.990845 307.581482 
189.646194 421.113037 
592.197693 81.391106 
547.256592 87.289192 
349.173004 314.619629 
202.058640 308.976868 
229.046936 127.611626 
94.769775 148.610840 
319.779144 311.218201 
192.296310 305.084778 
621.725037 372.552551 
23.372772 358.034332 
193.265060 115.837700 
80.818558 110.245049 
102.220749 31.724537 
216.312149 279.536987 
185.197296 408.743500 
332.264008 208.694611 
482.707611 140.416321 
612.794128 135.926056 
506.210419 263.966980 
111.324867 89.657639 
601.305786 372.791992 
59.272057 324.328369 
185.197296 408.743500 
92.960304 134.437820 
69.062408 242.398987 
189.147842 149.297913 
587.604797 352.338593 
33.970474 170.539383 
226.599609 157.218567 
180.927231 300.806976 
480.528778 269.009552 
283.771362 318.848389 
78.630348 166.192719 
51.041668 247.078323 
293.122040 244.774704 
389.145325 407.678497 
566.582642 121.114876 
242.646912 254.273560 
589.250366 122.791924 
478.343658 105.519791 
95.706627 364.700989 
216.436600 279.394623 
170.757233 407.445618 
203.439819 262.650513 
304.580566 329.027466 
605.379700 90.450485 
191.996567 331.421356 
136.350983 129.237228 
242.193207 131.766006 
39.162659 136.078583 
186.319870 257.108215 
23.256466 358.435059 
527.973389 100.376503 
188.039734 393.174530 
126.752151 35.308910 
501.617035 178.047653 
100.453003 408.788452 
160.587021 118.715027 
106.931946 191.320328 
28.419580 351.548492 
264.610077 60.723091 
200.694778 114.994766 
53.314114 352.485413 
312.477844 279.646362 
211.095261 37.493481 
503.732635 129.635971 
112.225967 115.318123 
99.255135 62.492634 
41.875050 277.454132 
591.290039 139.896652 
501.377960 372.504822 
615.503723 177.576401 
89.754044 19.916756 
186.319870 257.108215 
267.651611 333.756042 
594.454895 144.000198 
460.953949 124.282387 
512.424072 253.267288 
292.852600 349.813477 
257.241669 327.021301 
252.786545 118.651825 
546.757812 155.529648 
53.851059 294.687317 
176.682266 145.855591 
245.449615 59.394615 
592.822021 94.832100 
568.839478 417.670197 
528.390869 64.286987 
161.643661 69.598396 
90.005257 30.128286 
360.896301 198.678665 
303.494812 393.889435 
454.019409 76.874794 
407.020111 415.673645 
125.216270 138.087479 
528.518311 117.405663 
130.906631 65.826851 
234.655457 77.872986 
515.716614 274.948944 
600.827698 92.304901 
124.267471 106.128105 
307.891357 357.344116 
160.326813 171.912094 
421.976196 99.755249 
337.178894 292.573425 
137.018600 188.193039 
584.410278 171.287781 
501.377960 372.504822 
452.287231 71.989761 
617.825378 153.352585 
488.953461 188.728546 
91.904945 409.505554 
507.536011 138.204025 
522.919373 57.017124 
273.994232 350.926453 
81.880051 51.894344 
251.157211 140.654526 
508.947449 151.535751 
402.992188 75.573448 
78.542267 358.580353 
74.817924 90.661911 
233.582718 413.933075 
244.657547 115.134239 
70.661797 358.130280 
479.057404 180.245972 
463.626953 129.983597 
391.496155 465.122559 
120.652000 121.170227 
62.912460 173.660904 
533.405273 166.479080 
482.237366 80.657585 
267.090759 205.464935 
182.865173 135.601791 
371.542908 442.142792 
449.936188 139.170242 
240.404785 72.511223 
235.835236 192.012344 
516.509460 126.109337 
440.008667 170.830200 
613.501892 121.076157 
313.616241 118.799942 
292.852600 349.813477 
568.780334 189.019867 
290.038269 304.943756 
404.000885 163.604156 
275.620972 78.438461 
513.489746 168.505783 
509.181580 100.772522 
384.856720 324.850525 
555.632202 283.514526 
591.041748 158.117218 
307.891357 357.344116 
49.879650 153.012360 
103.029175 19.890739 
48.181576 167.536911 
417.100128 447.165710 
598.072449 143.095184 
345.757782 99.411064 
252.029739 158.735962 
180.047119 77.333130 
547.164612 127.563187 
372.804077 457.915344 
241.387009 52.266739 
340.092072 78.256500 
101.291435 179.779602 
84.990219 298.684570 
593.176941 69.393089 
90.913063 167.107254 
516.962158 93.074860 
562.438965 138.072784 
256.290649 63.152542 
506.482819 86.644089 
411.047028 458.349976 
530.346069 251.044312 
210.954422 160.536865 
516.291931 203.224152 
593.321838 125.190132 
115.448471 354.873749 
89.434975 61.628693 
549.112549 72.254539 
500.323822 79.647369 
596.449158 27.815861 
581.279236 151.185638 
223.761581 172.346313 
468.530884 78.656883 
252.868164 101.442390 
542.344238 257.062683 
536.688660 259.427063 
521.936035 401.429413 
266.961273 36.229309 
201.152634 162.978653 
600.727966 64.176750 
595.122131 183.808640 
406.360565 135.386490 
210.612167 133.540787 
135.583740 255.503967 
310.735535 56.002266 
312.574860 72.394676 
154.397858 147.329803 
478.509064 154.585648 
181.366165 66.209747 
208.900513 334.576935 
536.518005 236.361847 
516.966187 19.281414 
238.890869 220.523483 
357.188873 343.913696 
422.964203 447.217896 
601.204773 107.579277 
114.252342 26.283121 
258.783966 40.519417 
452.746063 195.479874 
447.207031 375.738770 
423.297089 106.804512 
257.173248 53.714413 
308.932770 140.191940 
254.754318 76.588142 
201.736649 31.049341 
632.076538 168.857742 
235.510544 194.960617 
170.860291 191.565613 
137.781723 113.589615 
500.295319 79.890381 
186.766037 90.166069 
498.013519 200.823868 
25.254124 312.816589 
146.798019 386.739532 
59.160172 273.632599 
31.264460 293.963745 
144.353989 40.164097 
615.799744 80.772820 
569.461548 27.853628 
585.688049 224.843872 
261.908417 86.009048 
423.678192 92.995300 
542.366272 379.337280 
103.268646 131.580032 
127.847427 230.784378 
42.173332 90.541908 
236.874359 158.990097 
17.478954 363.837830 
164.927887 95.922501 
48.651531 120.141830 
606.850342 113.947159 
236.105957 165.186279 
16.739019 405.047546 
36.038498 358.449127 
415.803986 260.684631 
67.955261 44.898659 
527.877014 88.448875 
618.301392 122.675423 
610.032593 134.422745 
548.360596 80.794777 
488.376434 96.113716 
326.108459 380.201050 
119.997108 252.545654 
72.841324 9.828470 
597.715088 31.004120 
625.651428 156.439850 
234.426941 172.446808 
508.193878 113.851578 
183.758286 412.934509 
622.840820 98.177956 
438.262360 107.526039 
112.694138 241.115341 
175.996719 217.276520 
592.669800 112.418060 
624.095276 201.672623 
116.629616 264.578705 
18.994698 161.432358 
139.331177 267.250122 
382.629242 156.035660 
101.948959 161.741638 
263.401794 140.178955 
459.435913 388.867493 
357.590485 130.633530 
579.127747 397.614136 
586.979065 108.215599 
425.908081 137.389328 
611.085571 291.971100 
200.560867 401.729156 
282.246246 392.332123 
139.068893 152.805832 
318.141510 455.429688 
437.174316 92.530212 
187.175644 179.787399 
358.064819 84.774330 
120.906334 421.593964 
401.540863 358.982544 
462.302704 448.980225 
477.235077 198.260666 
251.109146 165.080215 
600.599304 283.480164 
308.637451 201.684952 
230.118652 131.805481 
189.902557 45.513382 
202.314316 254.459152 
91.904945 409.505554 
580.789734 293.912689 
210.716888 97.656754 
258.356903 351.724945 
204.020706 129.202332 
335.485413 281.245758 
398.723450 116.614738 
297.656372 99.921196 
212.712112 183.575378 
232.636398 41.377388 
547.195251 108.436600 
263.918396 103.450897 
336.297546 64.711319 
476.824005 104.133011 
43.009232 152.768219 
183.758286 412.934509 
188.137222 76.894272 
563.189758 458.397064 
212.396439 173.921616 
202.314316 254.459152 
308.637451 201.684952 
626.938904 12.443205 
483.358551 169.972778 
439.795990 180.799576 
98.115898 252.359955 
525.532227 166.358780 
570.794739 52.380119 
592.568481 54.411995 
398.723450 116.614738 
342.924500 51.502224 
401.697327 214.407822 
538.929260 74.981163 
523.886230 124.071609 
568.830750 111.938545 
523.956909 348.796661 
523.956909 348.796661 
96.997963 155.992279 
581.008118 17.098095 
632.229492 144.428802 
553.243591 49.368149 
129.690720 360.124939 
431.218323 40.313671 
208.307892 458.234039 
383.116302 10.153268 
21.481802 451.387329 
134.504822 54.389664 
553.243591 49.368149 
160.917419 464.419189 
527.707275 221.564972 
573.146912 444.017639 
258.433838 300.547882 
626.200562 274.675720 
547.893860 101.516418 
16.097710 92.855133 
589.202820 268.208862 
71.580750 234.147964 
208.480850 103.304787 
197.552826 134.342712 
431.423492 164.907013 
521.907166 250.040283 
168.668686 426.803589 
443.054321 100.744926 
542.137329 24.832554 
362.452545 116.447548 
628.714355 453.998169 
62.945152 244.865524 
106.696724 434.359375 
489.417023 59.241436 
365.336884 5.898579 
236.905609 148.989838 
112.004852 160.154190 
155.908539 22.259739 
318.300720 43.415604 
596.339783 160.789459 
21.468542 127.633247 
472.316833 87.092018 
500.936493 121.304321 
416.930817 136.211807 
9.786097 192.020203 
413.981049 230.117279 
505.120331 428.764648 
554.722107 181.932693 
516.621887 418.558807 
382.629242 156.035660 
425.697540 304.373352 
445.251495 50.831627 
462.835846 68.952194 
551.854248 416.150238 
39.082729 428.943512 
335.298096 399.816406 
531.679932 364.894226 
445.364716 185.079025 
555.692261 146.960281 
513.507507 46.078640 
388.128601 106.681763 
432.431763 99.595451 
29.042185 21.641691 
438.190887 80.691124 
534.820618 47.469574 
49.022152 308.495605 
199.555817 425.059082 
564.804199 146.557358 
554.314819 14.021294 
104.767113 240.249359 
597.241516 186.872482 
212.697952 23.938446 
406.478729 198.918152 
412.712219 166.828995 
416.414215 397.489777 
638.526794 137.710556 
546.424194 193.384567 
404.144348 52.176041 
548.742737 90.900627 
218.936539 36.906120 
251.184540 273.950378 
455.933655 66.428932 
124.014931 186.740402 
383.041718 77.656700 
67.706299 112.369934 
40.210552 22.069939 
331.586273 130.073303 
323.402100 78.769997 
59.917244 315.774017 
617.341614 330.764496 
611.710083 109.138138 
516.557312 106.274300 
86.416306 255.504913 
287.706116 375.296509 
401.266693 153.150436 
525.869751 455.942688 
553.967712 167.712448 
328.712799 445.957764 
20.564196 223.032883 
132.877518 76.562492 
474.128540 376.684235 
297.066315 76.556053 
629.242126 128.816742 
542.096252 10.423348 
207.098312 187.095291 
624.245300 263.585358 
352.399628 64.938980 
28.657656 112.015511 
367.079407 338.870300 
624.057861 281.240814 
451.333527 282.890472 
201.813934 43.155624 
392.845551 131.844849 
106.434418 174.020325 
399.760193 167.106598 
113.548477 287.468018 
233.582718 413.933075 
286.293030 53.936981 
36.403652 370.891205 
485.761688 54.191860 
177.595551 173.000351 
156.939728 439.604065 
59.917244 315.774017 
203.418381 5.081277 
290.948914 406.628998 
225.806686 432.972351 
21.099375 206.751083 
289.404327 454.369751 
77.245300 193.246521 
468.065125 327.348175 
500.805023 56.168369 
31.541142 88.502266 
616.553162 170.142883 
607.495972 15.889331 
48.260853 356.703735 
137.456345 102.296867 
128.409424 246.634674 
145.140060 102.293159 
274.707611 365.259033 
25.982843 33.773823 
187.893372 22.988441 
181.388123 17.667997 
470.053070 216.933167 
114.352814 138.353470 
372.566772 450.684113 
22.952597 451.254242 
31.734352 70.374886 
55.617012 262.941040 
389.759064 24.892378 
622.422546 108.072243 
611.736572 160.027847 
406.537811 369.553009 
280.108917 273.036835 
399.278229 385.722839 
392.824158 302.898590 
546.303467 193.094162 
494.122070 282.795685 
188.461197 415.672668 
610.050232 216.800049 
169.361359 22.546043 
138.759125 88.110420 
203.321671 147.274689 
353.302734 303.680145 
132.770355 455.297363 
619.654053 265.264038 
257.532623 361.363098 
126.660278 171.844147 
561.768860 223.754776 
550.016357 129.401520 
182.636932 225.646500 
87.543999 192.963684 
385.911652 89.107071 
438.154327 42.853359 
543.339417 398.952698 
565.081482 339.688751 
597.097412 224.970261 
599.000305 215.608704 
509.357056 435.923035 
144.692734 20.664330 
278.378265 50.682434 
22.987194 107.716621 
405.988312 177.065079 
481.361267 109.818878 
513.507507 46.078640 
306.329529 127.788567 
348.401703 264.424500 
577.607178 29.710041 
484.750427 103.563583 
240.989014 340.776276 
583.883545 198.938095 
496.084717 164.372498 
489.417023 59.241436 
91.111061 7.495589 
112.270172 295.848206 
141.902267 57.571289 
132.294800 291.416809 
252.262497 281.827148 
