536
146.056076 340.167297 
160.778168 391.187805 
258.806885 287.506989 
201.983841 309.349426 
199.939438 294.283997 
199.939438 294.283997 
601.305786 372.791992 
372.804077 457.915344 
100.898445 359.708588 
180.035751 340.251678 
621.725037 372.552551 
230.634064 354.604156 
319.779144 311.218201 
89.556633 359.195923 
349.173004 314.619629 
183.407089 358.943634 
216.312149 279.536987 
310.079468 401.300140 
189.646194 421.113037 
209.445251 296.212311 
332.264008 208.694611 
293.122040 244.774704 
94.769775 148.610840 
587.604797 352.338593 
126.752151 35.308910 
203.439819 262.650513 
59.272057 324.328369 
259.990845 307.581482 
155.851334 329.588165 
528.390869 64.286987 
401.540863 358.982544 
310.079468 401.300140 
229.046936 127.611626 
506.210419 263.966980 
179.893295 309.622589 
480.528778 269.009552 
186.319870 257.108215 
460.953949 124.282387 
267.651611 333.756042 
389.145325 407.678497 
80.818558 110.245049 
192.296310 305.084778 
568.780334 189.019867 
360.896301 198.678665 
16.739019 405.047546 
503.732635 129.635971 
304.580566 329.027466 
407.020111 415.673645 
264.610077 60.723091 
49.022152 308.495605 
189.147842 149.297913 
89.754044 19.916756 
257.241669 327.021301 
482.707611 140.416321 
193.265060 115.837700 
273.994232 350.926453 
180.927231 300.806976 
235.835236 192.012344 
202.058640 308.976868 
478.343658 105.519791 
161.643661 69.598396 
533.405273 166.479080 
183.229187 295.116791 
547.256592 87.289192 
106.931946 191.320328 
234.655457 77.872986 
242.646912 254.273560 
592.197693 81.391106 
252.262497 281.827148 
292.852600 349.813477 
114.252342 26.283121 
92.960304 134.437820 
596.449158 27.815861 
216.436600 279.394623 
303.494812 393.889435 
337.178894 292.573425 
546.757812 155.529648 
62.912460 173.660904 
188.039734 393.174530 
313.920624 254.590775 
90.005257 30.128286 
137.018600 188.193039 
170.757233 407.445618 
482.237366 80.657585 
216.834824 342.635925 
252.262497 281.827148 
592.568481 54.411995 
226.599609 157.218567 
39.162659 136.078583 
569.461548 27.853628 
186.319870 257.108215 
23.372772 358.034332 
500.323822 79.647369 
23.256466 358.435059 
124.267471 106.128105 
468.530884 78.656883 
566.582642 121.114876 
589.250366 122.791924 
308.971710 434.929993 
200.694778 114.994766 
384.856720 324.850525 
357.188873 343.913696 
500.295319 79.890381 
283.771362 318.848389 
501.617035 178.047653 
379.341644 358.608124 
130.906631 65.826851 
186.728653 446.858124 
390.036987 360.503571 
312.477844 279.646362 
605.379700 90.450485 
216.834824 342.635925 
568.839478 417.670197 
111.324867 89.657639 
160.587021 118.715027 
348.259796 296.714233 
160.326813 171.912094 
501.377960 372.504822 
242.193207 131.766006 
357.188873 343.913696 
112.225967 115.318123 
210.828308 402.547943 
125.216270 138.087479 
612.794128 135.926056 
74.817924 90.661911 
78.542267 358.580353 
166.112061 428.484070 
506.482819 86.644089 
421.976196 99.755249 
176.682266 145.855591 
290.038269 304.943756 
390.036987 360.503571 
81.880051 51.894344 
53.851059 294.687317 
267.550568 296.060150 
98.115898 252.359955 
615.503723 177.576401 
463.626953 129.983597 
357.590485 130.633530 
292.852600 349.813477 
581.008118 17.098095 
326.108459 380.201050 
99.255135 62.492634 
233.582718 413.933075 
245.449615 59.394615 
600.827698 92.304901 
136.350983 129.237228 
591.290039 139.896652 
512.424072 253.267288 
71.627121 228.005371 
244.721664 321.395691 
182.636932 225.646500 
33.970474 170.539383 
601.204773 107.579277 
78.630348 166.192719 
528.518311 117.405663 
202.314316 254.459152 
594.454895 144.000198 
102.220749 31.724537 
521.907166 250.040283 
362.719879 48.936527 
478.509064 154.585648 
507.536011 138.204025 
542.366272 379.337280 
452.287231 71.989761 
91.904945 409.505554 
274.976715 292.193756 
536.688660 259.427063 
391.496155 465.122559 
531.679932 364.894226 
508.947449 151.535751 
194.584930 451.557251 
358.064819 84.774330 
55.617012 262.941040 
313.920624 254.590775 
595.122131 183.808640 
246.361710 398.339233 
335.485413 281.245758 
223.761581 172.346313 
374.755463 299.027802 
555.632202 283.514526 
600.727966 64.176750 
472.855255 244.778641 
95.706627 364.700989 
48.181576 167.536911 
547.195251 108.436600 
298.206146 269.156189 
252.786545 118.651825 
593.176941 69.393089 
352.191498 281.136719 
345.757782 99.411064 
199.555817 425.059082 
282.246246 392.332123 
307.891357 357.344116 
251.157211 140.654526 
431.218323 40.313671 
100.453003 408.788452 
496.084717 164.372498 
613.501892 121.076157 
287.706116 375.296509 
592.822021 94.832100 
244.657547 115.134239 
173.744461 442.479828 
146.703415 236.466949 
462.302704 448.980225 
365.336884 5.898579 
310.735535 56.002266 
508.193878 113.851578 
247.602554 384.113953 
25.254124 312.816589 
449.936188 139.170242 
554.722107 181.932693 
485.761688 54.191860 
404.000885 163.604156 
120.652000 121.170227 
522.919373 57.017124 
584.410278 171.287781 
402.992188 75.573448 
241.387009 52.266739 
591.041748 158.117218 
488.953461 188.728546 
563.189758 458.397064 
301.869171 164.167267 
488.376434 96.113716 
549.112549 72.254539 
617.825378 153.352585 
158.398544 325.938232 
132.770355 455.297363 
581.279236 151.185638 
103.029175 19.890739 
310.861877 19.834309 
146.115234 364.249451 
411.047028 458.349976 
562.438965 138.072784 
141.902267 57.571289 
201.152634 162.978653 
553.243591 49.368149 
200.560867 401.729156 
406.537811 369.553009 
307.891357 357.344116 
513.507507 46.078640 
202.314316 254.459152 
313.616241 118.799942 
208.307892 458.234039 
618.301392 122.675423 
116.629616 264.578705 
547.164612 127.563187 
182.865173 135.601791 
90.913063 167.107254 
252.029739 158.735962 
207.561569 350.145325 
425.697540 304.373352 
36.038498 358.449127 
516.966187 19.281414 
146.744110 224.919220 
598.072449 143.095184 
89.434975 61.628693 
84.990219 298.684570 
516.509460 126.109337 
481.361267 109.818878 
548.360596 80.794777 
542.137329 24.832554 
525.869751 455.942688 
115.448471 354.873749 
53.314114 352.485413 
521.936035 401.429413 
211.095261 37.493481 
266.961273 36.229309 
51.041668 247.078323 
389.759064 24.892378 
232.919983 245.147476 
570.794739 52.380119 
236.105957 165.186279 
201.736649 31.049341 
101.291435 179.779602 
186.766037 90.166069 
362.452545 116.447548 
312.574860 72.394676 
461.576477 50.736328 
597.715088 31.004120 
479.057404 180.245972 
516.962158 93.074860 
119.997108 252.545654 
498.013519 200.823868 
509.181580 100.772522 
431.423492 164.907013 
28.419580 351.548492 
415.803986 260.684631 
280.774292 330.562042 
180.047119 77.333130 
552.745972 27.454092 
320.317108 263.443359 
425.908081 137.389328 
212.396439 173.921616 
513.489746 168.505783 
438.837402 269.909546 
340.092072 78.256500 
577.607178 29.710041 
160.917419 464.419189 
234.426941 172.446808 
263.401794 140.178955 
553.243591 49.368149 
447.207031 375.738770 
210.954422 160.536865 
132.877518 76.562492 
472.316833 87.092018 
352.399628 64.938980 
546.424194 193.384567 
181.366165 66.209747 
477.235077 198.260666 
258.783966 40.519417 
606.850342 113.947159 
236.874359 158.990097 
240.404785 72.511223 
282.027496 206.584534 
500.805023 56.168369 
254.692795 373.756714 
103.268646 131.580032 
440.008667 170.830200 
516.291931 203.224152 
263.918396 103.450897 
538.929260 74.981163 
410.493286 308.966827 
417.100128 447.165710 
423.297089 106.804512 
632.076538 168.857742 
204.020706 129.202332 
438.262360 107.526039 
28.817400 239.321671 
120.906334 421.593964 
593.321838 125.190132 
261.908417 86.009048 
422.964203 447.217896 
154.397858 147.329803 
515.716614 274.948944 
615.799744 80.772820 
628.714355 453.998169 
48.651531 120.141830 
383.116302 10.153268 
445.251495 50.831627 
168.668686 426.803589 
410.493286 308.966827 
252.868164 101.442390 
187.175644 179.787399 
406.478729 198.918152 
142.036194 442.656677 
459.435913 388.867493 
318.141510 455.429688 
206.809052 372.808075 
236.905609 148.989838 
545.751526 323.393219 
137.456345 102.296867 
164.927887 95.922501 
112.694138 241.115341 
39.082729 428.943512 
553.967712 167.712448 
257.173248 53.714413 
331.586273 130.073303 
18.994698 161.432358 
62.442303 392.539551 
48.260853 356.703735 
225.806686 432.972351 
309.492584 90.006561 
610.032593 134.422745 
251.109146 165.080215 
625.651428 156.439850 
20.564196 223.032883 
139.331177 267.250122 
555.779114 384.861206 
399.760193 167.106598 
454.019409 76.874794 
527.973389 100.376503 
91.111061 7.495589 
67.955261 44.898659 
206.809052 372.808075 
201.813934 43.155624 
611.085571 291.971100 
406.360565 135.386490 
189.902557 45.513382 
43.009232 152.768219 
586.979065 108.215599 
452.746063 195.479874 
212.712112 183.575378 
437.174316 92.530212 
367.517212 360.056702 
258.433838 300.547882 
129.690720 360.124939 
141.642288 420.850281 
210.716888 97.656754 
49.879650 153.012360 
230.118652 131.805481 
626.938904 12.443205 
423.678192 92.995300 
256.290649 63.152542 
144.353989 40.164097 
62.945152 244.865524 
134.504822 54.389664 
585.688049 224.843872 
546.303467 193.094162 
344.438568 20.429501 
527.877014 88.448875 
398.723450 116.614738 
597.241516 186.872482 
101.948959 161.741638 
232.636398 41.377388 
388.128601 106.681763 
624.057861 281.240814 
419.909912 5.271224 
596.339783 160.789459 
127.610413 409.526337 
170.074905 377.837860 
416.127747 243.013123 
568.830750 111.938545 
336.297546 64.711319 
626.200562 274.675720 
416.414215 397.489777 
59.917244 315.774017 
139.068893 152.805832 
208.480850 103.304787 
21.481802 451.387329 
308.932770 140.191940 
382.629242 156.035660 
342.924500 51.502224 
592.669800 112.418060 
17.478954 363.837830 
318.300720 43.415604 
254.754318 76.588142 
607.495972 15.889331 
398.723450 116.614738 
476.824005 104.133011 
127.847427 230.784378 
297.656372 99.921196 
16.820465 17.975399 
547.893860 101.516418 
146.798019 386.739532 
87.543999 192.963684 
29.042185 21.641691 
157.913208 225.281677 
137.781723 113.589615 
132.791870 67.433151 
462.835846 68.952194 
416.930817 136.211807 
28.657656 112.015511 
167.314072 347.647156 
547.443176 175.673904 
401.697327 214.407822 
40.210552 22.069939 
164.940903 234.568573 
611.736572 160.027847 
71.580750 234.147964 
383.041718 77.656700 
136.278717 123.954819 
278.378265 50.682434 
617.341614 330.764496 
445.364716 185.079025 
224.435699 12.853561 
62.625362 389.822296 
622.840820 98.177956 
91.904945 409.505554 
289.404327 454.369751 
599.000305 215.608704 
443.054321 100.744926 
466.650879 15.447340 
207.098312 187.095291 
280.108917 273.036835 
210.612167 133.540787 
135.583740 255.503967 
523.956909 348.796661 
523.956909 348.796661 
188.137222 76.894272 
555.692261 146.960281 
295.720795 143.408005 
401.226898 36.064938 
451.333527 282.890472 
392.845551 131.844849 
525.532227 166.358780 
38.822842 389.845612 
412.712219 166.828995 
31.734352 70.374886 
523.886230 124.071609 
149.842102 63.255634 
106.434418 174.020325 
611.710083 109.138138 
418.301361 142.890991 
385.911652 89.107071 
328.712799 445.957764 
632.229492 144.428802 
517.889587 38.018066 
323.402100 78.769997 
382.629242 156.035660 
527.707275 221.564972 
286.293030 53.936981 
72.841324 9.828470 
93.032593 180.918976 
438.190887 80.691124 
419.899200 252.648117 
580.789734 293.912689 
96.997963 155.992279 
513.507507 46.078640 
638.526794 137.710556 
432.431763 99.595451 
551.854248 416.150238 
483.358551 169.972778 
265.077789 226.657822 
137.594574 239.466263 
251.184540 273.950378 
67.706299 112.369934 
573.146912 444.017639 
629.242126 128.816742 
534.820618 47.469574 
616.553162 170.142883 
489.417023 59.241436 
21.191679 373.883911 
113.193878 287.779388 
104.767113 240.249359 
285.385498 173.557632 
434.955109 325.563232 
203.321671 147.274689 
235.510544 194.960617 
458.656708 16.965624 
112.270172 295.848206 
622.422546 108.072243 
132.294800 291.416809 
455.933655 66.428932 
16.097710 92.855133 
203.335693 219.019470 
474.128540 376.684235 
439.795990 180.799576 
561.771851 167.878784 
41.847492 90.631996 
238.890869 220.523483 
250.622253 350.475128 
275.620972 78.438461 
516.557312 106.274300 
267.090759 205.464935 
162.309387 356.375732 
