500
391.128693 53.991215 
333.019897 74.476028 
405.898132 59.066681 
245.509262 49.008221 
606.337952 139.642288 
479.513702 61.184299 
335.646210 42.147259 
307.820374 107.048828 
484.717010 84.611526 
333.019897 74.476028 
428.027130 54.398552 
127.077492 17.130199 
385.335175 101.255325 
280.499634 85.082596 
416.683167 91.118385 
348.180634 37.955906 
245.509262 49.008221 
428.027130 54.398552 
444.692169 103.020355 
507.902710 93.117805 
481.914703 123.743378 
541.543518 119.732033 
460.971039 126.770035 
400.243164 88.640312 
307.323212 21.423025 
421.790924 89.254211 
407.016418 76.079552 
139.966339 42.044930 
616.544373 127.716438 
232.251541 23.784069 
609.041138 100.996521 
146.514435 48.062744 
301.737915 112.266510 
342.041351 55.408459 
546.036865 83.398514 
444.603668 65.145355 
58.264366 68.277580 
569.015686 124.916763 
620.692444 91.934067 
455.575836 42.732880 
616.544373 127.716438 
281.034271 35.210201 
339.158691 98.943672 
582.464050 88.045151 
480.106781 99.066872 
304.473572 27.350130 
528.498291 111.222183 
376.146881 98.410904 
376.146881 98.410904 
464.617676 106.470398 
519.457642 73.040642 
351.341553 75.214417 
600.167419 82.270042 
344.108063 117.109772 
119.638626 61.640984 
548.200256 122.122993 
532.300049 118.002647 
291.647491 17.628822 
147.755524 261.727112 
214.564499 338.678864 
291.647491 17.628822 
328.700836 306.314209 
532.629272 105.592247 
451.554962 72.709587 
164.767776 222.463058 
628.011719 107.265427 
131.145950 49.707520 
221.422852 50.548603 
612.436890 61.432941 
596.238281 98.559784 
160.185226 271.374695 
548.200256 122.122993 
576.622314 91.566612 
171.655579 276.865234 
316.741058 58.377155 
138.513840 227.966324 
502.326813 157.623764 
292.762939 118.155891 
362.803558 353.698792 
106.806190 181.939896 
502.326813 157.623764 
152.436096 147.639603 
256.999969 63.630131 
58.101990 36.658112 
168.578003 22.656101 
516.920166 172.059067 
165.169388 153.920929 
278.721680 408.645264 
302.335358 90.592354 
293.262207 77.461517 
297.047760 425.355438 
250.068863 365.137909 
257.066925 36.677097 
511.850525 134.084885 
582.241272 164.026657 
140.394485 108.009758 
422.055450 289.073059 
581.683289 115.839767 
280.768494 229.305481 
268.491272 419.992859 
152.137451 8.912002 
156.151932 256.734131 
474.501434 157.719894 
202.630386 253.943161 
233.136505 258.327972 
349.903839 295.360596 
569.883545 210.695511 
126.175179 53.593899 
254.368622 19.651592 
245.923676 319.024719 
276.717163 22.294603 
171.655579 276.865234 
526.985352 293.228302 
468.768616 193.275558 
234.444397 402.269684 
261.730103 441.282867 
268.491272 419.992859 
230.475906 324.362854 
170.166763 169.455292 
547.279236 204.876892 
361.761627 339.274231 
610.496216 58.797604 
388.525085 163.614227 
526.985352 293.228302 
152.137451 8.912002 
145.093521 263.288666 
294.577606 431.031311 
284.121399 414.172760 
363.473083 303.309326 
245.862427 193.509277 
58.264366 68.277580 
389.283234 310.586823 
267.592682 407.582367 
225.172867 311.672272 
461.412415 275.578613 
261.730103 441.282867 
254.789078 424.194641 
226.106598 370.063965 
565.392029 331.233734 
164.767776 222.463058 
58.264366 68.277580 
167.827347 142.384491 
140.638535 390.101990 
576.283691 188.260483 
422.291992 114.686806 
610.496216 58.797604 
146.896835 110.784531 
277.843231 100.974617 
221.265900 442.058228 
61.116795 75.324478 
171.655579 276.865234 
58.264366 68.277580 
104.948494 301.676941 
576.254395 250.735489 
283.176147 330.642181 
93.172913 31.271925 
327.817078 126.318947 
506.990448 176.723816 
517.555420 237.443085 
217.513229 217.208939 
393.914825 448.930573 
93.172913 31.271925 
581.683289 115.839767 
342.652863 277.667297 
305.472107 401.481140 
295.793396 404.858612 
290.248596 228.079346 
324.523682 157.492706 
253.352997 440.966278 
218.005264 29.826981 
387.043427 157.561371 
90.414574 158.727905 
387.043427 157.561371 
562.402771 155.384949 
363.360291 63.351780 
398.398193 295.380615 
147.460770 375.359863 
370.359039 122.498215 
135.140091 378.089447 
201.190613 192.318375 
403.582489 441.566132 
565.392029 331.233734 
461.170105 184.207016 
394.128662 276.384125 
306.821625 385.604614 
404.594055 271.201263 
565.392029 331.233734 
372.470245 142.510376 
563.364929 198.004852 
245.862427 193.509277 
103.754646 442.755585 
413.794128 423.287842 
270.966125 224.859039 
140.394485 108.009758 
84.956657 156.342590 
455.249542 96.373131 
244.061142 17.698616 
58.264366 68.277580 
253.183502 328.531158 
578.171692 258.163513 
506.273041 263.066925 
334.995941 7.775338 
250.068863 365.137909 
415.927948 156.573715 
123.602135 442.189026 
135.140091 378.089447 
160.185226 271.374695 
281.029510 281.222626 
619.872375 68.663071 
421.806366 173.557999 
421.806366 173.557999 
372.470245 142.510376 
549.360840 189.163147 
372.470245 142.510376 
58.264366 68.277580 
434.877777 88.755249 
140.638535 390.101990 
372.470245 142.510376 
191.021942 323.594757 
548.871826 219.884109 
58.264366 68.277580 
365.602844 135.276550 
153.441895 279.191986 
104.948494 301.676941 
266.710144 320.967255 
334.264893 207.067734 
135.140091 378.089447 
221.265900 442.058228 
518.075989 187.821838 
269.464844 284.542145 
58.101990 36.658112 
304.473572 27.350130 
484.723694 269.348541 
325.789246 313.406860 
90.414574 158.727905 
474.520233 269.637146 
360.856812 398.615143 
119.638626 61.640984 
518.877563 181.531982 
90.414574 158.727905 
612.436890 61.432941 
269.464844 284.542145 
119.638626 61.640984 
197.456696 204.012161 
295.793396 404.858612 
312.803528 280.901642 
461.412415 275.578613 
320.157196 7.251145 
421.806366 173.557999 
32.844730 80.509865 
324.496552 290.872772 
295.793396 404.858612 
390.386230 11.025921 
245.862427 193.509277 
370.359039 122.498215 
267.592682 407.582367 
370.359039 122.498215 
559.414124 178.880875 
199.927368 370.586884 
61.116795 75.324478 
311.093628 333.329956 
277.843231 100.974617 
309.271820 308.785034 
233.772263 182.356339 
47.211441 343.093079 
113.470688 392.598938 
113.470688 392.598938 
281.029510 281.222626 
274.575256 421.229034 
483.162903 285.118469 
32.844730 80.509865 
58.101990 36.658112 
360.781464 246.622803 
559.414124 178.880875 
414.912964 362.882874 
380.346252 277.179199 
363.754974 161.407700 
291.409027 10.635084 
372.888123 232.183334 
505.357849 209.179886 
372.470245 142.510376 
327.817078 126.318947 
269.486145 437.571381 
245.862427 193.509277 
610.496216 58.797604 
140.476822 361.410309 
387.043427 157.561371 
355.267151 318.970367 
393.914825 448.930573 
171.655579 276.865234 
443.252747 332.055328 
119.638626 61.640984 
58.101990 36.658112 
313.783081 356.549072 
197.847427 156.674362 
58.264366 68.277580 
391.423737 240.869568 
372.470245 142.510376 
58.101990 36.658112 
461.412415 275.578613 
135.140091 378.089447 
245.862427 193.509277 
421.806366 173.557999 
375.215332 149.967911 
465.611481 186.693451 
289.891357 371.891754 
117.939713 8.195761 
372.470245 142.510376 
372.470245 142.510376 
186.418610 153.722290 
135.140091 378.089447 
147.460770 375.359863 
225.764389 120.380775 
338.553223 26.150356 
61.116795 75.324478 
58.101990 36.658112 
58.264366 68.277580 
416.683167 91.118385 
397.397583 469.505981 
93.172913 31.271925 
387.043427 157.561371 
342.950653 145.081757 
113.470688 392.598938 
381.104126 114.479843 
372.470245 142.510376 
372.470245 142.510376 
295.793396 404.858612 
212.198563 350.038879 
549.326233 419.939819 
245.862427 193.509277 
372.470245 142.510376 
169.757324 282.344360 
311.690002 157.361267 
135.140091 378.089447 
316.917938 116.202553 
365.428284 464.249725 
393.995056 262.778931 
58.101990 36.658112 
421.806366 173.557999 
393.914825 448.930573 
404.608490 190.560913 
312.803528 280.901642 
316.917938 116.202553 
335.646210 42.147259 
421.806366 173.557999 
140.638535 390.101990 
372.470245 142.510376 
415.927948 156.573715 
245.835220 351.938934 
368.093323 323.305878 
562.402771 155.384949 
140.638535 390.101990 
245.862427 193.509277 
277.843231 100.974617 
140.267838 358.138123 
280.768494 229.305481 
612.436890 61.432941 
370.359039 122.498215 
372.470245 142.510376 
505.357849 209.179886 
381.104126 114.479843 
140.638535 390.101990 
331.396240 442.499939 
424.893036 96.953476 
58.101990 36.658112 
104.820793 407.368378 
421.806366 173.557999 
302.613373 401.111389 
381.104126 114.479843 
92.297173 416.664062 
334.264893 207.067734 
480.106781 99.066872 
348.180634 37.955906 
288.607300 475.842926 
376.146881 98.410904 
71.655891 32.029877 
147.460770 375.359863 
147.460770 375.359863 
119.638626 61.640984 
289.427460 110.626350 
576.254395 250.735489 
61.116795 75.324478 
386.823120 298.408356 
423.289551 37.164822 
160.185226 271.374695 
204.310104 327.950134 
140.476822 361.410309 
140.638535 390.101990 
268.780884 295.189117 
378.734985 126.151512 
340.015778 171.825348 
363.360291 63.351780 
612.436890 61.432941 
483.162903 285.118469 
107.413132 372.812347 
214.910828 361.112335 
372.470245 142.510376 
393.914825 448.930573 
363.360291 63.351780 
636.107849 211.932556 
232.251541 23.784069 
225.172867 311.672272 
267.438110 448.849762 
398.871338 280.405243 
204.310104 327.950134 
418.701874 233.166168 
376.146881 98.410904 
233.772263 182.356339 
501.923798 301.418060 
270.966125 224.859039 
238.992523 429.569580 
93.172913 31.271925 
299.095459 412.639648 
481.914703 123.743378 
369.017181 446.494720 
223.692551 332.414886 
335.646210 42.147259 
90.414574 158.727905 
610.496216 58.797604 
606.337952 139.642288 
278.721680 408.645264 
37.334549 80.261581 
363.360291 63.351780 
337.181030 128.755188 
477.991058 243.290771 
103.736641 391.219757 
519.539612 400.048889 
414.884460 173.230881 
182.173401 399.728394 
514.596252 229.923874 
93.172913 31.271925 
160.185226 271.374695 
405.898132 59.066681 
189.638992 380.141357 
131.987762 293.238068 
295.793396 404.858612 
113.470688 392.598938 
166.153870 192.030106 
327.817078 126.318947 
421.806366 173.557999 
363.754974 161.407700 
270.966125 224.859039 
342.950653 145.081757 
403.378693 413.879150 
71.655891 32.029877 
410.886597 154.711288 
421.524780 269.687988 
153.441895 279.191986 
578.551880 72.754913 
401.846588 208.156906 
135.140091 378.089447 
167.254639 355.308502 
481.914703 123.743378 
484.717010 84.611526 
500.927155 26.449331 
212.198563 350.038879 
182.173401 399.728394 
58.101990 36.658112 
416.683167 91.118385 
291.783691 275.390411 
316.741058 58.377155 
55.244495 209.031830 
315.938660 209.764694 
61.116795 75.324478 
47.874393 226.682098 
124.447273 413.273621 
505.357849 209.179886 
147.755524 261.727112 
245.835220 351.938934 
45.229256 53.182537 
45.229256 53.182537 
518.075989 187.821838 
200.024918 168.269928 
344.108063 117.109772 
140.267838 358.138123 
565.392029 331.233734 
28.431406 74.546417 
558.327576 439.092102 
547.279236 204.876892 
107.413132 372.812347 
97.730766 270.160675 
582.464050 88.045151 
93.172913 31.271925 
295.793396 404.858612 
335.646210 42.147259 
58.101990 36.658112 
237.686646 355.748169 
290.248596 228.079346 
199.927368 370.586884 
391.468658 281.082611 
256.999969 63.630131 
61.116795 75.324478 
153.441895 279.191986 
225.172867 311.672272 
361.311493 465.318420 
421.392120 271.417999 
199.927368 370.586884 
314.543152 402.815277 
427.230927 296.929901 
166.153870 192.030106 
