496
4.076043 276.979675 
5.041057 201.901230 
6.108369 144.259171 
5.795606 190.170074 
9.088588 164.625031 
9.088588 164.625031 
9.767154 255.335449 
11.944784 10.489051 
12.994468 438.704956 
12.994468 438.704956 
16.182785 169.800827 
16.182785 169.800827 
17.922043 275.607056 
24.653477 262.357574 
26.900126 187.200165 
30.962812 151.042542 
35.944096 466.925323 
39.727703 424.689117 
44.330471 175.001297 
53.200649 129.619064 
55.728069 284.516815 
57.212257 103.796326 
61.943150 180.102142 
63.126873 378.985046 
63.126873 378.985046 
65.193604 269.870300 
65.193604 269.870300 
65.783714 260.742004 
73.737671 170.018356 
78.935890 187.741043 
86.934692 382.674316 
86.934692 382.674316 
88.584457 435.961182 
89.879013 148.749741 
90.727585 120.509560 
94.808235 329.913269 
94.513893 431.170593 
106.260155 289.572815 
108.616806 63.054550 
109.208298 255.282532 
111.935036 355.358704 
116.311264 239.816284 
120.219833 224.150772 
130.204514 283.990875 
132.514511 249.590042 
138.617477 341.786194 
141.290207 308.083160 
141.290207 308.083160 
143.923416 268.917633 
144.999695 278.127899 
146.706985 309.406647 
147.043304 335.286774 
149.179886 48.501095 
149.035233 451.396515 
151.960953 329.762512 
153.400711 240.441544 
152.669144 339.289948 
156.969452 244.779617 
159.362503 276.504578 
165.026718 265.080872 
167.534302 228.163315 
167.952164 297.892303 
171.860825 365.764984 
173.759048 141.456680 
175.825439 118.854759 
177.187897 17.180681 
176.983978 279.343262 
178.128632 8.987839 
180.998383 383.178558 
180.998383 383.178558 
182.286362 312.718933 
183.078735 171.010345 
185.447113 318.043060 
189.984955 218.698532 
198.920517 133.317688 
198.730148 296.170685 
198.730148 296.170685 
201.569656 306.904999 
202.218903 126.311775 
204.128250 134.959045 
206.343872 43.239265 
206.241241 323.442169 
211.914154 31.857212 
220.861847 62.117622 
225.452484 110.347847 
224.881836 196.852905 
225.777390 66.518768 
231.023010 9.195437 
230.831482 73.236099 
231.078384 311.203583 
235.231537 165.257965 
235.997757 16.753025 
235.893738 214.450989 
239.507004 3.638245 
241.014053 217.260834 
241.089218 381.797729 
241.089218 381.797729 
244.414810 250.166672 
244.414810 250.166672 
245.316254 303.749756 
246.293137 406.506500 
251.305420 403.958008 
254.488495 173.945312 
254.705414 164.628220 
254.615479 183.558029 
254.517029 245.944992 
260.791840 440.483429 
263.677917 271.781067 
270.380127 267.768738 
280.538544 95.569855 
282.749908 230.936386 
282.749908 230.936386 
287.193329 155.569199 
287.193329 155.569199 
289.877014 389.571228 
289.877014 389.571228 
297.597046 82.575615 
297.597046 82.575615 
298.671906 218.449707 
303.241730 168.525894 
304.050201 17.757742 
303.982880 338.587036 
307.120667 182.449051 
306.763062 343.918762 
308.107483 93.706055 
313.234558 311.063599 
313.617584 445.354126 
314.787598 316.148438 
319.426788 170.931030 
325.808197 472.937225 
326.517578 302.803986 
331.752075 468.247284 
332.467163 241.385422 
337.806305 71.706047 
338.552307 342.020538 
340.024323 54.217968 
340.024323 54.217968 
340.109741 145.390625 
345.983826 471.860840 
349.576050 269.235870 
350.646393 30.152988 
351.096893 64.670601 
352.459473 431.645142 
354.722717 189.365265 
360.078278 362.891449 
363.048706 43.143036 
365.925446 205.994873 
366.788971 37.712093 
366.788971 37.712093 
366.788971 37.712093 
366.575165 53.945793 
367.029816 448.011810 
370.687469 453.446045 
370.838806 141.801514 
372.598358 475.617493 
376.998322 50.908047 
376.998322 50.908047 
376.302948 101.024277 
377.453735 357.249390 
378.459503 112.873116 
375.855469 215.414108 
382.868652 24.537916 
382.868652 24.537916 
383.902374 338.334503 
386.560974 454.510040 
386.560974 454.510040 
394.530487 236.658951 
393.979034 272.519165 
394.599670 435.663696 
396.048370 255.466324 
401.425446 37.083294 
402.317902 208.213165 
406.513519 50.876194 
406.905151 87.979874 
408.295258 125.117897 
407.927704 442.712219 
415.151428 91.237640 
420.457275 95.197266 
426.847504 17.965153 
426.938843 75.606560 
429.694427 117.581665 
431.119141 255.069046 
431.119141 255.069046 
435.925415 150.177048 
436.383118 330.688171 
437.699371 30.010830 
439.673920 119.593491 
442.441864 95.898087 
444.871674 438.340607 
450.207520 410.177979 
450.594025 308.656189 
453.370453 14.398612 
457.811859 156.527725 
459.050476 176.935013 
465.216034 160.821930 
466.090454 93.252655 
466.380798 198.342575 
467.938782 81.461639 
467.394440 166.884384 
469.500671 467.601746 
470.563110 55.233410 
474.049713 122.493706 
476.559753 230.781021 
476.559753 230.781021 
480.559265 117.426315 
482.851318 138.122879 
483.957886 292.106659 
486.637390 189.666031 
490.082367 138.977600 
494.278229 446.248932 
496.553345 124.003151 
497.725830 468.860687 
498.623718 70.312752 
498.827667 93.074371 
501.325684 221.016235 
506.782867 79.370735 
513.381897 338.497803 
520.184326 67.484917 
520.078003 339.605499 
520.767517 99.909668 
523.889771 260.511017 
526.477356 321.865021 
526.477356 321.865021 
526.138000 439.018311 
526.138000 439.018311 
532.338623 404.030334 
536.545227 279.415100 
536.869873 113.586868 
541.780884 107.862358 
545.533813 390.811584 
548.483032 45.778931 
549.175476 426.628113 
555.131714 450.374542 
555.131714 450.374542 
559.620056 322.595825 
561.135437 131.613998 
562.110291 476.795166 
566.005127 90.153114 
568.181641 397.126129 
569.423462 243.360626 
573.906128 102.862396 
576.064758 88.612831 
575.801453 134.432770 
577.156494 206.275360 
581.347290 471.603149 
581.347290 471.603149 
582.508545 216.796677 
582.444885 453.114319 
588.952942 34.616436 
589.533508 223.698212 
589.533508 223.698212 
595.090515 37.105232 
600.168030 33.186108 
604.546509 223.944397 
609.799805 110.542252 
610.828796 5.957951 
611.266846 283.967163 
611.006348 472.931274 
613.768677 395.373718 
615.046082 175.384384 
617.237488 4.563136 
623.709839 306.598389 
625.146667 148.761032 
627.535767 448.954224 
631.307007 25.383198 
631.326233 35.281124 
632.232422 286.124634 
632.664368 465.790314 
637.859924 403.130432 
6.007982 320.774994 
7.021650 37.866833 
10.917753 27.109503 
20.486204 247.751022 
31.461681 145.042892 
31.461681 145.042892 
36.183495 134.502731 
46.855644 107.692741 
48.439777 186.562393 
49.838291 438.463928 
52.506454 92.577232 
55.463612 284.125153 
59.174046 74.061737 
58.955025 143.452911 
63.185898 43.467686 
63.740303 249.180023 
65.948143 6.884023 
67.117714 69.813866 
70.743172 15.304717 
72.538269 427.585266 
74.328346 104.495834 
76.924744 32.767548 
82.038162 41.211048 
83.822487 16.072184 
91.085312 79.251434 
96.106384 340.976898 
96.106384 340.976898 
103.525017 313.764587 
106.861237 102.552200 
107.758621 266.117279 
108.591873 302.367523 
109.884407 243.531860 
111.301254 329.111084 
116.044090 316.456299 
117.981468 256.950165 
118.662575 435.250427 
121.390419 135.468567 
123.118866 397.356232 
125.900322 277.721680 
128.820068 52.863838 
130.333145 112.921883 
132.126144 130.407730 
132.883911 216.785172 
134.526306 13.761770 
134.581268 243.198669 
134.504929 331.926056 
141.456757 79.428215 
141.425507 348.935486 
141.802948 16.272503 
146.743027 62.428738 
148.709091 103.114609 
150.451294 54.730022 
150.777893 191.892944 
153.396606 272.243317 
153.851120 360.053253 
157.082153 261.148499 
161.024780 417.956757 
167.792999 213.107010 
171.519272 266.578156 
171.519272 266.578156 
182.868607 347.665894 
183.963486 11.252340 
191.144363 319.927948 
210.418915 51.038548 
212.761597 43.631523 
216.280136 183.992630 
215.792465 302.952606 
218.191650 221.605988 
220.089996 206.639084 
221.568573 458.275635 
229.710663 148.721466 
230.258636 224.608429 
240.588989 118.688171 
241.129395 316.052185 
241.129395 316.052185 
245.832123 195.033859 
246.319870 442.186218 
246.319870 442.186218 
247.029709 223.014801 
250.371292 252.506027 
252.079941 91.171410 
255.545380 119.624191 
257.355255 57.348648 
261.665649 237.534927 
266.549072 327.197998 
266.669067 185.989197 
267.244812 433.658569 
278.055786 78.114014 
279.618774 242.680328 
281.159393 191.293930 
291.704529 207.696182 
294.069397 41.802673 
296.179138 358.194946 
297.062988 277.416443 
297.782410 77.937447 
297.782410 77.937447 
298.487854 59.758518 
298.487854 59.758518 
300.048096 50.971291 
300.048096 50.971291 
305.242279 332.510254 
309.388763 256.138184 
310.287445 53.839832 
310.030853 79.092888 
311.972076 45.759743 
316.356140 71.648087 
317.469360 228.094086 
317.192230 472.446930 
318.787476 365.924835 
322.846863 257.864990 
324.233643 63.623653 
325.877472 106.156822 
329.847656 269.773071 
330.953613 425.620514 
332.314178 67.999580 
332.936615 54.386929 
336.800049 37.231853 
339.166199 438.093567 
343.841827 354.468964 
343.841827 354.468964 
345.074188 103.500366 
351.703156 247.158875 
353.726685 92.046745 
357.016388 170.287079 
361.950653 96.324165 
367.986725 355.734344 
370.350220 275.419220 
373.404785 264.417450 
379.042603 149.731522 
383.302429 189.712387 
383.302429 189.712387 
403.888580 156.500443 
422.206879 54.446461 
422.206879 54.446461 
424.686523 23.049982 
424.159424 447.316406 
426.276276 33.725018 
426.276276 33.725018 
431.005646 219.680054 
433.794647 160.100418 
447.133698 255.240219 
449.972900 159.182877 
449.507660 289.716919 
449.507660 289.716919 
452.317474 225.258896 
452.317474 225.258896 
461.154663 87.982704 
477.652985 73.171997 
486.130951 394.755585 
489.307678 366.495453 
490.267395 382.160095 
508.322693 29.271473 
515.565613 292.958679 
521.143677 178.081146 
520.936096 272.940918 
525.656311 23.485003 
527.981262 94.666725 
527.850891 192.986862 
528.958008 80.368370 
534.729492 470.435547 
538.946472 51.725204 
543.029297 313.823639 
548.045288 279.805847 
549.749756 108.627151 
551.927795 67.402611 
552.215942 88.885605 
561.177734 295.940094 
562.023926 81.437859 
562.023926 81.437859 
563.008423 224.626389 
569.199280 434.011536 
569.199280 434.011536 
581.672485 465.015503 
583.515076 127.158020 
587.343811 133.719696 
591.582458 110.074234 
593.116638 435.925629 
593.116638 435.925629 
594.999268 454.469452 
594.999268 454.469452 
598.651855 284.006256 
609.369568 309.128235 
621.159668 359.118500 
623.814270 376.515839 
626.293884 137.744720 
626.293884 137.744720 
627.004028 167.283661 
628.054871 383.910492 
6.721470 236.634613 
8.905239 175.344391 
45.065529 46.348652 
48.402557 31.542177 
47.867477 73.634476 
47.661118 266.715637 
47.988625 402.109131 
57.179424 255.410812 
59.817516 134.823761 
64.056831 94.822182 
64.084198 107.202019 
68.910751 153.924728 
75.163170 351.905975 
76.811607 335.796661 
88.511024 171.316101 
88.386787 266.658264 
97.427597 70.201065 
98.558075 53.035667 
100.007103 300.146484 
104.245338 330.637054 
109.912918 368.950958 
111.587967 123.083130 
113.733025 338.879913 
114.940804 100.003960 
117.958015 288.625824 
120.441399 124.223648 
121.501808 249.051392 
123.234192 189.283325 
122.664162 235.137131 
125.683899 331.956696 
137.429260 403.486053 
142.295715 304.936218 
142.295715 304.936218 
148.515015 103.797417 
152.226868 360.174744 
152.998062 439.415802 
154.040115 199.952438 
154.036865 351.295105 
154.036865 351.295105 
