500
282.951019 436.089172 
560.063965 433.593079 
560.063965 433.593079 
336.258789 406.036560 
267.244812 433.658569 
194.381775 444.409515 
427.627106 415.620636 
339.166199 438.093567 
355.290405 369.097137 
184.678268 422.266754 
336.258789 406.036560 
246.319870 442.186218 
549.175476 426.628113 
280.337555 388.570282 
386.402985 386.131073 
251.305420 403.958008 
327.893829 444.159698 
427.627106 415.620636 
246.319870 442.186218 
221.863800 396.891876 
161.024780 417.956757 
180.998383 383.178558 
201.174728 376.327637 
267.524048 403.706177 
370.687469 453.446045 
246.293137 406.506500 
262.277435 417.335266 
532.338623 404.030334 
123.118866 397.356232 
444.871674 438.340607 
524.994751 399.330597 
360.078278 362.891449 
330.953613 425.620514 
228.331543 434.491364 
221.568573 458.275635 
394.599670 435.663696 
326.436310 382.830261 
187.298874 407.337708 
137.429260 403.486053 
289.877014 389.571228 
289.877014 389.571228 
201.529617 397.285950 
152.998062 439.415802 
318.042114 408.240814 
318.787476 365.924835 
548.483582 381.261902 
131.695892 397.673248 
386.560974 454.510040 
526.138000 439.018311 
486.637390 189.666031 
408.295258 125.117897 
386.560974 454.510040 
300.401337 177.036362 
526.138000 439.018311 
220.269485 428.156433 
476.559753 230.781021 
539.006897 395.265747 
450.207520 410.177979 
472.643066 181.109009 
4.076043 276.979675 
459.050476 176.935013 
355.333313 418.842957 
501.325684 221.016235 
154.036865 351.295105 
115.630959 396.027924 
367.986725 355.734344 
258.634552 135.864563 
154.036865 351.295105 
501.629089 302.597748 
540.893494 260.679596 
413.571655 403.339233 
138.617477 341.786194 
488.284485 298.168457 
332.314178 67.999580 
363.937317 384.101868 
374.879211 395.709991 
310.287445 53.839832 
366.753387 106.709061 
35.944096 466.925323 
115.630959 396.027924 
149.462921 377.814423 
520.078003 339.605499 
211.598846 209.969635 
360.476990 243.576385 
340.024323 54.217968 
479.402344 194.557861 
182.868607 347.665894 
434.367462 205.667068 
565.744995 433.443512 
402.317902 208.213165 
281.159393 191.293930 
545.533813 390.811584 
379.042603 149.731522 
206.343872 43.239265 
106.716301 224.014801 
565.744995 433.443512 
182.286362 312.718933 
377.087372 65.135414 
342.520660 31.854282 
340.024323 54.217968 
393.646240 142.092636 
480.564880 283.681885 
103.525017 313.764587 
261.935486 149.179214 
266.549072 327.197998 
106.716301 224.014801 
424.159424 447.316406 
484.396149 183.009964 
507.381989 428.133240 
311.972076 45.759743 
324.233643 63.623653 
266.669067 185.989197 
604.402100 75.795235 
239.628647 182.864395 
343.495544 66.942207 
397.343811 153.061264 
174.912949 230.384003 
342.520660 31.854282 
352.505524 47.677731 
389.132599 95.611229 
476.559753 230.781021 
488.718079 310.139069 
468.802979 67.680748 
513.381897 338.497803 
240.387817 29.487211 
241.089218 381.797729 
382.868652 24.537916 
10.917753 27.109503 
490.082367 138.977600 
340.109741 145.390625 
343.841827 354.468964 
147.043304 335.286774 
125.900322 277.721680 
305.541595 76.215385 
424.643921 245.792404 
199.926132 53.075214 
291.704529 207.696182 
316.356140 71.648087 
351.703156 247.158875 
330.583740 321.705688 
350.646393 30.152988 
184.734558 31.818918 
306.763062 343.918762 
307.872833 421.804413 
233.142212 201.374802 
468.687897 78.547913 
283.083191 357.424561 
227.080505 25.089533 
447.069397 267.447327 
274.399780 339.201172 
7.021650 37.866833 
569.423462 243.360626 
191.144363 319.927948 
241.014053 217.260834 
308.107483 93.706055 
230.258636 224.608429 
523.830017 42.986973 
480.738464 35.209927 
160.646881 33.821262 
210.418915 51.038548 
365.925446 205.994873 
372.393738 247.026855 
488.995239 335.289459 
212.193710 405.794556 
370.838806 141.801514 
132.514511 249.590042 
366.378845 107.580276 
343.841827 354.468964 
201.569656 306.904999 
580.109741 406.683502 
507.566620 45.828918 
483.954498 181.293488 
527.850891 192.986862 
602.494629 323.116791 
576.273438 218.935059 
526.477356 321.865021 
580.109741 406.683502 
495.476654 53.530716 
72.910309 187.962738 
235.518723 409.074768 
141.802948 16.272503 
623.814270 376.515839 
608.117615 364.524139 
446.819336 67.358559 
621.159668 359.118500 
600.406921 362.843842 
510.793671 143.432816 
273.978119 452.311798 
629.914673 77.327744 
482.851318 138.122879 
359.150543 149.453186 
312.006958 275.431183 
495.240967 80.941742 
214.145187 40.987782 
382.868652 24.537916 
495.656097 156.483337 
584.828735 75.524704 
153.400711 240.441544 
303.241730 168.525894 
164.647141 236.006180 
252.079941 91.171410 
543.393066 371.545837 
594.999268 454.469452 
134.504929 331.926056 
363.084290 189.981903 
449.972900 159.182877 
393.979034 272.519165 
447.133698 255.240219 
185.284683 49.528099 
293.997650 166.648270 
616.472168 82.462273 
55.463612 284.125153 
306.108887 190.482620 
574.783569 211.011200 
100.007103 300.146484 
183.963486 11.252340 
499.156860 34.718338 
296.179138 358.194946 
343.495544 66.942207 
508.322693 29.271473 
415.151428 91.237640 
414.266418 284.332581 
312.693634 147.799942 
377.453735 357.249390 
319.426788 170.931030 
104.245338 330.637054 
375.855469 215.414108 
332.936615 54.386929 
151.284592 224.447510 
498.623718 70.312752 
632.232422 286.124634 
594.999268 454.469452 
415.056274 196.148010 
620.111938 37.905781 
638.198242 424.563507 
279.618774 242.680328 
207.408310 134.288239 
568.571106 37.921097 
253.967270 214.510284 
270.946472 168.245819 
515.565613 292.958679 
536.752319 172.816376 
267.017334 255.890381 
141.290207 308.083160 
563.008423 224.626389 
265.636017 23.323969 
336.800049 37.231853 
450.594025 308.656189 
212.761597 43.631523 
438.051697 69.060188 
70.743172 15.304717 
183.078735 171.010345 
17.203920 36.336914 
525.561584 389.746643 
607.008484 406.744537 
305.046173 125.080055 
217.188828 61.284946 
341.178802 454.763367 
205.374146 28.169188 
250.371292 252.506027 
564.015442 213.955017 
628.054871 383.910492 
293.997650 166.648270 
477.652985 73.171997 
481.006500 58.435677 
55.728069 284.516815 
160.148987 61.611122 
185.447113 318.043060 
79.782066 240.093002 
525.656311 23.485003 
325.877472 106.156822 
602.433716 22.237091 
303.982880 338.587036 
175.913910 29.207520 
467.954071 304.968506 
228.758789 42.004807 
580.894348 405.065979 
82.316437 310.877319 
125.884506 28.870022 
116.044090 316.456299 
565.192505 203.648315 
621.806946 110.473633 
82.038162 41.211048 
563.935120 213.011795 
288.824890 21.128325 
133.826065 52.921879 
585.773010 283.028320 
464.767517 96.803673 
187.864365 67.971695 
625.123413 318.502869 
31.629978 53.687557 
142.568054 28.973503 
176.039841 44.231174 
613.768677 395.373718 
343.898895 320.510315 
11.944784 10.489051 
178.128632 8.987839 
530.254150 424.926056 
94.513893 431.170593 
243.407394 231.034546 
55.902077 275.829224 
235.997757 16.753025 
245.316254 303.749756 
304.537811 50.272614 
177.187897 17.180681 
132.250290 206.170425 
582.508545 216.796677 
467.394440 166.884384 
121.501808 249.051392 
576.064758 88.612831 
589.620728 206.136749 
325.808197 472.937225 
466.380798 198.342575 
256.350769 167.129364 
552.068542 22.911535 
220.000839 450.376404 
498.827667 93.074371 
240.819870 58.178123 
48.402557 31.542177 
451.222168 30.377771 
548.045288 279.805847 
146.706985 309.406647 
360.476990 243.576385 
490.267395 382.160095 
173.411591 52.407471 
582.444885 453.114319 
108.616806 63.054550 
548.483032 45.778931 
405.996552 78.335083 
599.677124 217.547195 
273.373749 44.335957 
416.983948 62.595627 
148.547501 360.820221 
372.589020 447.451080 
26.900126 187.200165 
60.530102 195.955215 
310.030853 79.092888 
577.156494 206.275360 
312.030518 275.681335 
419.730865 38.871349 
331.752075 468.247284 
99.341080 115.497177 
603.853088 42.356564 
614.685852 120.969620 
520.936096 272.940918 
461.136475 54.043339 
245.832123 195.033859 
604.546509 223.944397 
52.506454 92.577232 
452.840698 91.307274 
342.806763 339.962006 
190.263214 174.536789 
278.692810 69.524666 
211.914154 31.857212 
313.234558 311.063599 
76.924744 32.767548 
175.825439 118.854759 
231.023010 9.195437 
402.441315 98.895187 
581.103699 22.649046 
631.307007 25.383198 
45.065529 46.348652 
307.136688 421.194946 
82.562820 143.727310 
342.212250 397.537903 
363.084290 189.981903 
335.607422 26.349424 
235.893738 214.450989 
225.452484 110.347847 
224.434677 265.098755 
20.486204 247.751022 
360.747375 469.759949 
180.998383 383.178558 
569.199280 434.011536 
366.788971 37.712093 
543.726868 74.751427 
627.535767 448.954224 
63.185898 43.467686 
249.680603 449.066010 
418.227325 429.586670 
581.347290 471.603149 
308.881348 13.543126 
148.709091 103.114609 
372.649628 432.873383 
73.946022 351.352020 
616.249146 188.629257 
616.249146 188.629257 
47.988625 402.109131 
157.082153 261.148499 
124.523842 434.110199 
134.526306 13.761770 
142.295715 304.936218 
506.782867 79.370735 
246.576141 417.228149 
75.211174 360.642242 
433.794647 160.100418 
389.775604 185.109528 
562.023926 81.437859 
165.026718 265.080872 
217.589035 12.878469 
165.034637 348.064606 
42.349983 127.511238 
305.105560 304.441986 
130.204514 283.990875 
624.333862 180.248291 
407.927704 442.712219 
426.938843 75.606560 
325.678619 44.304089 
551.610840 35.018208 
465.216034 160.821930 
439.425171 96.015877 
573.906128 102.862396 
263.983185 47.014496 
528.958008 80.368370 
77.381180 124.181740 
188.650787 232.106323 
606.812744 123.152969 
54.962852 404.739532 
211.688980 83.921402 
110.483734 25.158562 
214.806061 229.459488 
133.700607 319.364502 
222.510452 468.870728 
276.264282 29.247309 
241.954437 286.684052 
90.727585 120.509560 
65.193604 269.870300 
298.487854 59.758518 
617.566406 447.184631 
215.792465 302.952606 
626.851685 285.936462 
551.658691 130.982941 
561.177734 295.940094 
428.953308 57.932091 
300.048096 50.971291 
228.685623 172.957336 
329.847656 269.773071 
142.295715 304.936218 
263.850494 412.980988 
257.355255 57.348648 
576.251160 119.748306 
449.507660 289.716919 
483.957886 292.106659 
552.874146 78.501663 
325.169006 196.856339 
150.451294 54.730022 
368.853149 9.877748 
407.921021 64.465012 
534.729492 470.435547 
75.163170 351.905975 
10.933035 360.690491 
568.181641 397.126129 
240.588989 118.688171 
63.451008 56.145103 
332.467163 241.385422 
15.604926 67.178650 
242.784821 212.046616 
537.779358 152.987442 
173.098938 127.784958 
598.651855 284.006256 
130.333145 112.921883 
338.552307 342.020538 
454.412445 109.779198 
297.782410 77.937447 
631.326233 35.281124 
304.050201 17.757742 
552.894836 147.700409 
526.477356 321.865021 
95.230103 396.985046 
55.905144 388.924377 
218.191650 221.605988 
593.116638 435.925629 
261.665649 237.534927 
319.345581 179.291519 
581.347290 471.603149 
523.871216 115.436401 
295.326080 261.002502 
609.369568 309.128235 
141.290207 308.083160 
582.444885 453.114319 
57.179424 255.410812 
454.807312 66.395393 
442.441864 95.898087 
6.721470 236.634613 
569.199280 434.011536 
159.094604 316.683472 
152.669144 339.289948 
317.184692 12.117730 
625.146667 148.761032 
297.782410 77.937447 
420.457275 95.197266 
83.797852 408.128754 
148.515015 103.797417 
366.788971 37.712093 
62.566452 199.427933 
345.983826 471.860840 
120.441399 124.223648 
422.206879 54.446461 
595.090515 37.105232 
270.380127 267.768738 
