500
189.204239 113.815338 
206.284454 75.077164 
139.209717 156.229614 
225.522537 157.341492 
159.142761 114.979561 
263.763702 63.804920 
193.885300 85.573959 
183.966461 144.768829 
187.564117 126.050529 
161.040573 152.267746 
156.671494 127.163208 
123.054039 171.316254 
113.793022 152.833801 
153.048920 141.619888 
183.966461 144.768829 
263.365967 51.301353 
239.380020 81.915298 
116.510216 209.383911 
113.793022 152.833801 
167.234268 103.414093 
30.485054 295.790955 
222.334412 82.674637 
124.781960 141.431442 
40.435658 380.502197 
225.579193 85.520027 
116.510216 209.383911 
166.053635 181.992813 
67.253418 294.323578 
225.617081 120.802032 
185.758194 155.650269 
225.617081 120.802032 
109.024361 176.943130 
61.226063 307.833008 
216.841171 24.112074 
230.020447 43.909088 
65.287560 324.366211 
240.612366 41.418880 
193.198120 130.261932 
213.234009 53.292850 
225.579193 85.520027 
277.818268 30.845942 
88.806129 207.963104 
106.922607 230.176208 
351.860870 381.298370 
201.479095 201.604370 
194.434082 61.072048 
213.234009 53.292850 
381.708679 265.683929 
40.741032 329.160461 
200.512314 191.758560 
230.077713 189.179016 
35.553116 269.895081 
240.036758 76.291222 
258.528290 378.421356 
439.576721 259.581024 
207.545425 152.938904 
254.171204 136.221161 
227.413223 365.495789 
330.112823 98.840469 
373.138275 267.390198 
267.752167 393.932892 
58.600258 296.841034 
18.523924 299.010345 
163.184204 395.413086 
393.447754 363.025421 
227.413223 365.495789 
367.605530 279.139099 
332.665955 306.100067 
381.195282 366.575043 
156.305832 338.878265 
367.605530 279.139099 
324.667145 21.163021 
273.434784 348.498535 
348.117004 359.593323 
317.578064 297.035919 
60.092636 316.013733 
461.556519 398.221069 
464.856262 390.870636 
469.203033 353.072540 
290.995697 268.912903 
348.790649 439.799164 
113.238800 268.033386 
385.900879 386.142334 
325.611237 65.255295 
413.750183 176.183563 
252.402969 390.346069 
247.454178 350.809631 
115.842499 329.602844 
246.185471 66.542114 
58.904751 399.530518 
189.204239 113.815338 
417.145996 396.484344 
247.454178 350.809631 
18.523924 299.010345 
56.309887 262.261688 
154.912231 356.119873 
359.319122 35.381020 
265.486877 337.592255 
469.454498 87.520126 
363.389618 342.023102 
288.094391 142.583160 
382.011719 242.003723 
405.161224 9.231333 
374.080475 283.159088 
403.216797 25.514170 
35.553116 269.895081 
253.017258 403.060913 
40.435658 380.502197 
408.745972 345.149780 
184.004242 334.634735 
415.814575 215.315903 
469.454498 87.520126 
159.172455 323.377228 
225.139267 176.902695 
353.702942 87.799446 
25.773298 332.111328 
445.394897 426.516113 
335.458252 357.373596 
466.425415 383.065063 
121.153702 324.521912 
242.450668 281.399353 
40.435658 380.502197 
254.171204 136.221161 
40.435658 380.502197 
352.329529 387.140686 
396.350525 234.079895 
438.714386 369.279266 
447.045868 388.836182 
426.920807 253.576477 
40.435658 380.502197 
363.937653 239.164062 
445.430084 359.719086 
229.403931 192.869324 
540.656311 270.155457 
379.067657 327.558868 
146.681366 458.800842 
179.050323 206.557266 
452.925446 333.431000 
40.435658 380.502197 
445.394897 426.516113 
225.139267 176.902695 
393.447754 363.025421 
386.757385 272.206818 
176.504593 381.914337 
338.230896 40.938847 
464.856262 390.870636 
421.558014 135.412231 
254.698425 165.063095 
249.151337 317.376984 
367.013489 261.289520 
250.980988 195.239304 
359.142822 46.406830 
134.960358 398.401245 
219.185455 319.223999 
454.808167 218.126160 
350.892242 344.473724 
540.615173 285.728668 
92.071014 244.297195 
102.066399 280.002716 
370.083282 238.808746 
262.009674 145.588150 
379.794678 195.181320 
390.344086 15.914620 
282.953094 139.708679 
540.656311 270.155457 
40.435658 380.502197 
407.257599 199.730682 
102.066399 280.002716 
227.599258 328.064087 
25.773298 332.111328 
15.073553 370.971222 
179.050323 206.557266 
253.392807 427.623688 
294.935638 259.526642 
102.066399 280.002716 
530.988647 260.594543 
282.953094 139.708679 
146.681366 458.800842 
450.536469 343.183136 
380.319153 317.120880 
450.536469 343.183136 
242.450668 281.399353 
342.885468 89.659821 
253.419418 172.367126 
529.818665 269.784943 
201.479095 201.604370 
267.752167 393.932892 
15.073553 370.971222 
115.842499 329.602844 
262.009674 145.588150 
102.066399 280.002716 
40.435658 380.502197 
540.656311 270.155457 
40.435658 380.502197 
167.315536 372.221954 
433.456451 90.408791 
347.137939 86.872696 
346.926178 9.100731 
266.304962 457.099396 
282.503235 274.558197 
262.009674 145.588150 
450.536469 343.183136 
116.533691 414.377380 
398.023956 420.235748 
262.009674 145.588150 
351.552856 269.053864 
346.118835 207.786362 
382.276398 206.554916 
65.287560 324.366211 
254.171204 136.221161 
351.552856 269.053864 
422.769989 120.823273 
65.287560 324.366211 
416.782684 66.649544 
225.579193 85.520027 
530.988647 260.594543 
529.818665 269.784943 
473.810852 217.322754 
564.130432 165.143234 
298.938477 211.404480 
96.464119 186.722427 
225.522537 157.341492 
242.450668 281.399353 
227.020126 285.797821 
113.238800 268.033386 
363.390961 326.906647 
40.435658 380.502197 
45.712585 376.546295 
396.475800 294.481995 
381.195282 366.575043 
15.073553 370.971222 
329.737946 288.988190 
329.737946 288.988190 
282.953094 139.708679 
500.688141 394.296509 
268.507660 19.069317 
273.742615 162.722656 
139.209717 156.229614 
438.714386 369.279266 
262.009674 145.588150 
40.435658 380.502197 
421.558014 135.412231 
40.435658 380.502197 
389.136047 182.488129 
212.733170 85.131966 
38.174667 409.104156 
540.656311 270.155457 
455.159515 340.710449 
335.458252 357.373596 
102.066399 280.002716 
416.780701 32.127373 
415.456970 344.610413 
38.174667 409.104156 
254.171204 136.221161 
242.450668 281.399353 
328.435425 393.508118 
250.610550 230.260117 
372.861206 409.208984 
40.435658 380.502197 
262.009674 145.588150 
356.362671 178.483597 
339.342590 190.679535 
360.296112 470.231995 
457.390533 444.719055 
225.139267 176.902695 
245.122040 12.346125 
590.477539 131.301163 
45.712585 376.546295 
65.287560 324.366211 
262.009674 145.588150 
242.450668 281.399353 
102.066399 280.002716 
551.648376 266.361420 
15.073553 370.971222 
477.009552 283.862366 
376.965057 187.251678 
239.380020 81.915298 
88.806129 207.963104 
551.648376 266.361420 
525.174805 251.174011 
242.450668 281.399353 
282.953094 139.708679 
204.196335 215.052460 
529.818665 269.784943 
242.450668 281.399353 
450.786133 335.252014 
525.174805 251.174011 
159.142761 114.979561 
427.853424 112.146248 
262.009674 145.588150 
15.073553 370.971222 
405.020844 248.976379 
15.073553 370.971222 
251.570679 148.532730 
262.009674 145.588150 
262.009674 145.588150 
401.602509 104.809273 
418.185425 304.001373 
210.631073 70.047646 
447.482971 228.480209 
335.458252 357.373596 
249.133545 172.780426 
381.195282 366.575043 
288.094391 142.583160 
40.435658 380.502197 
319.382843 141.978043 
474.869720 389.678345 
262.009674 145.588150 
15.073553 370.971222 
267.752167 393.932892 
45.712585 376.546295 
529.818665 269.784943 
179.050323 206.557266 
530.988647 260.594543 
360.296112 470.231995 
15.073553 370.971222 
621.686157 187.109451 
419.334869 332.580566 
134.960358 398.401245 
102.066399 280.002716 
246.185471 66.542114 
416.139801 240.054672 
501.805389 370.850067 
134.960358 398.401245 
249.094452 77.532906 
38.138149 256.368896 
254.698425 165.063095 
389.392792 438.868439 
457.286194 68.484169 
15.073553 370.971222 
403.462006 91.017792 
179.050323 206.557266 
25.773298 332.111328 
473.810852 217.322754 
113.238800 268.033386 
530.988647 260.594543 
458.003723 326.174835 
225.617081 120.802032 
337.901947 384.430756 
372.173645 391.780121 
403.879395 211.582901 
450.536469 343.183136 
500.321838 330.807098 
378.989532 369.321533 
20.855421 384.805908 
458.003723 326.174835 
337.901947 384.430756 
277.818268 30.845942 
621.686157 187.109451 
601.523682 161.365952 
242.450668 281.399353 
217.680969 92.976311 
297.199677 450.091736 
253.392807 427.623688 
443.722626 404.989502 
360.296112 470.231995 
112.356033 192.851425 
324.070343 279.417755 
474.962219 349.077332 
268.884552 404.280945 
389.392792 438.868439 
195.856689 48.674713 
176.927856 136.514603 
551.648376 266.361420 
227.020126 285.797821 
267.100250 7.647661 
288.094391 142.583160 
363.576080 151.489471 
298.938477 211.404480 
239.380020 81.915298 
56.309887 262.261688 
56.309887 262.261688 
408.423828 66.256096 
396.462585 166.805939 
229.403931 192.869324 
225.579193 85.520027 
179.050323 206.557266 
38.174667 409.104156 
225.139267 176.902695 
393.049744 428.526672 
225.617081 120.802032 
40.435658 380.502197 
15.073553 370.971222 
195.856689 48.674713 
273.742615 162.722656 
363.389618 342.023102 
398.023956 420.235748 
189.204239 113.815338 
185.758194 155.650269 
225.617081 120.802032 
194.434082 61.072048 
452.339081 266.704681 
536.892944 312.029083 
558.672485 288.595428 
168.806137 261.177429 
199.759140 373.152924 
529.818665 269.784943 
329.737946 288.988190 
253.017258 403.060913 
210.631073 70.047646 
273.742615 162.722656 
47.615147 250.212692 
558.366211 146.967331 
288.094391 142.583160 
391.545288 198.937515 
15.073553 370.971222 
189.204239 113.815338 
336.275177 282.681793 
288.094391 142.583160 
436.761139 418.039154 
176.927856 136.514603 
348.790649 439.799164 
79.259796 336.910583 
558.366211 146.967331 
225.617081 120.802032 
222.334412 82.674637 
134.960358 398.401245 
29.006666 303.036163 
342.972992 430.106567 
156.671494 127.163208 
60.092636 316.013733 
51.210659 302.954376 
211.745544 381.816132 
194.434082 61.072048 
406.784943 34.968407 
554.684875 329.837646 
464.374664 113.312027 
254.171204 136.221161 
170.092026 92.646080 
396.143951 8.934216 
212.733170 85.131966 
176.927856 136.514603 
536.892944 312.029083 
462.198578 179.183716 
25.773298 332.111328 
445.430084 359.719086 
249.151337 317.376984 
225.139267 176.902695 
621.686157 187.109451 
30.794003 409.528870 
325.338165 296.019257 
185.758194 155.650269 
445.394897 426.516113 
225.522537 157.341492 
246.968063 396.248779 
491.357605 319.024536 
266.304962 457.099396 
263.365967 51.301353 
455.159515 340.710449 
79.259796 336.910583 
491.357605 319.024536 
381.195282 366.575043 
374.080475 283.159088 
467.093079 369.680603 
254.698425 165.063095 
565.857544 144.835648 
25.773298 332.111328 
621.686157 187.109451 
403.216797 25.514170 
230.499741 171.183746 
40.435658 380.502197 
621.686157 187.109451 
102.066399 280.002716 
29.006666 303.036163 
205.698837 124.748062 
621.686157 187.109451 
254.698425 165.063095 
536.892944 312.029083 
619.009094 171.933334 
159.142761 114.979561 
29.006666 303.036163 
536.125549 268.846008 
146.681366 458.800842 
56.309887 262.261688 
18.523924 299.010345 
212.733170 85.131966 
335.458252 357.373596 
212.733170 85.131966 
205.698837 124.748062 
335.964783 51.171192 
134.960358 398.401245 
471.053955 304.409363 
156.671494 127.163208 
254.698425 165.063095 
342.972992 430.106567 
242.450668 281.399353 
621.686157 187.109451 
458.003723 326.174835 
222.334412 82.674637 
321.128235 208.304916 
372.861206 409.208984 
283.568024 370.354370 
465.968506 188.598846 
626.051086 177.424225 
450.536469 343.183136 
210.631073 70.047646 
558.672485 288.595428 
360.296112 470.231995 
386.871643 3.147149 
242.450668 281.399353 
