500
506.008575 311.128601 
551.892395 37.593685 
551.892395 37.593685 
485.524048 253.019897 
500.933319 325.898041 
498.815704 399.513794 
510.991760 165.509338 
517.852722 255.646393 
452.951111 227.820114 
475.388123 404.717316 
485.524048 253.019897 
505.601379 348.027069 
542.869812 47.077499 
458.744720 305.336029 
474.917511 200.499496 
468.881592 336.683228 
522.044067 268.180481 
510.991760 165.509338 
505.601379 348.027069 
456.979675 364.691925 
466.882233 427.902679 
436.256622 401.914703 
433.229401 380.971527 
471.359741 320.242920 
538.577087 227.323120 
470.745605 341.790924 
483.920258 327.016052 
517.955078 59.966270 
440.268097 461.543427 
536.215881 152.251541 
511.937683 66.514496 
447.733490 221.737930 
504.591370 262.041473 
494.855469 364.603943 
517.267273 375.576080 
524.790100 201.034027 
461.056396 259.158691 
460.932800 400.107086 
448.777649 448.498016 
461.589172 296.147003 
461.589172 296.147003 
453.529572 384.617889 
486.959442 439.457397 
484.785614 271.341492 
442.890198 264.108063 
498.359131 39.638470 
441.997406 452.300049 
542.371155 211.647552 
551.085022 72.139015 
298.272888 67.755554 
221.321121 134.564575 
542.371155 211.647552 
253.685776 248.700836 
551.085022 72.139015 
487.290222 371.554749 
337.536926 84.767792 
510.292450 51.145847 
509.451599 141.422562 
288.625305 80.185287 
401.270477 10.417775 
283.134766 91.655647 
501.623993 236.741379 
332.033691 58.513836 
402.376282 422.326782 
437.877075 468.200317 
441.844208 212.762909 
206.301224 282.803528 
402.376282 422.326782 
412.360352 72.435997 
378.060089 26.806215 
496.369965 176.999954 
387.940948 436.920135 
406.079102 85.169403 
151.354675 198.721710 
469.407745 222.335358 
482.538513 213.262207 
134.644836 217.047897 
194.862137 170.068726 
94.110764 155.908218 
437.877075 468.200317 
425.914093 431.851257 
451.990265 60.394669 
270.926941 342.055450 
330.694519 200.768494 
140.007217 188.491196 
303.265869 76.151894 
402.280090 394.501343 
306.056671 122.630287 
552.540771 33.097614 
301.672028 153.136520 
264.639404 269.903900 
506.405945 46.175591 
240.975388 165.923798 
283.134766 91.655647 
266.771729 446.985382 
552.540771 33.097614 
366.724426 388.768616 
157.730377 154.443832 
118.717293 181.729996 
140.007217 188.491196 
235.636871 150.475800 
390.544739 90.166962 
355.123108 467.279236 
220.725754 281.761597 
396.385773 308.525085 
266.771729 446.985382 
540.349182 174.369232 
296.711273 65.093536 
537.259155 88.628471 
128.968903 214.577499 
145.827164 204.121323 
256.690674 283.473114 
366.490723 165.862442 
249.413177 309.283264 
152.417770 187.592728 
248.327438 145.172958 
284.421356 381.412415 
118.717293 181.729996 
135.805450 174.789185 
189.936066 146.106506 
337.536926 84.767792 
417.615509 87.827385 
169.898331 60.638607 
449.215515 66.897072 
459.025391 197.843231 
445.312866 342.291260 
117.941765 141.265900 
283.134766 91.655647 
258.323090 24.948503 
229.357803 203.176163 
433.681061 247.817093 
383.276184 426.990448 
322.556915 437.555450 
158.693558 225.672073 
342.790771 137.513153 
111.069489 313.914795 
282.332733 262.652863 
155.141403 215.793381 
331.920654 210.248581 
402.507294 244.523682 
119.033653 173.353027 
402.438629 307.043396 
402.438629 307.043396 
496.648773 283.359955 
264.619415 318.398224 
184.640366 67.460999 
437.501984 290.358612 
181.910477 55.140118 
367.681580 121.190674 
402.438629 307.043396 
118.433830 323.582520 
275.201538 12.797085 
375.792999 381.170074 
283.615875 314.128662 
174.395416 226.821640 
288.798737 324.594055 
417.489532 292.470551 
366.490723 165.862442 
417.489532 292.470551 
117.244408 23.754631 
136.712265 333.794098 
335.140961 190.966110 
451.990265 60.394669 
463.626984 375.249725 
231.468857 173.183517 
296.933075 426.273041 
194.862137 170.068726 
403.426300 335.927948 
117.810959 43.602161 
528.727722 13.172981 
181.910477 55.140118 
288.625305 80.185287 
278.777374 201.029510 
386.442047 341.806305 
459.025391 197.843231 
386.442047 341.806305 
528.727722 13.172981 
417.489532 292.470551 
275.201538 12.797085 
471.236786 354.844208 
417.489532 292.470551 
184.640366 67.460999 
417.489532 292.470551 
169.898331 60.638607 
417.489532 292.470551 
184.640366 67.460999 
236.405258 111.021935 
424.723511 285.602692 
280.808014 73.441879 
258.323090 24.948503 
239.032639 186.710114 
352.932220 254.264877 
181.910477 55.140118 
402.438629 307.043396 
117.941765 141.265900 
275.458008 189.464600 
181.910477 55.140118 
290.651459 404.723694 
246.593124 245.789261 
290.362854 394.520233 
161.384857 280.856812 
498.359131 39.638470 
578.302917 7.513749 
378.467987 438.877594 
275.458008 189.464600 
284.079163 43.993256 
498.359131 39.638470 
355.987823 117.456688 
155.141403 215.793381 
284.421356 381.412415 
402.438629 307.043396 
386.442047 341.806305 
269.127258 244.496536 
155.141403 215.793381 
340.077026 468.735352 
548.974121 310.386230 
366.490723 165.862442 
437.501984 290.358612 
152.417770 187.592728 
437.501984 290.358612 
189.413132 119.927361 
377.510651 153.602036 
226.670151 231.093658 
459.025391 197.843231 
251.214981 229.271820 
370.831207 469.361481 
278.777374 201.029510 
138.770905 194.575165 
274.881500 403.162933 
437.501984 290.358612 
248.327438 145.172958 
578.302917 7.513749 
71.763313 278.735718 
167.401108 33.470623 
167.401108 33.470623 
313.377197 280.781464 
197.117340 334.912994 
167.401108 33.470623 
282.820801 300.346222 
241.706482 275.699921 
82.114182 224.962448 
398.592316 283.755035 
327.793701 292.958191 
350.820099 425.357849 
417.489532 292.470551 
433.681061 247.817093 
122.428841 189.485977 
366.490723 165.862442 
459.025391 197.843231 
198.590118 60.476700 
402.438629 307.043396 
227.944672 363.252747 
111.069489 313.914795 
366.490723 165.862442 
498.359131 39.638470 
203.450928 233.783096 
403.325714 117.847282 
184.640366 67.460999 
283.134766 91.655647 
319.130432 311.423737 
417.489532 292.470551 
184.640366 67.460999 
284.421356 381.412415 
181.910477 55.140118 
366.490723 165.862442 
386.442047 341.806305 
410.032104 295.215332 
373.306519 385.611542 
209.961166 132.198563 
136.712265 333.794098 
188.108276 209.891403 
85.383972 436.897491 
417.489532 292.470551 
417.489532 292.470551 
406.277679 106.418625 
181.910477 55.140118 
184.640366 67.460999 
536.215881 152.251541 
468.881592 336.683228 
402.438629 307.043396 
366.490723 165.862442 
414.918243 262.950714 
445.520142 301.104126 
417.489532 292.470551 
167.401108 33.470623 
417.489532 292.470551 
209.961166 132.198563 
155.141403 215.793381 
417.489532 292.470551 
209.961166 132.198563 
366.490723 165.862442 
417.489532 292.470551 
277.655792 89.757698 
483.920258 327.016052 
402.638733 231.690048 
181.910477 55.140118 
443.797394 236.918015 
184.640366 67.460999 
471.359741 320.242920 
297.221069 313.995056 
386.442047 341.806305 
95.750343 285.427948 
369.439087 324.608521 
111.069489 313.914795 
443.797394 236.918015 
258.970612 421.232666 
517.852722 255.646393 
386.442047 341.806305 
136.712265 333.794098 
169.898331 60.638607 
417.489532 292.470551 
403.426300 335.927948 
208.061081 165.835220 
236.694153 288.093323 
410.032104 295.215332 
169.898331 60.638607 
366.490723 165.862442 
459.025391 197.843231 
459.025391 197.843231 
201.861771 60.267899 
401.270477 10.417775 
436.660278 146.087906 
330.694519 200.768494 
437.501984 290.358612 
417.489532 292.470551 
573.354431 25.792183 
350.820099 425.357849 
445.520142 301.104126 
169.898331 60.638607 
69.612236 434.304016 
117.500153 251.396179 
463.046478 344.893433 
152.631577 24.820845 
275.047363 105.245316 
79.141380 436.934204 
386.442047 341.806305 
158.888718 222.613449 
445.520142 301.104126 
352.932220 254.264877 
522.044067 268.180481 
461.589172 296.147003 
184.640366 67.460999 
167.401108 33.470623 
184.640366 67.460999 
449.373779 209.427017 
498.359131 39.638470 
261.591644 306.823120 
522.835205 343.289398 
232.049789 124.310204 
198.590118 60.476700 
169.898331 60.638607 
264.810822 188.780807 
433.848450 298.735199 
498.359131 39.638470 
388.174652 260.015778 
496.648773 283.359955 
274.881500 403.162933 
187.187775 27.413128 
198.887695 134.910797 
417.489532 292.470551 
85.383972 436.897491 
111.069489 313.914795 
496.648773 283.359955 
536.215881 152.251541 
492.446289 260.355438 
248.327438 145.172958 
111.150169 187.438187 
279.594757 318.871368 
232.049789 124.310204 
326.833832 338.701904 
131.782806 222.906052 
461.589172 296.147003 
461.589172 296.147003 
528.727722 13.172981 
130.430420 158.992538 
85.383972 436.897491 
555.469910 85.613083 
147.360489 219.095413 
288.625305 80.185287 
523.322998 177.066620 
436.256622 401.914703 
113.505272 289.017212 
227.585129 143.692581 
109.007614 420.097443 
517.852722 255.646393 
537.259155 88.628471 
537.259155 88.628471 
496.369965 176.999954 
80.059219 461.281128 
476.512024 467.210693 
377.510651 153.602036 
151.354675 198.721710 
475.388123 404.717316 
496.648773 283.359955 
71.763313 278.735718 
192.711456 283.467072 
284.079163 43.993256 
431.244843 257.180969 
316.709259 397.991058 
184.640366 67.460999 
168.780273 23.736673 
160.271790 102.173447 
386.769104 334.884460 
330.076141 434.596252 
288.625305 80.185287 
500.933319 325.898041 
179.858643 109.638992 
445.520142 301.104126 
459.025391 197.843231 
266.761932 51.987762 
155.141403 215.793381 
367.969910 86.153900 
433.681061 247.817093 
386.442047 341.806305 
398.592316 283.755035 
335.140961 190.966110 
85.383972 436.897491 
471.236786 354.844208 
146.120804 323.378693 
405.288727 330.886597 
290.312042 341.524719 
111.069489 313.914795 
280.808014 73.441879 
167.401108 33.470623 
351.843079 321.846588 
181.910477 55.140118 
204.691544 87.254677 
436.256622 401.914703 
475.388123 404.717316 
533.550720 420.927155 
401.270477 10.417775 
209.961166 132.198563 
146.726730 44.447281 
160.271790 102.173447 
468.881592 336.683228 
284.609589 211.783539 
350.235291 235.938644 
350.820099 425.357849 
298.272888 67.755554 
208.061081 165.835220 
355.123108 467.279236 
391.730072 120.024902 
442.890198 264.108063 
201.861771 60.267899 
330.076141 434.596252 
187.187775 27.413128 
289.839294 17.730762 
155.141403 215.793381 
551.892395 37.593685 
517.852722 255.646393 
414.175079 461.006470 
510.292450 51.145847 
204.251846 157.686600 
378.415405 472.051544 
331.920654 210.248581 
189.413132 119.927361 
278.917358 311.468658 
496.369965 176.999954 
280.808014 73.441879 
248.327438 145.172958 
288.582001 341.392090 
410.032104 295.215332 
189.413132 119.927361 
157.184525 234.543137 
121.451355 5.007517 
263.070129 347.230957 
367.969910 86.153900 
209.961166 132.198563 
484.785614 271.341492 
366.490723 165.862442 
251.214981 229.271820 
528.727722 13.172981 
300.585205 301.248779 
241.715332 255.185318 
437.877075 468.200317 
237.694138 274.888763 
335.063782 268.034882 
169.898331 60.638607 
266.771729 446.985382 
509.451599 141.422562 
127.934380 201.117523 
88.276276 271.036285 
445.520142 301.104126 
209.961166 132.198563 
252.228439 345.624969 
62.142807 448.725739 
287.180725 194.126709 
366.490723 165.862442 
117.810959 43.602161 
157.184525 234.543137 
157.880966 259.591736 
498.815704 399.513794 
227.585129 143.692581 
130.430420 158.992538 
275.201538 12.797085 
160.271790 102.173447 
286.364502 108.180275 
468.881592 336.683228 
181.910477 55.140118 
339.045990 294.468933 
