536
146.056076 340.167297 
183.407089 358.943634 
160.778168 391.187805 
179.893295 309.622589 
192.296310 305.084778 
95.706627 364.700989 
258.806885 287.506989 
601.305786 372.791992 
201.983841 309.349426 
202.058640 308.976868 
203.439819 262.650513 
621.725037 372.552551 
191.996567 331.421356 
100.898445 359.708588 
259.990845 307.581482 
252.262497 281.827148 
89.556633 359.195923 
304.580566 329.027466 
102.220749 31.724537 
193.265060 115.837700 
229.046936 127.611626 
111.324867 89.657639 
587.604797 352.338593 
180.927231 300.806976 
252.262497 281.827148 
592.197693 81.391106 
319.779144 311.218201 
199.939438 294.283997 
480.528778 269.009552 
170.757233 407.445618 
293.122040 244.774704 
349.173004 314.619629 
99.255135 62.492634 
94.769775 148.610840 
124.267471 106.128105 
506.210419 263.966980 
199.939438 294.283997 
186.319870 257.108215 
80.818558 110.245049 
186.319870 257.108215 
478.343658 105.519791 
360.896301 198.678665 
242.193207 131.766006 
188.039734 393.174530 
126.752151 35.308910 
216.312149 279.536987 
328.839935 217.221161 
283.771362 318.848389 
503.732635 129.635971 
547.256592 87.289192 
92.960304 134.437820 
226.599609 157.218567 
568.780334 189.019867 
189.147842 149.297913 
472.855255 244.778641 
332.264008 208.694611 
161.643661 69.598396 
482.707611 140.416321 
216.436600 279.394623 
460.953949 124.282387 
23.256466 358.435059 
337.178894 292.573425 
428.629944 281.831207 
555.632202 283.514526 
310.079468 401.300140 
546.757812 155.529648 
533.405273 166.479080 
600.727966 64.176750 
327.932678 217.717026 
242.646912 254.273560 
267.651611 333.756042 
136.350983 129.237228 
391.496155 465.122559 
312.477844 279.646362 
130.906631 65.826851 
216.834824 342.635925 
125.216270 138.087479 
257.241669 327.021301 
49.022152 308.495605 
106.931946 191.320328 
119.997108 252.545654 
200.694778 114.994766 
290.038269 304.943756 
566.582642 121.114876 
211.095261 37.493481 
137.018600 188.193039 
589.250366 122.791924 
78.542267 358.580353 
508.947449 151.535751 
176.682266 145.855591 
313.920624 254.590775 
234.655457 77.872986 
528.390869 64.286987 
612.794128 135.926056 
302.305786 413.220764 
233.773270 342.920715 
488.376434 96.113716 
62.912460 173.660904 
615.503723 177.576401 
90.005257 30.128286 
282.246246 392.332123 
245.449615 59.394615 
208.900513 334.576935 
313.920624 254.590775 
209.445251 296.212311 
310.735535 56.002266 
591.290039 139.896652 
421.976196 99.755249 
112.225967 115.318123 
303.494812 393.889435 
290.948914 406.628998 
98.115898 252.359955 
389.145325 407.678497 
89.754044 19.916756 
501.617035 178.047653 
160.587021 118.715027 
157.913208 225.281677 
216.834824 342.635925 
155.851334 329.588165 
581.008118 17.098095 
141.902267 57.571289 
592.822021 94.832100 
36.038498 358.449127 
463.626953 129.983597 
528.518311 117.405663 
482.237366 80.657585 
384.856720 324.850525 
507.536011 138.204025 
568.839478 417.670197 
157.913208 225.281677 
512.424072 253.267288 
254.058273 395.775940 
160.326813 171.912094 
617.825378 153.352585 
244.657547 115.134239 
23.372772 358.034332 
584.410278 171.287781 
488.953461 188.728546 
274.707611 365.259033 
452.287231 71.989761 
594.454895 144.000198 
39.162659 136.078583 
252.029739 158.735962 
326.108459 380.201050 
506.482819 86.644089 
605.379700 90.450485 
365.336884 5.898579 
372.804077 457.915344 
69.062408 242.398987 
199.939438 294.283997 
232.919983 245.147476 
357.188873 343.913696 
292.852600 349.813477 
59.272057 324.328369 
127.847427 230.784378 
352.191498 281.136719 
547.164612 127.563187 
132.791870 67.433151 
597.715088 31.004120 
411.047028 458.349976 
235.835236 192.012344 
241.387009 52.266739 
146.703415 236.466949 
251.157211 140.654526 
600.827698 92.304901 
33.970474 170.539383 
252.786545 118.651825 
438.837402 269.909546 
404.000885 163.604156 
74.817924 90.661911 
522.919373 57.017124 
301.869171 164.167267 
449.936188 139.170242 
581.279236 151.185638 
357.188873 343.913696 
413.981049 230.117279 
292.852600 349.813477 
240.404785 72.511223 
244.721664 321.395691 
158.158920 163.145676 
542.366272 379.337280 
479.057404 180.245972 
186.728653 446.858124 
402.992188 75.573448 
91.904945 409.505554 
53.314114 352.485413 
500.323822 79.647369 
549.112549 72.254539 
120.652000 121.170227 
212.396439 173.921616 
164.940903 234.568573 
632.076538 168.857742 
81.880051 51.894344 
28.419580 351.548492 
357.590485 130.633530 
16.739019 405.047546 
415.803986 260.684631 
140.359543 69.521492 
186.766037 90.166069 
298.206146 269.156189 
591.041748 158.117218 
358.064819 84.774330 
418.820618 334.082977 
398.723450 116.614738 
501.377960 372.504822 
618.301392 122.675423 
593.176941 69.393089 
407.020111 415.673645 
90.913063 167.107254 
563.189758 458.397064 
115.448471 354.873749 
51.041668 247.078323 
513.489746 168.505783 
416.127747 243.013123 
401.697327 214.407822 
273.994232 350.926453 
498.013519 200.823868 
48.181576 167.536911 
181.366165 66.209747 
313.616241 118.799942 
454.019409 76.874794 
132.770355 455.297363 
546.424194 193.384567 
613.501892 121.076157 
516.962158 93.074860 
362.719879 48.936527 
91.111061 7.495589 
536.688660 259.427063 
320.317108 263.443359 
398.723450 116.614738 
599.620178 330.960297 
223.761581 172.346313 
417.100128 447.165710 
478.509064 154.585648 
335.485413 281.245758 
593.321838 125.190132 
234.426941 172.446808 
78.630348 166.192719 
610.032593 134.422745 
154.397858 147.329803 
598.072449 143.095184 
114.252342 26.283121 
210.954422 160.536865 
67.955261 44.898659 
164.927887 95.922501 
562.438965 138.072784 
175.996719 217.276520 
266.961273 36.229309 
374.755463 299.027802 
447.207031 375.738770 
55.617012 262.941040 
112.694138 241.115341 
516.966187 19.281414 
263.918396 103.450897 
521.936035 401.429413 
182.865173 135.601791 
601.204773 107.579277 
258.783966 40.519417 
425.697540 304.373352 
53.851059 294.687317 
236.874359 158.990097 
100.453003 408.788452 
422.964203 447.217896 
516.291931 203.224152 
431.423492 164.907013 
101.948959 161.741638 
606.850342 113.947159 
431.218323 40.313671 
509.181580 100.772522 
258.356903 351.724945 
615.799744 80.772820 
120.906334 421.593964 
236.905609 148.989838 
547.195251 108.436600 
201.736649 31.049341 
500.295319 79.890381 
440.008667 170.830200 
516.509460 126.109337 
25.254124 312.816589 
508.193878 113.851578 
483.358551 169.972778 
527.973389 100.376503 
586.979065 108.215599 
160.917419 464.419189 
545.751526 323.393219 
144.353989 40.164097 
452.746063 195.479874 
275.620972 78.438461 
617.341614 330.764496 
200.560867 401.729156 
318.141510 455.429688 
445.251495 50.831627 
468.530884 78.656883 
548.360596 80.794777 
263.401794 140.178955 
595.122131 183.808640 
340.092072 78.256500 
84.990219 298.684570 
208.307892 458.234039 
103.268646 131.580032 
596.449158 27.815861 
166.112061 428.484070 
622.840820 98.177956 
247.602554 384.113953 
199.555817 425.059082 
553.243591 49.368149 
264.610077 60.723091 
525.869751 455.942688 
406.360565 135.386490 
310.079468 401.300140 
129.690720 360.124939 
139.331177 267.250122 
628.714355 453.998169 
62.442303 392.539551 
252.868164 101.442390 
289.404327 454.369751 
101.291435 179.779602 
462.302704 448.980225 
146.798019 386.739532 
410.493286 308.966827 
187.175644 179.787399 
189.902557 45.513382 
188.137222 76.894272 
527.877014 88.448875 
579.549133 241.148972 
89.434975 61.628693 
592.669800 112.418060 
89.267067 316.086426 
331.586273 130.073303 
531.679932 364.894226 
401.540863 358.982544 
459.435913 388.867493 
201.152634 162.978653 
212.712112 183.575378 
312.574860 72.394676 
40.210552 22.069939 
546.303467 193.094162 
127.610413 409.526337 
144.692734 20.664330 
103.029175 19.890739 
592.568481 54.411995 
352.399628 64.938980 
233.582718 413.933075 
536.518005 236.361847 
405.817596 11.816780 
230.118652 131.805481 
509.790771 219.516876 
254.754318 76.588142 
210.716888 97.656754 
423.297089 106.804512 
236.105957 165.186279 
201.467361 220.727982 
336.297546 64.711319 
525.532227 166.358780 
232.636398 41.377388 
632.229492 144.428802 
362.452545 116.447548 
251.109146 165.080215 
282.027496 206.584534 
59.917244 315.774017 
443.054321 100.744926 
438.190887 80.691124 
137.781723 113.589615 
168.668686 426.803589 
17.478954 363.837830 
410.493286 308.966827 
48.651531 120.141830 
412.712219 166.828995 
180.047119 77.333130 
39.082729 428.943512 
477.235077 198.260666 
521.907166 250.040283 
167.314072 347.647156 
208.480850 103.304787 
625.651428 156.439850 
139.068893 152.805832 
596.339783 160.789459 
406.537811 369.553009 
258.433838 300.547882 
485.761688 54.191860 
113.548477 287.468018 
542.137329 24.832554 
523.886230 124.071609 
527.707275 221.564972 
383.116302 10.153268 
462.835846 68.952194 
28.657656 112.015511 
382.629242 156.035660 
538.929260 74.981163 
423.678192 92.995300 
416.414215 397.489777 
116.629616 264.578705 
257.173248 53.714413 
202.314316 254.459152 
96.997963 155.992279 
256.290649 63.152542 
438.262360 107.526039 
33.324932 9.429664 
104.767113 240.249359 
29.042185 21.641691 
474.128540 376.684235 
72.841324 9.828470 
49.879650 153.012360 
182.636932 225.646500 
22.205950 281.636139 
461.576477 50.736328 
286.293030 53.936981 
489.417023 59.241436 
569.461548 27.853628 
624.095276 201.672623 
204.020706 129.202332 
225.806686 432.972351 
318.300720 43.415604 
554.722107 181.932693 
472.316833 87.092018 
406.478729 198.918152 
48.260853 356.703735 
597.241516 186.872482 
392.845551 131.844849 
496.084717 164.372498 
62.945152 244.865524 
557.258301 203.234314 
142.036194 442.656677 
261.908417 86.009048 
308.932770 140.191940 
328.712799 445.957764 
388.128601 106.681763 
554.314819 14.021294 
555.779114 384.861206 
611.736572 160.027847 
113.193878 287.779388 
564.804199 146.557358 
523.956909 348.796661 
523.956909 348.796661 
31.734352 70.374886 
9.786097 192.020203 
342.924500 51.502224 
626.200562 274.675720 
70.661797 358.130280 
115.578720 395.826660 
207.561569 350.145325 
624.057861 281.240814 
551.854248 416.150238 
548.742737 90.900627 
201.813934 43.155624 
401.226898 36.064938 
202.314316 254.459152 
138.759125 88.110420 
399.760193 167.106598 
611.085571 291.971100 
451.333527 282.890472 
557.829590 46.669067 
568.830750 111.938545 
605.495056 271.142456 
622.422546 108.072243 
616.553162 170.142883 
323.402100 78.769997 
22.952597 451.254242 
513.507507 46.078640 
14.286369 251.851181 
555.692261 146.960281 
210.612167 133.540787 
481.361267 109.818878 
455.933655 66.428932 
134.504822 54.389664 
72.754761 300.921417 
112.004852 160.154190 
570.794739 52.380119 
445.364716 185.079025 
542.344238 257.062683 
141.642288 420.850281 
437.174316 92.530212 
468.065125 327.348175 
251.184540 273.950378 
106.696724 434.359375 
516.557312 106.274300 
143.230637 279.489777 
589.202820 268.208862 
374.708862 115.019287 
348.678711 27.956089 
607.495972 15.889331 
203.335693 219.019470 
128.409424 246.634674 
207.098312 187.095291 
439.795990 180.799576 
254.692795 373.756714 
106.434418 174.020325 
43.009232 152.768219 
401.266693 153.150436 
71.580750 234.147964 
599.000305 215.608704 
542.096252 10.423348 
624.372192 306.478058 
197.552826 134.342712 
177.595551 173.000351 
577.607178 29.710041 
611.710083 109.138138 
18.811102 244.126282 
235.510544 194.960617 
135.583740 255.503967 
306.329529 127.788567 
513.507507 46.078640 
16.820465 17.975399 
547.893860 101.516418 
218.936539 36.906120 
553.243591 49.368149 
20.564196 223.032883 
309.492584 90.006561 
626.938904 12.443205 
31.541142 88.502266 
638.526794 137.710556 
132.877518 76.562492 
509.357056 435.923035 
243.882919 227.560577 
308.637451 201.684952 
610.050232 216.800049 
629.242126 128.816742 
71.627121 228.005371 
416.930817 136.211807 
452.468903 40.207466 
345.757782 99.411064 
235.258514 197.964111 
21.481802 451.387329 
181.388123 17.667997 
500.805023 56.168369 
501.382294 237.424683 
399.278229 385.722839 
499.569489 104.502792 
137.456345 102.296867 
564.949646 358.587830 
385.911652 89.107071 
280.108917 273.036835 
425.908081 137.389328 
534.820618 47.469574 
276.965515 64.486862 
28.817400 239.321671 
