536
201.983841 309.349426 
209.445251 296.212311 
179.893295 309.622589 
209.445251 296.212311 
258.806885 287.506989 
252.262497 281.827148 
183.229187 295.116791 
290.038269 304.943756 
199.939438 294.283997 
252.262497 281.827148 
192.296310 305.084778 
186.319870 257.108215 
191.996567 331.421356 
216.312149 279.536987 
621.725037 372.552551 
160.778168 391.187805 
601.305786 372.791992 
186.319870 257.108215 
349.173004 314.619629 
332.264008 208.694611 
372.804077 457.915344 
259.990845 307.581482 
94.769775 148.610840 
49.022152 308.495605 
157.815979 422.134613 
310.079468 401.300140 
200.694778 114.994766 
547.256592 87.289192 
292.852600 349.813477 
89.556633 359.195923 
528.390869 64.286987 
251.184540 273.950378 
304.580566 329.027466 
480.528778 269.009552 
587.604797 352.338593 
267.550568 296.060150 
203.077164 358.180084 
166.112061 428.484070 
360.896301 198.678665 
194.186996 258.088043 
146.056076 340.167297 
282.246246 392.332123 
203.439819 262.650513 
293.122040 244.774704 
290.948914 406.628998 
428.629944 281.831207 
188.039734 393.174530 
233.773270 342.920715 
230.634064 354.604156 
303.494812 393.889435 
102.220749 31.724537 
411.047028 458.349976 
308.971710 434.929993 
173.835846 386.000610 
193.265060 115.837700 
273.994232 350.926453 
242.646912 254.273560 
100.898445 359.708588 
162.989395 312.593109 
257.241669 327.021301 
307.891357 357.344116 
357.188873 343.913696 
62.912460 173.660904 
194.584930 451.557251 
141.902267 57.571289 
51.041668 247.078323 
313.920624 254.590775 
84.990219 298.684570 
232.919983 245.147476 
312.477844 279.646362 
407.020111 415.673645 
267.651611 333.756042 
183.407089 358.943634 
92.960304 134.437820 
595.122131 183.808640 
59.272057 324.328369 
155.851334 329.588165 
274.707611 365.259033 
389.145325 407.678497 
180.035751 340.251678 
80.818558 110.245049 
23.256466 358.435059 
460.953949 124.282387 
99.255135 62.492634 
95.706627 364.700989 
125.216270 138.087479 
199.939438 294.283997 
506.210419 263.966980 
36.038498 358.449127 
234.655457 77.872986 
16.739019 405.047546 
161.643661 69.598396 
584.410278 171.287781 
478.343658 105.519791 
23.372772 358.034332 
39.162659 136.078583 
384.856720 324.850525 
111.324867 89.657639 
374.755463 299.027802 
100.453003 408.788452 
592.197693 81.391106 
568.780334 189.019867 
229.046936 127.611626 
589.250366 122.791924 
202.058640 308.976868 
170.074905 377.837860 
186.728653 446.858124 
114.252342 26.283121 
189.147842 149.297913 
546.757812 155.529648 
216.436600 279.394623 
242.193207 131.766006 
258.356903 351.724945 
283.771362 318.848389 
348.259796 296.714233 
357.590485 130.633530 
482.707611 140.416321 
357.188873 343.913696 
345.757782 99.411064 
390.036987 360.503571 
488.953461 188.728546 
180.927231 300.806976 
390.036987 360.503571 
203.335693 219.019470 
173.744461 442.479828 
244.721664 321.395691 
160.587021 118.715027 
326.108459 380.201050 
78.542267 358.580353 
594.454895 144.000198 
612.794128 135.926056 
553.243591 49.368149 
303.455688 399.777557 
33.970474 170.539383 
275.620972 78.438461 
542.366272 379.337280 
81.880051 51.894344 
352.191498 281.136719 
501.377960 372.504822 
158.398544 325.938232 
521.936035 401.429413 
503.732635 129.635971 
132.770355 455.297363 
362.719879 48.936527 
501.617035 178.047653 
337.178894 292.573425 
522.919373 57.017124 
592.568481 54.411995 
137.018600 188.193039 
176.682266 145.855591 
180.047119 77.333130 
170.757233 407.445618 
404.000885 163.604156 
235.835236 192.012344 
124.267471 106.128105 
187.726028 197.919708 
509.804962 220.669632 
280.108917 273.036835 
591.290039 139.896652 
398.723450 116.614738 
566.582642 121.114876 
452.287231 71.989761 
245.449615 59.394615 
199.555817 425.059082 
597.715088 31.004120 
280.774292 330.562042 
89.754044 19.916756 
501.377960 372.504822 
528.518311 117.405663 
512.424072 253.267288 
463.626953 129.983597 
233.582718 413.933075 
206.809052 372.808075 
223.761581 172.346313 
208.900513 334.576935 
200.560867 401.729156 
74.817924 90.661911 
421.976196 99.755249 
146.308655 73.887695 
160.326813 171.912094 
252.786545 118.651825 
617.825378 153.352585 
593.176941 69.393089 
298.206146 269.156189 
542.137329 24.832554 
563.189758 458.397064 
367.517212 360.056702 
605.379700 90.450485 
500.295319 79.890381 
39.082729 428.943512 
134.504822 54.389664 
136.350983 129.237228 
25.254124 312.816589 
77.245300 193.246521 
531.679932 364.894226 
568.839478 417.670197 
226.599609 157.218567 
137.594574 239.466263 
365.336884 5.898579 
449.936188 139.170242 
120.652000 121.170227 
251.157211 140.654526 
555.632202 283.514526 
106.931946 191.320328 
482.237366 80.657585 
592.822021 94.832100 
431.218323 40.313671 
49.879650 153.012360 
536.518005 236.361847 
202.314316 254.459152 
468.530884 78.656883 
90.005257 30.128286 
516.509460 126.109337 
508.947449 151.535751 
313.920624 254.590775 
462.302704 448.980225 
208.307892 458.234039 
488.376434 96.113716 
552.745972 27.454092 
182.636932 225.646500 
361.713318 365.748077 
406.537811 369.553009 
525.869751 455.942688 
164.927887 95.922501 
615.503723 177.576401 
241.387009 52.266739 
269.873444 19.557743 
140.359543 69.521492 
425.697540 304.373352 
600.827698 92.304901 
127.847427 230.784378 
601.204773 107.579277 
157.913208 225.281677 
596.449158 27.815861 
28.419580 351.548492 
402.992188 75.573448 
549.112549 72.254539 
91.904945 409.505554 
507.536011 138.204025 
553.243591 49.368149 
244.657547 115.134239 
352.399628 64.938980 
157.913208 225.281677 
146.420593 197.168137 
310.735535 56.002266 
109.178146 454.443237 
547.164612 127.563187 
90.913063 167.107254 
258.433838 300.547882 
533.405273 166.479080 
142.036194 442.656677 
485.761688 54.191860 
313.616241 118.799942 
416.127747 243.013123 
201.813934 43.155624 
417.100128 447.165710 
598.072449 143.095184 
591.041748 158.117218 
266.961273 36.229309 
112.225967 115.318123 
506.482819 86.644089 
254.692795 373.756714 
53.314114 352.485413 
391.496155 465.122559 
527.877014 88.448875 
558.718384 349.401428 
606.850342 113.947159 
478.509064 154.585648 
509.181580 100.772522 
201.467361 220.727982 
445.251495 50.831627 
523.886230 124.071609 
613.501892 121.076157 
508.193878 113.851578 
244.856293 370.120880 
287.706116 375.296509 
258.783966 40.519417 
425.908081 137.389328 
320.317108 263.443359 
516.962158 93.074860 
202.314316 254.459152 
181.366165 66.209747 
141.642288 420.850281 
569.461548 27.853628 
53.851059 294.687317 
555.779114 384.861206 
252.029739 158.735962 
479.057404 180.245972 
546.303467 193.094162 
546.424194 193.384567 
454.019409 76.874794 
307.891357 357.344116 
562.438965 138.072784 
581.279236 151.185638 
204.020706 129.202332 
545.751526 323.393219 
246.361710 398.339233 
452.746063 195.479874 
422.964203 447.217896 
362.452545 116.447548 
618.301392 122.675423 
624.372192 306.478058 
472.316833 87.092018 
160.917419 464.419189 
210.954422 160.536865 
516.621887 418.558807 
513.489746 168.505783 
146.703415 236.466949 
282.027496 206.584534 
48.181576 167.536911 
216.834824 342.635925 
236.874359 158.990097 
410.493286 308.966827 
570.794739 52.380119 
186.766037 90.166069 
236.105957 165.186279 
240.404785 72.511223 
207.561569 350.145325 
257.173248 53.714413 
154.397858 147.329803 
189.902557 45.513382 
438.262360 107.526039 
182.865173 135.601791 
483.358551 169.972778 
593.321838 125.190132 
335.485413 281.245758 
146.115234 364.249451 
600.727966 64.176750 
500.323822 79.647369 
132.877518 76.562492 
234.426941 172.446808 
516.966187 19.281414 
472.315430 288.621399 
586.979065 108.215599 
137.781723 113.589615 
264.610077 60.723091 
415.803986 260.684631 
201.152634 162.978653 
498.013519 200.823868 
130.906631 65.826851 
358.064819 84.774330 
208.480850 103.304787 
225.806686 432.972351 
413.981049 230.117279 
78.630348 166.192719 
447.207031 375.738770 
62.442303 392.539551 
610.032593 134.422745 
632.076538 168.857742 
225.303207 408.873260 
168.668686 426.803589 
115.448471 354.873749 
527.707275 221.564972 
309.492584 90.006561 
516.291931 203.224152 
120.906334 421.593964 
423.297089 106.804512 
423.678192 92.995300 
211.095261 37.493481 
336.297546 64.711319 
378.587494 309.899414 
263.401794 140.178955 
615.799744 80.772820 
431.423492 164.907013 
144.353989 40.164097 
263.918396 103.450897 
103.029175 19.890739 
126.752151 35.308910 
625.651428 156.439850 
513.507507 46.078640 
101.291435 179.779602 
89.434975 61.628693 
67.955261 44.898659 
338.051941 303.726562 
201.736649 31.049341 
162.309387 356.375732 
318.141510 455.429688 
210.612167 133.540787 
103.268646 131.580032 
48.651531 120.141830 
624.095276 201.672623 
114.352814 138.353470 
17.478954 363.837830 
256.290649 63.152542 
569.790039 275.421692 
119.997108 252.545654 
112.694138 241.115341 
132.791870 67.433151 
20.564196 223.032883 
129.690720 360.124939 
383.116302 10.153268 
551.854248 416.150238 
577.607178 29.710041 
101.948959 161.741638 
232.636398 41.377388 
382.629242 156.035660 
585.688049 224.843872 
628.714355 453.998169 
91.111061 7.495589 
137.456345 102.296867 
538.929260 74.981163 
527.973389 100.376503 
340.092072 78.256500 
398.723450 116.614738 
139.068893 152.805832 
481.361267 109.818878 
496.324432 35.962639 
98.115898 252.359955 
22.952597 451.254242 
579.127747 397.614136 
254.754318 76.588142 
212.712112 183.575378 
548.360596 80.794777 
236.905609 148.989838 
438.837402 269.909546 
252.868164 101.442390 
596.339783 160.789459 
443.054321 100.744926 
592.669800 112.418060 
230.118652 131.805481 
399.760193 167.106598 
401.226898 36.064938 
224.435699 12.853561 
251.109146 165.080215 
437.174316 92.530212 
128.409424 246.634674 
388.128601 106.681763 
81.796623 240.115585 
210.716888 97.656754 
438.190887 80.691124 
597.241516 186.872482 
28.817400 239.321671 
212.396439 173.921616 
401.697327 214.407822 
509.790771 219.516876 
530.346069 251.044312 
312.574860 72.394676 
477.235077 198.260666 
62.945152 244.865524 
21.099375 206.751083 
146.798019 386.739532 
342.924500 51.502224 
261.908417 86.009048 
323.402100 78.769997 
29.836426 274.208771 
406.360565 135.386490 
555.692261 146.960281 
267.752716 420.874237 
458.656708 16.965624 
517.889587 38.018066 
278.378265 50.682434 
564.949646 358.587830 
301.869171 164.167267 
412.712219 166.828995 
581.008118 17.098095 
318.300720 43.415604 
116.629616 264.578705 
513.507507 46.078640 
25.982843 33.773823 
426.403656 37.447712 
455.933655 66.428932 
547.195251 108.436600 
71.580750 234.147964 
175.996719 217.276520 
139.331177 267.250122 
385.911652 89.107071 
29.042185 21.641691 
445.364716 185.079025 
406.478729 198.918152 
247.602554 384.113953 
93.032593 180.918976 
622.840820 98.177956 
561.771851 167.878784 
579.549133 241.148972 
55.617012 262.941040 
40.210552 22.069939 
462.835846 68.952194 
238.890869 220.523483 
43.009232 152.768219 
459.435913 388.867493 
106.434418 174.020325 
308.932770 140.191940 
348.678711 27.956089 
273.808990 196.384842 
197.552826 134.342712 
439.795990 180.799576 
289.404327 454.369751 
170.860291 191.565613 
500.936493 121.304321 
561.768860 223.754776 
611.736572 160.027847 
525.532227 166.358780 
132.294800 291.416809 
91.904945 409.505554 
440.008667 170.830200 
569.738464 370.920288 
484.750427 103.563583 
41.875050 277.454132 
104.767113 240.249359 
542.096252 10.423348 
31.734352 70.374886 
177.595551 173.000351 
331.586273 130.073303 
517.889587 38.018066 
286.293030 53.936981 
21.481802 451.387329 
632.229492 144.428802 
363.891571 320.769623 
382.629242 156.035660 
434.955109 325.563232 
554.722107 181.932693 
583.883545 198.938095 
135.583740 255.503967 
474.128540 376.684235 
28.657656 112.015511 
127.610413 409.526337 
310.861877 19.834309 
59.917244 315.774017 
626.938904 12.443205 
616.553162 170.142883 
203.321671 147.274689 
128.688080 159.785873 
297.656372 99.921196 
383.041718 77.656700 
534.820618 47.469574 
392.845551 131.844849 
612.093811 45.817463 
250.622253 350.475128 
196.603668 191.423492 
136.278717 123.954819 
629.242126 128.816742 
547.893860 101.516418 
405.817596 11.816780 
624.057861 281.240814 
33.324932 9.429664 
124.014931 186.740402 
