500
318.301208 415.387238 
263.850494 412.980988 
267.244812 433.658569 
342.212250 397.537903 
228.331543 434.491364 
336.258789 406.036560 
318.787476 365.924835 
327.893829 444.159698 
336.258789 406.036560 
262.277435 417.335266 
427.627106 415.620636 
427.627106 415.620636 
594.999268 454.469452 
594.999268 454.469452 
264.713776 451.695648 
407.927704 442.712219 
161.024780 417.956757 
339.166199 438.093567 
360.078278 362.891449 
201.174728 376.327637 
307.872833 421.804413 
246.319870 442.186218 
194.381775 444.409515 
212.193710 405.794556 
525.561584 389.746643 
549.175476 426.628113 
569.199280 434.011536 
450.207520 410.177979 
280.337555 388.570282 
486.317566 424.984894 
532.338623 404.030334 
568.181641 397.126129 
394.599670 435.663696 
486.130951 394.755585 
246.319870 442.186218 
263.850494 412.980988 
330.953613 425.620514 
526.138000 439.018311 
386.402985 386.131073 
444.871674 438.340607 
251.305420 403.958008 
318.042114 408.240814 
526.138000 439.018311 
326.436310 382.830261 
569.199280 434.011536 
539.006897 395.265747 
296.179138 358.194946 
524.994751 399.330597 
548.483582 381.261902 
282.951019 436.089172 
408.295258 125.117897 
386.560974 454.510040 
545.533813 390.811584 
386.560974 454.510040 
367.986725 355.734344 
232.046585 383.841522 
220.269485 428.156433 
560.063965 433.593079 
370.687469 453.446045 
374.879211 395.709991 
221.568573 458.275635 
600.406921 362.843842 
289.877014 389.571228 
300.401337 177.036362 
466.380798 198.342575 
338.552307 342.020538 
206.241241 323.442169 
265.415192 427.093597 
201.529617 397.285950 
289.877014 389.571228 
258.634552 135.864563 
342.520660 31.854282 
472.643066 181.109009 
307.120667 182.449051 
306.108887 190.482620 
283.083191 357.424561 
488.995239 335.289459 
560.063965 433.593079 
291.445312 191.590271 
501.629089 302.597748 
149.462921 377.814423 
365.925446 205.994873 
35.944096 466.925323 
154.036865 351.295105 
182.868607 347.665894 
366.753387 106.709061 
520.078003 339.605499 
360.476990 243.576385 
431.005646 219.680054 
138.617477 341.786194 
267.524048 403.706177 
488.284485 298.168457 
211.598846 209.969635 
307.136688 421.194946 
540.893494 260.679596 
565.744995 433.443512 
332.314178 67.999580 
154.036865 351.295105 
623.814270 376.515839 
434.367462 205.667068 
580.109741 406.683502 
459.050476 176.935013 
479.402344 194.557861 
389.132599 95.611229 
565.744995 433.443512 
515.565613 292.958679 
394.530487 236.658951 
106.716301 224.014801 
281.159393 191.293930 
480.564880 283.681885 
319.345581 179.291519 
476.559753 230.781021 
152.998062 439.415802 
206.343872 43.239265 
379.042603 149.731522 
377.087372 65.135414 
608.117615 364.524139 
319.426788 170.931030 
513.381897 338.497803 
106.716301 224.014801 
266.549072 327.197998 
214.145187 40.987782 
488.718079 310.139069 
507.381989 428.133240 
261.935486 149.179214 
342.806763 339.962006 
343.495544 66.942207 
340.024323 54.217968 
382.868652 24.537916 
303.241730 168.525894 
370.838806 141.801514 
239.628647 182.864395 
182.286362 312.718933 
305.541595 76.215385 
266.669067 185.989197 
160.646881 33.821262 
484.396149 183.009964 
632.232422 286.124634 
274.399780 339.201172 
342.520660 31.854282 
490.082367 138.977600 
319.345581 179.291519 
607.008484 406.744537 
424.159424 447.316406 
324.233643 63.623653 
495.476654 53.530716 
476.559753 230.781021 
10.917753 27.109503 
468.687897 78.547913 
167.534302 228.163315 
199.926132 53.075214 
330.583740 321.705688 
103.525017 313.764587 
580.109741 406.683502 
137.429260 403.486053 
336.800049 37.231853 
79.782066 240.093002 
332.467163 241.385422 
468.802979 67.680748 
184.678268 422.266754 
523.830017 42.986973 
366.378845 107.580276 
397.343811 153.061264 
230.258636 224.608429 
147.043304 335.286774 
447.069397 267.447327 
616.472168 82.462273 
424.643921 245.792404 
212.761597 43.631523 
351.703156 247.158875 
372.523895 218.743286 
233.142212 201.374802 
205.374146 28.169188 
288.062775 202.797302 
312.006958 275.431183 
406.905151 87.979874 
247.029709 223.014801 
132.514511 249.590042 
227.080505 25.089533 
149.035233 451.396515 
382.868652 24.537916 
498.623718 70.312752 
343.495544 66.942207 
495.240967 80.941742 
311.972076 45.759743 
495.656097 156.483337 
187.864365 67.971695 
490.267395 382.160095 
446.819336 67.358559 
483.954498 181.293488 
110.483734 25.158562 
174.912949 230.384003 
216.844559 153.690155 
210.418915 51.038548 
141.802948 16.272503 
377.453735 357.249390 
100.007103 300.146484 
621.159668 359.118500 
507.566620 45.828918 
352.505524 47.677731 
407.921021 64.465012 
449.507660 289.716919 
134.504929 331.926056 
335.607422 26.349424 
304.537811 50.272614 
584.828735 75.524704 
184.734558 31.818918 
576.273438 218.935059 
568.571106 37.921097 
543.393066 371.545837 
325.169006 196.856339 
482.851318 138.122879 
7.021650 37.866833 
332.936615 54.386929 
393.979034 272.519165 
175.913910 29.207520 
310.287445 53.839832 
273.978119 452.311798 
17.203920 36.336914 
366.575165 53.945793 
415.151428 91.237640 
617.566406 447.184631 
355.290405 369.097137 
508.322693 29.271473 
450.594025 308.656189 
495.656097 156.483337 
250.371292 252.506027 
585.773010 283.028320 
312.693634 147.799942 
183.963486 11.252340 
604.402100 75.795235 
305.046173 125.080055 
597.794495 446.512817 
414.266418 284.332581 
449.972900 159.182877 
480.738464 35.209927 
548.045288 279.805847 
125.884506 28.870022 
415.056274 196.148010 
55.463612 284.125153 
582.508545 216.796677 
245.316254 303.749756 
472.226990 148.373520 
620.111938 37.905781 
638.198242 424.563507 
173.411591 52.407471 
481.006500 58.435677 
325.877472 106.156822 
536.752319 172.816376 
70.743172 15.304717 
211.914154 31.857212 
267.017334 255.890381 
461.136475 54.043339 
341.178802 454.763367 
563.008423 224.626389 
477.652985 73.171997 
82.316437 310.877319 
55.902077 275.829224 
201.569656 306.904999 
270.946472 168.245819 
82.562820 143.727310 
82.038162 41.211048 
235.518723 409.074768 
185.284683 49.528099 
185.447113 318.043060 
604.546509 223.944397 
306.763062 343.918762 
225.452484 110.347847 
316.356140 71.648087 
467.954071 304.968506 
621.806946 110.473633 
279.618774 242.680328 
359.150543 149.453186 
326.450439 196.307663 
303.982880 338.587036 
60.530102 195.955215 
576.064758 88.612831 
525.656311 23.485003 
363.084290 189.981903 
293.997650 166.648270 
228.758789 42.004807 
343.841827 354.468964 
564.015442 213.955017 
628.054871 383.910492 
55.905144 388.924377 
613.768677 395.373718 
629.914673 77.327744 
220.000839 450.376404 
467.394440 166.884384 
55.728069 284.516815 
599.677124 217.547195 
343.898895 320.510315 
530.254150 424.926056 
142.568054 28.973503 
343.841827 354.468964 
133.826065 52.921879 
593.116638 435.925629 
589.620728 206.136749 
243.407394 231.034546 
565.192505 203.648315 
256.350769 167.129364 
217.589035 12.878469 
164.647141 236.006180 
563.935120 213.011795 
574.783569 211.011200 
11.944784 10.489051 
499.156860 34.718338 
602.433716 22.237091 
288.824890 21.128325 
304.050201 17.757742 
121.501808 249.051392 
405.996552 78.335083 
249.680603 449.066010 
165.026718 265.080872 
217.188828 61.284946 
297.782410 77.937447 
372.589020 447.451080 
552.068542 22.911535 
176.039841 44.231174 
229.710663 148.721466 
419.730865 38.871349 
577.156494 206.275360 
580.894348 405.065979 
312.030518 275.681335 
235.997757 16.753025 
614.685852 120.969620 
240.387817 29.487211 
94.513893 431.170593 
325.678619 44.304089 
603.853088 42.356564 
76.924744 32.767548 
133.700607 319.364502 
548.483032 45.778931 
52.506454 92.577232 
551.610840 35.018208 
177.187897 17.180681 
187.298874 407.337708 
132.250290 206.170425 
99.341080 115.497177 
148.547501 360.820221 
418.227325 429.586670 
175.825439 118.854759 
631.307007 25.383198 
541.780884 107.862358 
581.103699 22.649046 
31.629978 53.687557 
273.373749 44.335957 
360.747375 469.759949 
20.486204 247.751022 
431.119141 255.069046 
433.794647 160.100418 
552.215942 88.885605 
253.967270 214.510284 
372.649628 432.873383 
245.832123 195.033859 
552.874146 78.501663 
48.402557 31.542177 
293.997650 166.648270 
134.526306 13.761770 
416.983948 62.595627 
451.222168 30.377771 
54.962852 404.739532 
63.185898 43.467686 
624.333862 180.248291 
616.249146 188.629257 
616.249146 188.629257 
160.148987 61.611122 
375.855469 215.414108 
4.076043 276.979675 
146.706985 309.406647 
465.216034 160.821930 
543.726868 74.751427 
325.808197 472.937225 
602.494629 323.116791 
142.295715 304.936218 
611.266846 283.967163 
86.934692 382.674316 
45.065529 46.348652 
426.276276 33.725018 
228.685623 172.957336 
526.477356 321.865021 
224.434677 265.098755 
498.827667 93.074371 
360.476990 243.576385 
73.946022 351.352020 
363.084290 189.981903 
499.898224 248.540085 
331.752075 468.247284 
214.806061 229.459488 
207.408310 134.288239 
88.584457 435.961182 
98.558075 53.035667 
77.381180 124.181740 
300.048096 50.971291 
300.048096 50.971291 
278.692810 69.524666 
426.938843 75.606560 
600.168030 33.186108 
90.727585 120.509560 
442.441864 95.898087 
242.784821 212.046616 
75.211174 360.642242 
305.105560 304.441986 
68.910751 153.924728 
57.179424 255.410812 
180.998383 383.178558 
64.056831 94.822182 
156.137115 115.130814 
153.396606 272.243317 
389.775604 185.109528 
153.400711 240.441544 
407.992004 31.800695 
483.957886 292.106659 
63.126873 378.985046 
606.812744 123.152969 
506.782867 79.370735 
598.651855 284.006256 
520.936096 272.940918 
142.295715 304.936218 
368.853149 9.877748 
595.090515 37.105232 
95.230103 396.985046 
116.044090 316.456299 
72.538269 427.585266 
65.193604 269.870300 
218.191650 221.605988 
428.953308 57.932091 
132.883911 216.785172 
148.709091 103.114609 
72.910309 187.962738 
152.669144 339.289948 
317.184692 12.117730 
609.369568 309.128235 
188.650787 232.106323 
448.691284 101.511475 
428.013519 66.533340 
417.788635 27.573730 
297.782410 77.937447 
183.078735 171.010345 
454.412445 109.779198 
108.616806 63.054550 
467.938782 81.461639 
464.767517 96.803673 
231.023010 9.195437 
573.906128 102.862396 
215.792465 302.952606 
403.888580 156.500443 
329.847656 269.773071 
452.840698 91.307274 
566.005127 90.153114 
125.884506 28.870022 
486.637390 189.666031 
157.082153 261.148499 
178.128632 8.987839 
198.920517 133.317688 
159.882385 64.151779 
561.177734 295.940094 
276.264282 29.247309 
240.819870 58.178123 
124.523842 434.110199 
120.441399 124.223648 
150.451294 54.730022 
15.604926 67.178650 
554.606506 160.029556 
520.184326 67.484917 
72.910309 187.962738 
75.163170 351.905975 
581.347290 471.603149 
298.487854 59.758518 
295.326080 261.002502 
218.936005 122.300011 
46.855644 107.692741 
49.838291 438.463928 
453.370453 14.398612 
254.129013 39.393581 
550.549988 305.830292 
372.598358 475.617493 
141.290207 308.083160 
173.098938 127.784958 
42.349983 127.511238 
376.445953 332.222656 
83.822487 16.072184 
298.487854 59.758518 
534.729492 470.435547 
422.206879 54.446461 
286.006256 66.782089 
257.355255 57.348648 
626.851685 285.936462 
65.783714 260.742004 
338.932281 388.840637 
562.023926 81.437859 
528.958008 80.368370 
180.998383 383.178558 
454.807312 66.395393 
233.307541 193.838150 
146.512558 236.772308 
502.764679 17.088951 
83.797852 408.128754 
263.677917 271.781067 
63.451008 56.145103 
