536
184.922577 351.767120 
192.344894 307.121948 
152.516800 338.258392 
248.137268 292.197052 
186.827240 266.849670 
200.349213 310.882019 
200.349213 310.882019 
181.868378 311.109222 
311.599091 224.806870 
335.467163 216.447708 
191.974091 329.269623 
180.444031 342.072845 
274.257660 307.120209 
212.266174 285.137848 
443.736420 131.932236 
436.249664 276.479828 
186.827240 266.849670 
249.464615 309.426270 
201.447845 271.789032 
266.832886 328.603363 
207.356689 388.166382 
111.048721 65.323792 
174.238831 392.164642 
242.457947 287.294891 
276.469727 344.868164 
341.972198 436.412018 
227.263412 340.660492 
242.457947 287.294891 
524.664124 148.715088 
246.398834 325.885040 
212.622208 339.768890 
275.378204 393.580139 
526.385864 348.761688 
286.235168 327.026978 
255.602448 299.771759 
223.888245 350.211853 
508.370026 115.346687 
375.697632 436.940979 
335.467163 216.447708 
188.614273 379.834869 
262.262299 296.242737 
90.241089 184.970352 
450.607513 363.322632 
206.398697 299.817566 
176.915009 373.932434 
212.266174 285.137848 
269.318909 318.781189 
503.783203 175.266022 
458.011414 272.083008 
552.704590 367.438080 
261.854828 358.105530 
552.704590 367.438080 
142.110275 432.303619 
464.164856 152.540710 
199.620499 135.925400 
254.390915 331.782288 
247.542511 347.450714 
291.074860 417.832550 
198.694305 298.409851 
276.469727 344.868164 
268.345856 381.575195 
122.059219 60.344208 
285.196594 399.224945 
229.351486 210.050400 
525.001038 204.191727 
198.694305 298.409851 
295.468536 264.427490 
450.607513 363.322632 
524.618530 366.543701 
200.349213 310.882019 
277.793976 255.991837 
82.442535 252.126099 
499.065216 276.083466 
201.130783 351.692932 
167.708420 313.255615 
464.164856 152.540710 
257.179657 219.134415 
181.837143 336.396332 
394.667175 289.659210 
557.512024 113.221489 
292.075195 295.618530 
345.879181 301.695770 
42.668610 354.153168 
248.084274 303.077515 
165.868088 378.178284 
226.836685 106.010262 
163.688599 192.445267 
272.753113 367.306549 
323.911469 300.091003 
105.704002 146.926010 
187.028732 425.741028 
123.015411 356.248108 
123.015411 356.248108 
170.153473 410.231476 
359.829590 325.069580 
163.791946 99.083824 
337.185059 153.115692 
315.184448 296.707520 
168.886154 321.351349 
325.262329 315.907867 
131.551102 137.428986 
294.249146 286.186462 
281.944946 309.499268 
299.510925 312.107574 
91.128220 322.302002 
108.929420 95.705482 
490.070160 90.845985 
285.568878 294.741699 
184.625000 298.926666 
561.213867 29.336340 
151.249527 248.482941 
394.234894 123.980927 
590.566589 32.121124 
242.075043 346.139465 
134.485519 67.981430 
134.619476 356.317322 
421.206543 430.138428 
504.450714 151.674454 
350.826935 354.606812 
340.480011 354.515259 
43.125896 313.593781 
285.196594 399.224945 
541.021423 189.004852 
235.631180 85.462112 
206.739471 331.766388 
449.125275 163.632278 
391.855072 307.127380 
282.921112 275.976715 
464.164856 152.540710 
119.188873 153.802505 
71.087555 353.224640 
551.352966 60.523064 
105.704002 146.926010 
105.704002 146.926010 
201.274933 376.029510 
193.836975 429.637970 
119.188873 153.802505 
75.523399 193.080139 
160.856598 237.665573 
475.693726 77.939529 
341.273285 141.141220 
484.683380 369.913361 
142.867630 204.003601 
470.563812 388.535980 
294.110107 388.965149 
120.973221 295.330536 
304.614349 370.674011 
131.551102 137.428986 
67.799774 388.726837 
200.384109 264.177643 
81.819557 354.061615 
614.061218 401.784790 
497.986572 344.753632 
163.772705 324.631805 
260.580658 346.141541 
204.894623 363.041016 
171.245834 342.278564 
428.429504 293.143799 
295.799072 54.308285 
614.061218 401.784790 
471.989319 170.110352 
148.558151 73.547363 
532.041565 28.967375 
462.901520 179.900955 
161.463989 328.837982 
198.835556 387.357605 
236.655746 321.039734 
329.403534 287.004028 
197.601486 407.232025 
614.061218 401.784790 
487.864136 323.176849 
220.627975 417.479950 
186.921402 195.394821 
547.493652 85.549019 
508.370026 115.346687 
42.668610 354.153168 
557.512024 113.221489 
507.363983 108.713097 
566.316223 127.815987 
505.266235 437.288025 
197.791367 361.536987 
376.567535 180.879425 
342.311890 79.594276 
449.853699 85.893509 
120.973221 295.330536 
528.699829 83.483582 
78.581215 116.117805 
160.774033 146.482986 
160.856598 237.665573 
51.918278 189.548813 
76.695999 385.432831 
332.876953 340.823761 
89.442574 354.179199 
91.649551 166.047791 
496.402985 375.696350 
133.204849 241.547302 
402.490204 73.225494 
264.788544 109.377197 
475.068085 356.887329 
160.156311 356.319946 
236.099701 390.499420 
270.304993 220.391434 
557.512024 113.221489 
254.834381 159.552780 
200.384109 264.177643 
151.479004 359.435272 
462.901520 179.900955 
426.700989 65.179764 
499.065216 276.083466 
42.668610 354.153168 
143.009430 250.089661 
285.899902 388.689301 
335.297241 358.965759 
227.493713 191.586319 
412.238037 288.855988 
173.485245 321.017731 
448.760895 121.168831 
379.110291 309.997040 
129.437103 144.869583 
449.125275 163.632278 
421.228302 72.411110 
480.301758 361.723083 
241.513611 164.216766 
327.688171 56.629055 
139.465866 87.184799 
475.126740 435.379303 
181.175659 236.791718 
445.042419 306.643829 
566.316223 127.815987 
399.167084 71.291794 
234.818329 264.082794 
149.245636 404.529999 
173.485245 321.017731 
351.046631 311.028870 
427.891754 51.731647 
552.858459 92.848122 
13.986271 311.706421 
115.723106 207.235855 
424.286285 148.198364 
43.810913 144.026855 
92.503937 172.945648 
500.964325 58.913448 
204.894623 363.041016 
471.130219 232.003723 
331.796478 96.368507 
79.172646 102.981102 
205.188461 434.310547 
604.178589 168.614929 
160.274551 440.908081 
462.901520 179.900955 
359.248505 444.043427 
314.290833 155.208633 
71.047737 270.795135 
123.336136 180.813843 
91.649551 166.047791 
294.824280 117.225311 
176.006607 422.408264 
614.061218 401.784790 
245.145935 367.099823 
230.160889 181.674973 
89.442574 354.179199 
89.713043 88.050728 
200.349213 310.882019 
510.628052 362.893066 
546.024963 102.811638 
487.013397 135.593704 
383.387909 102.027458 
123.015411 356.248108 
398.747711 48.320183 
91.649551 166.047791 
513.222839 196.032318 
490.070160 90.845985 
258.300446 65.224716 
475.179413 157.393326 
343.828033 43.328541 
490.070160 90.845985 
391.239288 185.783417 
426.700989 65.179764 
82.442535 252.126099 
309.815765 291.732452 
363.761749 131.126358 
578.412354 29.578091 
91.649551 166.047791 
66.645485 255.454529 
445.042419 306.643829 
566.316223 127.815987 
397.221375 134.254364 
108.929420 95.705482 
150.003403 421.529114 
509.065979 59.410980 
414.328094 84.752754 
492.203979 184.025375 
446.994019 134.947266 
503.783203 175.266022 
155.209824 13.742923 
521.646606 299.669891 
316.118713 306.279541 
566.316223 127.815987 
283.448181 268.728363 
295.799072 54.308285 
229.351486 210.050400 
166.348145 438.339569 
201.036331 152.339783 
559.257141 138.633698 
532.875671 111.902985 
153.413330 372.483185 
110.406540 355.875214 
186.840698 172.787842 
296.856384 91.931976 
503.783203 175.266022 
492.203979 184.025375 
110.406540 355.875214 
491.870331 18.994524 
366.628906 60.406990 
462.901520 179.900955 
471.989319 170.110352 
78.581215 116.117805 
566.316223 127.815987 
172.282074 301.031494 
131.551102 137.428986 
374.777283 269.438568 
189.784210 76.788666 
470.430206 274.203064 
254.637085 136.249573 
562.067383 229.894485 
507.627960 20.826052 
317.534180 435.488495 
551.993774 445.350250 
503.681793 209.332077 
199.620499 135.925400 
163.688599 192.445267 
78.581215 116.117805 
227.493713 191.586319 
208.457428 67.294525 
105.704002 146.926010 
469.080933 342.185852 
469.080933 342.185852 
542.623962 62.930710 
65.316322 184.504944 
324.244049 435.512115 
340.667145 335.763062 
254.834381 159.552780 
160.774033 146.482986 
79.172646 102.981102 
178.178696 192.008423 
108.090126 110.815437 
449.853699 85.893509 
595.441223 367.192444 
70.487358 146.992615 
135.643280 272.401306 
513.776917 113.638466 
187.326355 100.213249 
376.142395 69.095657 
417.875824 159.641006 
435.726532 244.649414 
536.752563 447.081543 
167.523407 349.869720 
376.567535 180.879425 
244.621185 149.823486 
212.622208 339.768890 
512.745605 279.273346 
163.688599 192.445267 
64.911591 309.251434 
89.442574 354.179199 
265.034943 60.873638 
444.141663 409.947876 
449.125275 163.632278 
252.063828 94.041794 
239.139923 376.938965 
547.493652 85.549019 
591.810791 171.715286 
235.631180 85.462112 
566.488159 77.405113 
475.179413 157.393326 
138.194748 96.746178 
204.736435 343.844025 
129.437103 144.869583 
523.038452 384.411163 
92.503937 172.945648 
300.288483 272.201233 
138.194748 96.746178 
362.142303 223.529053 
296.856384 91.931976 
613.974365 70.182365 
493.408630 48.445175 
606.506958 180.133194 
571.325684 286.837891 
199.620499 135.925400 
620.826904 447.687378 
507.627960 20.826052 
500.964325 58.913448 
525.001038 204.191727 
424.320831 363.152374 
296.856384 91.931976 
397.221375 134.254364 
541.425293 320.187958 
274.226257 84.645706 
547.916565 162.918930 
38.402069 252.829819 
588.637146 13.287831 
64.543274 118.399231 
538.557922 214.176437 
296.856384 91.931976 
48.084484 297.560242 
105.704002 146.926010 
550.080627 332.329681 
490.070160 90.845985 
322.780029 23.214149 
336.673035 110.322083 
591.725037 401.692108 
154.037140 94.369766 
565.900085 328.780121 
435.726532 244.649414 
491.870331 18.994524 
233.821060 65.158585 
105.593254 161.612991 
562.141357 155.618820 
568.680298 172.538605 
442.730743 129.353455 
574.894775 134.629593 
43.810913 144.026855 
604.178589 168.614929 
146.893860 89.871124 
227.493713 191.586319 
518.779236 235.249588 
409.655823 197.265717 
46.738274 121.226089 
480.242035 54.258381 
566.729370 194.506271 
600.603638 23.773359 
121.808426 60.653751 
462.173096 160.211655 
343.676178 160.843781 
75.163307 128.696381 
504.450714 151.674454 
421.206543 430.138428 
111.048721 65.323792 
268.519989 280.032257 
559.847717 48.757023 
90.241089 184.970352 
121.363579 113.904900 
166.597595 164.997482 
376.348816 281.090973 
437.080566 107.119072 
200.369507 167.777527 
89.713043 88.050728 
120.569824 247.559494 
266.193878 84.614784 
142.357162 137.464828 
13.986271 311.706421 
129.277802 303.492493 
426.879364 198.482605 
186.840698 172.787842 
503.681793 209.332077 
254.666794 188.115448 
376.567535 180.879425 
490.493958 164.007019 
622.016663 387.561798 
557.512024 113.221489 
538.779602 236.103394 
471.130219 232.003723 
123.182640 278.259247 
198.600250 76.465408 
343.828033 43.328541 
254.666794 188.115448 
521.164062 286.433136 
91.128220 322.302002 
591.576416 105.803513 
219.846725 49.313919 
335.467163 216.447708 
559.257141 138.633698 
176.187210 230.598160 
206.817780 124.129234 
295.799072 54.308285 
435.791290 253.298782 
384.943329 191.440063 
574.664978 212.647781 
168.462479 124.223755 
559.847717 48.757023 
458.011414 272.083008 
558.559021 88.919418 
206.817780 124.129234 
330.501953 13.681697 
459.936310 130.217026 
475.179413 157.393326 
614.324829 325.321533 
521.164062 286.433136 
604.178589 168.614929 
206.817780 124.129234 
73.725548 74.315582 
452.779663 192.338730 
163.707520 410.455048 
29.971149 205.555206 
588.330078 289.395782 
233.691086 127.030968 
563.016479 251.676529 
212.434097 120.573563 
287.799072 183.461914 
551.095337 313.229431 
493.499329 77.733505 
187.326355 100.213249 
627.588379 181.106110 
532.875671 111.902985 
464.164856 152.540710 
427.891754 51.731647 
619.907410 84.605721 
384.943329 191.440063 
73.725548 74.315582 
76.068970 176.020126 
46.816628 427.181488 
195.596405 48.660870 
73.725548 74.315582 
541.928833 307.911041 
405.021423 212.711960 
542.433838 390.445709 
384.943329 191.440063 
594.340332 128.273315 
335.467163 216.447708 
627.588379 181.106110 
562.141357 155.618820 
518.779236 235.249588 
598.985840 93.723389 
576.336609 95.417465 
372.432556 184.291428 
43.810913 144.026855 
252.936081 261.072113 
584.481262 85.961990 
436.897827 164.468735 
555.944519 162.178894 
414.328094 84.752754 
123.336136 180.813843 
604.178589 168.614929 
536.345215 136.521652 
490.493958 164.007019 
508.208984 117.703873 
105.593254 161.612991 
