108
499.365997 371.732025 
485.884888 79.414909 
487.590149 370.890869 
487.590149 370.890869 
519.297729 372.325195 
470.767273 57.863407 
612.349060 99.905197 
588.866150 373.875214 
245.188599 194.221939 
506.464691 54.402122 
161.366608 169.145081 
614.881165 344.979095 
498.215332 66.500916 
173.333847 104.932732 
574.248413 373.625458 
218.968582 131.449493 
84.589569 343.255096 
314.062408 136.600128 
609.878113 252.199783 
611.918884 315.804260 
249.540695 144.875000 
585.269470 23.401928 
612.403992 326.920258 
377.780945 48.233727 
418.380219 353.536285 
487.987030 209.239334 
592.828186 167.636093 
432.495087 68.585388 
573.047791 199.499207 
599.448120 21.879457 
537.920471 422.105804 
295.034424 101.053268 
508.816681 439.810822 
266.422272 74.702431 
457.390991 44.358395 
542.109131 51.702709 
585.113281 42.080475 
180.049194 419.788483 
359.066223 47.580425 
360.926514 320.318115 
231.719452 43.321079 
617.357117 396.434052 
450.636749 28.906668 
584.486572 42.279507 
384.292999 414.889252 
600.196411 312.586914 
494.070831 160.888351 
153.163864 221.045197 
255.050354 48.651424 
485.062958 41.181351 
584.486572 42.279507 
215.679764 64.412979 
279.425293 239.127838 
146.613785 125.338745 
118.720840 347.511658 
456.535034 161.919403 
222.672577 33.602211 
513.086365 36.282024 
585.113281 42.080475 
109.441399 368.549011 
457.798370 109.946083 
204.184814 223.954025 
504.258057 136.323410 
218.822174 418.563019 
318.954224 107.602341 
390.772491 154.670273 
332.557617 131.847015 
197.921646 410.818817 
337.026337 332.172546 
619.633484 53.410160 
180.174088 231.477234 
117.791283 301.760834 
210.905441 413.669556 
98.437737 372.385773 
356.058502 359.269073 
438.863068 225.951187 
390.270172 171.890106 
278.391876 324.539734 
497.680725 27.279356 
564.785950 157.955826 
551.948425 42.465599 
310.604065 77.347725 
189.728943 58.928627 
98.062462 333.990906 
375.455292 424.456451 
98.242249 427.929016 
422.803284 83.395607 
138.249298 48.679768 
576.074219 303.445953 
452.077026 98.005539 
509.312469 283.067444 
398.268158 426.645874 
133.336792 425.167145 
165.711670 401.486786 
534.233337 271.688416 
164.391907 96.284843 
207.863708 168.014328 
203.352463 207.259720 
403.022888 13.554059 
367.186981 172.604523 
351.109711 332.803802 
511.482727 92.057831 
120.215958 373.852661 
212.394211 56.079639 
429.474091 191.784531 
193.173264 232.146957 
584.486450 126.537941 
560.661377 184.518219 
