500
325.820831 421.392548 
377.680298 404.859894 
351.742401 436.549316 
336.103058 439.726166 
361.138153 358.723907 
280.898071 420.725006 
325.820831 421.392548 
342.147308 390.564331 
391.941315 389.898438 
414.027191 395.395569 
342.147308 390.564331 
380.891663 339.075104 
391.941315 389.898438 
456.179779 398.075195 
237.871277 421.747650 
325.736877 411.320984 
574.921326 321.074249 
396.900909 428.653992 
578.328979 310.677551 
332.585480 392.730316 
471.615906 399.957611 
370.286591 414.868042 
404.495636 419.416901 
289.549896 451.178436 
439.621582 422.950836 
479.885834 367.950378 
415.123108 408.552399 
599.074890 336.719299 
454.974945 418.631378 
337.563446 358.923767 
310.841614 417.029999 
454.974945 418.631378 
149.507095 453.477203 
325.920593 425.595520 
611.093811 339.716339 
611.093811 339.716339 
393.053894 410.959778 
565.873535 319.392944 
307.242828 421.624115 
251.857040 442.336517 
230.526932 461.139191 
434.790405 402.890717 
374.939697 398.453278 
293.979706 399.696442 
332.016663 434.155304 
500.148773 354.959381 
504.481995 383.466583 
582.926270 294.241028 
373.626312 371.601318 
424.500732 367.401398 
363.414001 101.807747 
319.341614 454.775146 
279.462250 186.736374 
293.979706 399.696442 
479.885834 367.950378 
404.355682 332.012604 
203.927475 455.691254 
463.016022 177.525162 
396.349335 348.618134 
226.281876 163.044174 
319.341614 454.775146 
528.043030 328.664581 
240.827042 357.108795 
443.205811 150.654221 
383.294708 434.622192 
325.454376 362.652802 
288.016724 189.643311 
582.503235 304.350708 
442.341522 132.940155 
482.840240 159.592224 
300.255371 453.444916 
463.016022 177.525162 
289.092926 198.025772 
227.718155 388.014496 
511.218414 236.184631 
497.201355 237.169632 
271.236450 73.262611 
247.032425 68.541977 
533.590637 183.922363 
359.343597 229.531021 
62.738094 288.047913 
206.942749 248.268936 
414.840302 169.192276 
318.133667 96.678284 
130.771072 437.007812 
161.618423 464.379883 
355.614227 122.510269 
416.222137 182.460541 
453.747253 143.502640 
625.476562 259.197998 
295.887482 427.121613 
278.407684 178.488190 
521.099487 221.866806 
513.127869 319.165649 
386.145966 180.537491 
204.084518 402.967896 
250.849258 207.196030 
541.625793 264.422089 
62.738094 288.047913 
333.471405 129.965515 
501.073242 248.119202 
237.134750 78.090019 
140.665955 384.025757 
282.265533 69.066330 
264.695984 43.172287 
124.209282 412.771454 
485.235962 226.890808 
114.488251 297.161713 
297.108215 374.296204 
269.721375 36.782352 
214.706161 354.945648 
399.470093 464.003998 
370.286591 414.868042 
114.488251 297.161713 
251.265717 92.939270 
336.090851 80.496201 
459.957458 132.411987 
179.698364 279.806244 
534.475952 265.940979 
298.971130 340.358795 
284.506042 47.438274 
559.907043 352.409851 
269.721375 36.782352 
234.160721 174.769409 
224.841187 213.518799 
407.681488 243.055664 
294.949982 175.799850 
549.636719 199.125824 
274.093567 57.911613 
615.170898 338.076691 
344.764801 134.601746 
549.636719 199.125824 
152.151901 90.498215 
620.725281 307.171448 
171.969650 280.463837 
366.436432 96.237549 
149.616776 341.790863 
425.841888 339.318512 
615.170898 338.076691 
245.571945 248.849686 
357.140961 313.035767 
366.284821 130.731033 
565.050110 194.879608 
152.151901 90.498215 
408.226105 319.549591 
219.534637 359.064087 
281.768219 219.020187 
559.478516 195.665024 
374.858643 326.060577 
370.329590 228.562363 
189.651627 388.758911 
401.773224 36.409214 
413.220032 310.384857 
620.725281 307.171448 
276.341187 215.647186 
258.544525 84.925850 
461.157349 122.706787 
463.767853 121.101471 
39.157051 396.896667 
274.761017 432.009003 
446.812164 221.618057 
152.151901 90.498215 
408.226105 319.549591 
224.423981 231.296768 
268.775177 60.414379 
410.496582 28.179386 
348.498779 66.852509 
518.634705 202.137375 
304.574097 15.378551 
152.871246 434.518005 
318.133667 96.678284 
410.496582 28.179386 
399.918549 20.331923 
143.460709 412.300232 
130.489883 398.020599 
444.053619 210.270660 
549.636719 199.125824 
276.654236 32.136955 
193.000717 194.061127 
536.671936 311.926270 
407.681488 243.055664 
536.671936 311.926270 
224.850113 358.973267 
118.464699 390.071442 
323.377228 350.660736 
588.041687 302.258667 
146.957718 398.748657 
323.377228 350.660736 
205.614426 123.509140 
325.454376 362.652802 
486.993256 397.878174 
326.921997 355.735870 
206.336868 427.252014 
549.636719 199.125824 
266.454346 207.132599 
399.918549 20.331923 
326.921997 355.735870 
399.470093 464.003998 
442.341522 132.940155 
582.503235 304.350708 
325.820831 421.392548 
341.743927 176.281021 
410.496582 28.179386 
410.496582 28.179386 
425.841888 339.318512 
174.231613 383.800903 
249.344131 237.647232 
408.226105 319.549591 
536.671936 311.926270 
579.827087 136.861511 
632.310608 258.544220 
206.451035 237.324188 
513.127869 319.165649 
323.377228 350.660736 
351.742432 235.191483 
437.088928 42.277634 
541.625793 264.422089 
253.843826 457.535950 
258.544525 84.925850 
632.310608 258.544220 
59.740902 442.369904 
325.454376 362.652802 
324.201111 275.747314 
179.698364 279.806244 
366.436432 96.237549 
143.460709 412.300232 
425.841888 339.318512 
304.947357 201.365616 
325.663269 143.259262 
632.310608 258.544220 
625.476562 259.197998 
258.544525 84.925850 
625.476562 259.197998 
388.301178 102.936890 
582.926270 294.241028 
177.006439 389.963623 
625.476562 259.197998 
582.926270 294.241028 
549.636719 199.125824 
280.524902 110.142891 
437.294525 18.004934 
231.424423 255.054413 
147.371719 115.839386 
423.923340 246.708893 
281.014099 154.861481 
310.841614 417.029999 
407.681488 243.055664 
335.497437 366.871521 
148.338593 128.504303 
147.371719 115.839386 
323.377228 350.660736 
278.118713 273.176819 
261.151703 33.086311 
321.590759 329.898560 
536.671936 311.926270 
582.926270 294.241028 
162.895157 296.960266 
138.371994 402.151550 
536.671936 311.926270 
254.424057 91.017372 
325.454376 362.652802 
407.681488 243.055664 
182.008255 315.988983 
282.265533 69.066330 
399.918549 20.331923 
407.681488 243.055664 
62.738094 288.047913 
358.523682 67.127396 
59.740902 442.369904 
467.577728 251.048965 
323.377228 350.660736 
281.337982 254.603867 
448.862579 124.292336 
448.862579 124.292336 
410.496582 28.179386 
152.151901 90.498215 
434.790405 402.890717 
88.966507 422.418121 
257.816650 275.077271 
341.743927 176.281021 
471.519501 110.680031 
121.964920 469.390106 
410.496582 28.179386 
480.361176 248.368118 
176.437836 181.096786 
299.320496 48.071976 
410.496582 28.179386 
399.918549 20.331923 
497.757812 102.858162 
297.108215 374.296204 
253.475754 85.636452 
342.147308 390.564331 
30.821379 198.594864 
368.677795 307.304749 
407.681488 243.055664 
408.226105 319.549591 
323.377228 350.660736 
632.310608 258.544220 
66.762199 200.979950 
325.454376 362.652802 
304.947357 201.365616 
524.373718 213.464279 
401.773224 36.409214 
396.900909 428.653992 
323.377228 350.660736 
399.918549 20.331923 
404.495636 419.416901 
267.064240 136.206177 
323.377228 350.660736 
298.971130 340.358795 
632.310608 258.544220 
401.773224 36.409214 
148.338593 128.504303 
236.445831 191.993134 
323.377228 350.660736 
401.773224 36.409214 
323.377228 350.660736 
244.250107 257.155212 
26.675892 120.411942 
325.736877 411.320984 
147.371719 115.839386 
258.544525 84.925850 
79.201447 215.453461 
168.116196 68.092171 
249.916138 467.630737 
32.376862 135.761063 
536.671936 311.926270 
335.497437 366.871521 
244.295959 55.928650 
249.707947 189.126755 
323.377228 350.660736 
401.773224 36.409214 
425.841888 339.318512 
359.343597 229.531021 
425.841888 339.318512 
564.489319 134.597336 
413.350006 42.337124 
342.147308 390.564331 
582.926270 294.241028 
203.814926 186.666336 
375.878204 106.192543 
79.201447 215.453461 
152.871246 434.518005 
156.586426 346.193573 
620.725281 307.171448 
407.681488 243.055664 
370.329590 228.562363 
240.129929 67.020157 
342.147308 390.564331 
32.376862 135.761063 
579.827087 136.861511 
271.236450 73.262611 
407.886536 312.832855 
217.319946 75.277184 
324.201111 275.747314 
401.773224 36.409214 
300.310089 416.313446 
551.326660 65.004120 
237.134750 78.090019 
366.284821 130.731033 
459.899170 294.032898 
333.471405 129.965515 
370.286591 414.868042 
401.773224 36.409214 
375.878204 106.192543 
32.376862 135.761063 
434.790405 402.890717 
323.377228 350.660736 
326.921997 355.735870 
337.563446 358.923767 
625.476562 259.197998 
459.698059 242.283142 
381.878845 331.979004 
514.254272 244.940872 
404.495636 419.416901 
559.907043 352.409851 
559.907043 352.409851 
216.999817 265.179565 
476.626831 384.336700 
231.254471 31.007826 
295.887482 427.121613 
265.441620 21.147667 
423.923340 246.708893 
321.590759 329.898560 
232.821808 222.814697 
434.790405 402.890717 
39.157051 396.896667 
399.918549 20.331923 
58.158226 146.875778 
32.376862 135.761063 
359.344360 32.532410 
559.478516 195.665024 
237.542038 240.009964 
304.574097 15.378551 
413.350006 42.337124 
415.123108 408.552399 
318.309937 370.431519 
331.326477 467.756378 
356.737091 111.684090 
121.964920 469.390106 
327.204041 194.692825 
271.973816 325.220245 
370.329590 228.562363 
271.236450 73.262611 
171.214111 285.588989 
370.286591 414.868042 
247.032425 68.541977 
115.828255 319.825439 
152.667435 380.479248 
237.741821 295.134094 
442.341522 132.940155 
358.523682 67.127396 
338.593567 264.340454 
359.344360 32.532410 
552.729919 71.264694 
269.721375 36.782352 
557.045105 53.740398 
258.544525 84.925850 
497.757812 102.858162 
514.254272 244.940872 
620.725281 307.171448 
298.971130 340.358795 
179.698364 279.806244 
459.957458 132.411987 
380.891663 339.075104 
476.907745 204.593109 
171.373657 95.582123 
514.254272 244.940872 
271.639832 345.124908 
253.704849 297.430573 
632.310608 258.544220 
325.820831 421.392548 
303.256866 267.275696 
441.386108 141.681625 
97.894905 387.689697 
490.611847 184.731476 
316.715942 26.079960 
582.503235 304.350708 
237.871277 421.747650 
361.138153 358.723907 
168.116196 68.092171 
32.376862 135.761063 
360.881287 397.034424 
471.519501 110.680031 
404.495636 419.416901 
410.496582 28.179386 
102.348564 266.288940 
325.820831 421.392548 
294.949982 175.799850 
559.478516 195.665024 
459.899170 294.032898 
360.881287 397.034424 
632.310608 258.544220 
461.157349 122.706787 
140.665955 384.025757 
298.971130 340.358795 
327.755310 106.000061 
325.820831 421.392548 
337.563446 358.923767 
58.158226 146.875778 
559.907043 352.409851 
258.544525 84.925850 
604.588318 329.352783 
410.496582 28.179386 
625.476562 259.197998 
342.147308 390.564331 
360.881287 397.034424 
213.034561 443.437134 
333.069336 98.599815 
156.586426 346.193573 
620.725281 307.171448 
58.158226 146.875778 
463.767853 121.101471 
611.093811 339.716339 
155.502701 294.116974 
298.971130 340.358795 
417.255798 145.231369 
495.541718 359.957428 
370.329590 228.562363 
396.900909 428.653992 
441.386108 141.681625 
471.615906 399.957611 
253.475754 85.636452 
611.093811 339.716339 
448.862579 124.292336 
504.481995 383.466583 
253.843826 457.535950 
564.489319 134.597336 
325.920593 425.595520 
401.773224 36.409214 
42.705055 186.949829 
114.488251 297.161713 
152.151901 90.498215 
557.045105 53.740398 
66.762199 200.979950 
476.907745 204.593109 
336.103058 439.726166 
557.045105 53.740398 
247.032425 68.541977 
152.667435 380.479248 
