536
205.858200 305.175781 
200.026016 302.450684 
192.411758 305.119781 
237.798294 287.195770 
237.798294 287.195770 
78.687889 340.315216 
242.335785 291.031860 
253.164154 294.078644 
195.562363 272.449829 
195.562363 272.449829 
194.724945 296.212433 
243.019730 304.014191 
115.753418 340.384613 
488.736389 137.742889 
99.104675 295.175171 
565.991577 351.991119 
114.477211 202.204254 
263.819458 331.515594 
291.612518 238.474274 
170.157059 327.477112 
206.628586 275.766205 
186.519775 365.843750 
199.866318 318.771362 
78.687889 340.315216 
478.340332 351.241608 
214.669662 285.128754 
210.357117 297.314667 
115.753418 340.384613 
263.819458 331.515594 
272.994812 335.832153 
528.053467 73.291428 
488.736389 137.742889 
450.554382 54.939877 
264.848450 262.873169 
197.295410 356.681641 
387.331421 278.920197 
527.843140 171.551468 
272.419250 317.369781 
548.122620 51.941277 
504.913391 163.217545 
96.962234 261.804932 
336.060089 377.884766 
336.060089 377.884766 
288.240295 244.813873 
110.486511 257.645386 
504.913391 163.217545 
436.030792 123.022270 
455.918030 335.856049 
403.896118 275.246918 
336.060089 377.884766 
263.260895 369.383453 
262.550201 302.009155 
310.369476 231.880661 
495.271210 126.346695 
527.843140 171.551468 
528.053467 73.291428 
421.908997 23.011896 
214.669662 285.128754 
561.283264 35.300758 
188.248260 49.324810 
301.324615 309.403992 
485.835388 171.809616 
271.894592 360.283539 
441.641327 203.098160 
205.858200 305.175781 
452.424805 194.881546 
251.063400 332.099823 
394.903931 345.028015 
87.005997 182.921341 
138.882736 152.143860 
581.056946 397.181519 
469.682739 170.951660 
277.038330 287.010742 
150.868774 341.436737 
226.241806 329.665680 
281.156708 306.199219 
293.486633 294.496063 
474.357758 98.749962 
129.907928 131.096268 
272.994812 335.832153 
219.561707 213.424377 
157.972244 220.186417 
246.205719 321.489563 
188.248260 49.324810 
527.090149 190.332413 
277.948120 365.715973 
275.649200 387.854065 
535.673340 323.899506 
498.263947 444.703186 
240.671936 316.873047 
503.307068 471.220581 
498.263947 444.703186 
385.387024 136.161789 
223.684860 137.676071 
109.662384 99.769043 
452.111359 97.519379 
288.240295 244.813873 
527.843140 171.551468 
561.283264 35.300758 
138.844162 163.754349 
173.561798 136.198349 
539.869080 378.392487 
258.355774 311.197998 
233.223480 313.721527 
469.682739 170.951660 
130.734619 104.875450 
138.882736 152.143860 
140.935593 341.586212 
383.311798 206.750656 
503.808228 209.777664 
248.632446 123.708031 
118.959534 54.736038 
140.837204 102.342522 
193.394302 300.086731 
503.307068 471.220581 
489.939178 119.103699 
527.090149 190.332413 
118.959534 54.736038 
149.279495 108.006317 
535.673340 323.899506 
490.043884 152.183746 
194.896561 367.756500 
385.387024 136.161789 
512.162354 62.438805 
504.913391 163.217545 
248.632446 123.708031 
78.687889 340.315216 
479.731293 22.067675 
219.798065 201.943481 
129.320053 157.507217 
278.767883 269.750732 
527.843140 171.551468 
527.843140 171.551468 
239.266388 164.001984 
453.116028 175.235474 
504.913391 163.217545 
336.060089 377.884766 
122.381157 98.392082 
527.090149 190.332413 
485.835388 171.809616 
430.625702 63.545704 
527.090149 190.332413 
121.658043 297.962982 
130.926208 266.072754 
239.257996 192.275620 
210.793198 196.980453 
89.568581 245.327286 
85.376709 199.357544 
306.903137 327.976715 
159.143982 155.040848 
172.619385 247.003082 
351.776886 135.044983 
306.903137 327.976715 
171.815460 441.337799 
114.012253 117.120552 
102.078651 273.009460 
503.307068 471.220581 
315.749268 176.821259 
210.892044 321.323456 
549.003845 183.109528 
210.219559 100.970413 
122.381157 98.392082 
102.382591 339.674377 
113.206902 26.971584 
538.589661 41.106888 
114.012253 117.120552 
96.750717 306.331879 
194.896561 367.756500 
213.581055 44.232761 
453.430298 116.869545 
300.733490 296.994293 
269.544586 278.342834 
129.907928 131.096268 
540.104980 196.445435 
421.362122 349.537811 
228.160248 208.271027 
241.693527 118.288528 
548.161560 395.038269 
529.602661 318.748596 
365.733978 148.347229 
550.892029 303.993408 
441.641327 203.098160 
101.386971 32.140205 
102.382591 339.674377 
76.755478 251.330994 
228.160248 208.271027 
157.170914 18.098454 
130.734619 104.875450 
397.401001 185.661163 
562.599304 289.247467 
219.798065 201.943481 
401.028107 206.287079 
538.204529 132.813232 
495.271210 126.346695 
252.868149 341.696960 
283.735413 351.724976 
420.087585 214.377655 
125.418449 200.096771 
306.378815 286.458679 
194.896561 367.756500 
262.699707 207.843735 
115.753418 340.384613 
385.387024 136.161789 
74.892349 258.907318 
129.907928 131.096268 
470.359558 219.597504 
145.791214 264.040314 
281.980072 275.649323 
169.728760 366.597412 
113.240685 135.911163 
481.500275 63.285069 
474.456970 182.874863 
621.268677 86.965340 
408.511505 186.179504 
101.386971 32.140205 
379.382446 17.788498 
403.358734 31.443203 
403.358734 31.443203 
223.684860 137.676071 
594.415955 382.507538 
462.882874 161.595398 
490.043884 152.183746 
114.012253 117.120552 
194.896561 367.756500 
104.299866 199.339844 
110.486511 257.645386 
452.753784 290.879303 
234.194489 169.668121 
227.478012 172.516602 
508.824585 112.709000 
96.750717 306.331879 
189.631668 248.023895 
452.111359 97.519379 
114.477211 202.204254 
447.031403 139.825500 
181.251068 399.012756 
479.731293 22.067675 
149.172577 217.630737 
165.451462 27.541523 
288.550079 60.075111 
581.056946 397.181519 
441.641327 203.098160 
390.292297 173.164932 
604.609314 444.792786 
410.970551 218.761353 
500.286163 118.166275 
283.248718 128.351898 
452.111359 97.519379 
385.078552 63.577614 
62.675858 59.891304 
151.211990 251.400726 
228.160248 208.271027 
169.728760 366.597412 
68.710121 340.245880 
162.046814 315.668579 
114.458466 376.384735 
537.680847 287.824249 
215.907150 119.640007 
601.367737 50.303291 
228.794052 220.771362 
129.145721 171.994812 
210.793198 196.980453 
373.144226 397.664520 
219.798065 201.943481 
576.709167 38.632786 
241.693527 118.288528 
503.307068 471.220581 
369.695618 111.816498 
548.161560 395.038269 
115.445847 46.844303 
596.167725 18.593149 
202.921417 376.958588 
550.892029 303.993408 
480.338867 225.403900 
417.957184 193.149475 
42.056816 173.398499 
161.706573 39.813198 
594.415955 382.507538 
503.307068 471.220581 
199.781723 54.983395 
154.683777 75.154045 
204.751907 362.023407 
321.939392 119.197861 
248.456085 123.738068 
241.693527 118.288528 
512.162354 62.438805 
307.337189 151.084366 
19.611055 7.216837 
162.506348 395.737579 
476.226471 256.479034 
205.107269 180.169815 
212.326019 214.372162 
565.831055 314.353790 
549.003845 183.109528 
354.510010 302.609406 
112.082199 302.941284 
219.561707 213.424377 
194.388321 153.233887 
575.805359 439.866974 
171.169739 174.468994 
195.103897 117.323425 
290.434082 116.413849 
548.161560 395.038269 
233.365097 369.123108 
56.035656 219.470612 
549.220947 121.846207 
215.446625 14.686736 
417.864929 400.530945 
562.599304 289.247467 
241.013580 154.883652 
489.939178 119.103699 
248.456085 123.738068 
452.278687 27.138330 
491.527496 439.692352 
215.907150 119.640007 
7.924053 275.196625 
616.867859 40.212543 
550.892029 303.993408 
239.257996 192.275620 
107.117348 131.702744 
412.502991 340.291229 
157.170914 18.098454 
499.116638 238.199875 
373.144226 397.664520 
55.828480 339.019257 
487.977081 215.973495 
251.596817 102.461853 
441.641327 203.098160 
199.781723 54.983395 
179.606476 191.167923 
31.426392 254.365143 
294.221130 286.955261 
385.387024 136.161789 
503.808228 209.777664 
474.251984 165.470169 
436.030792 123.022270 
315.859009 297.488708 
548.161560 395.038269 
288.550079 60.075111 
158.761383 193.425888 
219.798065 201.943481 
550.892029 303.993408 
154.683777 75.154045 
629.335022 76.558723 
459.880524 228.487534 
336.705048 184.298126 
503.307068 471.220581 
470.359558 219.597504 
500.331360 228.810013 
251.596817 102.461853 
205.107269 180.169815 
85.376709 199.357544 
228.160248 208.271027 
391.327576 172.413147 
487.977081 215.973495 
137.770737 273.558868 
293.177460 301.850433 
209.574326 396.986877 
408.511505 186.179504 
313.169098 338.924805 
77.182014 173.790466 
207.714340 249.037521 
563.849121 82.592590 
13.957252 466.262421 
180.969177 222.824310 
303.974609 20.366161 
452.753784 290.879303 
164.307251 263.137207 
526.219543 408.553192 
385.387024 136.161789 
390.292297 173.164932 
366.878296 90.637177 
423.540009 73.957779 
68.710121 340.245880 
453.779663 375.805573 
411.086609 471.710327 
399.828979 157.581619 
81.465500 137.804245 
240.804413 366.579559 
562.599304 289.247467 
380.569855 119.496162 
420.087585 214.377655 
344.853088 304.478943 
248.456085 123.738068 
293.177460 301.850433 
397.401001 185.661163 
135.400192 224.060608 
453.430298 116.869545 
420.087585 214.377655 
7.924053 275.196625 
405.469543 162.208008 
131.861740 388.021881 
481.463623 92.646446 
153.849426 86.973785 
81.465500 137.804245 
482.535858 189.856552 
300.811493 50.173382 
480.852905 307.115021 
417.957184 193.149475 
508.983063 227.270065 
391.327576 172.413147 
81.465500 137.804245 
246.639236 166.416046 
114.477211 202.204254 
42.056816 173.398499 
489.441711 308.021973 
453.094574 207.201309 
208.835159 72.884491 
358.001099 400.060699 
307.337189 151.084366 
61.773434 61.430477 
436.482452 253.962326 
598.359436 307.048187 
62.054989 38.507805 
184.760757 328.772888 
106.933601 10.029261 
380.191162 291.525818 
124.486763 62.076450 
505.937897 282.817596 
338.178253 158.737946 
629.335022 76.558723 
363.789642 177.640320 
158.898880 131.589035 
418.241486 149.104156 
474.357758 98.749962 
271.916504 158.783279 
234.723923 357.507904 
418.835693 204.021988 
529.756470 5.893420 
397.401001 185.661163 
581.056946 397.181519 
234.194489 169.668121 
363.789642 177.640320 
491.527496 439.692352 
101.386971 32.140205 
319.275909 168.464722 
158.476654 254.960983 
125.929726 353.068451 
523.362549 218.944122 
79.869087 305.547668 
171.895966 177.605774 
247.183807 163.982574 
234.194489 169.668121 
234.194489 169.668121 
369.695618 111.816498 
62.840912 393.699280 
609.940979 270.186096 
405.469543 162.208008 
129.907928 131.096268 
481.463623 92.646446 
598.359436 307.048187 
62.840912 393.699280 
336.060089 377.884766 
420.087585 214.377655 
524.560730 145.473709 
461.628021 143.554871 
321.366882 284.176910 
209.081833 330.142151 
557.246216 130.515900 
87.005997 182.921341 
310.358551 61.161575 
159.208588 141.010101 
195.103897 117.323425 
154.683777 75.154045 
581.056946 397.181519 
139.770187 171.827942 
338.178253 158.737946 
145.791214 264.040314 
462.338379 83.013199 
417.374603 127.998627 
286.002716 81.155823 
148.718140 185.517029 
466.418060 207.814346 
338.349854 117.828552 
223.600754 184.166443 
62.985016 433.790253 
205.107269 180.169815 
239.257996 192.275620 
148.718140 185.517029 
194.896561 367.756500 
87.973679 91.565086 
495.703461 279.107941 
609.940979 270.186096 
479.731293 22.067675 
495.271210 126.346695 
525.727783 287.783752 
503.808228 209.777664 
168.617569 387.991669 
525.727783 287.783752 
481.463623 92.646446 
247.831314 200.761063 
162.046814 315.668579 
550.448181 118.623589 
525.521057 371.658203 
539.418518 305.593384 
60.576462 236.287277 
265.773468 112.579994 
158.898880 131.589035 
10.735194 187.704376 
609.940979 270.186096 
358.855316 185.478699 
72.557480 169.663803 
154.683777 75.154045 
508.983063 227.270065 
430.125275 355.200958 
79.869087 305.547668 
219.561707 213.424377 
20.332907 259.429413 
264.918030 64.535217 
452.753784 290.879303 
636.268921 63.231697 
310.358551 61.161575 
373.144226 397.664520 
117.090950 94.717056 
76.583618 102.853661 
33.911251 374.511963 
295.181702 114.252197 
167.439682 344.366333 
581.056946 397.181519 
148.856369 298.383759 
368.001801 216.760925 
27.397764 15.731953 
319.275909 168.464722 
466.418060 207.814346 
422.940247 314.104462 
233.365097 369.123108 
480.587280 124.824226 
279.964905 149.078064 
158.898880 131.589035 
422.381012 94.861610 
508.983063 227.270065 
170.157059 327.477112 
453.430298 116.869545 
139.770187 171.827942 
422.370972 88.579559 
239.257996 192.275620 
