500
148.882462 170.528885 
139.159180 258.956360 
145.155121 150.150620 
147.554810 268.434082 
159.622131 284.305450 
159.622131 284.305450 
140.600647 213.771133 
120.880814 236.977432 
120.448029 221.136200 
117.599770 137.524521 
117.930008 173.878387 
150.164764 216.089508 
94.994560 109.384949 
92.674782 28.570095 
136.129852 361.399658 
128.748474 292.751434 
136.155350 213.692139 
140.600647 213.771133 
117.410881 114.028671 
155.238876 127.416397 
167.262024 226.096039 
121.051865 283.088257 
140.631058 346.430176 
97.507057 151.163681 
211.795090 283.123016 
147.074051 200.105713 
138.664139 162.506195 
123.868523 322.216705 
90.496483 15.925981 
196.070572 258.986633 
118.988113 326.185364 
211.795090 283.123016 
131.558685 72.533257 
206.099472 299.983185 
126.903725 45.194912 
95.396324 80.832596 
168.114822 235.896622 
75.726257 31.256084 
120.585518 342.048706 
175.492844 397.132568 
197.096680 429.786407 
166.121780 375.462677 
180.898529 270.438477 
166.121780 375.462677 
88.550743 180.271576 
168.114822 235.896622 
120.886406 86.275764 
143.471832 149.853119 
139.369843 34.686035 
186.089767 307.677429 
222.949936 275.185272 
411.964447 161.509171 
399.216827 394.591553 
379.519348 209.245697 
154.168243 266.933197 
108.589470 202.317383 
102.219398 221.763168 
139.369843 34.686035 
358.008667 366.855469 
501.977020 198.057907 
404.182343 379.285736 
108.589470 202.317383 
82.529785 108.102821 
380.366852 228.664886 
218.530197 142.407455 
176.420670 418.571533 
375.153961 216.997482 
462.002045 263.093140 
290.679993 429.119202 
92.453629 49.220188 
179.886597 97.147659 
292.160187 415.248993 
528.738831 226.123825 
501.811096 265.778168 
366.691498 216.977600 
189.980377 123.532082 
378.939392 272.442780 
60.687351 113.061691 
331.468719 127.112862 
338.276306 460.245392 
492.657837 220.959000 
179.886597 97.147659 
215.013626 307.517090 
257.475098 454.041748 
364.513824 177.446121 
528.738831 226.123825 
380.366852 228.664886 
141.591843 282.569336 
86.871140 46.263260 
391.838135 388.428436 
80.856918 254.170502 
373.436096 345.274139 
515.495483 238.165131 
158.936691 19.481268 
507.078247 226.871033 
358.008667 366.855469 
360.153809 344.722321 
302.614258 441.053925 
483.825684 206.555725 
299.235413 27.245066 
419.697906 282.826996 
362.760468 203.035263 
156.612045 55.184475 
280.553009 417.040680 
142.925720 196.551025 
507.078247 226.871033 
224.937378 201.707474 
209.435333 38.431240 
304.550140 405.144165 
299.235413 27.245066 
139.159180 258.956360 
495.120209 232.252167 
453.601105 309.944641 
399.206573 166.779541 
401.660004 396.589203 
167.328278 186.589722 
543.923157 263.873169 
474.322479 283.594482 
430.021881 295.363586 
225.187164 116.405807 
80.856918 254.170502 
320.556793 473.390656 
50.973141 29.717781 
50.973141 29.717781 
362.584656 150.734650 
456.274017 262.018188 
183.949417 16.992769 
476.290833 198.137573 
426.190186 272.294891 
132.290604 81.990479 
356.835724 391.356140 
387.670349 209.557327 
257.475098 454.041748 
203.826614 326.749512 
543.923157 263.873169 
219.473160 204.449936 
196.571075 85.793648 
419.506378 304.710297 
225.724808 279.112427 
522.030457 357.340271 
322.249542 441.891083 
199.224197 468.471741 
389.531860 122.615677 
461.178406 202.426682 
351.296875 201.124847 
135.229950 377.308624 
197.581802 25.984179 
219.473160 204.449936 
315.481628 367.980194 
490.495575 99.036446 
345.159943 147.391876 
157.652908 41.391884 
192.390488 232.934891 
322.458374 291.517639 
113.874130 36.231594 
334.219757 344.164062 
219.473160 204.449936 
324.109161 165.287399 
219.473160 204.449936 
57.902184 143.296860 
127.922897 88.200485 
210.572617 434.250580 
460.188110 89.661545 
512.852661 365.850983 
513.837646 197.251007 
193.668182 41.956821 
257.475098 454.041748 
512.852661 365.850983 
440.095581 437.692871 
295.700745 84.823059 
278.122803 56.911835 
219.473160 204.449936 
361.445709 194.110031 
210.572617 434.250580 
522.945984 219.841461 
225.323807 247.984222 
219.473160 204.449936 
155.492020 95.863457 
478.004791 98.267548 
226.364929 240.662094 
337.309631 440.784088 
512.852661 365.850983 
490.495575 99.036446 
404.182343 379.285736 
533.644470 381.669800 
181.413712 36.321262 
319.078430 271.913879 
411.225647 368.726288 
192.220627 33.280422 
494.306396 389.585175 
167.448227 456.481384 
50.973141 29.717781 
483.825684 206.555725 
453.601105 309.944641 
347.174042 205.986618 
550.686768 182.244385 
442.888702 332.136749 
508.377136 295.952850 
471.924774 92.051971 
483.825684 206.555725 
197.084915 73.299156 
219.473160 204.449936 
225.863571 186.626999 
476.695099 189.660980 
140.600647 213.771133 
334.506805 170.678421 
576.762207 355.610657 
113.874130 36.231594 
528.866882 366.857483 
210.572617 434.250580 
278.335449 26.059784 
306.249298 70.864380 
350.837799 147.078781 
192.390488 232.934891 
203.826614 326.749512 
210.572617 434.250580 
598.264709 466.495544 
295.464325 341.149231 
192.390488 232.934891 
505.830750 220.883789 
220.011429 121.374718 
454.876831 147.781082 
522.030457 357.340271 
196.070572 258.986633 
533.644470 381.669800 
533.644470 381.669800 
471.924774 92.051971 
219.473160 204.449936 
225.863571 186.626999 
360.054138 231.366989 
483.868378 308.306732 
431.198700 205.817383 
305.264282 94.932182 
404.182343 379.285736 
208.581406 316.826111 
440.095581 437.692871 
294.511017 192.804718 
231.105026 225.778656 
167.292557 22.212112 
225.863571 186.626999 
113.874130 36.231594 
410.473022 216.377274 
310.183807 441.291229 
296.254761 172.625641 
478.004791 98.267548 
403.428802 108.638084 
476.639343 201.502472 
225.863571 186.626999 
494.306396 389.585175 
512.852661 365.850983 
382.348724 179.157196 
312.517151 199.368820 
485.743774 297.788452 
136.155350 213.692139 
533.644470 381.669800 
512.852661 365.850983 
210.425873 270.924133 
460.188110 89.661545 
210.572617 434.250580 
316.370514 162.437820 
483.263824 200.509842 
225.863571 186.626999 
226.364929 240.662094 
512.852661 365.850983 
268.035828 287.102509 
221.190659 168.869461 
147.074051 200.105713 
356.835724 391.356140 
132.935364 196.331573 
495.120209 232.252167 
269.249847 90.785797 
533.956604 217.673492 
244.650009 177.566299 
478.004791 98.267548 
245.205902 275.806885 
533.644470 381.669800 
251.149384 190.840668 
225.863571 186.626999 
490.495575 99.036446 
490.495575 99.036446 
271.157288 466.985596 
181.413712 36.321262 
455.006409 222.895737 
483.825684 206.555725 
50.973141 29.717781 
135.964966 353.045166 
157.652908 41.391884 
243.916916 60.538715 
506.102203 160.119736 
381.702240 166.158478 
305.264282 94.932182 
210.572617 434.250580 
128.748474 292.751434 
210.572617 434.250580 
522.030457 357.340271 
550.503296 385.589661 
219.473160 204.449936 
195.787949 477.008484 
320.631958 150.088089 
511.561371 305.424683 
222.949936 275.185272 
203.826614 326.749512 
121.051865 283.088257 
411.225647 368.726288 
456.725403 244.944305 
219.473160 204.449936 
351.989166 157.499527 
460.188110 89.661545 
192.390488 232.934891 
168.114822 235.896622 
168.114822 235.896622 
522.030457 357.340271 
320.556793 473.390656 
442.127838 318.779541 
360.054138 231.366989 
494.306396 389.585175 
222.949936 275.185272 
404.182343 379.285736 
196.550842 49.081470 
314.877411 48.289867 
522.030457 357.340271 
525.799316 251.194519 
329.338226 158.473175 
511.561371 305.424683 
424.837616 155.644653 
513.837646 197.251007 
225.863571 186.626999 
320.556793 473.390656 
117.599770 137.524521 
140.600647 213.771133 
442.127838 318.779541 
465.453156 392.017273 
120.880814 236.977432 
140.600647 213.771133 
175.092224 359.489532 
306.249298 70.864380 
219.473160 204.449936 
322.458374 291.517639 
223.093933 251.426483 
513.837646 197.251007 
490.495575 99.036446 
224.937378 201.707474 
492.657837 220.959000 
419.506378 304.710297 
221.190659 168.869461 
469.524963 297.518280 
535.547974 391.727692 
77.995750 8.248571 
147.074051 200.105713 
522.030457 357.340271 
150.335663 368.377869 
283.144897 195.416489 
392.608704 135.014313 
483.825684 206.555725 
279.809265 149.535721 
50.973141 29.717781 
344.861664 417.532318 
231.105026 225.778656 
117.599770 137.524521 
295.464325 341.149231 
512.852661 365.850983 
210.572617 434.250580 
102.219398 221.763168 
327.853302 367.271515 
471.924774 92.051971 
472.761688 168.938370 
215.013626 307.517090 
231.105026 225.778656 
535.547974 391.727692 
533.644470 381.669800 
478.004791 98.267548 
363.637360 255.677612 
168.114822 235.896622 
533.644470 381.669800 
533.644470 381.669800 
222.949936 275.185272 
313.091949 134.413391 
147.074051 200.105713 
322.458374 291.517639 
537.257324 184.761963 
305.264282 94.932182 
528.866882 366.857483 
496.099213 314.564667 
215.013626 307.517090 
481.959503 213.220642 
481.959503 213.220642 
139.159180 258.956360 
346.388153 48.251011 
512.852661 365.850983 
450.597137 270.671478 
128.748474 292.751434 
123.337166 350.452423 
225.724808 279.112427 
210.425873 270.924133 
136.155350 213.692139 
517.345886 314.919495 
393.052765 396.095245 
211.795090 283.123016 
160.088257 476.948395 
517.345886 314.919495 
334.211121 158.845123 
481.959503 213.220642 
530.443909 199.298523 
170.704224 399.364288 
239.487396 369.958893 
136.155350 213.692139 
508.377136 295.952850 
225.017014 173.802368 
196.070572 258.986633 
453.601105 309.944641 
517.345886 314.919495 
132.935364 196.331573 
293.298248 253.844360 
533.644470 381.669800 
549.996155 364.554108 
120.880814 236.977432 
271.157288 466.985596 
533.644470 381.669800 
528.866882 366.857483 
528.866882 366.857483 
221.190659 168.869461 
513.837646 197.251007 
222.949936 275.185272 
170.704224 399.364288 
209.435333 38.431240 
529.503540 313.842529 
528.866882 366.857483 
517.639343 394.130615 
522.030457 357.340271 
117.599770 137.524521 
515.254883 120.770538 
175.092224 359.489532 
166.121780 375.462677 
530.443909 199.298523 
158.130707 252.906372 
86.871140 46.263260 
411.703766 386.802032 
226.364929 240.662094 
543.923157 263.873169 
566.123779 356.932892 
320.556793 473.390656 
170.704224 399.364288 
210.572617 434.250580 
495.535248 204.109222 
558.831543 475.824829 
378.939392 272.442780 
533.644470 381.669800 
483.868378 308.306732 
50.973141 29.717781 
225.724808 279.112427 
558.831543 475.824829 
93.711258 211.884323 
533.644470 381.669800 
140.600647 213.771133 
507.078247 226.871033 
102.219398 221.763168 
481.959503 213.220642 
305.264282 94.932182 
528.866882 366.857483 
278.335449 26.059784 
202.387863 79.188423 
396.404297 353.310059 
481.959503 213.220642 
296.362762 218.843124 
211.795090 283.123016 
483.825684 206.555725 
483.263824 200.509842 
411.703766 386.802032 
185.670227 106.374054 
483.825684 206.555725 
224.937378 201.707474 
158.130707 252.906372 
440.095581 437.692871 
221.190659 168.869461 
549.996155 364.554108 
512.852661 365.850983 
517.639343 394.130615 
275.693237 164.940323 
175.492844 397.132568 
222.949936 275.185272 
225.724808 279.112427 
126.903725 45.194912 
517.345886 314.919495 
512.852661 365.850983 
299.235413 27.245066 
175.092224 359.489532 
522.030457 357.340271 
117.924446 31.270348 
496.099213 314.564667 
120.448029 221.136200 
501.977020 198.057907 
353.154694 261.899750 
459.064789 380.430206 
225.323807 247.984222 
320.556793 473.390656 
395.905518 103.138176 
94.994560 109.384949 
514.016602 322.599518 
512.852661 365.850983 
320.556793 473.390656 
