500
127.350090 187.254105 
139.121872 227.770157 
123.006638 259.249023 
125.343559 314.566864 
118.249977 327.936005 
145.772003 238.317062 
124.846237 202.858994 
155.140015 255.965759 
116.855721 247.962189 
163.457092 262.243042 
121.555138 72.929893 
118.869987 166.303909 
150.825974 370.275635 
116.680634 114.433907 
157.035980 171.319748 
155.140015 255.965759 
148.125015 184.317459 
157.370682 187.426849 
165.247162 295.009644 
112.976189 287.045502 
135.442825 251.174591 
163.620178 43.182842 
152.733124 238.041077 
165.778549 458.825348 
128.094269 292.791656 
155.414291 132.591461 
115.705597 233.510025 
143.044037 81.041702 
194.904282 238.569412 
174.788986 306.173553 
164.920868 35.866707 
172.483444 200.325134 
177.785004 101.173737 
138.809204 104.870087 
122.643280 364.893585 
156.993637 452.269348 
154.340744 166.315079 
171.568451 209.889771 
148.125015 184.317459 
145.174255 347.784363 
118.869987 166.303909 
132.994339 140.491791 
121.995049 446.173767 
171.568451 209.889771 
176.644730 283.859039 
164.002411 15.170073 
145.174255 347.784363 
121.995049 446.173767 
178.223877 246.323044 
171.350815 445.882690 
144.139175 182.743698 
153.561386 107.800583 
164.920868 35.866707 
109.570038 69.152779 
126.417618 148.305191 
134.455170 469.228271 
135.806442 450.812347 
166.333267 406.002472 
179.228073 161.315445 
102.857803 141.490891 
179.228073 161.315445 
163.251755 52.210365 
161.967606 444.594269 
206.548019 263.656219 
170.225662 465.573486 
206.548019 263.656219 
126.867676 44.651566 
205.178833 287.972626 
86.790657 61.064278 
109.251945 184.780350 
384.329956 220.569504 
330.366974 396.425018 
362.381256 386.592438 
330.366974 396.425018 
192.259552 275.458679 
237.451508 125.733871 
424.933624 178.787231 
198.008087 279.826538 
379.223083 392.309357 
335.974976 371.946198 
157.522003 333.228027 
455.764130 287.594177 
506.873596 230.829468 
226.319336 408.259583 
258.846710 421.773682 
212.781464 103.055222 
262.838654 408.167480 
219.228775 58.468987 
351.509308 131.426682 
335.974976 371.946198 
369.500793 201.910583 
221.733124 440.336273 
218.965424 258.541138 
365.500366 399.118927 
513.344421 272.752228 
316.841339 281.154114 
493.869873 251.650024 
375.188965 186.650085 
341.445862 350.430542 
392.542358 222.541702 
528.559143 263.033295 
354.922119 353.589935 
369.008759 211.679626 
528.559143 263.033295 
268.852112 402.675537 
300.230499 460.621033 
362.531799 134.521301 
207.142944 75.725494 
337.000854 27.339333 
268.762604 435.639526 
124.903351 8.999723 
507.016663 259.725891 
495.234375 297.304352 
411.044281 299.729523 
465.066711 310.306396 
389.350616 238.830551 
233.375641 186.406738 
337.000854 27.339333 
139.121872 227.770157 
220.854645 262.593048 
149.219025 149.203308 
378.048981 160.038864 
246.607376 22.830528 
276.715912 400.552826 
132.874985 427.135010 
280.370789 470.420074 
250.841568 407.580505 
518.698669 133.940002 
494.360748 263.320068 
411.074951 182.121674 
85.055107 97.794411 
537.082764 302.878571 
372.930664 282.611542 
419.377258 290.723053 
287.541992 321.794830 
524.412720 255.795456 
114.659088 343.526306 
248.553543 102.133400 
487.505493 235.893967 
499.682526 391.043549 
407.484985 321.215393 
408.741272 136.934509 
530.593079 270.677979 
481.729950 226.239227 
190.962357 305.680298 
455.764130 287.594177 
355.245728 286.003204 
331.018494 95.064964 
518.698669 133.940002 
238.947006 250.464813 
418.801514 441.418640 
483.354736 386.897583 
379.223083 392.309357 
283.167786 45.639595 
466.257202 228.258652 
221.733124 440.336273 
225.449875 67.374565 
419.305511 314.287292 
198.158966 200.757095 
555.028442 328.920166 
518.698669 133.940002 
219.459900 15.863005 
241.244141 110.669800 
316.869507 6.388122 
361.333008 153.683960 
294.150940 365.845825 
316.480316 345.426666 
228.450684 225.622681 
504.688049 123.611183 
196.125854 211.313141 
336.590820 151.656189 
557.950317 417.738617 
285.948334 232.143677 
287.541992 321.794830 
488.386230 398.111664 
314.031616 271.768829 
516.645874 432.485474 
469.376373 172.798431 
358.761383 208.629547 
89.143028 28.784004 
288.807587 439.371735 
488.386230 398.111664 
178.899750 419.499542 
404.455475 455.896088 
311.210815 52.798500 
178.899750 419.499542 
230.597427 23.446316 
499.682526 391.043549 
314.019989 291.453613 
89.143028 28.784004 
323.428040 83.375084 
306.109253 8.717964 
562.142273 435.941162 
506.432281 417.324493 
379.223083 392.309357 
171.350815 445.882690 
506.432281 417.324493 
183.488983 69.927635 
498.273346 245.739517 
237.187805 8.434763 
488.386230 398.111664 
148.125015 184.317459 
242.778488 105.954277 
483.354736 386.897583 
205.178833 287.972626 
537.082764 302.878571 
226.472153 232.147369 
228.521698 54.872913 
466.359283 418.170349 
170.225662 465.573486 
483.354736 386.897583 
418.801514 441.418640 
128.094269 292.791656 
487.505493 235.893967 
469.894165 335.986267 
504.465729 401.960510 
425.529022 352.356537 
198.158966 200.757095 
219.459900 15.863005 
487.505493 235.893967 
506.432281 417.324493 
287.541992 321.794830 
261.071777 19.190994 
361.839844 239.810303 
346.734283 174.535324 
413.489990 233.026306 
196.125854 211.313141 
506.432281 417.324493 
506.432281 417.324493 
320.030762 199.177155 
196.125854 211.313141 
135.806442 450.812347 
308.785828 169.987808 
496.036041 120.712616 
331.018494 95.064964 
278.663239 335.335876 
379.223083 392.309357 
178.899750 419.499542 
235.493088 211.279648 
557.940918 243.089264 
337.732178 168.120285 
391.830231 191.592880 
518.698669 133.940002 
178.270676 6.966124 
506.800903 253.832581 
122.643280 364.893585 
535.239075 255.795654 
504.688049 123.611183 
303.530304 189.977859 
409.322754 279.136475 
429.749817 469.694183 
423.456207 124.095421 
257.957764 246.382782 
494.360748 263.320068 
518.698669 133.940002 
484.373901 116.591187 
306.014130 367.335632 
562.142273 435.941162 
228.450684 225.622681 
456.182251 247.070694 
388.827087 454.304688 
488.983246 398.023285 
518.698669 133.940002 
178.270676 6.966124 
170.225662 465.573486 
466.359283 418.170349 
506.432281 417.324493 
488.386230 398.111664 
405.467499 416.107697 
483.354736 386.897583 
429.749817 469.694183 
195.129669 16.708494 
280.370789 470.420074 
230.202515 14.415892 
157.810608 57.759476 
178.899750 419.499542 
157.035980 171.319748 
330.357117 163.491928 
135.806442 450.812347 
287.541992 321.794830 
499.095093 135.203293 
518.698669 133.940002 
320.887024 73.365807 
218.965424 258.541138 
316.869507 6.388122 
506.432281 417.324493 
240.617020 263.125977 
423.456207 124.095421 
488.386230 398.111664 
280.370789 470.420074 
170.225662 465.573486 
436.127441 226.320984 
296.228546 84.511131 
483.354736 386.897583 
287.541992 321.794830 
495.869293 155.370636 
179.639862 468.735535 
274.906769 436.932007 
488.818207 230.687820 
245.761368 35.282879 
123.006638 259.249023 
116.855721 247.962189 
429.749817 469.694183 
488.386230 398.111664 
372.930664 282.611542 
218.965424 258.541138 
487.505493 235.893967 
499.682526 391.043549 
257.056396 165.794800 
233.375641 186.406738 
206.548019 263.656219 
148.125015 184.317459 
287.541992 321.794830 
484.373901 116.591187 
499.682526 391.043549 
171.568451 209.889771 
190.962357 305.680298 
533.429504 157.073685 
198.158966 200.757095 
157.370682 187.426849 
196.125854 211.313141 
295.887970 292.912842 
89.143028 28.784004 
517.802063 194.024994 
518.698669 133.940002 
285.948334 232.143677 
499.682526 391.043549 
482.177795 229.791397 
483.354736 386.897583 
128.494766 171.408020 
361.839844 239.810303 
404.512726 322.082306 
233.375641 186.406738 
190.962357 305.680298 
429.749817 469.694183 
119.769524 319.461578 
161.784042 161.719223 
221.930328 353.667908 
464.406006 179.296890 
394.365112 179.024139 
483.354736 386.897583 
198.158966 200.757095 
483.354736 386.897583 
348.847504 51.195335 
153.561386 107.800583 
287.541992 321.794830 
366.510437 164.631729 
427.021698 339.579987 
488.983246 398.023285 
379.223083 392.309357 
207.708542 303.017944 
497.557983 337.912537 
407.484985 321.215393 
179.639862 468.735535 
278.663239 335.335876 
496.036041 120.712616 
316.841339 281.154114 
223.079041 234.291473 
128.094269 292.791656 
427.021698 339.579987 
459.379669 258.512909 
171.568451 209.889771 
438.815887 175.790985 
510.112305 224.375320 
276.640198 50.612873 
296.711548 144.551239 
429.749817 469.694183 
148.125015 184.317459 
118.361961 424.155212 
128.494766 171.408020 
135.806442 450.812347 
102.655678 173.785156 
131.261536 338.032410 
466.359283 418.170349 
171.568451 209.889771 
428.330902 319.026031 
132.874985 427.135010 
132.874985 427.135010 
487.505493 235.893967 
245.761368 35.282879 
144.473541 253.302155 
493.869873 251.650024 
170.225662 465.573486 
135.806442 450.812347 
102.655678 173.785156 
501.867340 348.437622 
493.967346 231.267075 
506.793854 427.157715 
506.432281 417.324493 
483.354736 386.897583 
506.432281 417.324493 
235.493088 211.279648 
233.375641 186.406738 
365.900146 325.838867 
280.370789 470.420074 
135.442825 251.174591 
379.223083 392.309357 
448.778107 301.460846 
332.181244 135.281525 
139.121872 227.770157 
299.914215 400.299164 
483.354736 386.897583 
163.457092 262.243042 
123.006638 259.249023 
360.620178 263.067139 
429.749817 469.694183 
177.785004 101.173737 
457.547119 323.310883 
270.667419 371.098328 
235.493088 211.279648 
190.962357 305.680298 
348.774261 163.042786 
287.541992 321.794830 
488.983246 398.023285 
235.385986 318.238373 
157.035980 171.319748 
443.666718 293.359863 
562.142273 435.941162 
218.965424 258.541138 
501.867340 348.437622 
388.827087 454.304688 
138.809204 104.870087 
144.473541 253.302155 
419.377258 290.723053 
275.033234 165.554901 
314.019989 291.453613 
109.251945 184.780350 
206.548019 263.656219 
178.270676 6.966124 
218.965424 258.541138 
233.375641 186.406738 
313.952728 419.687439 
557.950317 417.738617 
488.543152 426.786377 
493.869873 251.650024 
488.386230 398.111664 
393.947968 282.846985 
291.422913 249.600586 
404.674561 9.517208 
506.432281 417.324493 
506.432281 417.324493 
292.255798 190.282684 
544.430481 441.571564 
389.350616 238.830551 
128.494766 171.408020 
316.480316 345.426666 
469.894165 335.986267 
499.682526 391.043549 
525.302856 402.895416 
128.094269 292.791656 
165.778549 458.825348 
488.983246 398.023285 
299.914215 400.299164 
280.370789 470.420074 
150.852905 54.465504 
228.450684 225.622681 
483.250122 196.988693 
504.465729 401.960510 
460.460419 370.935211 
192.465027 297.021545 
513.704956 227.414963 
109.251945 184.780350 
206.548019 263.656219 
488.983246 398.023285 
268.852112 402.675537 
487.505493 235.893967 
246.607376 22.830528 
179.639862 468.735535 
289.296021 158.630112 
502.512695 191.242386 
135.442825 251.174591 
501.867340 348.437622 
102.655678 173.785156 
506.432281 417.324493 
123.006638 259.249023 
157.522003 333.228027 
488.818207 230.687820 
446.041809 17.381180 
533.429504 157.073685 
157.035980 171.319748 
128.494766 171.408020 
121.555138 72.929893 
148.125015 184.317459 
499.235260 235.459686 
276.640198 50.612873 
128.494766 171.408020 
488.543152 426.786377 
300.836884 215.555954 
146.901276 250.324020 
233.375641 186.406738 
533.429504 157.073685 
226.472153 232.147369 
337.000854 27.339333 
295.887970 292.912842 
116.680634 114.433907 
394.957458 211.701447 
516.144775 245.417374 
428.330902 319.026031 
469.894165 335.986267 
525.302856 402.895416 
